z1,z2,z3,node,time,depth
-10816.0,-9561.0,-8647.0,1,0.009088993072509766,1
-7944.0,-10015.0,-10742.0,1,0.009091854095458984,1
-9389.0,-11152.0,-8101.0,1,0.009094953536987305,1
-9184.0,-11201.0,-8237.0,1,0.009098052978515625,1
-9295.0,-10369.0,-9758.0,1,0.009100914001464844,1
-9333.0,-10989.0,-8664.0,1,0.009104013442993164,1
-8524.0,-10706.0,-9946.0,1,0.009106874465942383,1
-8819.0,-11231.0,-8616.0,1,0.009109973907470703,1
-8485.0,-10989.0,-9427.0,1,0.009112834930419922,1
-8316.0,-11009.0,-9478.0,1,0.009115934371948242,1
-8693.0,-10686.0,-9895.0,1,0.009119033813476562,1
-8475.0,-7989.0,-11262.0,1,0.009121894836425781,1
-10163.0,-10177.0,-8827.0,1,0.009124994277954102,1
-9861.0,-9800.0,-9729.0,1,0.00912785530090332,1
-10689.0,-8528.0,-9843.0,1,0.00913095474243164,1
-9547.0,-9639.0,-10315.0,1,0.009134054183959961,1
-9049.0,-9982.0,-10338.0,1,0.00913691520690918,1
-10437.0,-7930.0,-10220.0,1,0.0091400146484375,1
-10175.0,-8669.0,-10291.0,1,0.009142875671386719,1
-8293.0,-10253.0,-10535.0,1,0.009145975112915039,1
-8961.0,-9244.0,-10780.0,1,0.009148836135864258,1
-9666.0,-9222.0,-10516.0,1,0.009151935577392578,1
-10409.0,-8782.0,-9985.0,1,0.009155035018920898,1
-10290.0,-9199.0,-9784.0,1,0.009157896041870117,1
-11158.0,-9007.0,-8853.0,1,0.009160995483398438,1
-8612.0,-9006.0,-10987.0,1,0.009163856506347656,1
-9317.0,-8984.0,-10723.0,1,0.009166955947875977,1
-9104.0,-8548.0,-10908.0,1,0.009168863296508789,1
-9180.0,-7967.0,-10998.0,1,0.00917196273803711,1
-9529.0,-8205.0,-10791.0,1,0.00917506217956543,1
-10071.0,-7892.0,-10562.0,1,0.009177923202514648,1
-9576.0,-10018.0,-9638.0,2,0.01884603500366211,2
-9582.0,-9715.0,-9920.0,2,0.018882036209106445,2
-9685.0,-10774.0,-8384.0,2,0.018890857696533203,2
-9948.0,-9753.0,-9578.0,2,0.018893957138061523,2
-10090.0,-9877.0,-9190.0,2,0.018897056579589844,2
-10043.0,-8744.0,-10327.0,2,0.018899917602539062,2
-9034.0,-8367.0,-10935.0,2,0.01891183853149414,2
-9383.0,-8605.0,-10728.0,2,0.018913984298706055,2
-8031.0,-10440.0,-9991.0,2,0.01891803741455078,2
-7973.0,-10468.0,-9967.0,2,0.0189208984375,2
-9924.0,-9161.0,-10126.0,2,0.018923044204711914,2
-9471.0,-9707.0,-9995.0,2,0.01893305778503418,2
-10687.0,-9181.0,-8917.0,3,0.0255429744720459,2
-10478.0,-9224.0,-9515.0,3,0.025548934936523438,2
-9453.0,-8786.0,-10701.0,3,0.025557994842529297,2
-9407.0,-10038.0,-9689.0,4,0.035156965255737305,3
-8824.0,-8227.0,-11055.0,4,0.03516793251037598,3
-10524.0,-8363.0,-9883.0,4,0.03519105911254883,3
-10432.0,-9323.0,-9396.0,4,0.035218000411987305,3
-8664.0,-10078.0,-10064.0,5,0.04178786277770996,3
-8850.0,-10959.0,-9048.0,5,0.04179692268371582,3
-10010.0,-8504.0,-10331.0,5,0.04181694984436035,3
-9864.0,-8904.0,-10268.0,5,0.04182600975036621,3
-9918.0,-9464.0,-9844.0,5,0.04182887077331543,3
-8647.0,-10202.0,-10052.0,6,0.04778099060058594,3
-9662.0,-10604.0,-8680.0,6,0.04778695106506348,3
-8880.0,-10002.0,-10389.0,6,0.04779505729675293,3
-9297.0,-10634.0,-9059.0,6,0.04779791831970215,3
-9901.0,-9588.0,-9832.0,6,0.047833919525146484,3
-9414.0,-9952.0,-9959.0,6,0.04783987998962402,3
-9198.0,-9401.0,-10522.0,7,0.05225086212158203,3
-10069.0,-9372.0,-9495.0,7,0.05225396156311035,3
-9649.0,-10421.0,-8988.0,7,0.05225992202758789,3
-10851.0,-9219.0,-8389.0,8,0.062059879302978516,4
-10948.0,-8975.0,-9038.0,8,0.06208086013793945,4
-10921.0,-8662.0,-9157.0,8,0.06208395957946777,4
-10315.0,-9988.0,-8500.0,8,0.062087059020996094,4
-10430.0,-9883.0,-8246.0,8,0.06208992004394531,4
-10606.0,-9529.0,-8832.0,8,0.06209301948547363,4
-9986.0,-10373.0,-8484.0,8,0.06210184097290039,4
-8999.0,-10848.0,-8979.0,8,0.06210494041442871,4
-9878.0,-10498.0,-8449.0,8,0.06210803985595703,4
-9589.0,-10304.0,-9043.0,8,0.06211400032043457,4
-9701.0,-9298.0,-10121.0,8,0.062139034271240234,4
-8976.0,-8395.0,-10911.0,9,0.0688178539276123,4
-9066.0,-10604.0,-9189.0,9,0.06883502006530762,4
-9177.0,-10612.0,-9114.0,9,0.06884002685546875,4
-10686.0,-8829.0,-9454.0,9,0.06884598731994629,4
-9494.0,-8613.0,-10653.0,9,0.06885099411010742,4
-9830.0,-8308.0,-10512.0,9,0.06885695457458496,4
-8857.0,-10724.0,-9367.0,10,0.0741879940032959,4
-10344.0,-8226.0,-10024.0,12,0.08576703071594238,4
-10320.0,-8850.0,-9756.0,12,0.085784912109375,4
-10112.0,-9249.0,-9934.0,12,0.08579397201538086,4
-9598.0,-9390.0,-10382.0,12,0.08579707145690918,4
-10215.0,-9749.0,-9246.0,12,0.08580684661865234,4
-9664.0,-9875.0,-9590.0,13,0.08997797966003418,4
-10266.0,-9845.0,-8774.0,13,0.08998990058898926,4
-9126.0,-10389.0,-9809.0,14,0.09375691413879395,4
-9335.0,-10260.0,-9574.0,14,0.09376287460327148,4
-7826.0,-10258.0,-10098.0,16,0.10565590858459473,5
-10554.0,-8963.0,-9450.0,16,0.10566401481628418,5
-10613.0,-8596.0,-9523.0,17,0.11191105842590332,5
-10246.0,-8897.0,-9816.0,17,0.11191391944885254,5
-9806.0,-8932.0,-10244.0,18,0.11652803421020508,5
-9691.0,-8671.0,-10362.0,18,0.1165308952331543,5
-10196.0,-8346.0,-10170.0,20,0.12483692169189453,5
-9245.0,-9972.0,-10010.0,24,0.13899993896484375,5
-9191.0,-10431.0,-9241.0,24,0.13900303840637207,5
-10057.0,-9974.0,-9009.0,24,0.1390390396118164,5
-9429.0,-9410.0,-10433.0,24,0.13904190063476562,5
-10109.0,-9546.0,-9428.0,24,0.13904500007629395,5
-9964.0,-9365.0,-9963.0,26,0.14601588249206543,5
-8943.0,-10685.0,-9542.0,30,0.15544605255126953,5
-8169.0,-10799.0,-9609.0,32,0.16514301300048828,6
-8575.0,-10929.0,-9251.0,32,0.16515493392944336,6
-9083.0,-11091.0,-8521.0,32,0.16518306732177734,6
-9370.0,-10336.0,-9179.0,32,0.16518592834472656,6
-8681.0,-10979.0,-9099.0,33,0.17161297798156738,6
-9510.0,-10500.0,-8743.0,33,0.17165493965148926,6
-10137.0,-9421.0,-9410.0,33,0.17165803909301758,6
-9366.0,-7914.0,-10826.0,34,0.17793488502502441,6
-9795.0,-9920.0,-9329.0,36,0.1863999366760254,6
-9423.0,-10185.0,-9389.0,36,0.18640589714050293,6
-10710.0,-9358.0,-8829.0,37,0.1904430389404297,6
-10011.0,-10073.0,-8890.0,37,0.1904458999633789,6
-10435.0,-9380.0,-9249.0,37,0.19046783447265625,6
-9339.0,-10305.0,-9396.0,40,0.19938302040100098,6
-10067.0,-9336.0,-9779.0,40,0.1993880271911621,6
-9561.0,-10494.0,-8964.0,50,0.22364497184753418,6
-9361.0,-9677.0,-10140.0,50,0.22365093231201172,6
-9691.0,-9556.0,-10017.0,52,0.22807884216308594,6
-10657.0,-9434.0,-8706.0,64,0.25096797943115234,7
-8770.0,-10982.0,-8906.0,65,0.257861852645874,7
-8881.0,-10990.0,-8831.0,65,0.2578740119934082,7
-9614.0,-10638.0,-8544.0,65,0.25787997245788574,7
-8688.0,-10744.0,-9418.0,66,0.26328587532043457,7
-9409.0,-10390.0,-9027.0,66,0.2632889747619629,7
-9517.0,-10265.0,-9062.0,66,0.2632918357849121,7
-10274.0,-8045.0,-10051.0,71,0.28208088874816895,7
-10481.0,-9263.0,-9132.0,72,0.2862589359283447,7
-10063.0,-9645.0,-9309.0,74,0.292280912399292,7
-10127.0,-9314.0,-9615.0,76,0.2972419261932373,7
-9561.0,-9883.0,-9644.0,82,0.31101393699645996,7
-9470.0,-8691.0,-10555.0,96,0.33577489852905273,7
-8904.0,-9378.0,-10657.0,97,0.34007692337036133,7
-8555.0,-9140.0,-10864.0,97,0.3400859832763672,7
-9192.0,-9697.0,-10191.0,98,0.34316587448120117,7
-9563.0,-9841.0,-9890.0,100,0.34725093841552734,7
-9978.0,-10036.0,-9004.0,101,0.3497939109802246,7
-9980.0,-9383.0,-9930.0,101,0.34979701042175293,7
-10005.0,-9717.0,-9431.0,102,0.3515329360961914,7
-9186.0,-10472.0,-9147.0,124,0.3810880184173584,8
-9725.0,-10532.0,-8436.0,125,0.3864898681640625,8
-9499.0,-10298.0,-9046.0,126,0.39166784286499023,8
-10429.0,-9691.0,-8713.0,140,0.4350278377532959,8
-10360.0,-9530.0,-8948.0,141,0.4398059844970703,8
-9455.0,-10291.0,-9146.0,187,0.5108978748321533,8
-9953.0,-10145.0,-9012.0,190,0.5158188343048096,8
-9900.0,-9870.0,-9193.0,190,0.5158219337463379,8
-9611.0,-9676.0,-9787.0,192,0.5194330215454102,8
-9636.0,-10010.0,-9288.0,194,0.5220990180969238,8
-9699.0,-9951.0,-9195.0,218,0.5507419109344482,9
-10228.0,-9664.0,-8944.0,218,0.5507440567016602,9
-9813.0,-10459.0,-8460.0,222,0.5679259300231934,9
-10220.0,-9944.0,-8655.0,223,0.5726490020751953,9
-10328.0,-9819.0,-8690.0,223,0.5726518630981445,9
-9416.0,-10390.0,-9019.0,237,0.6148359775543213,9
-9145.0,-10530.0,-9122.0,359,0.833636999130249,10
-9826.0,-9932.0,-9067.0,366,0.8449459075927734,10
-9997.0,-10189.0,-8389.0,402,0.9026110172271729,10
-9737.0,-10346.0,-8803.0,403,0.9048168659210205,10
-9500.0,-10633.0,-8561.0,480,1.0053629875183105,11
-10244.0,-9550.0,-8890.0,482,1.0140469074249268,11
-10522.0,-9016.0,-8957.0,484,1.022042989730835,11
-9828.0,-9913.0,-9062.0,615,1.2301650047302246,12
-9701.0,-10567.0,-8106.0,634,1.267197847366333,12
-9441.0,-10724.0,-8520.0,635,1.269791841506958,12
