z1,z2,z3,node,time,depth
13140.0,10469.0,12934.0,1,0.03770804405212402,1
13324.0,10434.0,12810.0,1,0.037713050842285156,1
15352.0,8873.0,15054.0,1,0.03771805763244629,1
15168.0,8908.0,15178.0,1,0.03772306442260742,1
14116.0,9832.0,13584.0,1,0.03772902488708496,1
12086.0,11275.0,12334.0,1,0.03774905204772949,1
11156.0,12175.0,11481.0,1,0.037754058837890625,1
10574.0,12770.0,10795.0,1,0.03776407241821289,1
9229.0,14682.0,9376.0,1,0.03776907920837402,1
14469.0,9388.0,14419.0,1,0.037774085998535156,1
13451.0,10042.0,13802.0,1,0.03777885437011719,1
14104.0,9533.0,14798.0,1,0.03778386116027832,1
14243.0,9440.0,14576.0,1,0.03778886795043945,1
14942.0,8960.0,15335.0,1,0.037793874740600586,1
9126.0,15191.0,9983.0,1,0.03779888153076172,1
12914.0,10521.0,13091.0,1,0.03780984878540039,1
9337.0,14094.0,9337.0,1,0.037819862365722656,1
9532.0,14468.0,9273.0,1,0.03782486915588379,1
9366.0,14420.0,9291.0,1,0.03782987594604492,1
13861.0,9955.0,13521.0,1,0.037834882736206055,1
14653.0,9353.0,14295.0,1,0.03783988952636719,1
13548.0,9981.0,13800.0,1,0.03784489631652832,1
9139.0,14802.0,9996.0,1,0.03785991668701172,1
9268.0,14500.0,9330.0,1,0.03789496421813965,1
9235.0,14563.0,9386.0,1,0.03789997100830078,1
9153.0,14811.0,9506.0,1,0.037904977798461914,1
10282.0,13502.0,10037.0,2,0.07062888145446777,2
9318.0,14389.0,9434.0,2,0.0706338882446289,2
10375.0,13560.0,9901.0,2,0.07063889503479004,2
11984.0,11421.0,12238.0,2,0.07065391540527344,2
10849.0,12764.0,10746.0,2,0.07068896293640137,2
10957.0,12765.0,10653.0,2,0.0706939697265625,2
12394.0,11334.0,11957.0,2,0.07070398330688477,2
12153.0,11241.0,12314.0,3,0.09345602989196777,2
12270.0,11240.0,12210.0,3,0.0934610366821289,2
10714.0,12847.0,10540.0,3,0.09346604347229004,2
12996.0,10611.0,13042.0,3,0.09350800514221191,2
13281.0,10223.0,13968.0,3,0.09352302551269531,2
12879.0,10612.0,13146.0,3,0.09357500076293945,2
12623.0,10796.0,13045.0,3,0.09358000755310059,2
12812.0,10646.0,13166.0,3,0.09358501434326172,2
13446.0,10106.0,13875.0,3,0.09359002113342285,2
9147.0,14914.0,9731.0,4,0.1284940242767334,3
14247.0,9501.0,14559.0,4,0.1285090446472168,3
11520.0,12015.0,11562.0,4,0.12851405143737793,3
12428.0,11235.0,12265.0,4,0.12851905822753906,3
11628.0,12016.0,11469.0,4,0.1285240650177002,3
14765.0,9272.0,14963.0,4,0.12855887413024902,3
15090.0,9166.0,15140.0,4,0.1285688877105713,3
15048.0,9122.0,15290.0,4,0.12857389450073242,3
14723.0,9228.0,15113.0,4,0.12857890129089355,3
14443.0,9373.0,15018.0,4,0.1285839080810547,3
12210.0,11369.0,12081.0,5,0.1587538719177246,3
13677.0,9990.0,13645.0,5,0.1587989330291748,3
12063.0,12157.0,11220.0,5,0.15883898735046387,3
11615.0,12134.0,11308.0,5,0.15889406204223633,3
11753.0,12164.0,11247.0,5,0.1589188575744629,3
10100.0,13310.0,10154.0,6,0.17954206466674805,3
12807.0,10761.0,12921.0,6,0.17957186698913574,3
11871.0,11557.0,11960.0,6,0.179581880569458,3
10100.0,13566.0,9950.0,7,0.19518089294433594,3
10682.0,12771.0,10702.0,7,0.19518685340881348,3
9992.0,13565.0,10043.0,7,0.1951918601989746,3
10489.0,13409.0,10120.0,9,0.2551279067993164,4
11675.0,11811.0,12427.0,9,0.25516295433044434,4
10555.0,13065.0,10892.0,9,0.25516796112060547,4
11659.0,12255.0,11240.0,11,0.3152139186859131,4
11174.0,12514.0,11273.0,11,0.31522393226623535,4
12438.0,11455.0,11889.0,11,0.31528306007385254,4
10966.0,13079.0,10527.0,11,0.31531286239624023,4
11745.0,12279.0,11176.0,11,0.31532788276672363,4
11477.0,12063.0,11357.0,12,0.3343179225921631,4
12944.0,10782.0,12847.0,12,0.3343238830566406,4
12060.0,11407.0,12081.0,12,0.3343639373779297,4
10886.0,12677.0,11178.0,13,0.35044002532958984,4
11721.0,11941.0,11616.0,13,0.3504500389099121,4
13378.0,10162.0,13966.0,14,0.362393856048584,4
12720.0,10735.0,13043.0,14,0.3623988628387451,4
10521.0,13054.0,10943.0,15,0.3737959861755371,4
11162.0,12750.0,10833.0,16,0.4092409610748291,5
12455.0,11074.0,13343.0,18,0.4644460678100586,5
13313.0,10340.0,13723.0,21,0.5417048931121826,5
13539.0,10288.0,13566.0,21,0.541719913482666,5
13186.0,10732.0,12731.0,21,0.5417399406433105,5
12832.0,10949.0,12492.0,21,0.5417499542236328,5
12747.0,10890.0,12792.0,21,0.541754961013794,5
12521.0,10942.0,12949.0,21,0.5417599678039551,5
14422.0,9773.0,14201.0,21,0.5418100357055664,5
12007.0,12155.0,11305.0,22,0.5673930644989014,5
9161.0,14775.0,9900.0,24,0.6189579963684082,5
11340.0,12140.0,11357.0,24,0.6189990043640137,5
9804.0,13689.0,10177.0,24,0.6190190315246582,5
11799.0,11691.0,12447.0,28,0.6845948696136475,5
11141.0,12264.0,11524.0,28,0.6846098899841309,5
11354.0,12033.0,11711.0,29,0.6928689479827881,5
11462.0,12034.0,11618.0,29,0.6928930282592773,5
14073.0,9621.0,14742.0,30,0.7049689292907715,5
12878.0,10673.0,13108.0,30,0.7050039768218994,5
13415.0,10194.0,13819.0,30,0.7050089836120605,5
13813.0,9848.0,14311.0,36,0.8546440601348877,6
14391.0,9646.0,14381.0,37,0.8787858486175537,6
11052.0,12659.0,11029.0,39,0.9190878868103027,6
11160.0,12660.0,10936.0,39,0.9191629886627197,6
13662.0,10246.0,13400.0,40,0.9508368968963623,6
11489.0,12309.0,11318.0,40,0.950901985168457,6
13220.0,10462.0,13708.0,42,1.0108449459075928,6
12683.0,10941.0,12997.0,42,1.010849952697754,6
11860.0,11852.0,11769.0,42,1.0108599662780762,6
12272.0,11592.0,11941.0,42,1.0108909606933594,6
12931.0,10855.0,12668.0,43,1.0304288864135742,6
12214.0,12062.0,11388.0,44,1.056046962738037,6
10545.0,13305.0,10700.0,47,1.1072089672088623,6
9226.0,14676.0,9784.0,48,1.134002923965454,6
9202.0,14653.0,9884.0,48,1.1340079307556152,6
10015.0,13711.0,10009.0,49,1.1563348770141602,6
9194.0,14712.0,9844.0,49,1.1563549041748047,6
9172.0,14739.0,9940.0,49,1.156364917755127,6
9310.0,14474.0,9814.0,49,1.1563758850097656,6
10310.0,13231.0,10820.0,49,1.156425952911377,6
11134.0,12326.0,11337.0,49,1.1564459800720215,6
10564.0,13010.0,10603.0,49,1.1564509868621826,6
10934.0,12682.0,10893.0,50,1.1771819591522217,6
10825.0,12742.0,10948.0,50,1.177238941192627,6
10165.0,13548.0,9946.0,51,1.1849479675292969,6
10994.0,12678.0,11085.0,52,1.202897071838379,6
13062.0,10638.0,12984.0,54,1.2322700023651123,6
13599.0,10159.0,13695.0,54,1.2322750091552734,6
10800.0,12770.0,10712.0,56,1.2630550861358643,6
10692.0,12769.0,10805.0,56,1.2630598545074463,6
11249.0,12265.0,11431.0,56,1.2630760669708252,6
10110.0,13564.0,10053.0,56,1.2631008625030518,6
11926.0,11481.0,12214.0,59,1.2946839332580566,6
11721.0,11813.0,12155.0,60,1.3077900409698486,6
11882.0,11546.0,12313.0,62,1.3275580406188965,6
11693.0,11696.0,12192.0,62,1.3275978565216064,6
12744.0,10702.0,13257.0,63,1.3339478969573975,6
10284.0,13799.0,9880.0,66,1.4330840110778809,7
10798.0,13103.0,10476.0,66,1.4330930709838867,7
9188.0,14743.0,9577.0,67,1.4572858810424805,7
10493.0,13559.0,9911.0,68,1.4779579639434814,7
11996.0,11935.0,11567.0,82,1.7661550045013428,7
9921.0,13641.0,10090.0,100,2.106287956237793,7
9749.0,13867.0,9982.0,100,2.106292963027954,7
11548.0,12219.0,11279.0,102,2.1326658725738525,7
11359.0,12369.0,11158.0,102,2.132685899734497,7
11004.0,12676.0,11188.0,104,2.165220022201538,7
10697.0,12761.0,11040.0,114,2.311414957046509,7
11418.0,12099.0,11625.0,114,2.311486005783081,7
13537.0,10039.0,14069.0,116,2.3247640132904053,7
11921.0,11527.0,12440.0,117,2.329005002975464,7
12493.0,10975.0,12943.0,118,2.3362090587615967,7
13151.0,10402.0,13866.0,118,2.336215019226074,7
12351.0,11123.0,13115.0,125,2.399509906768799,7
13412.0,10643.0,12807.0,166,3.2117679119110107,8
13228.0,10678.0,12931.0,166,3.2118380069732666,8
13949.0,10164.0,13518.0,166,3.21186900138855,8
13765.0,10199.0,13642.0,166,3.211884021759033,8
12545.0,11234.0,12161.0,167,3.2308449745178223,8
12053.0,11749.0,11843.0,170,3.365678071975708,8
12561.0,11227.0,12489.0,171,3.383347988128662,8
12776.0,10819.0,13012.0,175,3.4464640617370605,8
13002.0,10767.0,12855.0,175,3.446483850479126,8
12974.0,11169.0,12379.0,180,3.552448034286499,8
12057.0,11857.0,11669.0,180,3.5525078773498535,8
10498.0,13095.0,10955.0,192,3.7194900512695312,8
12755.0,10932.0,12726.0,198,3.8287580013275146,8
11244.0,12275.0,11478.0,199,3.8411669731140137,8
10218.0,13309.0,10164.0,202,3.8800129890441895,8
11052.0,12681.0,10903.0,202,3.8800289630889893,8
9455.0,14093.0,9347.0,202,3.8800439834594727,8
9650.0,14467.0,9283.0,202,3.880048990249634,8
9484.0,14419.0,9301.0,202,3.880053997039795,8
11298.0,12394.0,11293.0,206,3.9277920722961426,8
12835.0,10878.0,12884.0,218,4.10437798500061,8
11472.0,12032.0,11721.0,232,4.260470867156982,8
12584.0,10908.0,13137.0,237,4.292695045471191,8
12811.0,10668.0,13237.0,238,4.301445960998535,8
12485.0,11094.0,12966.0,240,4.319369077682495,8
12651.0,10913.0,13008.0,241,4.328211069107056,8
11814.0,11602.0,12404.0,254,4.432164907455444,8
12995.0,10729.0,12994.0,299,5.289514064788818,9
13183.0,10772.0,12764.0,322,5.636857032775879,9
12101.0,11715.0,11824.0,322,5.636896848678589,9
13176.0,10918.0,12626.0,323,5.657281875610352,9
12156.0,12098.0,11339.0,332,5.8568079471588135,9
15126.0,8925.0,15211.0,334,5.894720077514648,9
13635.0,10007.0,13678.0,334,5.894759893417358,9
14427.0,9405.0,14452.0,334,5.8947649002075195,9
13098.0,10486.0,12967.0,334,5.894794940948486,9
13932.0,9867.0,13708.0,335,5.910604000091553,9
12777.0,11164.0,12479.0,340,6.053385019302368,9
12429.0,11613.0,11902.0,350,6.216263055801392,9
11512.0,12301.0,11192.0,350,6.216283082962036,9
11328.0,12336.0,11316.0,350,6.216328859329224,9
11543.0,12553.0,11073.0,379,6.620003938674927,9
10552.0,13090.0,10799.0,394,6.869807958602905,9
11101.0,12389.0,11393.0,394,6.869858980178833,9
11079.0,12416.0,11489.0,394,6.869863986968994,9
12436.0,11195.0,12634.0,395,6.881211042404175,9
12625.0,11045.0,12755.0,396,6.8950560092926025,9
13509.0,10420.0,13521.0,396,6.89506196975708,9
10289.0,13465.0,10086.0,402,6.964211940765381,9
10171.0,13466.0,10076.0,405,7.002268075942993,9
10661.0,12931.0,10754.0,413,7.068788051605225,9
10559.0,13059.0,10772.0,450,7.488466024398804,9
11320.0,12171.0,11789.0,462,7.665170907974243,9
13219.0,10346.0,13775.0,464,7.679934978485107,9
11537.0,11976.0,11740.0,470,7.725105047225952,9
13188.0,10434.0,13719.0,478,7.784386873245239,9
12667.0,11169.0,12742.0,520,8.346601963043213,10
9743.0,13986.0,9972.0,527,8.48196291923523,10
13719.0,10402.0,13254.0,633,9.975470066070557,10
12307.0,12003.0,11507.0,649,10.292047023773193,10
12738.0,11303.0,12091.0,656,10.458834886550903,10
12758.0,11199.0,12241.0,656,10.45884108543396,10
12168.0,11386.0,12114.0,688,10.97493290901184,10
9706.0,14022.0,10378.0,762,11.965746879577637,10
9728.0,13995.0,10282.0,762,11.965857028961182,10
11933.0,11751.0,11951.0,771,12.122298002243042,10
11692.0,11888.0,11896.0,771,12.122334957122803,10
11055.0,12425.0,11357.0,773,12.145602941513062,10
11322.0,12258.0,11366.0,773,12.145631074905396,10
10506.0,13126.0,10763.0,773,12.145636081695557,10
11859.0,11765.0,12113.0,774,12.183825016021729,10
10680.0,12984.0,10669.0,788,12.333559036254883,10
10807.0,12788.0,10659.0,808,12.508808851242065,10
11570.0,12004.0,11476.0,808,12.508817911148071,10
13372.0,10399.0,13595.0,836,12.78914999961853,10
12447.0,11184.0,12987.0,918,13.490548849105835,10
12605.0,11188.0,12921.0,920,13.515914916992188,10
14035.0,9711.0,14763.0,922,13.534764051437378,10
13377.0,10284.0,13840.0,922,13.534769058227539,10
13309.0,10340.0,13931.0,924,13.551941871643066,10
11351.0,12133.0,11645.0,976,13.885926008224487,10
11329.0,12604.0,11202.0,1003,14.46357798576355,11
14903.0,9345.0,14872.0,1088,15.550859928131104,11
13619.0,10339.0,13488.0,1110,15.8439359664917,11
11451.0,12719.0,10881.0,1142,16.16646695137024,11
12802.0,11090.0,12544.0,1192,16.744016885757446,11
12331.0,11906.0,11561.0,1220,17.268409967422485,11
13890.0,9884.0,13741.0,1230,17.449959993362427,11
14560.0,9475.0,14280.0,1231,17.46231198310852,11
14334.0,9527.0,14437.0,1231,17.46231698989868,11
13706.0,9919.0,13865.0,1234,17.5031099319458,11
14376.0,9510.0,14404.0,1235,17.513500928878784,11
14150.0,9562.0,14561.0,1235,17.513505935668945,11
13630.0,10375.0,13427.0,1249,17.77460503578186,11
13446.0,10410.0,13551.0,1249,17.77461004257202,11
10452.0,13190.0,11064.0,1378,19.271717071533203,11
9771.0,13752.0,10233.0,1380,19.305912971496582,11
9725.0,13847.0,10342.0,1380,19.305922985076904,11
9739.0,13959.0,10322.0,1412,19.768553018569946,11
10277.0,13294.0,10876.0,1416,19.83103585243225,11
11143.0,12589.0,11302.0,1426,19.98398995399475,11
11756.0,11948.0,11608.0,1428,20.00828194618225,11
11209.0,12532.0,11221.0,1431,20.03898286819458,11
11209.0,12424.0,11254.0,1431,20.039023876190186,11
12155.0,11538.0,12016.0,1438,20.116400957107544,11
9853.0,13772.0,10141.0,1464,20.3995099067688,11
10025.0,13546.0,10249.0,1464,20.39951491355896,11
10283.0,13547.0,9956.0,1492,20.617884874343872,11
13561.0,10249.0,13716.0,1532,20.98186492919922,11
14030.0,9826.0,14518.0,1532,20.98187494277954,11
10792.0,13253.0,10496.0,1771,22.91030788421631,12
11389.0,12624.0,11142.0,1777,22.99192786216736,12
10880.0,13973.0,9874.0,1832,23.670594930648804,12
10607.0,13408.0,10130.0,1986,25.255599975585938,12
13564.0,10399.0,13469.0,2036,25.723511934280396,12
12259.0,11680.0,11938.0,2039,25.779433965682983,12
12150.0,11798.0,11788.0,2045,25.8839750289917,12
13175.0,10748.0,12879.0,2078,26.447146892547607,12
14504.0,9667.0,14364.0,2078,26.44716787338257,12
13896.0,10234.0,13466.0,2078,26.44717788696289,12
13359.0,10713.0,12755.0,2078,26.44718289375305,12
14688.0,9632.0,14240.0,2078,26.447224855422974,12
11979.0,11999.0,11592.0,2095,26.734933853149414,12
14410.0,9713.0,14255.0,2096,26.75215792655945,12
14947.0,9234.0,14966.0,2096,26.75216293334961,12
14721.0,9286.0,15123.0,2096,26.752182960510254,12
14023.0,9954.0,13569.0,2099,26.785959005355835,12
14763.0,9269.0,15090.0,2104,26.848834991455078,12
14537.0,9321.0,15247.0,2104,26.848845958709717,12
14000.0,9800.0,14536.0,2104,26.8488609790802,12
13839.0,9989.0,13693.0,2107,26.87969398498535,12
12735.0,11142.0,12646.0,2113,26.96682596206665,12
13093.0,10854.0,12716.0,2121,27.081088066101074,12
12909.0,10889.0,12840.0,2121,27.081099033355713,12
12705.0,10907.0,12825.0,2154,27.444697856903076,12
11580.0,12202.0,11348.0,2173,27.61101007461548,12
9758.0,13784.0,10286.0,2302,28.938246965408325,12
10288.0,13258.0,10916.0,2362,29.73590397834778,12
11035.0,12670.0,11596.0,2368,29.82900094985962,12
10657.0,12951.0,10722.0,2384,30.031002044677734,12
10563.0,13054.0,10839.0,2384,30.031012058258057,12
11112.0,12353.0,11433.0,2384,30.031053066253662,12
11327.0,12226.0,11420.0,2385,30.046130895614624,12
11703.0,11852.0,11936.0,2388,30.07521104812622,12
12255.0,11365.0,12245.0,2404,30.232905864715576,12
10443.0,13273.0,10760.0,2406,30.245950937271118,12
10681.0,13113.0,10532.0,2435,30.531064987182617,12
10062.0,13526.0,10131.0,2435,30.531075954437256,12
10142.0,13504.0,10100.0,2443,30.625061988830566,12
11452.0,12310.0,11277.0,2468,30.807551860809326,12
10258.0,13489.0,10065.0,2488,30.925253868103027,12
11021.0,12705.0,10882.0,2488,30.92526388168335,12
13877.0,9773.0,14698.0,2664,32.184653997421265,12
14069.0,9747.0,14436.0,3074,35.96935296058655,13
14111.0,9791.0,14286.0,3074,35.96935796737671,13
13481.0,10266.0,13579.0,3074,35.96937894821167,13
13439.0,10222.0,13729.0,3074,35.96938395500183,13
11075.0,12764.0,10663.0,3128,36.31277108192444,13
12692.0,11214.0,12327.0,3171,36.637681007385254,13
14815.0,9352.0,14343.0,3261,38.0395929813385,13
13082.0,10755.0,12872.0,3263,38.06102204322815,13
13301.0,10672.0,12846.0,3264,38.069233894348145,13
14631.0,9387.0,14467.0,3277,38.23442506790161,13
14405.0,9439.0,14624.0,3277,38.23443007469177,13
13404.0,10427.0,13584.0,3305,38.564948081970215,13
9824.0,14033.0,9766.0,3558,40.72624087333679,13
11670.0,11915.0,11992.0,3629,41.56989002227783,13
11207.0,12649.0,11014.0,3635,41.642868995666504,13
10511.0,13094.0,10817.0,3639,41.68475699424744,13
11966.0,11688.0,11895.0,3646,41.7517728805542,13
12094.0,11544.0,12074.0,3646,41.75177788734436,13
9654.0,14074.0,9668.0,3718,42.34705185890198,13
9977.0,13725.0,10017.0,3721,42.37507200241089,13
10154.0,13806.0,9920.0,3732,42.477477073669434,13
9954.0,13578.0,10034.0,3734,42.49687194824219,13
9859.0,13726.0,10007.0,3735,42.50357007980347,13
10376.0,13488.0,10075.0,3792,42.8611319065094,13
11139.0,12704.0,10892.0,3792,42.86114287376404,13
11331.0,12331.0,11237.0,3804,42.90619492530823,13
10400.0,13501.0,10047.0,4203,45.72982406616211,14
14389.0,9704.0,14391.0,4654,50.33569097518921,14
14528.0,9695.0,14283.0,4660,50.390779972076416,14
13838.0,10193.0,13557.0,4662,50.41189503669739,14
12510.0,11302.0,12201.0,4667,50.43642497062683,14
14910.0,9180.0,15338.0,4688,50.64970302581787,14
12755.0,11191.0,12575.0,4710,50.84454298019409,14
12018.0,11817.0,11883.0,4744,51.17819905281067,14
10465.0,13158.0,11011.0,4972,52.677233934402466,14
10982.0,12664.0,11694.0,5086,53.96768808364868,14
9782.0,13804.0,9926.0,5302,55.79057288169861,14
11424.0,12272.0,11356.0,5388,56.22617793083191,14
10967.0,12763.0,10756.0,6074,60.698533058166504,15
15040.0,9238.0,14962.0,6248,62.9639790058136,15
15320.0,9093.0,15057.0,6252,63.0027129650116,15
14579.0,9365.0,15097.0,6302,63.460716009140015,15
14042.0,9844.0,14386.0,6306,63.49599099159241,15
15136.0,9128.0,15181.0,6308,63.511714935302734,15
12815.0,10998.0,12629.0,6354,63.85859394073486,15
10391.0,13300.0,10755.0,6605,65.28809785842896,15
11181.0,12494.0,11300.0,6825,67.36839985847473,15
12659.0,11182.0,12748.0,6841,67.47973585128784,15
11725.0,11825.0,11840.0,6850,67.55625700950623,15
12720.0,11176.0,12690.0,6861,67.6255578994751,15
9900.0,13803.0,9936.0,6990,68.54215407371521,15
10106.0,13757.0,9948.0,6990,68.54216384887695,15
10918.0,12683.0,11067.0,7008,68.62301206588745,15
10476.0,13210.0,10704.0,7026,68.75142288208008,15
9988.0,13758.0,9938.0,7026,68.7514328956604,15
12740.0,11080.0,12740.0,7734,72.74086093902588,16
13864.0,10398.0,13390.0,7744,72.86380696296692,16
14763.0,9330.0,14973.0,7926,74.93497800827026,16
14630.0,9325.0,15243.0,7994,75.4098150730133,16
9706.0,14034.0,9756.0,8352,77.58734107017517,16
11435.0,12307.0,11344.0,8506,78.91508889198303,16
11176.0,12526.0,11246.0,8526,79.01802206039429,16
9536.0,14075.0,9658.0,8742,80.18081593513489,16
10112.0,14025.0,9772.0,9048,81.7135648727417,17
14273.0,9820.0,14165.0,9228,82.78732490539551,17
12080.0,11808.0,11821.0,9331,83.3488700389862,17
13697.0,10429.0,13350.0,9338,83.42212986946106,17
12780.0,11117.0,12640.0,9338,83.42213988304138,17
15136.0,9189.0,15064.0,9550,85.4320900440216,17
14952.0,9224.0,15188.0,9630,85.88692498207092,17
11004.0,12637.0,11598.0,9954,87.80107402801514,17
13948.0,10357.0,13297.0,10796,92.44674396514893,18
15051.0,9328.0,14939.0,10800,92.49670791625977,18
14322.0,9699.0,14481.0,11018,93.92645907402039,18
14067.0,9822.0,14418.0,11036,94.01116585731506,18
14025.0,9778.0,14568.0,11036,94.01118087768555,18
12609.0,11200.0,12606.0,11298,95.5659110546112,18
9216.0,14858.0,9483.0,11718,97.4932849407196,19
13855.0,9892.0,14161.0,11828,98.03360199928284,19
14740.0,9755.0,14071.0,11975,99.0399260520935,19
13926.0,10384.0,13393.0,11976,99.05543804168701,19
14058.0,10233.0,13514.0,11979,99.09444499015808,19
14808.0,9656.0,14227.0,12114,100.02233791351318,19
14506.0,9664.0,14357.0,12114,100.02234292030334,19
14553.0,9779.0,14164.0,12124,100.06746697425842,19
15161.0,9212.0,15062.0,12172,100.27417588233948,19
14859.0,9220.0,15192.0,12172,100.27418088912964,19
14817.0,9176.0,15342.0,12172,100.2741858959198,19
14135.0,9747.0,14256.0,12804,103.12901401519775,20
14093.0,9703.0,14406.0,12804,103.12901902198792,20
15387.0,9152.0,14999.0,12908,103.80783486366272,20
15345.0,9177.0,14938.0,13024,104.64337801933289,20
15043.0,9185.0,15068.0,13024,104.64338302612305,20
15001.0,9141.0,15218.0,13024,104.64338803291321,20
14435.0,9691.0,14287.0,13717,107.8903398513794,21
15043.0,9124.0,15185.0,13739,107.94841599464417,21
14149.0,9652.0,14718.0,13752,107.99527096748352,21
14595.0,9754.0,14225.0,14099,109.49092698097229,22
15227.0,9089.0,15061.0,14195,109.97734689712524,22
14941.0,9050.0,15492.0,14226,110.05556988716125,22
15093.0,9311.0,14906.0,14899,112.79679608345032,25
15277.0,9276.0,14782.0,14963,113.03606796264648,26
