z1,z2,z3,node,time,depth
-9711.0,-1794.0,-9566.0,1,0.050290822982788086,1
-8957.0,-1919.0,-9874.0,1,0.05029892921447754,1
-9788.0,-1787.0,-9199.0,1,0.05030703544616699,1
-8325.0,-4106.0,-8282.0,1,0.050314903259277344,1
-6420.0,-6581.0,-5108.0,1,0.0503239631652832,1
-8919.0,-2260.0,-9856.0,1,0.050331830978393555,1
-5877.0,-6860.0,-5873.0,1,0.05033993721008301,1
-4990.0,-7540.0,-5192.0,1,0.05034804344177246,1
-5256.0,-6060.0,-7084.0,1,0.05035686492919922,1
-1629.0,-10070.0,-1688.0,1,0.05036497116088867,1
-9372.0,-2783.0,-8554.0,1,0.05037283897399902,1
-9696.0,-2007.0,-9134.0,1,0.05038094520568848,1
-3977.0,-8719.0,-3083.0,1,0.05038905143737793,1
-2772.0,-9429.0,-2694.0,1,0.05039691925048828,1
-7473.0,-4038.0,-8839.0,1,0.05040597915649414,1
-9128.0,-2361.0,-9766.0,1,0.05041384696960449,1
-8867.0,-2554.0,-9689.0,1,0.050421953201293945,1
-8264.0,-3664.0,-9002.0,1,0.0504300594329834,1
-7663.0,-4377.0,-8472.0,1,0.05043792724609375,1
-7532.0,-4877.0,-7962.0,1,0.05044698715209961,1
-5878.0,-6273.0,-6814.0,1,0.05045485496520996,1
-7063.0,-4944.0,-8033.0,1,0.050462961196899414,1
-6932.0,-5444.0,-7523.0,1,0.050470829010009766,1
-8879.0,-3230.0,-8923.0,1,0.05047893524169922,1
-9501.0,-2093.0,-9795.0,1,0.05048704147338867,1
-9209.0,-2446.0,-9652.0,1,0.05049490928649902,1
-8343.0,-4312.0,-7202.0,1,0.05050301551818848,1
-8610.0,-3901.0,-8015.0,1,0.050511837005615234,1
-7373.0,-5399.0,-6837.0,1,0.05051994323730469,1
-6580.0,-6170.0,-6517.0,1,0.05052804946899414,1
-7023.0,-5847.0,-6341.0,1,0.05053591728210449,1
-7816.0,-5076.0,-6661.0,1,0.050544023513793945,1
-3709.0,-8705.0,-3755.0,1,0.0505518913269043,1
-4195.0,-8124.0,-4550.0,1,0.05055999755859375,1
-5083.0,-6857.0,-6172.0,1,0.0505678653717041,1
-3325.0,-8834.0,-3615.0,1,0.050575971603393555,1
-6410.0,-6587.0,-5435.0,1,0.050583839416503906,1
-6164.0,-6799.0,-5349.0,1,0.050592899322509766,1
-3839.0,-8790.0,-3370.0,1,0.05060100555419922,1
-4713.0,-8135.0,-4029.0,1,0.05060887336730957,1
-6873.0,-4605.0,-8400.0,1,0.05061697959899902,1
-6664.0,-4504.0,-8490.0,1,0.050624847412109375,1
-2886.0,-8664.0,-3918.0,1,0.05063295364379883,1
-3756.0,-7954.0,-4853.0,1,0.05064105987548828,1
-1968.0,-10068.0,-1647.0,1,0.05064988136291504,1
-2388.0,-9558.0,-2554.0,1,0.05065798759460449,1
-1786.0,-9776.0,-2289.0,1,0.050665855407714844,1
-2176.0,-10006.0,-1443.0,1,0.0506739616394043,1
-2240.0,-9950.0,-1586.0,1,0.05068182945251465,1
-3103.0,-9374.0,-2424.0,1,0.05069088935852051,1
-3063.0,-9403.0,-2202.0,1,0.05069899559020996,1
-3271.0,-9256.0,-2400.0,1,0.05070686340332031,1
-6204.0,-6791.0,-5182.0,1,0.050714969635009766,1
-5044.0,-7910.0,-3966.0,1,0.05072283744812012,1
-5967.0,-6910.0,-5611.0,1,0.05073094367980957,1
-4504.0,-8121.0,-4397.0,1,0.05073904991149902,1
-4766.0,-8073.0,-4156.0,1,0.050746917724609375,1
-1695.0,-9925.0,-1916.0,2,0.10565400123596191,2
-7959.0,-4594.0,-7614.0,2,0.10583305358886719,2
-7623.0,-5094.0,-6956.0,2,0.10584092140197754,2
-4836.0,-7396.0,-5365.0,2,0.10585784912109375,2
-5326.0,-7395.0,-4935.0,2,0.10589003562927246,2
-8810.0,-3603.0,-8133.0,2,0.10592293739318848,2
-8484.0,-3852.0,-8302.0,2,0.10593891143798828,2
-4304.0,-7909.0,-4688.0,2,0.10594701766967773,2
-5631.0,-6812.0,-6007.0,2,0.10595488548278809,2
-2328.0,-9642.0,-2071.0,2,0.10597991943359375,2
-3509.0,-8493.0,-4046.0,2,0.10599589347839355,2
-3868.0,-8504.0,-3662.0,2,0.10601186752319336,2
-9232.0,-2764.0,-8887.0,3,0.1527390480041504,2
-9167.0,-2581.0,-9138.0,3,0.15274786949157715,2
-8947.0,-2969.0,-9154.0,3,0.1527559757232666,2
-6854.0,-4843.0,-8123.0,3,0.15281295776367188,2
-8669.0,-3236.0,-9063.0,3,0.15282082557678223,2
-6920.0,-5970.0,-6136.0,3,0.1528608798980713,2
-4621.0,-6947.0,-5992.0,3,0.15288591384887695,2
-5844.0,-6353.0,-6640.0,3,0.1528940200805664,2
-5049.0,-6937.0,-5998.0,3,0.15290188789367676,2
-3767.0,-8134.0,-4544.0,3,0.15293383598327637,2
-6477.0,-6293.0,-6312.0,3,0.1530158519744873,2
-7093.0,-5500.0,-7099.0,3,0.15302395820617676,2
-5657.0,-7170.0,-4872.0,4,0.2089688777923584,3
-6478.0,-5706.0,-7253.0,4,0.20897698402404785,3
-9494.0,-2241.0,-9385.0,4,0.20909786224365234,3
-7664.0,-4231.0,-8563.0,4,0.20916390419006348,3
-7003.0,-4769.0,-8174.0,4,0.20917201042175293,3
-8110.0,-4140.0,-8261.0,4,0.20920395851135254,3
-9055.0,-2922.0,-8911.0,4,0.20926904678344727,3
-2242.0,-9030.0,-3334.0,4,0.20927691459655762,3
-9307.0,-2600.0,-8805.0,5,0.26561689376831055,3
-9037.0,-2837.0,-9065.0,5,0.26563286781311035,3
-5040.0,-6877.0,-6104.0,5,0.2656829357147217,3
-5835.0,-6293.0,-6746.0,5,0.26569104194641113,3
-6723.0,-5343.0,-7613.0,5,0.2657320499420166,3
-7169.0,-4665.0,-8139.0,5,0.2658059597015381,3
-3713.0,-7974.0,-4785.0,5,0.2658538818359375,3
-3279.0,-8384.0,-4267.0,5,0.2658958435058594,3
-3079.0,-8570.0,-4008.0,5,0.26590394973754883,3
-2296.0,-8962.0,-3462.0,5,0.26592087745666504,3
-2843.0,-8684.0,-3850.0,5,0.2659289836883545,3
-8880.0,-3285.0,-8237.0,6,0.3195309638977051,3
-5342.0,-7542.0,-4689.0,6,0.3195619583129883,3
-3113.0,-9197.0,-2906.0,6,0.3195810317993164,3
-6042.0,-6280.0,-6557.0,6,0.31958985328674316,3
-6380.0,-6589.0,-5275.0,6,0.319627046585083,3
-7071.0,-5516.0,-6783.0,6,0.31963491439819336,3
-2176.0,-9921.0,-1845.0,6,0.31969285011291504,3
-2194.0,-9926.0,-1794.0,6,0.3197009563446045,3
-5080.0,-7590.0,-4930.0,6,0.3197488784790039,3
-5252.0,-7492.0,-4951.0,6,0.319782018661499,3
-6711.0,-5670.0,-7027.0,6,0.3197898864746094,3
-5852.0,-6925.0,-5390.0,6,0.31979799270629883,3
-8735.0,-3241.0,-8965.0,6,0.31981396675109863,3
-7520.0,-4884.0,-7466.0,6,0.3198380470275879,3
-8503.0,-3741.0,-8143.0,6,0.3198549747467041,3
-7849.0,-4667.0,-7250.0,6,0.31986284255981445,3
-3715.0,-8305.0,-4267.0,7,0.3769559860229492,3
-4836.0,-8057.0,-3768.0,7,0.3769650459289551,3
-4223.0,-8136.0,-4459.0,7,0.37697291374206543,3
-8768.0,-3508.0,-8157.0,7,0.3769810199737549,3
-8483.0,-3713.0,-8424.0,7,0.37698888778686523,3
-8703.0,-3325.0,-8408.0,7,0.3769979476928711,3
-6493.0,-6067.0,-6660.0,7,0.3770298957824707,3
-5396.0,-6916.0,-5883.0,7,0.37705397605895996,3
-5999.0,-6300.0,-6489.0,7,0.3770630359649658,3
-2726.0,-9283.0,-2950.0,7,0.3770790100097656,3
-5018.0,-7552.0,-5101.0,7,0.3771040439605713,3
-4229.0,-7736.0,-4971.0,7,0.37711191177368164,3
-4601.0,-7500.0,-5241.0,7,0.3772099018096924,3
-4230.0,-7636.0,-5089.0,7,0.37721800804138184,3
-8034.0,-3792.0,-8710.0,8,0.44062185287475586,4
-9381.0,-2145.0,-9671.0,8,0.4406309127807617,4
-6116.0,-6529.0,-5812.0,8,0.4406468868255615,4
-2674.0,-9027.0,-3209.0,8,0.4407038688659668,4
-9508.0,-1818.0,-9683.0,8,0.44078588485717773,4
-9265.0,-2623.0,-8682.0,8,0.4408259391784668,4
-7095.0,-4549.0,-8239.0,8,0.4409480094909668,4
-6886.0,-4448.0,-8329.0,8,0.44095587730407715,4
-8977.0,-2862.0,-8976.0,8,0.4409809112548828,4
-9211.0,-2389.0,-9525.0,8,0.44098901748657227,4
-6575.0,-5164.0,-7670.0,8,0.4410538673400879,4
-9654.0,-1773.0,-9607.0,9,0.5166380405426025,4
-6608.0,-6169.0,-5854.0,9,0.516679048538208,4
-9134.0,-2827.0,-8713.0,9,0.5167038440704346,4
-8487.0,-3684.0,-8355.0,9,0.5167200565338135,4
-9156.0,-2824.0,-8744.0,10,0.5811338424682617,4
-8863.0,-3313.0,-8034.0,10,0.5811500549316406,4
-8236.0,-4188.0,-7435.0,10,0.581157922744751,4
-9006.0,-2903.0,-8935.0,10,0.5812239646911621,4
-8279.0,-3797.0,-8484.0,10,0.5812318325042725,4
-7382.0,-5165.0,-7286.0,10,0.5812399387359619,4
-5401.0,-6703.0,-6228.0,10,0.5812480449676514,4
-4606.0,-7287.0,-5586.0,10,0.5812559127807617,4
-7532.0,-5086.0,-7095.0,10,0.5813620090484619,4
-6366.0,-6220.0,-6389.0,10,0.5813779830932617,4
-2483.0,-9164.0,-3147.0,10,0.5814018249511719,4
-4074.0,-7800.0,-4909.0,10,0.581434965133667,4
-2526.0,-9071.0,-3241.0,11,0.6372089385986328,4
-6953.0,-5452.0,-7392.0,11,0.6372818946838379,4
-6435.0,-5726.0,-7185.0,11,0.6372900009155273,4
-4431.0,-8137.0,-3616.0,11,0.6373059749603271,4
-5108.0,-6705.0,-6247.0,11,0.637354850769043,4
-3781.0,-7802.0,-4928.0,11,0.6374208927154541,4
-3892.0,-8042.0,-4623.0,11,0.6374289989471436,4
-6336.0,-5356.0,-7534.0,12,0.692986011505127,4
-6444.0,-5786.0,-7079.0,12,0.6929948329925537,4
-5052.0,-7847.0,-3694.0,12,0.6930029392242432,4
-5590.0,-6973.0,-5631.0,12,0.6930599212646484,4
-4263.0,-7952.0,-4693.0,12,0.6930680274963379,4
-2980.0,-9367.0,-2490.0,12,0.6930758953094482,4
-2889.0,-8895.0,-3518.0,12,0.6931660175323486,4
-3997.0,-8243.0,-4323.0,12,0.6931989192962646,4
-4982.0,-7863.0,-4082.0,12,0.6932148933410645,4
-5117.0,-6765.0,-6141.0,12,0.693263053894043,4
-3758.0,-8285.0,-4335.0,12,0.6932799816131592,4
-8715.0,-3359.0,-8207.0,13,0.7553138732910156,4
-8430.0,-3564.0,-8474.0,13,0.7553548812866211,4
-2448.0,-9803.0,-1784.0,13,0.7554359436035156,4
-8135.0,-3808.0,-8526.0,13,0.7555949687957764,4
-8545.0,-3718.0,-8266.0,14,0.8100650310516357,4
-5082.0,-7444.0,-5231.0,14,0.8100738525390625,4
-7102.0,-5176.0,-7398.0,14,0.8101060390472412,4
-4623.0,-8085.0,-4291.0,14,0.8101229667663574,4
-6600.0,-6227.0,-6032.0,14,0.8102200031280518,4
-6025.0,-6803.0,-5580.0,14,0.8102278709411621,4
-7755.0,-4600.0,-7738.0,14,0.8102359771728516,4
-7230.0,-5342.0,-7050.0,14,0.8102438449859619,4
-8448.0,-4040.0,-8002.0,14,0.8102519512176514,4
-6409.0,-5920.0,-6747.0,14,0.8103179931640625,4
-6630.0,-5909.0,-6611.0,14,0.8103258609771729,4
-6036.0,-6638.0,-5872.0,14,0.8103339672088623,4
-8058.0,-4517.0,-7469.0,15,0.8617219924926758,4
-5296.0,-7491.0,-4899.0,15,0.8617470264434814,4
-3916.0,-8569.0,-3649.0,15,0.8618700504302979,4
-3595.0,-8673.0,-3767.0,15,0.8618779182434082,4
-2767.0,-9233.0,-2816.0,15,0.8618860244750977,4
-3007.0,-9121.0,-3019.0,15,0.8619019985198975,4
-6468.0,-5803.0,-6818.0,16,0.9247019290924072,5
-5580.0,-6641.0,-6091.0,16,0.9248809814453125,5
-4253.0,-7738.0,-4772.0,16,0.9248979091644287,5
-7359.0,-4602.0,-8063.0,16,0.9249868392944336,5
-9018.0,-1933.0,-9848.0,17,1.009333848953247,5
-4199.0,-8279.0,-3599.0,17,1.0094399452209473,5
-9597.0,-1846.0,-9434.0,17,1.0094728469848633,5
-9554.0,-1803.0,-9696.0,18,1.0896928310394287,5
-7525.0,-3744.0,-9006.0,18,1.089792013168335,5
-4551.0,-7370.0,-5495.0,18,1.0898170471191406,5
-9631.0,-1824.0,-9385.0,18,1.0899059772491455,5
-7734.0,-3845.0,-8916.0,18,1.0899629592895508,5
-8114.0,-3952.0,-8326.0,18,1.0900368690490723,5
-5486.0,-6169.0,-6863.0,19,1.1605279445648193,5
-5151.0,-6685.0,-6315.0,19,1.1605360507965088,5
-3824.0,-7782.0,-4996.0,19,1.1605439186096191,5
-3699.0,-8136.0,-4533.0,19,1.1605520248413086,5
-7603.0,-4202.0,-8613.0,19,1.1606009006500244,5
-7876.0,-4007.0,-8743.0,19,1.1606168746948242,5
-5605.0,-6541.0,-6204.0,20,1.2291679382324219,5
-4508.0,-7390.0,-5427.0,20,1.2292330265045166,5
-4733.0,-7294.0,-5422.0,20,1.229240894317627,5
-7055.0,-5378.0,-7243.0,20,1.2293548583984375,5
-7129.0,-5333.0,-7261.0,20,1.229362964630127,5
-7752.0,-4489.0,-7946.0,20,1.229435920715332,5
-8611.0,-3525.0,-8314.0,20,1.2294440269470215,5
-7884.0,-4419.0,-7863.0,20,1.2294600009918213,5
-7082.0,-5365.0,-7332.0,21,1.297389030456543,5
-6260.0,-5598.0,-7262.0,22,1.3507790565490723,5
-7357.0,-4749.0,-8039.0,22,1.350843906402588,5
-5519.0,-6676.0,-6096.0,22,1.3509008884429932,5
-8642.0,-3459.0,-8444.0,23,1.4096648693084717,5
-8635.0,-3605.0,-8116.0,23,1.4096729755401611,5
-8350.0,-3810.0,-8383.0,23,1.4096808433532715,5
-3656.0,-8156.0,-4465.0,23,1.4097378253936768,5
-8217.0,-4263.0,-7489.0,23,1.409811019897461,5
-7692.0,-5005.0,-6801.0,23,1.409883975982666,5
-6241.0,-6593.0,-5506.0,24,1.47267484664917,5
-6654.0,-5494.0,-7214.0,24,1.4727158546447754,5
-9112.0,-2816.0,-8763.0,24,1.472790002822876,5
-8423.0,-3738.0,-8335.0,24,1.4728949069976807,5
-8827.0,-3021.0,-9030.0,24,1.4729039669036865,5
-4415.0,-8174.0,-3708.0,25,1.5457348823547363,5
-2642.0,-9520.0,-2142.0,25,1.5457429885864258,5
-4259.0,-8195.0,-4082.0,25,1.5457508563995361,5
-3128.0,-8853.0,-3506.0,25,1.5458409786224365,5
-3446.0,-8881.0,-3189.0,25,1.5458488464355469,5
-2633.0,-9653.0,-1898.0,26,1.6285359859466553,5
-3177.0,-9290.0,-2463.0,26,1.6286020278930664,5
-5413.0,-7219.0,-5168.0,26,1.628633975982666,5
-6132.0,-6330.0,-6295.0,26,1.6286909580230713,5
-5503.0,-7269.0,-4906.0,26,1.628739833831787,5
-4782.0,-7958.0,-4207.0,26,1.6287479400634766,5
-4954.0,-7860.0,-4228.0,26,1.628756046295166,5
-3017.0,-9379.0,-2410.0,26,1.6287720203399658,5
-4692.0,-7908.0,-4469.0,26,1.6287879943847656,5
-4194.0,-8166.0,-4296.0,26,1.6288299560546875,5
-6671.0,-5502.0,-7134.0,27,1.7246909141540527,5
-6175.0,-6634.0,-5641.0,28,1.7710058689117432,5
-6169.0,-6674.0,-5433.0,28,1.7710139751434326,5
-7575.0,-5163.0,-6659.0,28,1.7711360454559326,5
-8369.0,-3988.0,-8013.0,28,1.771143913269043,5
-7933.0,-4397.0,-7873.0,28,1.7712490558624268,5
-6652.0,-5845.0,-6659.0,28,1.7712650299072266,5
-7155.0,-5167.0,-7299.0,29,1.8345139026641846,5
-4554.0,-8013.0,-4384.0,29,1.8345789909362793,5
-3857.0,-8625.0,-3526.0,29,1.8346190452575684,5
-4036.0,-8628.0,-3148.0,29,1.8346998691558838,5
-3392.0,-9052.0,-2700.0,29,1.8347158432006836,5
-4178.0,-8521.0,-3408.0,29,1.834723949432373,5
-3355.0,-8785.0,-3564.0,30,1.8853509426116943,5
-5996.0,-6349.0,-6322.0,30,1.8853669166564941,5
-6599.0,-5733.0,-6928.0,30,1.8854320049285889,5
-7875.0,-4594.0,-7652.0,31,1.925205945968628,5
-5206.0,-7441.0,-5161.0,31,1.9252629280090332,5
-7725.0,-4673.0,-7843.0,31,1.925367832183838,5
-7955.0,-3863.0,-8534.0,33,2.0668418407440186,6
-3937.0,-8327.0,-3840.0,34,2.1473419666290283,6
-8510.0,-2927.0,-9232.0,35,2.2216780185699463,6
-8302.0,-3323.0,-9020.0,35,2.221693992614746,6
-6027.0,-6202.0,-6704.0,36,2.3001890182495117,6
-7418.0,-4383.0,-8154.0,37,2.3689169883728027,6
-5149.0,-6699.0,-6232.0,37,2.368924856185913,6
-4378.0,-7461.0,-5418.0,37,2.368989944458008,6
-5173.0,-6877.0,-6060.0,37,2.3690309524536133,6
-6766.0,-5244.0,-7548.0,37,2.369046926498413,6
-3708.0,-7985.0,-4742.0,37,2.369062900543213,6
-5463.0,-6741.0,-6057.0,37,2.369135856628418,6
-8217.0,-3501.0,-9113.0,38,2.4282448291778564,6
-6891.0,-5549.0,-6868.0,38,2.428302049636841,6
-7045.0,-5073.0,-7609.0,38,2.428309917449951,6
-7312.0,-4957.0,-7557.0,38,2.4283180236816406,6
-8439.0,-3535.0,-8567.0,39,2.4768810272216797,6
-8154.0,-3740.0,-8834.0,39,2.4769139289855957,6
-7942.0,-4012.0,-8645.0,39,2.477004051208496,6
-6241.0,-5922.0,-6806.0,40,2.5393240451812744,6
-6703.0,-5062.0,-7696.0,42,2.6747000217437744,6
-5315.0,-6708.0,-6214.0,43,2.722817897796631,6
-6350.0,-6061.0,-6738.0,43,2.7228899002075195,6
-6548.0,-5215.0,-7690.0,43,2.7229230403900146,6
-5447.0,-6569.0,-6136.0,44,2.776020050048828,6
-9131.0,-2870.0,-8552.0,45,2.8402678966522217,6
-9087.0,-2988.0,-8821.0,45,2.840276002883911,6
-8612.0,-3641.0,-8110.0,45,2.8403818607330322,6
-8569.0,-3690.0,-8131.0,45,2.8403899669647217,6
-5122.0,-7279.0,-5244.0,45,2.840463876724243,6
-4934.0,-7252.0,-5398.0,45,2.8405048847198486,6
-5780.0,-6741.0,-5897.0,46,2.9020838737487793,6
-7690.0,-4484.0,-8104.0,46,2.9021248817443848,6
-8023.0,-4428.0,-7625.0,46,2.9021730422973633,6
-6377.0,-6120.0,-6580.0,46,2.90218186378479,6
-6223.0,-6418.0,-5721.0,46,2.902221918106079,6
-5545.0,-6817.0,-5993.0,47,2.955087900161743,6
-6205.0,-5856.0,-7024.0,47,2.955137014389038,6
-4047.0,-8558.0,-3373.0,48,3.01263689994812,6
-4720.0,-7911.0,-4323.0,48,3.012676954269409,6
-4051.0,-8315.0,-3984.0,48,3.0126850605010986,6
-8643.0,-3350.0,-8319.0,49,3.090451955795288,6
-6642.0,-5713.0,-6996.0,50,3.151262044906616,6
-7084.0,-4952.0,-7902.0,50,3.1513350009918213,6
-7542.0,-4856.0,-7269.0,51,3.2160558700561523,6
-7271.0,-4935.0,-7573.0,51,3.216063976287842,6
-8152.0,-3831.0,-8383.0,52,3.2715179920196533,6
-3823.0,-8518.0,-3652.0,52,3.2716028690338135,6
-3643.0,-8804.0,-3162.0,53,3.324713945388794,6
-4285.0,-8174.0,-4288.0,54,3.3735039234161377,6
-4221.0,-8457.0,-3350.0,54,3.3735849857330322,6
-3154.0,-9266.0,-2467.0,54,3.3736178874969482,6
-2533.0,-9714.0,-2015.0,54,3.373649835586548,6
-4121.0,-8150.0,-4375.0,55,3.409205913543701,6
-5833.0,-6588.0,-5935.0,56,3.4497909545898438,6
-4777.0,-7908.0,-4448.0,56,3.449799060821533,6
-6306.0,-5871.0,-6755.0,56,3.4498560428619385,6
-4879.0,-7394.0,-5294.0,56,3.4499049186706543,6
-5087.0,-7280.0,-5362.0,56,3.4499130249023438,6
-3549.0,-8736.0,-3566.0,57,3.5069739818573,6
-3867.0,-8764.0,-3249.0,57,3.5069899559020996,6
-3753.0,-8795.0,-3356.0,57,3.5069990158081055,6
-7033.0,-5838.0,-6161.0,58,3.56119704246521,6
-7216.0,-5434.0,-6819.0,58,3.5612289905548096,6
-6894.0,-5842.0,-6392.0,58,3.561285972595215,6
-6714.0,-6058.0,-6113.0,58,3.561293840408325,6
-7091.0,-5341.0,-7106.0,58,3.56134295463562,6
-3977.0,-8257.0,-4026.0,58,3.561367988586426,6
-7437.0,-4895.0,-7223.0,59,3.6200709342956543,6
-7102.0,-5749.0,-6006.0,59,3.6201038360595703,6
-7429.0,-5209.0,-6890.0,59,3.620162010192871,6
-5121.0,-7539.0,-4831.0,60,3.6834869384765625,6
-7554.0,-5124.0,-6902.0,60,3.683511972427368,6
-6658.0,-6018.0,-6377.0,60,3.683527946472168,6
-4299.0,-8139.0,-4306.0,61,3.7261509895324707,6
-4884.0,-7563.0,-5004.0,61,3.726174831390381,6
-3852.0,-8486.0,-3831.0,62,3.806368827819824,6
-4383.0,-7988.0,-4545.0,62,3.8063929080963135,6
-4503.0,-7620.0,-5045.0,62,3.8064019680023193,6
-4053.0,-7878.0,-4735.0,62,3.806417942047119,6
-6340.0,-6192.0,-6486.0,63,3.8399598598480225,6
-6583.0,-6117.0,-6398.0,63,3.8399689197540283,6
-7033.0,-5448.0,-7137.0,63,3.839984893798828,6
-8589.0,-3310.0,-8494.0,66,4.045269966125488,7
-5165.0,-7109.0,-5334.0,66,4.04548192024231,7
-5427.0,-7061.0,-5093.0,66,4.045497894287109,7
-4595.0,-7789.0,-4493.0,70,4.321691989898682,7
-5167.0,-7171.0,-5302.0,70,4.321699857711792,7
-4857.0,-7741.0,-4252.0,70,4.3217079639434814,7
-7455.0,-4130.0,-8653.0,72,4.453203916549683,7
-8374.0,-3352.0,-8818.0,73,4.5133538246154785,7
-7792.0,-4300.0,-7969.0,73,4.513370037078857,7
-7342.0,-4579.0,-8206.0,73,4.513427019119263,7
-7845.0,-3919.0,-8769.0,73,4.513450860977173,7
-6149.0,-6194.0,-6510.0,75,4.6297829151153564,7
-5379.0,-6808.0,-6011.0,78,4.767789840698242,7
-5454.0,-6892.0,-5848.0,79,4.815723896026611,7
-5122.0,-6952.0,-5772.0,79,4.8157408237457275,7
-3988.0,-7805.0,-4895.0,81,4.907847881317139,7
-8580.0,-3494.0,-8354.0,83,5.01908802986145,7
-5526.0,-7189.0,-4696.0,83,5.0192179679870605,7
-4317.0,-7127.0,-5675.0,85,5.143980979919434,7
-4704.0,-7143.0,-5619.0,85,5.144021987915039,7
-5138.0,-6733.0,-6137.0,85,5.144029855728149,7
-5660.0,-6165.0,-6823.0,85,5.144176006317139,7
-7447.0,-4525.0,-7970.0,85,5.1442248821258545,7
-7556.0,-4616.0,-7879.0,87,5.229820966720581,7
-5626.0,-6549.0,-6073.0,89,5.336055040359497,7
-5456.0,-6684.0,-6084.0,90,5.39729905128479,7
-8047.0,-3958.0,-8409.0,91,5.454725027084351,7
-6584.0,-5655.0,-7075.0,92,5.502881050109863,7
-4985.0,-7325.0,-5255.0,92,5.502904891967773,7
-4791.0,-7781.0,-4314.0,93,5.55054497718811,7
-6630.0,-6153.0,-6170.0,94,5.592511892318726,7
-7138.0,-5172.0,-7311.0,94,5.5925538539886475,7
-7831.0,-4428.0,-7962.0,94,5.592561960220337,7
-6966.0,-5653.0,-6828.0,94,5.592571020126343,7
-6982.0,-5881.0,-5895.0,94,5.592663049697876,7
-7817.0,-4672.0,-7695.0,95,5.631013870239258,7
-4896.0,-7868.0,-4068.0,96,5.686553001403809,7
-6450.0,-6399.0,-5192.0,96,5.686561822891235,7
-5709.0,-7170.0,-4563.0,96,5.686569929122925,7
-5554.0,-7293.0,-4667.0,96,5.686578035354614,7
-4634.0,-7916.0,-4309.0,96,5.68664288520813,7
-4083.0,-8554.0,-3175.0,96,5.686795949935913,7
-8367.0,-3411.0,-8815.0,100,5.934332847595215,7
-6868.0,-4961.0,-7830.0,100,5.9343578815460205,7
-5649.0,-6370.0,-6437.0,102,6.052649974822998,7
-5149.0,-7318.0,-5191.0,103,6.099385023117065,7
-5420.0,-6972.0,-5674.0,103,6.099401950836182,7
-5088.0,-7032.0,-5598.0,103,6.099410057067871,7
-4421.0,-7645.0,-4929.0,106,6.25463604927063,7
-7169.0,-4974.0,-7706.0,106,6.25473690032959,7
-6209.0,-6131.0,-6585.0,107,6.31930685043335,7
-6781.0,-5455.0,-7258.0,107,6.319358825683594,7
-2898.0,-8744.0,-3727.0,108,6.36840295791626,7
-3963.0,-8244.0,-4243.0,108,6.368420839309692,7
-4131.0,-8407.0,-3612.0,108,6.368463039398193,7
-4272.0,-7716.0,-5039.0,108,6.368497848510742,7
-4546.0,-7600.0,-5113.0,108,6.368505954742432,7
-3550.0,-8590.0,-3848.0,108,6.368648052215576,7
-3869.0,-8455.0,-3853.0,108,6.3686559200286865,7
-3959.0,-8505.0,-3591.0,108,6.368664026260376,7
-3338.0,-8953.0,-3139.0,108,6.368681907653809,7
-3258.0,-8848.0,-3489.0,108,6.368690013885498,7
-5439.0,-6896.0,-5951.0,110,6.493696928024292,7
-5560.0,-6977.0,-5394.0,110,6.493746042251587,7
-5950.0,-6383.0,-6313.0,110,6.4937779903411865,7
-5529.0,-6946.0,-5689.0,110,6.493785858154297,7
-5562.0,-6864.0,-5865.0,111,6.525975942611694,7
-5882.0,-6534.0,-5966.0,112,6.563616991043091,7
-5226.0,-7276.0,-5131.0,112,6.563626050949097,7
-2566.0,-9346.0,-2749.0,112,6.563714981079102,7
-2184.0,-9877.0,-1946.0,112,6.563740015029907,7
-3627.0,-8730.0,-3598.0,112,6.563755989074707,7
-2930.0,-9342.0,-2740.0,112,6.563763856887817,7
-3044.0,-9311.0,-2633.0,113,6.619274854660034,7
-4669.0,-7328.0,-5384.0,113,6.619307041168213,7
-3716.0,-8783.0,-3436.0,113,6.619452953338623,7
-4212.0,-8154.0,-4296.0,114,6.671085834503174,7
-5698.0,-6651.0,-6018.0,114,6.671093940734863,7
-8083.0,-4318.0,-7682.0,114,6.671103000640869,7
-5172.0,-7494.0,-4969.0,114,6.6711509227752686,7
-6792.0,-5925.0,-6159.0,114,6.671223878860474,7
-6085.0,-6584.0,-5903.0,114,6.671239852905273,7
-6701.0,-5791.0,-6690.0,114,6.671247959136963,7
-5223.0,-7518.0,-4730.0,115,6.722272872924805,7
-5150.0,-7272.0,-5374.0,115,6.722370862960815,7
-4691.0,-7913.0,-4434.0,115,6.722388029098511,7
-8606.0,-3647.0,-8144.0,116,6.770159959793091,7
-7433.0,-5172.0,-6830.0,116,6.770175933837891,7
-4680.0,-8078.0,-4142.0,118,6.879185914993286,7
-5493.0,-7380.0,-4637.0,118,6.879202842712402,7
-5380.0,-7483.0,-4567.0,118,6.879210948944092,7
-6708.0,-5910.0,-6364.0,118,6.879258871078491,7
-5076.0,-7445.0,-5070.0,119,6.920193910598755,7
-7301.0,-5292.0,-6877.0,120,6.953520059585571,7
-5103.0,-7053.0,-5484.0,122,7.027036905288696,7
-5261.0,-7346.0,-4989.0,122,7.027045011520386,7
-6514.0,-6075.0,-6529.0,123,7.062427997589111,7
-7746.0,-4681.0,-7712.0,123,7.0624449253082275,7
-6591.0,-6124.0,-6393.0,123,7.062469005584717,7
-6284.0,-5966.0,-6750.0,124,7.096418857574463,7
-4962.0,-7326.0,-5365.0,124,7.096459865570068,7
-5054.0,-6997.0,-5703.0,126,7.1521220207214355,7
-4932.0,-7557.0,-5087.0,126,7.152227878570557,7
-3830.0,-8574.0,-3635.0,126,7.152235984802246,7
-6286.0,-5833.0,-6797.0,132,7.450942039489746,8
-4937.0,-7062.0,-5523.0,133,7.519083023071289,8
-5478.0,-6013.0,-6893.0,134,7.587398052215576,8
-6103.0,-4997.0,-7826.0,134,7.587568044662476,8
-4757.0,-7188.0,-5475.0,135,7.643502950668335,8
-4420.0,-7719.0,-4706.0,138,7.804757833480835,8
-7861.0,-4120.0,-8301.0,144,8.093164920806885,8
-8480.0,-2831.0,-9257.0,145,8.145325899124146,8
-7814.0,-4152.0,-8372.0,145,8.145480871200562,8
-8397.0,-3285.0,-9024.0,145,8.145498037338257,8
-8058.0,-3020.0,-9340.0,145,8.145505905151367,8
-8689.0,-2932.0,-9167.0,145,8.145619869232178,8
-3905.0,-7371.0,-5547.0,146,8.21574592590332,8
-4700.0,-6787.0,-6189.0,146,8.21575403213501,8
-6780.0,-5118.0,-7585.0,146,8.21577787399292,8
-6075.0,-6162.0,-6552.0,146,8.21598196029663,8
-4416.0,-7270.0,-5614.0,147,8.284478902816772,8
-7995.0,-3840.0,-8578.0,147,8.284625053405762,8
-7783.0,-4112.0,-8389.0,147,8.284641981124878,8
-4487.0,-7451.0,-5311.0,147,8.284706830978394,8
-3711.0,-7874.0,-4860.0,148,8.344970941543579,8
-3782.0,-8055.0,-4557.0,148,8.345231056213379,8
-4402.0,-7247.0,-5636.0,149,8.394084930419922,8
-7216.0,-5010.0,-7478.0,152,8.530637979507446,8
-8549.0,-3459.0,-8735.0,152,8.530678033828735,8
-8124.0,-4014.0,-8298.0,152,8.530751943588257,8
-9223.0,-2360.0,-9704.0,152,8.530767917633057,8
-9408.0,-2330.0,-9282.0,152,8.530840873718262,8
-9282.0,-2513.0,-9196.0,152,8.530848979949951,8
-9289.0,-2365.0,-9606.0,152,8.530856847763062,8
-8997.0,-2718.0,-9463.0,152,8.530864953994751,8
-8022.0,-3937.0,-8475.0,153,8.593401908874512,8
-8318.0,-3744.0,-8473.0,155,8.661902904510498,8
-4659.0,-7476.0,-5206.0,156,8.69872784614563,8
-4632.0,-7356.0,-5415.0,157,8.751013040542603,8
-3465.0,-8004.0,-4650.0,157,8.751095056533813,8
-6749.0,-5627.0,-6949.0,158,8.791275978088379,8
-4710.0,-7148.0,-5494.0,158,8.791301965713501,8
-6303.0,-5578.0,-7330.0,158,8.791309833526611,8
-5727.0,-6679.0,-5899.0,158,8.791342973709106,8
-7366.0,-4677.0,-7987.0,158,8.791368961334229,8
-7584.0,-4112.0,-8692.0,158,8.791384935379028,8
-8277.0,-3674.0,-8554.0,158,8.791393995285034,8
-7999.0,-3941.0,-8463.0,158,8.79140305519104,8
-8065.0,-3946.0,-8365.0,158,8.79141092300415,8
-7006.0,-5214.0,-7360.0,159,8.832068920135498,8
-6794.0,-5486.0,-7171.0,159,8.83209490776062,8
-6627.0,-5635.0,-7143.0,159,8.832120895385742,8
-7815.0,-3930.0,-8802.0,159,8.832145929336548,8
-2125.0,-9564.0,-2510.0,160,8.873319864273071,8
-3788.0,-7991.0,-4636.0,163,8.991171836853027,8
-4709.0,-7116.0,-5594.0,166,9.151773929595947,8
-4492.0,-7255.0,-5598.0,168,9.242044925689697,8
-4010.0,-7881.0,-4725.0,169,9.342711925506592,8
-6757.0,-5316.0,-7600.0,174,9.54029893875122,8
-5289.0,-6567.0,-6317.0,174,9.54033088684082,8
-6977.0,-5397.0,-7255.0,174,9.540348052978516,8
-7290.0,-5089.0,-7362.0,175,9.582283973693848,8
-7940.0,-4596.0,-7067.0,178,9.73053789138794,8
-8557.0,-3771.0,-8108.0,178,9.73061203956604,8
-3633.0,-8342.0,-3997.0,179,9.786453008651733,8
-6944.0,-5176.0,-7531.0,184,10.010885000228882,8
-5411.0,-6912.0,-5780.0,187,10.13071894645691,8
-4687.0,-7458.0,-5265.0,187,10.130734920501709,8
-7900.0,-4479.0,-7644.0,188,10.169128894805908,8
-7089.0,-5587.0,-6548.0,189,10.209391832351685,8
-7655.0,-4811.0,-7682.0,190,10.2393319606781,8
-6508.0,-6063.0,-6557.0,190,10.23935604095459,8
-6703.0,-6104.0,-6237.0,190,10.239405870437622,8
-7576.0,-4759.0,-7693.0,191,10.272125005722046,8
-7265.0,-5288.0,-7149.0,191,10.272191047668457,8
-6782.0,-5934.0,-6339.0,191,10.272207975387573,8
-4252.0,-8418.0,-3074.0,193,10.402034044265747,8
-3608.0,-8842.0,-2626.0,193,10.402164936065674,8
-7769.0,-4502.0,-7752.0,195,10.52397084236145,8
-7209.0,-4922.0,-7756.0,202,10.837937831878662,8
-6593.0,-5715.0,-6969.0,202,10.837945938110352,8
-7957.0,-4090.0,-8498.0,203,10.885589838027954,8
-3207.0,-8923.0,-3201.0,204,10.92579984664917,8
-4088.0,-8193.0,-4179.0,204,10.925824880599976,8
-6108.0,-6286.0,-6421.0,206,11.006728887557983,8
-6052.0,-6077.0,-6670.0,206,11.006752967834473,8
-6609.0,-5489.0,-7317.0,212,11.272791862487793,8
-5993.0,-6282.0,-6530.0,212,11.272889852523804,8
-7357.0,-4657.0,-8059.0,213,11.32248592376709,8
-5097.0,-6977.0,-5771.0,213,11.322551012039185,8
-4273.0,-7616.0,-5157.0,216,11.436137914657593,8
-3064.0,-9216.0,-2729.0,216,11.436234951019287,8
-3568.0,-8220.0,-4403.0,216,11.436267852783203,8
-3134.0,-9012.0,-3054.0,217,11.47870397567749,8
-3567.0,-8320.0,-4285.0,217,11.478776931762695,8
-3774.0,-8190.0,-4374.0,218,11.5172278881073,8
-4644.0,-7480.0,-5309.0,218,11.517261028289795,8
-4766.0,-7548.0,-5105.0,219,11.54847002029419,8
-4665.0,-7591.0,-4909.0,220,11.579655885696411,8
-3913.0,-8706.0,-3409.0,224,11.681078910827637,8
-3269.0,-9130.0,-2961.0,224,11.681119918823242,8
-4352.0,-7865.0,-4661.0,225,11.739691972732544,8
-4397.0,-8019.0,-4502.0,226,11.780395030975342,8
-3868.0,-8460.0,-3818.0,227,11.822896003723145,8
-4178.0,-7832.0,-4732.0,227,11.822903871536255,8
-4565.0,-7848.0,-4676.0,227,11.82296895980835,8
-6791.0,-5841.0,-6428.0,228,11.868074893951416,8
-5336.0,-7386.0,-4755.0,228,11.868156909942627,8
-5246.0,-7336.0,-5017.0,228,11.868190050125122,8
-5766.0,-6479.0,-6161.0,230,11.961724996566772,8
-5682.0,-6877.0,-5670.0,230,11.961781024932861,8
-4133.0,-8236.0,-3652.0,233,12.08316683769226,8
-6722.0,-5667.0,-6648.0,233,12.083345890045166,8
-6786.0,-5972.0,-5793.0,234,12.126255989074707,8
-6822.0,-5741.0,-6445.0,234,12.126471996307373,8
-6616.0,-6001.0,-6380.0,235,12.169963836669922,8
-4092.0,-8526.0,-3394.0,236,12.200830936431885,8
-5354.0,-7384.0,-4868.0,237,12.236508846282959,8
-7002.0,-5852.0,-6008.0,238,12.265986919403076,8
-6090.0,-6844.0,-5331.0,238,12.266011953353882,8
-5364.0,-7370.0,-4729.0,239,12.29592490196228,8
-6074.0,-6749.0,-5611.0,239,12.296044826507568,8
-4248.0,-8081.0,-4402.0,242,12.414856910705566,8
-7701.0,-4438.0,-7980.0,244,12.47173285484314,8
-5889.0,-6592.0,-5881.0,244,12.471750974655151,8
-6559.0,-6175.0,-6184.0,244,12.471799850463867,8
-7175.0,-5382.0,-6971.0,244,12.471807956695557,8
-7625.0,-4713.0,-7710.0,244,12.471817016601562,8
-5920.0,-6705.0,-5681.0,246,12.587666988372803,8
-4437.0,-7910.0,-4529.0,248,12.633620023727417,8
-4644.0,-7747.0,-4530.0,248,12.633628845214844,8
-5315.0,-7166.0,-5242.0,248,12.633677005767822,8
-4876.0,-7331.0,-5351.0,248,12.633684873580933,8
-4593.0,-7670.0,-4783.0,252,12.725093841552734,8
-5167.0,-7481.0,-4991.0,254,12.773818016052246,8
-6089.0,-6350.0,-6227.0,254,12.773874998092651,8
-6366.0,-5063.0,-7760.0,268,13.37267804145813,9
-8582.0,-3484.0,-8355.0,287,14.14379096031189,9
-7630.0,-4509.0,-8015.0,287,14.143800020217896,9
-7617.0,-4068.0,-8674.0,291,14.33972692489624,9
-7235.0,-4379.0,-8211.0,293,14.450759887695312,9
-6532.0,-5555.0,-7245.0,294,14.51102900505066,9
-6421.0,-5481.0,-7392.0,294,14.511054039001465,9
-4668.0,-7325.0,-5415.0,298,14.676576852798462,9
-8472.0,-3268.0,-9214.0,305,14.925220966339111,9
-8828.0,-2982.0,-9083.0,305,14.925269842147827,9
-8894.0,-2987.0,-8985.0,305,14.925294876098633,9
-7656.0,-4685.0,-7545.0,311,15.109177827835083,9
-5663.0,-5816.0,-7028.0,313,15.19807505607605,9
-5467.0,-6465.0,-6233.0,313,15.198101043701172,9
-6967.0,-5062.0,-7654.0,316,15.298006057739258,9
-6712.0,-5572.0,-7109.0,319,15.38046383857727,9
-3165.0,-8352.0,-4279.0,320,15.41288685798645,9
-3239.0,-8422.0,-4094.0,320,15.412953853607178,9
-2034.0,-9713.0,-2137.0,321,15.454015016555786,9
-1921.0,-9623.0,-2425.0,321,15.454030990600586,9
-2656.0,-9066.0,-3224.0,321,15.454226970672607,9
-4299.0,-7720.0,-4776.0,322,15.491657018661499,9
-3874.0,-7986.0,-4650.0,323,15.521731853485107,9
-7279.0,-5254.0,-7070.0,331,15.814539909362793,9
-4506.0,-7066.0,-5657.0,334,15.98895788192749,9
-5984.0,-6222.0,-6636.0,336,16.043391942977905,9
-6147.0,-6011.0,-6801.0,337,16.093886852264404,9
-7141.0,-5252.0,-7284.0,350,16.475952863693237,9
-5555.0,-6645.0,-6096.0,351,16.502620935440063,9
-9001.0,-3077.0,-8718.0,360,16.828065872192383,9
-7731.0,-4751.0,-7244.0,360,16.828140020370483,9
-8568.0,-3606.0,-8400.0,361,16.864986896514893,9
-8300.0,-3813.0,-8313.0,368,17.084980010986328,9
-7781.0,-4431.0,-7892.0,368,17.085120916366577,9
-7975.0,-4279.0,-7837.0,369,17.126474857330322,9
-6753.0,-6087.0,-5890.0,376,17.329550981521606,9
-7727.0,-4949.0,-6681.0,377,17.363642930984497,9
-6754.0,-6055.0,-6144.0,377,17.363692045211792,9
-6765.0,-5890.0,-6436.0,377,17.363708972930908,9
-7567.0,-4863.0,-6971.0,377,17.363733053207397,9
-7820.0,-4593.0,-7670.0,378,17.396846055984497,9
-6761.0,-5895.0,-6582.0,380,17.442412853240967,9
-5909.0,-6751.0,-5805.0,382,17.500834941864014,9
-6737.0,-5461.0,-7320.0,382,17.50088405609131,9
-4500.0,-7671.0,-4743.0,385,17.622637033462524,9
-5528.0,-7165.0,-4923.0,386,17.677742958068848,9
-6500.0,-6330.0,-5115.0,388,17.768646001815796,9
-6290.0,-6539.0,-5537.0,389,17.82716989517212,9
-7709.0,-4840.0,-6814.0,389,17.827348947525024,9
-9020.0,-3036.0,-8698.0,405,18.38798189163208,9
-6630.0,-5497.0,-7186.0,405,18.388022899627686,9
-4153.0,-8222.0,-3949.0,408,18.48395299911499,9
-5106.0,-6930.0,-5849.0,410,18.542381048202515,9
-4020.0,-8237.0,-4094.0,410,18.542428970336914,9
-4851.0,-7056.0,-5771.0,411,18.576791048049927,9
-6124.0,-6266.0,-6356.0,412,18.608943939208984,9
-5198.0,-7264.0,-5222.0,412,18.608975887298584,9
-5288.0,-7314.0,-4960.0,413,18.644048929214478,9
-6039.0,-6329.0,-6390.0,414,18.673686027526855,9
-6738.0,-5499.0,-7105.0,414,18.673768043518066,9
-6162.0,-6297.0,-6304.0,415,18.697773933410645,9
-4244.0,-8481.0,-3346.0,419,18.84719705581665,9
-3000.0,-9065.0,-3036.0,432,19.223834991455078,9
-2999.0,-9228.0,-2714.0,433,19.253173828125,9
-3348.0,-8898.0,-3227.0,433,19.253247022628784,9
-4053.0,-8294.0,-3981.0,433,19.253270864486694,9
-3841.0,-8204.0,-4359.0,434,19.289639949798584,9
-4368.0,-7640.0,-5022.0,435,19.31880283355713,9
-4458.0,-7690.0,-4760.0,435,19.31881093978882,9
-6138.0,-6066.0,-6666.0,442,19.484606981277466,9
-4748.0,-7650.0,-4854.0,444,19.5727858543396,9
-3569.0,-8888.0,-3123.0,444,19.572859048843384,9
-4734.0,-7500.0,-5197.0,444,19.572866916656494,9
-4167.0,-7910.0,-4723.0,448,19.64776086807251,9
-3796.0,-8046.0,-4571.0,448,19.64784288406372,9
-3050.0,-8974.0,-3240.0,448,19.647851943969727,9
-3920.0,-8264.0,-4175.0,448,19.64794087409973,9
-2912.0,-9422.0,-2389.0,448,19.64794898033142,9
-2261.0,-9710.0,-2124.0,449,19.701004028320312,9
-1922.0,-9712.0,-2165.0,449,19.70102095603943,9
-2486.0,-9395.0,-2747.0,452,19.8014919757843,9
-2846.0,-8915.0,-3450.0,452,19.801573991775513,9
-3635.0,-8731.0,-3580.0,452,19.801581859588623,9
-3537.0,-8613.0,-3797.0,452,19.801655054092407,9
-4947.0,-7222.0,-5437.0,454,19.880095958709717,9
-5236.0,-7209.0,-5252.0,455,19.911505937576294,9
-5504.0,-7215.0,-4929.0,458,20.022060871124268,9
-4391.0,-8145.0,-3783.0,459,20.05805492401123,9
-4317.0,-8190.0,-3765.0,459,20.058120012283325,9
-5001.0,-7285.0,-5348.0,460,20.092602014541626,9
-5533.0,-6890.0,-5644.0,460,20.09262704849243,9
-7848.0,-4607.0,-7563.0,470,20.383725881576538,9
-6690.0,-5956.0,-6398.0,470,20.383815050125122,9
-6943.0,-5788.0,-6423.0,470,20.38383197784424,9
-5403.0,-7330.0,-4899.0,475,20.503320932388306,9
-5395.0,-7346.0,-4710.0,475,20.503329038619995,9
-6682.0,-6109.0,-5904.0,476,20.526460886001587,9
-6320.0,-6537.0,-5697.0,477,20.550572872161865,9
-4418.0,-8126.0,-4383.0,486,20.750905990600586,9
-5628.0,-6914.0,-5509.0,486,20.750929832458496,9
-7143.0,-5290.0,-7058.0,497,20.965287923812866,9
-5674.0,-6810.0,-5936.0,502,21.04602599143982,9
-6148.0,-6635.0,-5676.0,508,21.13950204849243,9
-5351.0,-6450.0,-6257.0,537,22.030316829681396,10
-4939.0,-7048.0,-5606.0,565,22.91506791114807,10
-5888.0,-6406.0,-6116.0,568,22.98462986946106,10
-8484.0,-3276.0,-8986.0,576,23.230747938156128,10
-8733.0,-2983.0,-9145.0,576,23.230756044387817,10
-7709.0,-4184.0,-8295.0,580,23.356714010238647,10
-6084.0,-5053.0,-7767.0,586,23.589979887008667,10
-6208.0,-5927.0,-6769.0,586,23.590109825134277,10
-7884.0,-3766.0,-8725.0,588,23.689439058303833,10
-4577.0,-7317.0,-5423.0,596,23.928416967391968,10
-7653.0,-4491.0,-7864.0,603,24.122634887695312,10
-8719.0,-2818.0,-9351.0,609,24.272361040115356,10
-8511.0,-3214.0,-9139.0,609,24.272498846054077,10
-7685.0,-4239.0,-8432.0,610,24.31437397003174,10
-9069.0,-2796.0,-8948.0,614,24.44391894340515,10
-8148.0,-3874.0,-8323.0,614,24.443975925445557,10
-8764.0,-3069.0,-9043.0,615,24.472039937973022,10
-9106.0,-2715.0,-9174.0,615,24.472048044204712,10
-3910.0,-8006.0,-4561.0,624,24.637681007385254,10
-5151.0,-6494.0,-6322.0,624,24.637696981430054,10
-7767.0,-3751.0,-8865.0,632,24.873421907424927,10
-7701.0,-3879.0,-8820.0,632,24.873478889465332,10
-7162.0,-4414.0,-8316.0,633,24.908390998840332,10
-7212.0,-4645.0,-8207.0,639,25.029489040374756,10
-2392.0,-9313.0,-2774.0,640,25.059684991836548,10
-1739.0,-9858.0,-1952.0,641,25.093183040618896,10
-4810.0,-7125.0,-5562.0,648,25.296751976013184,10
-8086.0,-4267.0,-7626.0,660,25.65802788734436,10
-7217.0,-5239.0,-7256.0,665,25.806819915771484,10
-7205.0,-5299.0,-7052.0,665,25.80685305595398,10
-4373.0,-7290.0,-5546.0,673,25.993993043899536,10
-4755.0,-7216.0,-5476.0,677,26.115219831466675,10
-5550.0,-6632.0,-6118.0,677,26.11523699760437,10
-5086.0,-6517.0,-6380.0,687,26.296430826187134,10
-6447.0,-5944.0,-6686.0,698,26.559067964553833,10
-6137.0,-6028.0,-6881.0,701,26.635259866714478,10
-7140.0,-5168.0,-7553.0,701,26.635293006896973,10
-6960.0,-5214.0,-7413.0,725,27.260967016220093,10
-4451.0,-7860.0,-4532.0,730,27.37748694419861,10
-6256.0,-5892.0,-6783.0,734,27.457836866378784,10
-5708.0,-6634.0,-5937.0,742,27.667144060134888,10
-5961.0,-6466.0,-5962.0,742,27.667152881622314,10
-5420.0,-7319.0,-4688.0,754,27.9322190284729,10
-6612.0,-6133.0,-6225.0,762,28.152962923049927,10
-6770.0,-6015.0,-6316.0,762,28.153019905090332,10
-6447.0,-5853.0,-6757.0,763,28.179821014404297,10
-7374.0,-5181.0,-7097.0,763,28.179836988449097,10
-7076.0,-5386.0,-7112.0,763,28.179846048355103,10
-6158.0,-6036.0,-6750.0,764,28.20060896873474,10
-5785.0,-6754.0,-5875.0,764,28.20062494277954,10
-6996.0,-5250.0,-7392.0,766,28.233263969421387,10
-6623.0,-5968.0,-6517.0,766,28.233271837234497,10
-6781.0,-5850.0,-6608.0,766,28.233279943466187,10
-2916.0,-9216.0,-2797.0,768,28.272905826568604,10
-5355.0,-7227.0,-5008.0,775,28.53614091873169,10
-8661.0,-3348.0,-8285.0,778,28.6513569355011,10
-9070.0,-2903.0,-8874.0,808,29.407964944839478,10
-8159.0,-3906.0,-8307.0,808,29.408020973205566,10
-8576.0,-3341.0,-8709.0,810,29.485328912734985,10
-6809.0,-5564.0,-7024.0,812,29.542853832244873,10
-8039.0,-3972.0,-8370.0,812,29.54296898841858,10
-7948.0,-4172.0,-8205.0,813,29.57168197631836,10
-7381.0,-4888.0,-7697.0,813,29.57169795036316,10
-7786.0,-4311.0,-8192.0,813,29.571732997894287,10
-4176.0,-8216.0,-3720.0,816,29.642096996307373,10
-5215.0,-6990.0,-5583.0,817,29.666812896728516,10
-4569.0,-7567.0,-4996.0,822,29.781935930252075,10
-3982.0,-8529.0,-3587.0,837,30.138843059539795,10
-6029.0,-6426.0,-5955.0,838,30.169137954711914,10
-6215.0,-6663.0,-5245.0,839,30.198413848876953,10
-8095.0,-3810.0,-8424.0,850,30.463263988494873,10
-2469.0,-9563.0,-2322.0,865,30.829673051834106,10
-3931.0,-8254.0,-4097.0,868,30.896952867507935,10
-4517.0,-7057.0,-5716.0,868,30.896960973739624,10
-4984.0,-6983.0,-5810.0,872,30.982220888137817,10
-3977.0,-7893.0,-4751.0,872,30.982245922088623,10
-3528.0,-8537.0,-3992.0,876,31.052698850631714,10
-3896.0,-7840.0,-4782.0,876,31.052772045135498,10
-4325.0,-7928.0,-4575.0,898,31.41677689552307,10
-4047.0,-8463.0,-3440.0,898,31.41680884361267,10
-4212.0,-7807.0,-4736.0,898,31.41690683364868,10
-3800.0,-8632.0,-3675.0,899,31.457432985305786,10
-2456.0,-9759.0,-1885.0,899,31.457546949386597,10
-2477.0,-9519.0,-2423.0,899,31.457555055618286,10
-3121.0,-9153.0,-3007.0,899,31.457562923431396,10
-3229.0,-9161.0,-2747.0,906,31.672844886779785,10
-4026.0,-8155.0,-4350.0,907,31.703030824661255,10
-7241.0,-5172.0,-7167.0,914,31.89294695854187,10
-4933.0,-7457.0,-5205.0,916,31.93662405014038,10
-5414.0,-7165.0,-5191.0,916,31.93663191795349,10
-6079.0,-6624.0,-5695.0,919,32.00486087799072,10
-5887.0,-6488.0,-6061.0,922,32.06695103645325,10
-6580.0,-5744.0,-6712.0,922,32.06699204444885,10
-6077.0,-6600.0,-5714.0,924,32.105299949645996,10
-6792.0,-5804.0,-6484.0,925,32.122946977615356,10
-6099.0,-6548.0,-5833.0,925,32.12295484542847,10
-7789.0,-4479.0,-7712.0,926,32.14129996299744,10
-7962.0,-4153.0,-7911.0,928,32.18597197532654,10
-8175.0,-4394.0,-7606.0,940,32.45670700073242,10
-6780.0,-6006.0,-6136.0,940,32.45672297477722,10
-8181.0,-4451.0,-7189.0,941,32.484118938446045,10
-7496.0,-5333.0,-6557.0,941,32.484127044677734,10
-6803.0,-5893.0,-6293.0,942,32.50236487388611,10
-7344.0,-5173.0,-7131.0,942,32.5023729801178,10
-4013.0,-8604.0,-3152.0,949,32.62576389312744,10
-6000.0,-6794.0,-5593.0,952,32.672287940979004,10
-6088.0,-6713.0,-5541.0,953,32.69440197944641,10
-6066.0,-6765.0,-5422.0,953,32.69442105293274,10
-3339.0,-8633.0,-3772.0,968,32.93718695640564,10
-4121.0,-8179.0,-4215.0,969,32.961179971694946,10
-6505.0,-5799.0,-6668.0,978,33.11980700492859,10
-6274.0,-6243.0,-6375.0,982,33.17089796066284,10
-4091.0,-8184.0,-4120.0,984,33.20165801048279,10
-5028.0,-7481.0,-5070.0,1002,33.50658392906189,10
-4786.0,-7591.0,-4732.0,1010,33.60425305366516,10
-8884.0,-3099.0,-8463.0,1092,35.272387981414795,11
-8599.0,-3304.0,-8730.0,1092,35.27242302894592,11
-5489.0,-7033.0,-5010.0,1138,36.288861989974976,11
-8524.0,-2882.0,-9235.0,1152,36.59866499900818,11
-9066.0,-2554.0,-9386.0,1153,36.6464159488678,11
-4676.0,-6609.0,-6361.0,1172,37.1305718421936,11
-3089.0,-8367.0,-4295.0,1172,37.13057994842529,11
-3235.0,-7895.0,-4871.0,1172,37.13058805465698,11
-7672.0,-4038.0,-8536.0,1174,37.20208787918091,11
-5232.0,-6786.0,-6062.0,1178,37.312695026397705,11
-7167.0,-4451.0,-8283.0,1178,37.31277585029602,11
-5703.0,-6145.0,-6891.0,1178,37.312856912612915,11
-6984.0,-4679.0,-8253.0,1178,37.312872886657715,11
-7133.0,-4478.0,-8296.0,1179,37.3555269241333,11
-6794.0,-4668.0,-8264.0,1179,37.35557985305786,11
-8089.0,-3536.0,-9079.0,1214,37.982861042022705,11
-8425.0,-3105.0,-9325.0,1215,38.03106188774109,11
-8486.0,-3336.0,-8952.0,1218,38.09806489944458,11
-8387.0,-3598.0,-8722.0,1220,38.161370038986206,11
-8328.0,-3575.0,-8966.0,1221,38.18686294555664,11
-8245.0,-3687.0,-8622.0,1228,38.356422901153564,11
-5515.0,-6619.0,-6127.0,1248,38.71852993965149,11
-7005.0,-4687.0,-8122.0,1262,38.992542028427124,11
-6894.0,-4613.0,-8269.0,1262,38.992663860321045,11
-6559.0,-5129.0,-7721.0,1262,38.992713928222656,11
-7223.0,-4491.0,-8257.0,1262,38.99277091026306,11
-6388.0,-5515.0,-7296.0,1262,38.99278783798218,11
-8161.0,-3802.0,-8476.0,1266,39.09729886054993,11
-6898.0,-5556.0,-6839.0,1269,39.15463399887085,11
-7024.0,-4777.0,-8043.0,1274,39.22938585281372,11
-6563.0,-5643.0,-7219.0,1275,39.244515895843506,11
-1839.0,-9530.0,-2563.0,1280,39.337947845458984,11
-2686.0,-8867.0,-3524.0,1280,39.33814287185669,11
-2708.0,-8920.0,-3380.0,1280,39.33815884590149,11
-1989.0,-9479.0,-2666.0,1280,39.33823204040527,11
-2965.0,-8538.0,-4020.0,1281,39.3827919960022,11
-2677.0,-9003.0,-3165.0,1283,39.43347191810608,11
-2966.0,-8438.0,-4138.0,1284,39.45522093772888,11
-2435.0,-8936.0,-3424.0,1284,39.45522999763489,11
-3139.0,-8441.0,-4079.0,1284,39.45531105995178,11
-5655.0,-6433.0,-6191.0,1328,40.302172899246216,11
-4641.0,-7184.0,-5488.0,1342,40.50336503982544,11
-4423.0,-7068.0,-5662.0,1348,40.66692900657654,11
-5609.0,-6427.0,-6258.0,1350,40.72441291809082,11
-5299.0,-6451.0,-6240.0,1390,41.456960916519165,11
-3547.0,-8347.0,-3983.0,1407,41.77237796783447,11
-7854.0,-4685.0,-6964.0,1426,42.176456928253174,11
-9286.0,-2872.0,-8451.0,1426,42.17648100852966,11
-8724.0,-3692.0,-8030.0,1426,42.17649698257446,11
-5109.0,-7322.0,-5185.0,1484,43.25904297828674,11
-4579.0,-7721.0,-4542.0,1487,43.30169892311096,11
-4722.0,-7364.0,-5377.0,1490,43.34368395805359,11
-3778.0,-8010.0,-4635.0,1498,43.542978048324585,11
-7370.0,-5262.0,-6931.0,1504,43.63485789299011,11
-7382.0,-5181.0,-6954.0,1505,43.656005859375,11
-6822.0,-5998.0,-5735.0,1508,43.715112924575806,11
-6215.0,-6626.0,-5474.0,1508,43.71515488624573,11
-7112.0,-5447.0,-6617.0,1513,43.78927683830261,11
-7832.0,-4512.0,-7693.0,1517,43.83241105079651,11
-5713.0,-6647.0,-5915.0,1520,43.886677980422974,11
-6558.0,-5955.0,-6544.0,1522,43.929425954818726,11
-6811.0,-5787.0,-6569.0,1524,43.95997095108032,11
-6569.0,-5790.0,-6836.0,1526,43.986088037490845,11
-7132.0,-5184.0,-7364.0,1531,44.04483699798584,11
-4990.0,-7682.0,-4237.0,1535,44.1160409450531,11
-4209.0,-8374.0,-3478.0,1535,44.11604905128479,11
-5570.0,-7174.0,-4794.0,1544,44.35191297531128,11
-4797.0,-7705.0,-4284.0,1546,44.40242004394531,11
-8954.0,-3031.0,-8796.0,1614,45.80152893066406,11
-8570.0,-3634.0,-8193.0,1615,45.92746305465698,11
-8638.0,-3148.0,-9089.0,1616,45.9561710357666,11
-8585.0,-3529.0,-8289.0,1619,46.0292010307312,11
-8156.0,-3816.0,-8395.0,1620,46.057262897491455,11
-7707.0,-4259.0,-8203.0,1622,46.101284980773926,11
-7758.0,-4432.0,-7791.0,1627,46.212482929229736,11
-3790.0,-8279.0,-4071.0,1630,46.26026391983032,11
-5146.0,-7033.0,-5552.0,1630,46.26031994819641,11
-4712.0,-7308.0,-5452.0,1638,46.40757489204407,11
-3665.0,-8216.0,-4359.0,1639,46.42948603630066,11
-5682.0,-6924.0,-5433.0,1652,46.633508920669556,11
-5265.0,-7024.0,-5348.0,1655,46.678252935409546,11
-6070.0,-6360.0,-6095.0,1655,46.67826986312866,11
-3600.0,-8905.0,-2898.0,1727,47.84440994262695,11
-2379.0,-9624.0,-2222.0,1727,47.844526052474976,11
-3093.0,-8954.0,-3308.0,1730,47.89916396141052,11
-3294.0,-8550.0,-3853.0,1734,48.01109290122986,11
-3316.0,-8900.0,-3283.0,1751,48.333130836486816,11
-3939.0,-8084.0,-4555.0,1752,48.35179591178894,11
-3111.0,-9226.0,-2554.0,1773,48.59800386428833,11
-2694.0,-9063.0,-3119.0,1788,48.74090099334717,11
-2551.0,-9436.0,-2498.0,1788,48.74101400375366,11
-3404.0,-8819.0,-3228.0,1788,48.74102187156677,11
-2682.0,-9433.0,-2338.0,1788,48.74105405807495,11
-4591.0,-7712.0,-4575.0,1792,48.878334045410156,11
-2905.0,-9344.0,-2708.0,1793,48.9081130027771,11
-3008.0,-9021.0,-3137.0,1794,48.93233799934387,11
-4061.0,-8391.0,-3660.0,1794,48.9324209690094,11
-4110.0,-8004.0,-4589.0,1794,48.93244504928589,11
-4283.0,-8007.0,-4530.0,1794,48.932452917099,11
-3486.0,-8794.0,-3385.0,1808,49.2517728805542,11
-2861.0,-9130.0,-3086.0,1809,49.27637696266174,11
-5236.0,-7076.0,-5395.0,1812,49.33232283592224,11
-5031.0,-7064.0,-5460.0,1820,49.47112488746643,11
-5306.0,-7251.0,-5000.0,1830,49.68031191825867,11
-4415.0,-7857.0,-4673.0,1830,49.68033695220947,11
-5216.0,-7201.0,-5262.0,1830,49.68035292625427,11
-5674.0,-6505.0,-6046.0,1834,49.751248836517334,11
-5301.0,-7223.0,-5171.0,1834,49.75127387046814,11
-5616.0,-6931.0,-5137.0,1868,50.317009925842285,11
-6781.0,-5969.0,-6192.0,1876,50.48616600036621,11
-7034.0,-5801.0,-6217.0,1876,50.486183881759644,11
-7627.0,-5007.0,-6694.0,1877,50.506433963775635,11
-7894.0,-4596.0,-7507.0,1877,50.506441831588745,11
-3923.0,-8554.0,-3414.0,1896,50.8570990562439,11
-5512.0,-7055.0,-4980.0,1908,51.00311589241028,11
-5802.0,-6545.0,-5943.0,2010,52.02425289154053,11
-6058.0,-6585.0,-5938.0,2010,52.02426195144653,11
-4378.0,-7665.0,-4861.0,2027,52.20459699630737,11
-5316.0,-7100.0,-5192.0,2236,55.246639013290405,12
-6489.0,-5811.0,-6687.0,2252,55.49194097518921,12
-5429.0,-7047.0,-5176.0,2258,55.57848882675171,12
-7728.0,-4142.0,-8527.0,2304,56.253154039382935,12
-5181.0,-6713.0,-6205.0,2330,56.81722688674927,12
-6256.0,-5555.0,-7362.0,2330,56.81732392311096,12
-5367.0,-6134.0,-6937.0,2331,56.89490985870361,12
-6028.0,-6194.0,-6623.0,2332,56.92463397979736,12
-7302.0,-4581.0,-8104.0,2332,56.92464995384216,12
-6181.0,-5303.0,-7617.0,2332,56.92465806007385,12
-6333.0,-5534.0,-7440.0,2332,56.92466592788696,12
-8297.0,-3140.0,-9291.0,2394,57.93186688423157,12
-8339.0,-3348.0,-8908.0,2397,58.01253294944763,12
-7967.0,-3954.0,-8531.0,2402,58.09324789047241,12
-7194.0,-5002.0,-7499.0,2408,58.21544790267944,12
-7883.0,-4101.0,-8296.0,2409,58.23145794868469,12
-9332.0,-2380.0,-9372.0,2416,58.3293879032135,12
-8086.0,-3848.0,-8439.0,2420,58.40349984169006,12
-8969.0,-3011.0,-8808.0,2445,58.67295503616333,12
-4393.0,-7398.0,-5427.0,2452,58.794973850250244,12
-4446.0,-7289.0,-5561.0,2452,58.794981956481934,12
-3973.0,-7199.0,-5690.0,2452,58.79499793052673,12
-4642.0,-7152.0,-5552.0,2453,58.825031042099,12
-7037.0,-4517.0,-8284.0,2480,59.227725982666016,12
-6856.0,-4988.0,-7801.0,2482,59.38834190368652,12
-6750.0,-5569.0,-6863.0,2495,59.593469858169556,12
-6502.0,-5566.0,-7278.0,2507,59.711973905563354,12
-2299.0,-8851.0,-3580.0,2516,59.83843684196472,12
-5830.0,-6461.0,-6071.0,2554,60.46279287338257,12
-7676.0,-4804.0,-6857.0,2585,60.86619997024536,12
-4097.0,-7754.0,-4823.0,2645,61.8892388343811,12
-4775.0,-6538.0,-6366.0,2678,62.22515082359314,12
-5226.0,-6575.0,-6305.0,2679,62.238895893096924,12
-6235.0,-5884.0,-6914.0,2726,62.844882011413574,12
-6175.0,-5933.0,-6815.0,2727,62.87422204017639,12
-5928.0,-5927.0,-6971.0,2734,62.962241888046265,12
-5679.0,-6642.0,-6026.0,2748,63.14392805099487,12
-9124.0,-3011.0,-8438.0,2790,63.823837995529175,12
-7532.0,-5145.0,-6857.0,2947,65.9393298625946,12
-5431.0,-7154.0,-4980.0,2952,66.01314282417297,12
-7776.0,-4706.0,-7249.0,2960,66.11430597305298,12
-7388.0,-5222.0,-6869.0,2984,66.35829091072083,12
-7121.0,-5349.0,-7072.0,2985,66.3739218711853,12
-6206.0,-5940.0,-6755.0,2995,66.47210383415222,12
-4851.0,-7686.0,-4468.0,3009,66.63593101501465,12
-3386.0,-8921.0,-2862.0,3009,66.63594698905945,12
-8638.0,-3288.0,-8504.0,3052,67.60564398765564,12
-8165.0,-3694.0,-8710.0,3166,69.19085097312927,12
-8005.0,-3874.0,-8527.0,3167,69.20949602127075,12
-8377.0,-3341.0,-9012.0,3167,69.20950388908386,12
-4029.0,-8237.0,-4059.0,3198,69.83020401000977,12
-4873.0,-7049.0,-5596.0,3205,69.92534184455872,12
-4563.0,-7677.0,-4682.0,3205,69.9253580570221,12
-4007.0,-7912.0,-4698.0,3210,69.98810601234436,12
-3474.0,-8959.0,-2777.0,3276,70.7677218914032,12
-4116.0,-8271.0,-3767.0,3278,70.80282688140869,12
-2329.0,-9773.0,-1930.0,3384,72.14329385757446,12
-3396.0,-8964.0,-2813.0,3387,72.19496488571167,12
-2901.0,-8633.0,-3845.0,3392,72.25013303756714,12
-4062.0,-8263.0,-3918.0,3392,72.25014996528625,12
-3272.0,-8497.0,-3997.0,3434,72.68652200698853,12
-3690.0,-8451.0,-3878.0,3439,72.73607993125916,12
-4771.0,-7621.0,-4582.0,3461,72.972580909729,12
-2792.0,-9212.0,-2838.0,3508,73.58811497688293,12
-3830.0,-8433.0,-3975.0,3510,73.63722395896912,12
-2769.0,-9049.0,-3126.0,3510,73.63723182678223,12
-3108.0,-9047.0,-3085.0,3510,73.63723993301392,12
-3579.0,-8502.0,-3875.0,3512,73.67598795890808,12
-4042.0,-8493.0,-3747.0,3516,73.75689196586609,12
-4830.0,-7069.0,-5528.0,3540,74.09162402153015,12
-4847.0,-7892.0,-4060.0,3580,74.60919284820557,12
-3279.0,-9212.0,-2501.0,3581,74.62972497940063,12
-5263.0,-7169.0,-5296.0,3586,74.69935393333435,12
-6356.0,-6359.0,-5706.0,3589,74.79538083076477,12
-7986.0,-4233.0,-7713.0,3640,75.53074789047241,12
-8010.0,-4468.0,-7576.0,3676,75.9526720046997,12
-7378.0,-5295.0,-6832.0,3676,75.95273900032043,12
-6778.0,-5862.0,-6393.0,3676,75.95275592803955,12
-8325.0,-4315.0,-7415.0,3677,75.97049283981323,12
-7483.0,-5169.0,-6900.0,3678,75.98738288879395,12
-6108.0,-6477.0,-5925.0,3698,76.17611289024353,12
-5225.0,-7374.0,-4960.0,3728,76.47862505912781,12
-4325.0,-7660.0,-4954.0,3896,77.9319429397583,12
-9503.0,-1992.0,-9466.0,4155,80.64186191558838,13
-5438.0,-7016.0,-5113.0,4308,82.24229097366333,13
-8692.0,-2880.0,-9198.0,4351,82.8293068408966,13
-8029.0,-2966.0,-9354.0,4354,82.89109301567078,13
-6272.0,-5457.0,-7499.0,4449,84.25087285041809,13
-2743.0,-8982.0,-3157.0,4460,84.55360794067383,13
-8559.0,-2998.0,-9168.0,4563,85.58760905265808,13
-8536.0,-3179.0,-9178.0,4576,85.74805998802185,13
-7749.0,-4150.0,-8396.0,4578,85.78604102134705,13
-8332.0,-3618.0,-8510.0,4582,85.85385704040527,13
-7810.0,-4209.0,-8286.0,4589,86.0038230419159,13
-8234.0,-3852.0,-8330.0,4611,86.405592918396,13
-7435.0,-4891.0,-7277.0,4614,86.45008587837219,13
-7402.0,-4994.0,-7208.0,4634,86.58446097373962,13
-7380.0,-4551.0,-8024.0,4736,87.68119192123413,13
-7363.0,-4587.0,-8075.0,4758,87.90975284576416,13
-2988.0,-8719.0,-3635.0,4801,88.58379483222961,13
-3938.0,-7878.0,-4780.0,4828,88.85744190216064,13
-4221.0,-7751.0,-4753.0,5014,90.9510109424591,13
-5375.0,-6371.0,-6338.0,5044,91.15752792358398,13
-6891.0,-5486.0,-7152.0,5138,92.12505102157593,13
-5470.0,-6441.0,-6323.0,5164,92.36462497711182,13
-3395.0,-8461.0,-4058.0,5200,92.59712386131287,13
-8179.0,-3837.0,-8351.0,5326,93.8892149925232,13
-5981.0,-6421.0,-5988.0,5486,95.31404399871826,13
-6662.0,-6116.0,-5878.0,5557,96.01003003120422,13
-6804.0,-5693.0,-6582.0,5612,96.42013692855835,13
-4073.0,-8415.0,-3452.0,5702,97.51873993873596,13
-5667.0,-7161.0,-4692.0,5710,97.6389570236206,13
-5441.0,-7031.0,-5029.0,5736,97.89835906028748,13
-7570.0,-4844.0,-7045.0,5737,97.92175197601318,13
-4193.0,-8220.0,-3652.0,5749,98.07817387580872,13
-4263.0,-7761.0,-4700.0,5906,99.7715630531311,13
-7691.0,-4785.0,-7159.0,5974,100.59524083137512,13
-7761.0,-4239.0,-8279.0,5994,100.83367085456848,13
-7271.0,-4668.0,-8063.0,5994,100.83372092247009,13
-7884.0,-4173.0,-7999.0,5997,101.05908298492432,13
-4166.0,-8205.0,-3723.0,6044,101.53044986724854,13
-3325.0,-8975.0,-2714.0,6165,102.63716292381287,13
-2681.0,-9200.0,-3031.0,6369,104.68731999397278,13
-3102.0,-8923.0,-3245.0,6369,104.68732786178589,13
-3347.0,-8549.0,-3881.0,6372,104.72809386253357,13
-3357.0,-8828.0,-3351.0,6439,105.21777987480164,13
-3306.0,-9077.0,-2801.0,6515,105.7708249092102,13
-4485.0,-7867.0,-4520.0,6530,105.86119294166565,13
-2512.0,-9494.0,-2446.0,6564,106.28598690032959,13
-3449.0,-8770.0,-3507.0,6580,106.51694297790527,13
-4665.0,-7744.0,-4473.0,6594,106.72689986228943,13
-4124.0,-8293.0,-3679.0,6595,106.74430894851685,13
-2470.0,-9243.0,-2955.0,6626,107.01891088485718,13
-2910.0,-8709.0,-3650.0,6626,107.01891899108887,13
-5235.0,-7233.0,-5144.0,6652,107.30404305458069,13
-3956.0,-8498.0,-3733.0,6711,108.08079791069031,13
-6266.0,-6309.0,-5968.0,6728,108.2706139087677,13
-6217.0,-6363.0,-5937.0,6778,108.67728090286255,13
-6258.0,-6325.0,-5779.0,6780,108.69668889045715,13
-7913.0,-4207.0,-7880.0,6830,109.15894293785095,13
-7405.0,-5362.0,-6545.0,6892,109.91732501983643,13
-7563.0,-5244.0,-6636.0,6892,109.91734099388123,13
-7445.0,-5228.0,-6824.0,6893,109.93658304214478,13
-8072.0,-4483.0,-7390.0,6895,109.96296000480652,13
-5329.0,-7375.0,-4881.0,6930,110.19923400878906,13
-3747.0,-8299.0,-4003.0,7070,111.11004686355591,13
-9596.0,-1965.0,-9211.0,7586,115.21775794029236,14
-4834.0,-7717.0,-4256.0,7740,116.32545304298401,14
-5550.0,-5773.0,-7110.0,8047,119.32033491134644,14
-5852.0,-5941.0,-6924.0,8049,119.35942101478577,14
-6390.0,-5404.0,-7527.0,8055,119.46008086204529,14
-6482.0,-5463.0,-7330.0,8060,119.5420229434967,14
-8384.0,-3353.0,-8816.0,8234,120.98116302490234,14
-8609.0,-3270.0,-8672.0,8268,121.36017203330994,14
-9273.0,-2357.0,-9616.0,8304,121.7447760105133,14
-8581.0,-3457.0,-8486.0,8321,122.0953779220581,14
-7729.0,-4019.0,-8699.0,8574,124.08054804801941,14
-3046.0,-8387.0,-4227.0,8592,124.27668690681458,14
-3789.0,-7891.0,-4754.0,8666,125.18172788619995,14
-7843.0,-4316.0,-7916.0,8820,126.28041005134583,14
-4413.0,-7070.0,-5634.0,8934,127.3738648891449,14
-4892.0,-7170.0,-5465.0,8950,127.60104584693909,14
-6931.0,-5067.0,-7643.0,9155,129.1223759651184,14
-3337.0,-8401.0,-4088.0,9202,129.56707882881165,14
-9210.0,-2922.0,-8541.0,9307,130.30042004585266,14
-5303.0,-7004.0,-5309.0,9336,130.52966904640198,14
-7905.0,-4427.0,-7732.0,9802,133.734472990036,14
-8073.0,-4425.0,-7695.0,9803,133.74510502815247,14
-5966.0,-6479.0,-5940.0,9838,134.10458993911743,14
-3795.0,-8275.0,-3989.0,9925,134.6567349433899,14
-4900.0,-7632.0,-4499.0,9927,134.6818950176239,14
-5349.0,-6988.0,-5258.0,9961,135.01911401748657,14
-4268.0,-8264.0,-3088.0,10041,136.05362796783447,14
-7852.0,-4205.0,-7922.0,10397,138.89041090011597,14
-7738.0,-4319.0,-8171.0,10464,139.72216200828552,14
-6727.0,-5650.0,-6962.0,10499,139.97943782806396,14
-3985.0,-8571.0,-3213.0,10748,141.8339409828186,14
-5443.0,-7081.0,-4969.0,10757,142.01245594024658,14
-5353.0,-7031.0,-5231.0,10767,142.06622004508972,14
-3528.0,-8346.0,-3999.0,10981,143.7037649154663,14
-2541.0,-9566.0,-2145.0,11028,144.1245608329773,14
-2397.0,-9629.0,-2171.0,11031,144.1564028263092,14
-2171.0,-9771.0,-2024.0,11328,146.19946694374084,14
-2341.0,-9434.0,-2579.0,11358,146.75679183006287,14
-3652.0,-8473.0,-3884.0,11360,146.78159999847412,14
-2641.0,-9609.0,-1999.0,11378,146.98076105117798,14
-8167.0,-4410.0,-7417.0,11875,151.06022191047668,14
-7290.0,-5208.0,-6946.0,11881,151.20672988891602,14
-6942.0,-5889.0,-6062.0,11882,151.21649193763733,14
-7869.0,-4615.0,-7432.0,11888,151.26047682762146,14
-7998.0,-4528.0,-7372.0,11889,151.27200889587402,14
-5419.0,-7425.0,-4619.0,11938,151.79970002174377,14
-9723.0,-1604.0,-9450.0,12442,154.59098505973816,15
-9626.0,-1926.0,-9186.0,12696,156.3993320465088,15
-9311.0,-2170.0,-9478.0,12702,156.48199105262756,15
-6186.0,-5546.0,-7396.0,13300,161.17987895011902,15
-8365.0,-3360.0,-8832.0,13628,163.7273349761963,15
-1898.0,-9628.0,-2293.0,13987,166.01469898223877,15
-2370.0,-9032.0,-3277.0,14005,166.15065693855286,15
-4079.0,-7755.0,-4751.0,14100,167.03792095184326,15
-7485.0,-4900.0,-7133.0,14232,167.99029088020325,15
-5523.0,-6432.0,-6244.0,14700,171.06149005889893,15
-8117.0,-4201.0,-7756.0,15127,173.61832094192505,15
-4190.0,-8253.0,-3617.0,15546,175.84174990653992,15
-4892.0,-7648.0,-4310.0,15547,175.94354104995728,15
-5577.0,-7111.0,-4954.0,15654,176.88949489593506,15
-8602.0,-3552.0,-8146.0,15751,177.62847304344177,15
-2651.0,-9506.0,-2161.0,16950,185.36700797080994,15
-1832.0,-9773.0,-2065.0,17276,187.44883799552917,15
-2012.0,-9785.0,-1988.0,17276,187.44884586334229,15
-3995.0,-7818.0,-4765.0,17296,187.5920250415802,15
-3133.0,-9045.0,-3117.0,17330,187.9241759777069,15
-2949.0,-9061.0,-3049.0,17340,187.99698996543884,15
-3890.0,-8682.0,-3413.0,17370,188.21203184127808,15
-2605.0,-9090.0,-3091.0,17494,189.17518496513367,15
-3709.0,-8514.0,-3762.0,17508,189.26529788970947,15
-4419.0,-8157.0,-3683.0,17676,190.5251748561859,15
-5709.0,-6528.0,-5970.0,17799,191.26826405525208,15
-7460.0,-5177.0,-6704.0,18058,192.72685599327087,15
-5243.0,-6979.0,-5447.0,18336,194.2043960094452,15
-9316.0,-2416.0,-8945.0,18605,195.729248046875,16
-9343.0,-2147.0,-9533.0,19190,199.05951499938965,16
-3238.0,-7784.0,-4989.0,19392,200.11048483848572,16
-3111.0,-8420.0,-4151.0,19393,200.1243908405304,16
-5620.0,-5994.0,-6896.0,19492,200.94122505187988,16
-9246.0,-2469.0,-9269.0,19716,202.47896695137024,16
-9120.0,-2652.0,-9183.0,19716,202.47904992103577,16
-9411.0,-2212.0,-9401.0,19717,202.51336097717285,16
-7109.0,-4984.0,-7573.0,19836,203.4067418575287,16
-6615.0,-4991.0,-7707.0,20010,204.24294686317444,16
-1838.0,-9292.0,-2855.0,20274,205.7138068675995,16
-2199.0,-9050.0,-3266.0,20286,206.07479596138,16
-7745.0,-4715.0,-6702.0,20473,207.15208196640015,16
-4167.0,-8229.0,-3621.0,21699,213.24964094161987,16
-5440.0,-7001.0,-5052.0,21773,213.8270239830017,16
-5736.0,-7072.0,-4537.0,21852,214.26462292671204,16
-8450.0,-3489.0,-8443.0,22370,217.26345801353455,16
-8823.0,-3264.0,-8278.0,22392,217.39396595954895,16
-4859.0,-7635.0,-4322.0,22958,220.73214602470398,16
-2568.0,-9435.0,-2284.0,23229,222.21736598014832,16
-2680.0,-8962.0,-3323.0,23264,222.45300698280334,16
-2857.0,-9157.0,-2911.0,23418,223.28692483901978,16
-4387.0,-7888.0,-4585.0,23940,226.37836503982544,16
-5331.0,-6997.0,-5439.0,24218,227.8686170578003,16
-8278.0,-4129.0,-7453.0,24470,229.08822894096375,16
-7543.0,-5040.0,-6971.0,24471,229.0964870452881,16
-4572.0,-7765.0,-4497.0,25266,232.644376039505,17
-4593.0,-6611.0,-6366.0,25766,235.36099791526794,17
-9504.0,-2185.0,-9146.0,25938,236.38106298446655,17
-9123.0,-2535.0,-9549.0,25940,236.41478204727173,17
-7427.0,-5118.0,-7018.0,26660,239.82840991020203,17
-7763.0,-4714.0,-6952.0,27082,241.77647495269775,17
-5636.0,-7175.0,-4539.0,27727,244.78939604759216,17
-2202.0,-9778.0,-1924.0,29014,250.59364986419678,17
-3069.0,-8794.0,-3620.0,29188,251.3938980102539,17
-5438.0,-7100.0,-4962.0,30288,256.28280091285706,17
-2907.0,-8479.0,-4066.0,30992,259.4264190196991,18
-5405.0,-5989.0,-6974.0,31084,259.86019492149353,18
-6291.0,-5222.0,-7615.0,31084,259.86021995544434,18
-9534.0,-2146.0,-9121.0,31279,260.9819140434265,18
-9219.0,-2390.0,-9413.0,31282,261.0204269886017,18
-9061.0,-2629.0,-9427.0,31284,261.04482984542847,18
-3107.0,-8292.0,-4309.0,31677,262.64674186706543,18
-2667.0,-9471.0,-2046.0,32422,265.5635578632355,18
-5439.0,-7038.0,-4996.0,32558,266.14393186569214,18
-5668.0,-7124.0,-4748.0,32670,266.6659049987793,18
-2752.0,-8981.0,-3142.0,33810,271.0636818408966,18
-3607.0,-8829.0,-3001.0,34284,273.07446789741516,18
-2241.0,-8792.0,-3626.0,35066,275.9440829753876,19
-8857.0,-2624.0,-9492.0,35312,277.281368970871,19
-4434.0,-7195.0,-5628.0,35732,278.9136838912964,19
-5264.0,-7232.0,-5142.0,36718,282.3260099887848,19
-3413.0,-8969.0,-2532.0,37338,284.62358593940735,19
-6225.0,-5107.0,-7748.0,37854,286.40577697753906,20
-3068.0,-8440.0,-4083.0,38190,288.0115580558777,20
-2504.0,-8979.0,-3295.0,38212,288.12761998176575,20
-4968.0,-7073.0,-5461.0,38795,290.0731978416443,20
-5256.0,-5869.0,-7091.0,39608,292.7891969680786,21
-2689.0,-9038.0,-3128.0,40511,296.01516795158386,21
-5999.0,-5252.0,-7622.0,40712,296.6568720340729,22
-5386.0,-5887.0,-6975.0,40712,296.6569290161133,22
