z1,z2,z3,node,time,depth
-57.0,-62.0,-61.0,1,0.004007101058959961,1
-54.0,-59.0,-65.0,1,0.0040171146392822266,1
-62.0,-52.0,-44.0,1,0.00403904914855957,1
-48.0,-68.0,-58.0,1,0.004065036773681641,1
-45.0,-65.0,-62.0,1,0.00407099723815918,1
-49.0,-64.0,-62.0,3,0.012156009674072266,2
-52.0,-67.0,-58.0,7,0.024565935134887695,3
-61.0,-51.0,-50.0,28,0.06379508972167969,5
-50.0,-67.0,-59.0,36,0.07274103164672852,6
-53.0,-60.0,-62.0,41,0.0794219970703125,6
-58.0,-63.0,-55.0,101,0.13687610626220703,7
-51.0,-63.0,-61.0,112,0.1458570957183838,8
-47.0,-64.0,-63.0,136,0.1631331443786621,8
-54.0,-63.0,-59.0,206,0.2037060260772705,9
-49.0,-68.0,-56.0,238,0.22079706192016602,9
-51.0,-64.0,-59.0,240,0.22153806686401367,9
-55.0,-63.0,-57.0,250,0.2265920639038086,9
-53.0,-64.0,-57.0,263,0.233475923538208,9
-51.0,-60.0,-63.0,310,0.25443100929260254,10
-59.0,-52.0,-47.0,350,0.2752249240875244,11
-50.0,-64.0,-61.0,388,0.29124999046325684,12
-54.0,-67.0,-55.0,392,0.2928140163421631,12
-59.0,-56.0,-43.0,404,0.29780006408691406,13
-57.0,-63.0,-56.0,406,0.2986159324645996,13
-59.0,-51.0,-51.0,410,0.30025506019592285,13
-60.0,-52.0,-45.0,414,0.3017270565032959,14
