z1,z2,z3,node,time,depth
-4834.0,-7407.0,-4970.0,2,0.011644124984741211,2
-5398.0,-6457.0,-5736.0,7,0.036386966705322266,3
-6538.0,-4251.0,-7065.0,9,0.043517112731933594,4
-4021.0,-8025.0,-4047.0,12,0.05563712120056152,4
-5936.0,-5683.0,-6200.0,13,0.06022906303405762,4
-5298.0,-6422.0,-5739.0,14,0.06455612182617188,4
-6948.0,-3338.0,-7293.0,20,0.08571100234985352,5
-6781.0,-4341.0,-6707.0,20,0.08574795722961426,5
-5541.0,-6512.0,-5381.0,25,0.10517716407775879,5
-5895.0,-5752.0,-6300.0,28,0.11685013771057129,5
-5140.0,-6479.0,-5585.0,31,0.12905097007751465,5
-6076.0,-5725.0,-6101.0,33,0.13574504852294922,6
-3200.0,-8048.0,-3473.0,36,0.14505696296691895,6
-3282.0,-8085.0,-3276.0,36,0.14508414268493652,6
-6056.0,-5104.0,-6429.0,44,0.17302417755126953,6
-5889.0,-5837.0,-5956.0,51,0.19658899307250977,6
-6170.0,-5208.0,-6118.0,64,0.24531912803649902,7
-6138.0,-5361.0,-5957.0,69,0.2609431743621826,7
-6491.0,-4405.0,-6821.0,71,0.2671699523925781,7
-5466.0,-6549.0,-5458.0,72,0.26975417137145996,7
-6681.0,-4306.0,-6710.0,81,0.2996940612792969,7
-7015.0,-2693.0,-7438.0,84,0.30880117416381836,7
-6849.0,-3691.0,-6773.0,86,0.31456804275512695,7
-6190.0,-4656.0,-6603.0,97,0.3544900417327881,7
-6171.0,-5203.0,-6039.0,129,0.4625241756439209,8
-6030.0,-5199.0,-6167.0,137,0.486889123916626,8
-4576.0,-7429.0,-4819.0,148,0.5206701755523682,8
-6749.0,-3656.0,-6776.0,169,0.5863161087036133,8
-4714.0,-7148.0,-4971.0,208,0.7028360366821289,8
-6143.0,-5080.0,-6246.0,269,0.8900699615478516,9
-5319.0,-6668.0,-5217.0,277,0.919748067855835,9
-5533.0,-5904.0,-5603.0,304,1.0017380714416504,9
-5439.0,-5988.0,-5579.0,357,1.1615891456604004,9
-5539.0,-6023.0,-5576.0,371,1.2023570537567139,9
-6179.0,-5292.0,-5857.0,379,1.2246620655059814,9
-6290.0,-4691.0,-6600.0,385,1.2405180931091309,9
-4674.0,-7174.0,-5017.0,417,1.3380601406097412,9
-6070.0,-5173.0,-6121.0,515,1.6288981437683105,10
-5554.0,-6087.0,-5189.0,550,1.723757028579712,10
-5677.0,-5954.0,-5169.0,636,1.9800031185150146,10
-5676.0,-5959.0,-5248.0,636,1.9800050258636475,10
-5540.0,-6018.0,-5497.0,715,2.2006759643554688,10
-5646.0,-5747.0,-6314.0,906,2.75175404548645,10
-4059.0,-7510.0,-4196.0,1094,3.223414182662964,11
-3148.0,-8127.0,-3465.0,1100,3.240833044052124,11
-4917.0,-6783.0,-4674.0,1101,3.2447049617767334,11
-6539.0,-4246.0,-6986.0,1159,3.410130023956299,11
-6782.0,-4336.0,-6628.0,1175,3.4493350982666016,11
-6009.0,-5258.0,-6185.0,1241,3.6409950256347656,11
-6648.0,-4532.0,-6545.0,1251,3.6644041538238525,11
-5789.0,-5802.0,-5959.0,1413,4.107047080993652,11
-3922.0,-7879.0,-4163.0,1480,4.296192169189453,11
-6492.0,-4400.0,-6742.0,1877,5.321351051330566,12
-4060.0,-7505.0,-4117.0,1921,5.425188064575195,12
-7097.0,-2981.0,-7351.0,2135,5.963903188705444,12
-6649.0,-4527.0,-6466.0,2161,6.022114992141724,12
-2441.0,-8690.0,-2440.0,2488,6.9583420753479,12
-3772.0,-8020.0,-4061.0,2489,6.961369037628174,12
-3993.0,-8012.0,-4134.0,2493,6.972253084182739,12
-3735.0,-8034.0,-3983.0,2533,7.080245018005371,12
-4927.0,-6727.0,-4674.0,3016,8.197134017944336,13
-6391.0,-4370.0,-6824.0,3079,8.359445095062256,13
-3271.0,-8181.0,-3444.0,3137,8.478262186050415,13
-5431.0,-5899.0,-5761.0,4585,11.755807161331177,14
-4926.0,-6732.0,-4753.0,4616,11.800348997116089,14
-4870.0,-6708.0,-4879.0,4776,12.130867958068848,14
-5386.0,-6632.0,-5581.0,4796,12.170077085494995,14
-6673.0,-3526.0,-6951.0,5090,12.814937114715576,14
-6093.0,-5737.0,-5992.0,5490,13.58863115310669,14
-2359.0,-8653.0,-2637.0,5753,14.173439979553223,14
-6695.0,-4305.0,-6857.0,6508,15.65512204170227,15
-6062.0,-5231.0,-6132.0,6544,15.72604513168335,15
-5443.0,-6651.0,-5376.0,6594,15.781567096710205,15
-4869.0,-6713.0,-4958.0,6776,16.106956958770752,15
-4128.0,-7459.0,-4001.0,6797,16.14675807952881,15
-5453.0,-5987.0,-5726.0,6882,16.30190110206604,15
-5629.0,-5884.0,-5453.0,7002,16.53921103477478,15
-6228.0,-5184.0,-5859.0,7006,16.542890071868896,15
-6113.0,-5123.0,-6224.0,7170,16.848834991455078,15
-6541.0,-4365.0,-6676.0,7189,16.88506007194519,15
-6213.0,-5158.0,-6221.0,7226,16.940531969070435,15
-4871.0,-7202.0,-4763.0,7454,17.302534103393555,15
-2307.0,-8732.0,-2629.0,7906,18.235326051712036,15
-6068.0,-4945.0,-6342.0,8642,19.322484970092773,16
-6595.0,-4270.0,-6860.0,8672,19.371906995773315,16
-2497.0,-8215.0,-2351.0,8904,19.705327033996582,16
-3120.0,-8131.0,-3596.0,8912,19.71270203590393,16
-5286.0,-6597.0,-5584.0,8982,19.8191339969635,16
-6446.0,-4300.0,-6871.0,9138,20.054809093475342,16
-5596.0,-6042.0,-5371.0,9278,20.26335096359253,16
-5991.0,-5213.0,-6190.0,9480,20.528938055038452,16
-5590.0,-5923.0,-5398.0,10576,22.114298105239868,17
-5543.0,-5848.0,-5603.0,10584,22.121469020843506,17
-5956.0,-4996.0,-6500.0,10784,22.348114013671875,17
-1557.0,-8841.0,-1830.0,10846,22.415886163711548,17
-4129.0,-7454.0,-3922.0,10905,22.48673701286316,17
-5194.0,-6646.0,-5390.0,10934,22.524707078933716,17
-5182.0,-5894.0,-5775.0,10987,22.5909321308136,17
-5911.0,-4891.0,-6550.0,11008,22.61257815361023,17
-5707.0,-4991.0,-6514.0,11010,22.615113019943237,17
-5905.0,-5177.0,-6340.0,11026,22.633599996566772,17
-6346.0,-4265.0,-6874.0,11070,22.684362173080444,17
-6148.0,-5267.0,-5982.0,11194,22.812570095062256,17
-6674.0,-3521.0,-6872.0,11218,22.835397005081177,17
-6665.0,-4348.0,-6835.0,11244,22.874962091445923,17
-6416.0,-4343.0,-6849.0,11392,23.024243116378784,17
-5964.0,-5153.0,-6235.0,11408,23.040743112564087,17
-5551.0,-5937.0,-5421.0,11416,23.048367023468018,17
-5901.0,-5751.0,-5801.0,11608,23.273488998413086,17
-7546.0,-1124.0,-7549.0,12904,24.713155031204224,18
-3896.0,-8003.0,-4220.0,13366,25.13369107246399,18
-6007.0,-5701.0,-6142.0,13792,25.511281967163086,18
-5906.0,-5172.0,-6261.0,14078,25.736314058303833,19
-6229.0,-5179.0,-5780.0,14118,25.764604091644287,19
-5597.0,-6037.0,-5292.0,14164,25.802263021469116,19
-6296.0,-4534.0,-5925.0,14244,25.866491079330444,19
-7209.0,-2930.0,-7193.0,14256,25.876631021499634,19
-6573.0,-4397.0,-6641.0,14268,25.88714909553528,19
-7052.0,-2876.0,-7401.0,14310,25.91901206970215,19
-4706.0,-7206.0,-4982.0,14526,26.08670401573181,19
-5523.0,-6568.0,-5253.0,14878,26.34940814971924,20
-6862.0,-3302.0,-7443.0,14908,26.366741180419922,20
-2496.0,-8220.0,-2430.0,14968,26.410616159439087,20
-2414.0,-8183.0,-2627.0,14972,26.41344118118286,20
-6461.0,-4448.0,-6799.0,15108,26.493129014968872,20
-5703.0,-5766.0,-6109.0,15404,26.663088083267212,20
-5850.0,-5647.0,-6350.0,15436,26.687604188919067,20
-5455.0,-6476.0,-5531.0,15470,26.70732617378235,20
-5803.0,-5801.0,-6106.0,15482,26.713767051696777,20
-6696.0,-4300.0,-6778.0,15516,26.727566957473755,21
-5454.0,-5982.0,-5647.0,15562,26.745432138442993,21
-6093.0,-5256.0,-6007.0,15572,26.74937415122986,21
-6149.0,-5262.0,-5903.0,15588,26.7554030418396,21
-7109.0,-2895.0,-7196.0,15598,26.759148120880127,21
-7301.0,-2881.0,-7387.0,15602,26.760683059692383,21
-6819.0,-3724.0,-6236.0,15606,26.762351036071777,21
-2279.0,-8736.0,-2760.0,15660,26.783387184143066,21
-2361.0,-8773.0,-2563.0,15662,26.784345149993896,21
-3842.0,-7962.0,-4286.0,15686,26.794093132019043,21
