z1,z2,z3,node,time,depth
-42.0,-58.0,-42.0,1,0.008239984512329102,1
-74.0,-20.0,-65.0,1,0.008244991302490234,1
-73.0,-21.0,-70.0,1,0.008249998092651367,1
-71.0,-20.0,-72.0,1,0.008253812789916992,1
-68.0,-30.0,-66.0,1,0.008258819580078125,1
-52.0,-50.0,-50.0,1,0.008262872695922852,1
-53.0,-50.0,-48.0,1,0.008267879486083984,1
-62.0,-31.0,-66.0,1,0.008271932601928711,1
-59.0,-39.0,-61.0,1,0.008276939392089844,1
-35.0,-63.0,-35.0,1,0.00828099250793457,1
-19.0,-73.0,-21.0,1,0.008285999298095703,1
-26.0,-70.0,-24.0,1,0.008289813995361328,1
-49.0,-53.0,-47.0,1,0.008294820785522461,1
-48.0,-51.0,-50.0,1,0.008298873901367188,1
-56.0,-45.0,-56.0,1,0.00830388069152832,1
-38.0,-62.0,-36.0,1,0.008307933807373047,1
-31.0,-67.0,-29.0,1,0.00831294059753418,1
-69.0,-28.0,-63.0,2,0.018532991409301758,2
-64.0,-35.0,-60.0,2,0.018545866012573242,2
-71.0,-23.0,-67.0,2,0.0185549259185791,2
-64.0,-25.0,-68.0,2,0.018564939498901367,2
-26.0,-68.0,-28.0,2,0.01857900619506836,2
-50.0,-52.0,-44.0,4,0.03614997863769531,3
-69.0,-26.0,-64.0,4,0.0362238883972168,3
-41.0,-56.0,-43.0,5,0.04331493377685547,3
-45.0,-55.0,-43.0,5,0.04333686828613281,3
-48.0,-49.0,-51.0,6,0.05097699165344238,3
-70.0,-23.0,-70.0,6,0.05098581314086914,3
-60.0,-39.0,-54.0,6,0.05100393295288086,3
-64.0,-33.0,-63.0,6,0.05101299285888672,3
-53.0,-46.0,-54.0,6,0.05102181434631348,3
-36.0,-60.0,-37.0,6,0.0510258674621582,3
-40.0,-60.0,-36.0,8,0.06398797035217285,4
-33.0,-65.0,-31.0,8,0.06405496597290039,4
-61.0,-38.0,-58.0,10,0.0785989761352539,4
-40.0,-54.0,-45.0,10,0.078643798828125,4
-55.0,-41.0,-57.0,11,0.08527779579162598,4
-58.0,-36.0,-62.0,13,0.0995337963104248,4
-57.0,-42.0,-56.0,14,0.10607099533081055,4
-43.0,-57.0,-39.0,18,0.1374349594116211,5
-58.0,-41.0,-55.0,22,0.16400480270385742,5
-61.0,-28.0,-67.0,24,0.17715883255004883,5
-72.0,-22.0,-67.0,25,0.18444395065307617,5
-59.0,-35.0,-62.0,26,0.19080495834350586,5
-52.0,-47.0,-52.0,27,0.19657087326049805,5
-44.0,-56.0,-38.0,36,0.26406192779541016,6
-65.0,-32.0,-57.0,41,0.29779481887817383,6
-39.0,-59.0,-37.0,44,0.31568479537963867,6
-49.0,-51.0,-48.0,46,0.3260018825531006,6
-57.0,-44.0,-53.0,46,0.3260068893432617,6
-65.0,-31.0,-62.0,49,0.341796875,6
-47.0,-54.0,-43.0,56,0.3798229694366455,6
-49.0,-48.0,-51.0,60,0.398007869720459,6
-34.0,-64.0,-32.0,68,0.46067285537719727,7
-64.0,-27.0,-67.0,95,0.6231169700622559,7
-69.0,-24.0,-68.0,98,0.639293909072876,7
-64.0,-31.0,-64.0,98,0.6392989158630371,7
-58.0,-40.0,-56.0,100,0.6489648818969727,7
-60.0,-37.0,-60.0,109,0.6928198337554932,7
-63.0,-36.0,-61.0,122,0.737872838973999,7
-70.0,-24.0,-59.0,126,0.7765059471130371,8
-41.0,-59.0,-35.0,138,0.8643488883972168,8
-39.0,-61.0,-34.0,227,1.2726588249206543,9
-54.0,-46.0,-49.0,232,1.2932579517364502,9
-66.0,-26.0,-67.0,276,1.4666218757629395,9
-21.0,-71.0,-20.0,325,1.6340270042419434,10
-27.0,-69.0,-25.0,325,1.6340358257293701,10
-37.0,-59.0,-38.0,418,1.9817957878112793,11
-28.0,-68.0,-23.0,528,2.356818914413452,13
-32.0,-66.0,-27.0,536,2.393878936767578,13
-22.0,-71.0,-19.0,591,2.554175853729248,15
