z1,z2,z3,node,time,depth
-6718.0,-10017.0,-9212.0,1,0.006035804748535156,1
-8158.0,-9824.0,-7630.0,1,0.0060389041900634766,1
-9723.0,-8383.0,-7560.0,1,0.006042957305908203,1
-7467.0,-9921.0,-8895.0,1,0.006045818328857422,1
-6995.0,-9262.0,-10040.0,1,0.006048917770385742,1
-7848.0,-8719.0,-9906.0,1,0.006051778793334961,1
-8580.0,-7659.0,-10264.0,1,0.006054878234863281,1
-9470.0,-6630.0,-9695.0,1,0.0060579776763916016,1
-8885.0,-6732.0,-10106.0,1,0.00606083869934082,1
-8383.0,-7566.0,-10424.0,1,0.006063938140869141,1
-7125.0,-8074.0,-10526.0,1,0.006066799163818359,1
-7727.0,-8202.0,-10398.0,1,0.00606989860534668,1
-7638.0,-7513.0,-10600.0,1,0.006072998046875,1
-7223.0,-8226.0,-10478.0,1,0.0060749053955078125,1
-9877.0,-7855.0,-7911.0,1,0.006077766418457031,1
-9416.0,-8895.0,-7674.0,1,0.0060808658599853516,1
-9445.0,-8054.0,-8702.0,1,0.006083965301513672,1
-9745.0,-7556.0,-8684.0,1,0.006086826324462891,1
-8923.0,-7787.0,-9733.0,1,0.006089925765991211,1
-8884.0,-8424.0,-9066.0,1,0.00609278678894043,1
-9236.0,-8063.0,-9049.0,1,0.00609588623046875,1
-6658.0,-9268.0,-9983.0,2,0.01318979263305664,2
-6893.0,-8667.0,-10261.0,2,0.013191938400268555,2
-7060.0,-9452.0,-9556.0,2,0.013216972351074219,2
-8070.0,-8330.0,-9867.0,2,0.013219833374023438,2
-7213.0,-8419.0,-10291.0,2,0.01322793960571289,2
-8726.0,-7694.0,-9893.0,2,0.01323080062866211,2
-8926.0,-8731.0,-8475.0,3,0.017740964889526367,2
-8955.0,-7890.0,-9503.0,3,0.017746925354003906,2
-8878.0,-9069.0,-7525.0,4,0.026681900024414062,3
-8872.0,-9061.0,-7648.0,4,0.026683807373046875,3
-9085.0,-8163.0,-8602.0,4,0.026689767837524414,3
-8710.0,-7932.0,-9363.0,4,0.026703834533691406,3
-7978.0,-8992.0,-9005.0,4,0.026709794998168945,3
-7090.0,-8760.0,-10101.0,4,0.0267179012298584,3
-7792.0,-8392.0,-9914.0,4,0.02672100067138672,3
-7915.0,-8051.0,-10104.0,4,0.02672290802001953,3
-7511.0,-8725.0,-9849.0,4,0.02672576904296875,3
-7472.0,-9362.0,-9182.0,4,0.026739835739135742,3
-7293.0,-9552.0,-8946.0,5,0.03260493278503418,3
-8441.0,-9177.0,-8329.0,5,0.0326077938079834,3
-8890.0,-8096.0,-8890.0,6,0.03778791427612305,3
-7651.0,-8626.0,-10066.0,6,0.037796974182128906,3
-8515.0,-7865.0,-9651.0,6,0.037805795669555664,3
-8070.0,-7786.0,-10259.0,6,0.03781485557556152,3
-8551.0,-8500.0,-9236.0,6,0.037817955017089844,3
-8454.0,-8072.0,-9620.0,6,0.03782081604003906,3
-8181.0,-9158.0,-8913.0,7,0.04127979278564453,3
-9042.0,-8290.0,-8531.0,7,0.04128289222717285,3
-7432.0,-9254.0,-9230.0,8,0.04926490783691406,4
-7623.0,-9624.0,-7872.0,8,0.0492708683013916,4
-8465.0,-9312.0,-7516.0,9,0.0549929141998291,4
-8619.0,-8784.0,-7867.0,9,0.05500984191894531,4
-9602.0,-6929.0,-8922.0,10,0.05997180938720703,4
-7635.0,-8987.0,-9290.0,10,0.05997776985168457,4
-8894.0,-8628.0,-8705.0,10,0.05998682975769043,4
-8413.0,-7914.0,-9728.0,10,0.060002803802490234,4
-9157.0,-6850.0,-9530.0,10,0.06000876426696777,4
-8299.0,-8527.0,-9309.0,11,0.06385278701782227,4
-9752.0,-7542.0,-8588.0,11,0.06386590003967285,4
-8328.0,-9053.0,-8513.0,12,0.06775784492492676,4
-8533.0,-8797.0,-8896.0,13,0.07073187828063965,4
-7956.0,-8399.0,-9840.0,14,0.07410788536071777,4
-8418.0,-8177.0,-9473.0,14,0.0741119384765625,4
-8785.0,-7427.0,-9856.0,14,0.07412099838256836,4
-8941.0,-7048.0,-9680.0,14,0.0741269588470459,4
-8158.0,-8749.0,-9211.0,15,0.07684087753295898,4
-8758.0,-7797.0,-9663.0,15,0.07685279846191406,4
-8556.0,-7941.0,-9523.0,16,0.08429193496704102,5
-8196.0,-8803.0,-8839.0,16,0.08432793617248535,5
-8718.0,-9070.0,-7808.0,16,0.08433079719543457,5
-7636.0,-9557.0,-8661.0,18,0.09432578086853027,5
-7183.0,-9111.0,-9746.0,19,0.09818577766418457,5
-9302.0,-8309.0,-7947.0,20,0.10673093795776367,5
-9463.0,-7767.0,-8202.0,20,0.10673379898071289,5
-8822.0,-7975.0,-9340.0,20,0.10675382614135742,5
-7969.0,-8518.0,-9474.0,20,0.10675692558288574,5
-8694.0,-8317.0,-9130.0,22,0.11412477493286133,5
-8931.0,-7336.0,-9690.0,22,0.11413097381591797,5
-9121.0,-7443.0,-9626.0,22,0.11413693428039551,5
-9128.0,-7555.0,-9325.0,23,0.11704397201538086,5
-9174.0,-8589.0,-7758.0,26,0.12647390365600586,5
-8642.0,-8916.0,-7865.0,32,0.14522290229797363,6
-8903.0,-9000.0,-7031.0,32,0.1452319622039795,6
-7743.0,-9352.0,-8463.0,32,0.14524388313293457,6
-7775.0,-8838.0,-9091.0,33,0.15079379081726074,6
-8346.0,-8598.0,-8917.0,34,0.15544891357421875,6
-6870.0,-9345.0,-9620.0,36,0.16364479064941406,6
-7621.0,-9082.0,-9192.0,36,0.16366887092590332,6
-7841.0,-9325.0,-8253.0,37,0.16838479042053223,6
-8196.0,-8617.0,-8926.0,41,0.18058395385742188,6
-9046.0,-7956.0,-9113.0,42,0.1835157871246338,6
-9477.0,-6616.0,-9599.0,44,0.18739080429077148,6
-6932.0,-9721.0,-9137.0,48,0.1974349021911621,6
-7224.0,-9459.0,-9482.0,48,0.1974799633026123,6
-7431.0,-9286.0,-9310.0,48,0.19748282432556152,6
-7704.0,-8940.0,-9455.0,49,0.2008988857269287,6
-7266.0,-8770.0,-9711.0,49,0.20090484619140625,6
-8053.0,-8487.0,-9498.0,50,0.20398688316345215,6
-8078.0,-8115.0,-9535.0,50,0.20398998260498047,6
-8022.0,-7799.0,-9961.0,50,0.203995943069458,6
-8395.0,-7768.0,-9771.0,58,0.218397855758667,6
-8356.0,-8802.0,-8556.0,66,0.24130582809448242,7
-8009.0,-7893.0,-9980.0,68,0.24839091300964355,7
-8211.0,-8277.0,-9446.0,68,0.2484128475189209,7
-8206.0,-7986.0,-9820.0,68,0.24841594696044922,7
-7788.0,-8885.0,-9069.0,72,0.2623898983001709,7
-8019.0,-9307.0,-8397.0,72,0.2623929977416992,7
-7314.0,-8632.0,-10009.0,74,0.26960086822509766,7
-7497.0,-9040.0,-9428.0,74,0.2696068286895752,7
-9173.0,-8433.0,-8261.0,84,0.29602479934692383,7
-8944.0,-8236.0,-8819.0,84,0.29602789878845215,7
-9380.0,-8260.0,-8089.0,84,0.2960338592529297,7
-9480.0,-7921.0,-8147.0,84,0.29604291915893555,7
-9375.0,-6896.0,-9305.0,88,0.30352282524108887,7
-7697.0,-9317.0,-8524.0,98,0.32120680809020996,7
-7755.0,-9375.0,-7648.0,124,0.363494873046875,8
-8117.0,-8078.0,-9563.0,128,0.37914586067199707,8
-8324.0,-8863.0,-8522.0,130,0.38942885398864746,8
-7409.0,-8845.0,-9528.0,134,0.39985084533691406,8
-8122.0,-9189.0,-8045.0,141,0.41693687438964844,8
-7686.0,-9165.0,-8775.0,141,0.41693997383117676,8
-7744.0,-8741.0,-9382.0,142,0.41922879219055176,8
-6887.0,-9465.0,-9425.0,144,0.42444396018981934,8
-6841.0,-9676.0,-9402.0,145,0.42716383934020996,8
-7619.0,-9135.0,-9016.0,149,0.43468189239501953,8
-8642.0,-8111.0,-9170.0,162,0.45919179916381836,8
-9099.0,-8396.0,-8297.0,164,0.46311187744140625,8
-9248.0,-7961.0,-8862.0,171,0.4716479778289795,8
-9326.0,-7211.0,-9218.0,174,0.4746119976043701,8
-8299.0,-7983.0,-9701.0,198,0.5104198455810547,8
-7477.0,-9303.0,-8741.0,244,0.6001279354095459,9
-7915.0,-9362.0,-8217.0,244,0.600132942199707,9
-6682.0,-9382.0,-9627.0,253,0.6187028884887695,9
-8198.0,-8715.0,-8916.0,268,0.6432039737701416,9
-8858.0,-7993.0,-9120.0,282,0.6651318073272705,9
-9365.0,-7301.0,-8724.0,294,0.6778969764709473,9
-9407.0,-7000.0,-8907.0,296,0.6813879013061523,9
-7248.0,-9067.0,-9371.0,305,0.6992099285125732,9
-8429.0,-8819.0,-8372.0,356,0.7862508296966553,10
