z1,z2,z3,node,time,depth
-5030.0,-1006.0,-5325.0,1,0.0046122074127197266,1
-5340.0,-952.0,-4863.0,1,0.004615068435668945,1
-2000.0,-3976.0,-2723.0,1,0.004618167877197266,1
-5303.0,-1035.0,-5300.0,1,0.004621028900146484,1
-2946.0,-3695.0,-2131.0,1,0.004624128341674805,1
-1745.0,-4448.0,-1796.0,1,0.004627227783203125,1
-1744.0,-4416.0,-2126.0,1,0.004630088806152344,1
-3033.0,-3455.0,-3378.0,1,0.004631996154785156,1
-3310.0,-2892.0,-3871.0,1,0.0046350955963134766,1
-4949.0,-1236.0,-5235.0,1,0.004638195037841797,1
-3514.0,-3244.0,-3258.0,1,0.004641056060791016,1
-4846.0,-1728.0,-4138.0,1,0.004644155502319336,1
-4648.0,-1940.0,-4284.0,1,0.004647016525268555,1
-1588.0,-4459.0,-1693.0,1,0.004650115966796875,1
-1587.0,-4427.0,-2023.0,1,0.004653215408325195,1
-4368.0,-2017.0,-4607.0,1,0.004656076431274414,1
-4883.0,-1315.0,-5193.0,1,0.004660129547119141,1
-3614.0,-2674.0,-4006.0,2,0.010658025741577148,2
-2420.0,-3696.0,-2830.0,2,0.010673046112060547,2
-1983.0,-4256.0,-1627.0,2,0.010682106018066406,2
-1826.0,-4267.0,-1524.0,2,0.010685205459594727,2
-2571.0,-3802.0,-2489.0,2,0.010701179504394531,2
-2465.0,-3906.0,-2251.0,3,0.013970136642456055,2
-3520.0,-3113.0,-2862.0,4,0.019022226333618164,3
-3730.0,-2612.0,-3978.0,4,0.019034147262573242,3
-2414.0,-3813.0,-2386.0,4,0.01905202865600586,3
-3634.0,-2483.0,-4153.0,5,0.02390909194946289,3
-4842.0,-1578.0,-4484.0,5,0.02392101287841797,3
-3988.0,-2282.0,-4218.0,5,0.02392411231994629,3
-3053.0,-3264.0,-3525.0,6,0.02669811248779297,3
-3941.0,-2186.0,-4310.0,7,0.02914118766784668,3
-4136.0,-2409.0,-3477.0,8,0.0337681770324707,4
-4339.0,-1716.0,-4635.0,9,0.037789106369018555,4
-3885.0,-2487.0,-3822.0,9,0.03780412673950195,4
-4400.0,-1785.0,-4408.0,9,0.03780722618103027,4
-3675.0,-2743.0,-3779.0,10,0.040949106216430664,4
-1801.0,-4167.0,-1901.0,10,0.040952205657958984,4
-2880.0,-3500.0,-2280.0,11,0.04414510726928711,4
-3448.0,-3049.0,-3407.0,11,0.04415011405944824,4
-3268.0,-3077.0,-3523.0,11,0.04415321350097656,4
-2001.0,-4008.0,-2393.0,12,0.04652905464172363,4
-3058.0,-3101.0,-3459.0,12,0.04653215408325195,4
-3568.0,-2562.0,-4111.0,13,0.048853158950805664,4
-2266.0,-3809.0,-2406.0,14,0.051545143127441406,4
-3375.0,-2876.0,-3774.0,14,0.051554203033447266,4
-2848.0,-3357.0,-3416.0,14,0.051560163497924805,4
-4576.0,-1777.0,-4512.0,17,0.06365418434143066,5
-3861.0,-2455.0,-3899.0,17,0.0636601448059082,5
-2421.0,-3728.0,-2500.0,19,0.07025718688964844,5
-3856.0,-2665.0,-3654.0,20,0.07375001907348633,5
-2350.0,-3709.0,-2580.0,20,0.07375621795654297,5
-3044.0,-3329.0,-3113.0,20,0.07376217842102051,5
-3291.0,-3072.0,-3356.0,21,0.07648515701293945,5
-3745.0,-2301.0,-4169.0,22,0.07975316047668457,5
-4164.0,-2142.0,-4168.0,24,0.08355307579040527,5
-5091.0,-1075.0,-5098.0,32,0.09843015670776367,6
-4809.0,-1439.0,-4805.0,32,0.09847211837768555,6
-5007.0,-1227.0,-4659.0,32,0.09847521781921387,6
-4501.0,-1783.0,-4437.0,34,0.10343813896179199,6
-2551.0,-3539.0,-2751.0,37,0.11268901824951172,6
-3819.0,-2292.0,-3971.0,38,0.11523318290710449,6
-4121.0,-2288.0,-3617.0,40,0.1199040412902832,6
-3806.0,-2370.0,-3942.0,40,0.11990714073181152,6
-2820.0,-3624.0,-2725.0,42,0.12483406066894531,6
-2578.0,-3675.0,-2346.0,42,0.12484121322631836,6
-1917.0,-4061.0,-1776.0,44,0.12978816032409668,6
-3841.0,-2365.0,-3940.0,52,0.14276719093322754,6
-3395.0,-2685.0,-3921.0,53,0.14449620246887207,6
-3661.0,-2393.0,-4056.0,53,0.1444990634918213,6
-2484.0,-3683.0,-2728.0,54,0.1457061767578125,6
-2109.0,-3820.0,-2303.0,56,0.14823603630065918,6
-5016.0,-1081.0,-5023.0,64,0.15924906730651855,7
-4178.0,-2025.0,-4139.0,64,0.15926718711853027,7
-2197.0,-3524.0,-2928.0,78,0.1908740997314453,7
-3045.0,-2905.0,-3621.0,88,0.20714402198791504,7
-4710.0,-1438.0,-5003.0,96,0.21842217445373535,7
-2527.0,-3495.0,-3081.0,115,0.24257516860961914,7
-4986.0,-1153.0,-4798.0,122,0.25177717208862305,8
-4990.0,-1361.0,-4680.0,127,0.2651481628417969,8
-5188.0,-1149.0,-4534.0,127,0.2651541233062744,8
-3913.0,-2453.0,-3619.0,132,0.27496814727783203,8
-3941.0,-2316.0,-3733.0,157,0.3175530433654785,8
-2821.0,-3656.0,-2395.0,162,0.3247101306915283,8
-4330.0,-1610.0,-4777.0,214,0.39975905418395996,9
-4510.0,-1582.0,-4661.0,214,0.3997781276702881,9
-5034.0,-1145.0,-4627.0,221,0.4208831787109375,9
-4007.0,-2289.0,-3552.0,261,0.48543620109558105,9
-4375.0,-1911.0,-4309.0,353,0.6208820343017578,10
-3609.0,-2757.0,-2810.0,375,0.6491401195526123,10
