z1,z2,z3,node,time,depth
-2131.0,-3685.0,-2209.0,2,0.002826213836669922,2
-2064.0,-3700.0,-2500.0,2,0.002827167510986328,2
-2794.0,-2945.0,-3131.0,4,0.0053942203521728516,3
-2969.0,-2100.0,-3111.0,228,0.13289618492126465,9
-3036.0,-2085.0,-2820.0,232,0.13455820083618164,9
-555.0,-4319.0,-747.0,266,0.1475691795349121,9
-3591.0,-1199.0,-3568.0,332,0.17238521575927734,10
-1885.0,-3855.0,-2301.0,362,0.18225407600402832,10
-2857.0,-2240.0,-2621.0,372,0.18529605865478516,10
-2578.0,-3011.0,-2951.0,408,0.1968700885772705,11
-3483.0,-1411.0,-3562.0,414,0.19851207733154297,11
-2834.0,-2151.0,-2712.0,420,0.20012617111206055,11
-2615.0,-3100.0,-2932.0,442,0.20624923706054688,11
-1952.0,-3840.0,-2010.0,446,0.2073822021484375,11
