z1,z2,z3,node,time,depth
-61.0,-66.0,-77.0,3,0.011240005493164062,2
-71.0,-59.0,-78.0,3,0.011249065399169922,2
-72.0,-58.0,-78.0,3,0.011254072189331055,2
-67.0,-73.0,-74.0,3,0.011270999908447266,2
-67.0,-60.0,-79.0,11,0.034813880920410156,4
-78.0,-65.0,-75.0,15,0.046215057373046875,4
-64.0,-75.0,-73.0,21,0.05874300003051758,5
-75.0,-76.0,-68.0,26,0.07106304168701172,5
-68.0,-72.0,-74.0,63,0.1567070484161377,6
-65.0,-74.0,-73.0,172,0.3429889678955078,8
-88.0,-65.0,-71.0,288,0.5014228820800781,9
-76.0,-63.0,-76.0,338,0.5685088634490967,9
-63.0,-47.0,-80.0,640,0.9076828956604004,10
-89.0,-70.0,-68.0,816,1.083738088607788,11
-87.0,-75.0,-67.0,912,1.149569034576416,11
-77.0,-73.0,-72.0,1088,1.2958638668060303,11
-67.0,-82.0,-67.0,1144,1.3376250267028809,11
-82.0,-75.0,-69.0,1274,1.442133903503418,12
-83.0,-67.0,-74.0,1292,1.4531629085540771,12
-82.0,-68.0,-74.0,1318,1.4691259860992432,12
-80.0,-70.0,-71.0,1368,1.500877857208252,12
-74.0,-77.0,-70.0,1490,1.583517074584961,12
-77.0,-62.0,-76.0,1502,1.5915870666503906,12
-83.0,-69.0,-73.0,1556,1.629814863204956,12
-68.0,-82.0,-65.0,1624,1.6729049682617188,12
-70.0,-69.0,-74.0,1680,1.7094089984893799,12
-74.0,-68.0,-76.0,1756,1.7602739334106445,13
-88.0,-70.0,-69.0,1796,1.78877592086792,13
-83.0,-76.0,-66.0,1898,1.8523430824279785,13
-76.0,-74.0,-72.0,1906,1.857125997543335,13
-77.0,-75.0,-71.0,1978,1.902419090270996,13
-77.0,-80.0,-65.0,2024,1.9298970699310303,14
-86.0,-72.0,-68.0,2040,1.9389550685882568,14
-82.0,-76.0,-67.0,2108,1.980638027191162,14
-76.0,-61.0,-77.0,2160,2.0127830505371094,15
-78.0,-80.0,-63.0,2168,2.0175600051879883,15
-70.0,-70.0,-73.0,2192,2.0311949253082275,15
-60.0,-52.0,-80.0,2198,2.034898042678833,15
-80.0,-78.0,-66.0,2218,2.046962022781372,15
-79.0,-71.0,-71.0,2260,2.071260929107666,16
-81.0,-78.0,-64.0,2284,2.085434913635254,16
-73.0,-76.0,-71.0,2304,2.0973269939422607,17
-76.0,-81.0,-67.0,2334,2.113731861114502,18
-85.0,-73.0,-70.0,2336,2.114748954772949,18
-67.0,-80.0,-69.0,2338,2.1157970428466797,18
