z1,z2,z3,node,time,depth
1114.0,5098.0,1012.0,1,0.026895999908447266,1
5103.0,893.0,5619.0,1,0.0269010066986084,1
3901.0,1557.0,4574.0,1,0.02690601348876953,1
4886.0,961.0,5508.0,1,0.026911020278930664,1
885.0,5488.0,994.0,1,0.02691507339477539,1
1054.0,5309.0,960.0,1,0.02692103385925293,1
1244.0,5348.0,915.0,1,0.026925086975097656,1
1075.0,5527.0,949.0,1,0.02692890167236328,1
526.0,5249.0,1468.0,1,0.026933908462524414,1
517.0,5343.0,1401.0,1,0.02693796157836914,1
976.0,4822.0,1203.0,1,0.026942968368530273,1
1303.0,4151.0,1924.0,1,0.026947021484375,1
655.0,4952.0,1504.0,1,0.026951074600219727,1
4260.0,1378.0,4603.0,1,0.026953935623168945,1
4047.0,1477.0,4553.0,1,0.026958942413330078,1
4038.0,1463.0,4596.0,1,0.026962995529174805,1
5315.0,999.0,5079.0,1,0.02696704864501953,1
5299.0,859.0,5422.0,1,0.026971101760864258,1
5434.0,945.0,5184.0,1,0.02697610855102539,1
5189.0,927.0,5274.0,1,0.026979923248291016,1
1304.0,5137.0,967.0,1,0.02698802947998047,1
1396.0,4810.0,1130.0,1,0.026992082595825195,1
1216.0,4930.0,1081.0,1,0.02699589729309082,1
874.0,4990.0,1134.0,1,0.026999950408935547,1
645.0,5380.0,1116.0,1,0.027004003524780273,1
814.0,5201.0,1082.0,1,0.027008056640625,1
579.0,5383.0,1200.0,1,0.02701091766357422,1
564.0,5306.0,1300.0,1,0.027014970779418945,1
4269.0,1392.0,4560.0,1,0.027019023895263672,1
3726.0,1840.0,4047.0,1,0.027024030685424805,1
2970.0,2694.0,3086.0,1,0.02702808380126953,1
2050.0,4047.0,1774.0,1,0.027031898498535156,1
1482.0,4120.0,1796.0,1,0.027035951614379883,1
3122.0,2257.0,3793.0,1,0.02704000473022461,1
1998.0,3409.0,2599.0,1,0.027044057846069336,1
573.0,5212.0,1367.0,1,0.027048110961914062,1
702.0,4915.0,1403.0,1,0.027055025100708008,1
4395.0,1464.0,4365.0,1,0.027059078216552734,1
4644.0,1586.0,4200.0,1,0.02706289291381836,1
2701.0,3422.0,2339.0,1,0.027067899703979492,1
5082.0,927.0,5311.0,1,0.02707195281982422,1
4972.0,995.0,5163.0,1,0.027076005935668945,1
4963.0,981.0,5206.0,1,0.027080059051513672,1
4741.0,1066.0,5199.0,1,0.0270841121673584,1
4767.0,1015.0,5403.0,1,0.02708888053894043,1
2206.0,3273.0,2613.0,1,0.027092933654785156,1
2344.0,3198.0,2646.0,1,0.027096986770629883,1
2075.0,3926.0,1899.0,1,0.02710103988647461,1
1507.0,3999.0,1921.0,1,0.027105093002319336,1
1001.0,4701.0,1328.0,1,0.027107954025268555,1
4101.0,2034.0,3687.0,1,0.02711200714111328,1
2835.0,2608.0,3324.0,1,0.027116060256958008,1
3504.0,1925.0,4040.0,1,0.02712106704711914,1
3552.0,2036.0,3814.0,1,0.027132034301757812,1
3861.0,1926.0,3809.0,1,0.02714395523071289,1
797.0,4853.0,1331.0,1,0.02715301513671875,1
3131.0,2271.0,3750.0,2,0.05602693557739258,2
807.0,5001.0,1237.0,2,0.05603289604187012,2
688.0,5005.0,1426.0,2,0.05603599548339844,2
816.0,5409.0,1046.0,2,0.05604910850524902,2
1243.0,5531.0,941.0,2,0.05605196952819824,2
641.0,5042.0,1527.0,2,0.05606389045715332,2
741.0,5004.0,1321.0,2,0.05607104301452637,2
2636.0,2925.0,2966.0,2,0.05610203742980957,2
3801.0,2158.0,3649.0,2,0.05610489845275879,2
947.0,4968.0,1219.0,2,0.056118011474609375,2
1939.0,4362.0,1643.0,2,0.056121110916137695,2
1236.0,4337.0,2034.0,2,0.056123971939086914,2
1283.0,4300.0,1933.0,2,0.05612802505493164,2
2521.0,2905.0,3347.0,2,0.05613088607788086,2
1937.0,3651.0,2274.0,2,0.056138038635253906,2
1336.0,4299.0,1828.0,2,0.056140899658203125,2
3244.0,2974.0,2852.0,2,0.05617809295654297,2
1047.0,5109.0,1115.0,2,0.056188106536865234,2
1611.0,4342.0,1674.0,2,0.05619096755981445,2
2711.0,2954.0,2924.0,2,0.05619406700134277,2
2885.0,3047.0,2801.0,2,0.05619692802429199,2
2186.0,3773.0,2109.0,2,0.05620002746582031,2
4781.0,1461.0,4523.0,3,0.07531499862670898,2
2667.0,2726.0,3315.0,3,0.0753180980682373,2
4646.0,1375.0,4761.0,3,0.07532191276550293,2
768.0,4912.0,1319.0,3,0.07539510726928711,2
619.0,5166.0,1523.0,3,0.075408935546875,2
672.0,5300.0,1255.0,3,0.07541608810424805,2
738.0,5297.0,1171.0,3,0.07543611526489258,2
1050.0,4694.0,1930.0,4,0.09864497184753418,3
1837.0,3689.0,2480.0,4,0.0986480712890625,3
1189.0,4490.0,2060.0,4,0.09865093231201172,3
1097.0,4657.0,1829.0,4,0.09865403175354004,3
1163.0,4654.0,1745.0,4,0.09865808486938477,3
1393.0,4431.0,1686.0,4,0.09866094589233398,3
1823.0,4578.0,1519.0,4,0.0986640453338623,3
1236.0,4453.0,1959.0,4,0.09868907928466797,3
1657.0,4650.0,1525.0,4,0.09869790077209473,3
1633.0,4539.0,1564.0,4,0.09870696067810059,3
3017.0,2681.0,3284.0,5,0.11762809753417969,3
2587.0,2902.0,3263.0,5,0.1176309585571289,3
3503.0,2108.0,4066.0,5,0.11763405799865723,3
2101.0,3570.0,2436.0,5,0.11764001846313477,3
3097.0,2505.0,3336.0,6,0.1314680576324463,3
2683.0,3453.0,2394.0,6,0.1315150260925293,3
2032.0,4078.0,1829.0,6,0.13151788711547852,3
2133.0,3495.0,2361.0,6,0.13152408599853516,3
3210.0,2802.0,2964.0,7,0.14719295501708984,3
2483.0,3330.0,2507.0,7,0.1472330093383789,3
1421.0,4689.0,1255.0,7,0.14723896980285645,3
1028.0,4938.0,1163.0,7,0.1472640037536621,3
1241.0,4809.0,1206.0,7,0.14726710319519043,3
1747.0,4107.0,1799.0,7,0.1472759246826172,3
4289.0,1588.0,4346.0,8,0.16436409950256348,4
1698.0,3893.0,2350.0,8,0.16438007354736328,4
3910.0,1571.0,4531.0,8,0.16440105438232422,4
4123.0,1472.0,4581.0,8,0.1644129753112793,4
4132.0,1486.0,4538.0,8,0.16441607475280762,4
1535.0,4492.0,1657.0,8,0.16441988945007324,4
1604.0,4571.0,1605.0,8,0.16445302963256836,4
3504.0,2232.0,3642.0,9,0.18361902236938477,4
2878.0,2736.0,3202.0,9,0.18362188339233398,4
2041.0,3537.0,2477.0,9,0.1836249828338623,4
1899.0,3729.0,2279.0,9,0.18362808227539062,4
2593.0,3599.0,2287.0,9,0.18363404273986816,4
2532.0,2947.0,3155.0,9,0.1836528778076172,4
4984.0,947.0,5514.0,9,0.18366503715515137,4
1333.0,4642.0,1634.0,9,0.1836841106414795,4
3378.0,2160.0,3837.0,9,0.18369388580322266,4
2740.0,2811.0,3169.0,9,0.18369698524475098,4
3369.0,2146.0,3880.0,9,0.1837000846862793,4
5180.0,913.0,5317.0,9,0.18370294570922852,4
1349.0,4297.0,1849.0,10,0.20217490196228027,4
843.0,4999.0,1256.0,10,0.2021799087524414,4
754.0,5002.0,1342.0,10,0.2022080421447754,4
639.0,5209.0,1283.0,10,0.20221304893493652,4
664.0,5145.0,1312.0,11,0.2186141014099121,4
760.0,5316.0,1132.0,11,0.21863698959350586,4
730.0,5142.0,1228.0,11,0.21864104270935059,4
617.0,5182.0,1413.0,11,0.2186589241027832,4
931.0,5345.0,1062.0,11,0.21866798400878906,4
1000.0,5424.0,1010.0,11,0.21867108345031738,4
2181.0,3394.0,2488.0,12,0.23433899879455566,4
3235.0,2430.0,3369.0,12,0.2343449592590332,4
666.0,5129.0,1422.0,12,0.2343730926513672,4
2319.0,3319.0,2521.0,12,0.23438191413879395,4
2057.0,3957.0,1954.0,13,0.24709200859069824,4
732.0,5089.0,1307.0,13,0.24710392951965332,4
798.0,5086.0,1223.0,13,0.24710702896118164,4
2824.0,2828.0,3123.0,15,0.27549099922180176,4
3661.0,2027.0,3848.0,15,0.2755000591278076,4
2918.0,3074.0,2797.0,16,0.2952311038970947,5
3612.0,2270.0,3638.0,16,0.2952430248260498,5
4783.0,1107.0,5152.0,16,0.29526209831237793,5
4776.0,1029.0,5360.0,16,0.29526495933532715,5
2474.0,3058.0,3373.0,16,0.29527997970581055,5
4100.0,1700.0,4335.0,16,0.29528307914733887,5
3597.0,2159.0,3799.0,16,0.29532599449157715,5
1982.0,3774.0,2259.0,16,0.2953450679779053,5
1645.0,3989.0,2437.0,17,0.31193089485168457,5
4860.0,1012.0,5304.0,17,0.31194400787353516,5
1760.0,3933.0,2149.0,17,0.3119649887084961,5
4204.0,1579.0,4361.0,18,0.3347969055175781,5
4958.0,998.0,5310.0,18,0.33485889434814453,5
3753.0,2354.0,3477.0,18,0.3348679542541504,5
2139.0,3837.0,2157.0,18,0.3348829746246338,5
4195.0,1565.0,4404.0,18,0.33488893508911133,5
3026.0,2882.0,3020.0,18,0.33491992950439453,5
4459.0,1350.0,4797.0,19,0.3484969139099121,5
2095.0,3525.0,2578.0,20,0.361285924911499,5
1168.0,4507.0,1874.0,20,0.36132097244262695,5
1121.0,4544.0,1975.0,20,0.3613240718841553,5
1234.0,4504.0,1790.0,20,0.3613419532775879,5
1240.0,4675.0,1623.0,20,0.36134910583496094,5
785.0,5347.0,1098.0,20,0.3613700866699219,5
873.0,5173.0,1160.0,21,0.37198495864868164,5
1931.0,3595.0,2709.0,21,0.3719940185546875,5
870.0,5109.0,1210.0,22,0.38915491104125977,5
4083.0,2065.0,3742.0,25,0.4208500385284424,5
1214.0,4461.0,2030.0,25,0.4208650588989258,5
3091.0,2638.0,3274.0,25,0.42090511322021484,5
1129.0,4882.0,1188.0,25,0.4209170341491699,5
1250.0,4247.0,2011.0,27,0.44397902488708496,5
1297.0,4210.0,1910.0,27,0.4439818859100342,5
857.0,4909.0,1233.0,27,0.4439849853515625,5
3192.0,2833.0,3019.0,27,0.44399404525756836,5
1900.0,4072.0,1856.0,27,0.4440040588378906,5
1363.0,4207.0,1826.0,27,0.44400691986083984,5
1027.0,5050.0,1119.0,27,0.44402194023132324,5
2889.0,2641.0,3322.0,28,0.46031999588012695,5
1722.0,4228.0,1674.0,30,0.4813671112060547,5
1359.0,5284.0,931.0,30,0.4813699722290039,5
2559.0,3427.0,2399.0,30,0.4813880920410156,5
1294.0,4978.0,1061.0,31,0.48992395401000977,5
3344.0,2172.0,3800.0,34,0.5347540378570557,6
3353.0,2186.0,3757.0,34,0.5347568988800049,6
3102.0,2884.0,2957.0,34,0.5347778797149658,6
3510.0,2288.0,3565.0,34,0.5348091125488281,6
2853.0,2762.0,3122.0,34,0.5348150730133057,6
4042.0,1792.0,4507.0,34,0.5348269939422607,6
2574.0,3143.0,2857.0,35,0.5450389385223389,6
3308.0,2929.0,2949.0,36,0.5655539035797119,6
4708.0,1541.0,4297.0,36,0.5656070709228516,6
4351.0,1540.0,4528.0,36,0.5656099319458008,6
4573.0,1455.0,4535.0,36,0.5656130313873291,6
2853.0,2857.0,3077.0,38,0.5958280563354492,6
1448.0,4578.0,1650.0,38,0.595832109451294,6
3769.0,1968.0,3925.0,38,0.5958349704742432,6
1317.0,4527.0,1775.0,39,0.6054189205169678,6
1926.0,3610.0,2840.0,40,0.6222140789031982,6
1112.0,4638.0,1908.0,41,0.632828950881958,6
1159.0,4601.0,1807.0,41,0.6328530311584473,6
1174.0,4678.0,1707.0,41,0.6328558921813965,6
1997.0,3592.0,2625.0,42,0.6445529460906982,6
701.0,5074.0,1408.0,43,0.6514060497283936,6
1212.0,4477.0,1920.0,46,0.6901259422302246,6
3031.0,2582.0,3372.0,48,0.7074520587921143,6
2194.0,3383.0,2647.0,48,0.7074549198150635,6
929.0,5137.0,1098.0,48,0.7074790000915527,6
3024.0,2727.0,3084.0,48,0.7074849605560303,6
2188.0,3642.0,2325.0,48,0.7074968814849854,6
1261.0,4424.0,1929.0,50,0.7261219024658203,6
2463.0,3485.0,2479.0,50,0.7261600494384766,6
967.0,5261.0,1067.0,50,0.726172924041748,6
3457.0,2569.0,3302.0,51,0.7394039630889893,6
1700.0,3975.0,2020.0,52,0.7495288848876953,6
1838.0,3900.0,2053.0,52,0.7495319843292236,6
1627.0,4197.0,1768.0,52,0.7495419979095459,6
1380.0,4288.0,1727.0,53,0.7567579746246338,6
1693.0,4365.0,1659.0,53,0.7567639350891113,6
834.0,5155.0,1203.0,54,0.7702000141143799,6
804.0,4981.0,1299.0,54,0.7702250480651855,6
715.0,4984.0,1385.0,54,0.7702279090881348,6
2409.0,3452.0,2481.0,54,0.7702310085296631,6
908.0,4879.0,1301.0,54,0.7702689170837402,6
1572.0,4253.0,1756.0,54,0.7702748775482178,6
2614.0,2822.0,3402.0,57,0.8042418956756592,6
3370.0,2739.0,3055.0,60,0.8334450721740723,6
3936.0,2257.0,3637.0,60,0.8334479331970215,6
3152.0,2647.0,3223.0,60,0.8334579467773438,6
998.0,5323.0,1015.0,60,0.8334610462188721,6
1160.0,4944.0,1136.0,60,0.8334639072418213,6
1912.0,4122.0,1741.0,60,0.833488941192627,6
978.0,5405.0,1049.0,61,0.842303991317749,6
1169.0,5245.0,976.0,61,0.8423099517822266,6
2373.0,3603.0,2239.0,62,0.8495430946350098,6
2584.0,3306.0,2524.0,62,0.8495490550994873,6
1058.0,5112.0,1067.0,63,0.8593881130218506,6
1937.0,4001.0,1866.0,63,0.859407901763916,6
2519.0,3019.0,3145.0,68,0.9311211109161377,7
2056.0,3597.0,2379.0,68,0.9311490058898926,7
3501.0,2274.0,3608.0,69,0.9416019916534424,7
2177.0,3759.0,2152.0,69,0.9416139125823975,7
3413.0,2127.0,3877.0,70,0.9496440887451172,7
4392.0,1545.0,4439.0,70,0.949652910232544,7
3207.0,2361.0,3733.0,71,0.9554469585418701,7
3216.0,2375.0,3690.0,71,0.9554669857025146,7
4993.0,961.0,5471.0,72,0.9780499935150146,7
2121.0,3868.0,2212.0,73,0.9944889545440674,7
5077.0,944.0,5415.0,73,0.994513988494873,7
4237.0,1606.0,4357.0,74,1.0082929134368896,7
3017.0,2868.0,3063.0,74,1.008307933807373,7
3786.0,2381.0,3473.0,74,1.0083239078521729,7
4455.0,1698.0,4189.0,74,1.0083270072937012,7
3127.0,2858.0,3037.0,75,1.0227909088134766,7
2916.0,3155.0,2752.0,75,1.0227940082550049,7
1759.0,4482.0,1594.0,75,1.0227999687194824,7
3558.0,2265.0,3640.0,77,1.04292893409729,7
1784.0,3785.0,2567.0,78,1.0517590045928955,7
2479.0,3043.0,3242.0,78,1.0517709255218506,7
1831.0,3748.0,2466.0,78,1.0517868995666504,7
1846.0,3825.0,2366.0,78,1.0517899990081787,7
2667.0,3033.0,2917.0,79,1.0593180656433105,7
2541.0,2961.0,3112.0,79,1.059330940246582,7
1053.0,5492.0,986.0,80,1.0826070308685303,7
984.0,5413.0,1038.0,80,1.082611083984375,7
1225.0,4598.0,1723.0,83,1.1137890815734863,7
1320.0,4499.0,1675.0,97,1.2394280433654785,7
1258.0,4459.0,1876.0,97,1.2394309043884277,7
2398.0,3231.0,2644.0,98,1.2454109191894531,7
1892.0,3933.0,2051.0,98,1.2454230785369873,7
3300.0,2684.0,3204.0,101,1.2672290802001953,7
723.0,5220.0,1271.0,101,1.2672359943389893,7
812.0,5217.0,1185.0,101,1.267254114151001,7
1425.0,4411.0,1712.0,104,1.2981619834899902,7
1573.0,4409.0,1714.0,106,1.3113720417022705,7
2140.0,3350.0,2649.0,106,1.311378002166748,7
2355.0,3634.0,2294.0,109,1.3370330333709717,7
1327.0,4384.0,1814.0,111,1.3526148796081543,7
1945.0,3505.0,2686.0,118,1.4364840984344482,7
1773.0,3967.0,2072.0,118,1.436492919921875,7
1267.0,4669.0,1479.0,118,1.4365088939666748,7
1234.0,5189.0,1009.0,120,1.4528040885925293,7
1113.0,5259.0,1031.0,121,1.4601359367370605,7
1905.0,4190.0,1755.0,122,1.469357967376709,7
3264.0,2835.0,2962.0,123,1.4758760929107666,7
1855.0,4558.0,1545.0,124,1.4824318885803223,7
1620.0,4396.0,1605.0,124,1.4824349880218506,7
1665.0,4519.0,1590.0,124,1.482438087463379,7
2047.0,4185.0,1695.0,126,1.494884967803955,7
2756.0,3077.0,2909.0,128,1.5117900371551514,8
3288.0,2373.0,3558.0,136,1.6014649868011475,8
4051.0,1806.0,4464.0,136,1.601470947265625,8
3279.0,2359.0,3601.0,138,1.6239368915557861,8
1875.0,3869.0,2165.0,139,1.6322839260101318,8
3490.0,2254.0,3705.0,140,1.6401710510253906,8
2601.0,3015.0,3039.0,141,1.6460990905761719,8
4067.0,1673.0,4339.0,142,1.6511609554290771,8
4058.0,1659.0,4382.0,142,1.6511640548706055,8
4750.0,1080.0,5156.0,142,1.6511828899383545,8
4020.0,1503.0,4679.0,143,1.657181978225708,8
4242.0,1418.0,4686.0,143,1.6571910381317139,8
5296.0,1020.0,5151.0,146,1.7118198871612549,8
5177.0,1074.0,5046.0,146,1.7118239402770996,8
3744.0,2340.0,3520.0,150,1.75777006149292,8
4635.0,1572.0,4243.0,150,1.7577729225158691,8
3627.0,2160.0,3727.0,152,1.7785379886627197,8
4237.0,1435.0,4790.0,153,1.7893879413604736,8
4594.0,1436.0,4559.0,153,1.7894010543823242,8
2674.0,2888.0,3205.0,156,1.8159129619598389,8
2488.0,3057.0,3199.0,157,1.821876049041748,8
1044.0,5465.0,1001.0,162,1.8688790798187256,8
810.0,5238.0,1213.0,163,1.8812110424041748,8
1576.0,4407.0,1706.0,180,2.000175952911377,8
1325.0,4437.0,1735.0,185,2.0499439239501953,8
1355.0,4611.0,1639.0,185,2.049949884414673,8
1259.0,4440.0,1819.0,187,2.0653600692749023,8
2729.0,3132.0,2776.0,196,2.132617950439453,8
1675.0,4096.0,1895.0,198,2.1439549922943115,8
1267.0,4595.0,1762.0,200,2.156280994415283,8
761.0,5297.0,1169.0,200,2.1562840938568115,8
2541.0,3458.0,2454.0,207,2.2184479236602783,8
1704.0,4259.0,1729.0,207,2.218477964401245,8
2217.0,3487.0,2452.0,213,2.251840114593506,8
925.0,4797.0,1417.0,220,2.3033668994903564,8
821.0,5086.0,1221.0,221,2.309911012649536,8
791.0,4912.0,1317.0,221,2.309915065765381,8
1492.0,4111.0,2006.0,238,2.455962896347046,8
1421.0,5066.0,1040.0,241,2.475209951400757,8
1930.0,4069.0,1880.0,248,2.521250009536743,8
1609.0,4533.0,1645.0,248,2.5212559700012207,8
2446.0,3381.0,2491.0,248,2.5212790966033936,8
1097.0,5017.0,1111.0,252,2.561466932296753,8
1277.0,4897.0,1160.0,252,2.5614700317382812,8
1948.0,4215.0,1705.0,253,2.5651040077209473,8
2466.0,3115.0,3232.0,274,2.7556378841400146,9
3078.0,2367.0,3837.0,274,2.755640983581543,9
3314.0,2233.0,3831.0,274,2.7556440830230713,9
3134.0,3024.0,2883.0,276,2.7751049995422363,9
2360.0,3721.0,2233.0,276,2.7751080989837646,9
3226.0,2455.0,3688.0,276,2.775131940841675,9
3462.0,2321.0,3682.0,276,2.775139093399048,9
1692.0,3952.0,2336.0,278,2.7915759086608887,9
1758.0,3949.0,2252.0,278,2.7915821075439453,9
2130.0,3772.0,2261.0,278,2.791588068008423,9
2572.0,3045.0,2987.0,279,2.7986090183258057,9
3570.0,2229.0,3685.0,282,2.817115068435669,9
2876.0,3033.0,2844.0,282,2.8171238899230957,9
2858.0,3064.0,2899.0,282,2.8171300888061523,9
3671.0,1982.0,3919.0,283,2.8225278854370117,9
4177.0,1605.0,4487.0,284,2.828110933303833,9
5176.0,1090.0,5142.0,294,2.985244035720825,9
3235.0,2960.0,2895.0,298,3.0274720191955566,9
1837.0,4530.0,1574.0,299,3.0362629890441895,9
3102.0,2979.0,2912.0,302,3.0687708854675293,9
3419.0,2356.0,3703.0,310,3.134131908416748,9
1944.0,3852.0,2264.0,316,3.1725969314575195,9
630.0,5303.0,1216.0,324,3.2337238788604736,9
2022.0,3613.0,2557.0,335,3.3094990253448486,9
1534.0,4483.0,1665.0,354,3.4040889739990234,9
1826.0,4090.0,1910.0,397,3.7043209075927734,9
1187.0,5067.0,1066.0,420,3.8594319820404053,9
1851.0,3969.0,2035.0,420,3.8594579696655273,9
2477.0,3465.0,2475.0,423,3.8775689601898193,9
1602.0,4427.0,1660.0,439,3.9675450325012207,9
859.0,4800.0,1501.0,441,3.982179880142212,9
2080.0,3591.0,2448.0,445,3.9988760948181152,9
1454.0,4095.0,2008.0,445,3.9988789558410645,9
3096.0,2521.0,3432.0,453,4.060653924942017,9
3446.0,2026.0,4096.0,453,4.060663938522339,9
2958.0,2596.0,3399.0,453,4.060667037963867,9
3447.0,2797.0,3043.0,489,4.2961509227752686,9
1560.0,4607.0,1553.0,493,4.345346927642822,9
1813.0,4517.0,1592.0,496,4.3628480434417725,9
1603.0,4315.0,1704.0,498,4.371902942657471,9
1829.0,4093.0,1863.0,504,4.390393018722534,9
2135.0,3834.0,2244.0,512,4.433613061904907,10
1293.0,4667.0,1661.0,530,4.582521915435791,10
1278.0,4590.0,1761.0,530,4.582567930221558,10
3471.0,2335.0,3639.0,536,4.633975028991699,10
2369.0,3735.0,2190.0,538,4.650619029998779,10
2723.0,2867.0,3142.0,543,4.687902927398682,10
2124.0,3855.0,2239.0,545,4.706935882568359,10
3093.0,2870.0,3000.0,546,4.715082883834839,10
2665.0,3189.0,2849.0,547,4.719904899597168,10
3305.0,2219.0,3874.0,548,4.726280927658081,10
3069.0,2353.0,3880.0,548,4.7262890338897705,10
1884.0,3747.0,2361.0,548,4.726300954818726,10
3865.0,2113.0,3746.0,556,4.769515037536621,10
2949.0,3002.0,2898.0,556,4.769524097442627,10
3911.0,2090.0,3797.0,557,4.7761640548706055,10
3792.0,2144.0,3692.0,557,4.776170015335083,10
3532.0,2073.0,3982.0,558,4.78144907951355,10
3422.0,2141.0,3834.0,558,4.781451940536499,10
1940.0,4507.0,1592.0,586,5.079296112060547,10
3888.0,1914.0,4030.0,603,5.218738079071045,10
3446.0,2333.0,3698.0,616,5.3063929080963135,10
1882.0,3812.0,2465.0,623,5.336344957351685,10
2160.0,3483.0,2582.0,626,5.3471291065216064,10
770.0,5270.0,1198.0,641,5.4597508907318115,10
1956.0,3616.0,2641.0,653,5.536374092102051,10
1565.0,4545.0,1613.0,694,5.692346096038818,10
2887.0,2916.0,3017.0,762,6.212613105773926,10
3025.0,2841.0,3050.0,762,6.212615966796875,10
1542.0,4638.0,1608.0,790,6.336493015289307,10
1318.0,4515.0,1778.0,796,6.361471891403198,10
1154.0,4761.0,1313.0,848,6.615545034408569,10
1968.0,3960.0,2040.0,850,6.626818895339966,10
948.0,4797.0,1415.0,865,6.719296932220459,10
2777.0,2709.0,3380.0,922,7.105725049972534,10
3475.0,2538.0,3247.0,952,7.2321860790252686,10
3337.0,2613.0,3214.0,952,7.232188940048218,10
3253.0,2623.0,3240.0,952,7.2321929931640625,10
3265.0,2949.0,2928.0,953,7.23983907699585,10
2556.0,3565.0,2320.0,969,7.343894958496094,10
2513.0,3078.0,3131.0,1042,7.810679912567139,11
2517.0,3101.0,2998.0,1046,7.837773084640503,11
3024.0,3031.0,2856.0,1052,7.877394914627075,11
1873.0,3885.0,2268.0,1058,7.905848979949951,11
2649.0,2914.0,3125.0,1058,7.905864000320435,11
1813.0,3829.0,2366.0,1058,7.905867099761963,11
2714.0,2853.0,3185.0,1059,7.9097900390625,11
2572.0,3159.0,2960.0,1066,7.934396982192993,11
2755.0,2871.0,3071.0,1074,7.964085102081299,11
4617.0,1603.0,4298.0,1112,8.242659091949463,11
3687.0,2394.0,3551.0,1120,8.287664890289307,11
4413.0,1657.0,4236.0,1138,8.42081093788147,11
1988.0,3633.0,2564.0,1192,8.749874114990234,11
3722.0,2017.0,3872.0,1614,10.598807096481323,11
2457.0,3595.0,2330.0,1763,11.375524044036865,11
1867.0,4305.0,1646.0,1784,11.424010038375854,11
2833.0,2799.0,3290.0,1888,12.033938884735107,12
2159.0,3790.0,2207.0,1899,12.091348886489868,12
3435.0,2334.0,3725.0,1900,12.094196081161499,12
2570.0,3061.0,3090.0,1909,12.128000974655151,12
5222.0,1197.0,5031.0,1964,12.298417091369629,12
5038.0,1165.0,5109.0,1990,12.548412084579468,12
3867.0,2268.0,3605.0,2040,12.853218078613281,12
4009.0,2076.0,3803.0,2040,12.85322093963623,12
4440.0,1587.0,4350.0,2060,12.984450101852417,12
2859.0,2757.0,3274.0,2110,13.226308107376099,12
2997.0,2682.0,3307.0,2114,13.24406909942627,12
1897.0,3745.0,2382.0,2136,13.311201095581055,12
1909.0,3653.0,2742.0,2181,13.521289110183716,12
3191.0,2491.0,3739.0,2920,16.39886498451233,13
1212.0,4593.0,1845.0,2985,16.789825916290283,13
3166.0,2839.0,3054.0,3062,17.151957035064697,13
2250.0,3728.0,2206.0,3062,17.151962995529175,13
2393.0,3151.0,3025.0,3080,17.204360961914062,13
2508.0,3087.0,3041.0,3080,17.204365968704224,13
2510.0,3005.0,3188.0,3081,17.209228992462158,13
4355.0,1758.0,4292.0,3266,18.15230393409729,13
4265.0,1569.0,4385.0,3300,18.316555976867676,13
2538.0,3477.0,2471.0,4146,21.271367073059082,13
2756.0,3569.0,2303.0,4146,21.27136993408203,13
2744.0,3243.0,2615.0,4147,21.281301975250244,13
3879.0,2119.0,3680.0,4192,21.415019035339355,13
3042.0,2920.0,2955.0,4224,21.548917055130005,13
2296.0,3705.0,2257.0,4400,22.198391914367676,14
1807.0,3888.0,2352.0,4492,22.516030073165894,14
2340.0,3247.0,3112.0,4493,22.51979088783264,14
4018.0,2090.0,3760.0,4752,23.588272094726562,14
3127.0,3024.0,2895.0,5581,26.26802396774292,14
3267.0,2940.0,2921.0,5638,26.496224880218506,14
3970.0,1791.0,4520.0,5712,26.718501091003418,15
2504.0,3064.0,3174.0,5907,27.30849289894104,15
4256.0,1555.0,4428.0,6214,28.465034008026123,15
2821.0,3301.0,2603.0,6898,30.49721097946167,15
2457.0,3101.0,3275.0,7179,31.19508409500122,16
5047.0,1179.0,5066.0,7286,31.656914949417114,16
5080.0,1206.0,5062.0,8224,34.111265897750854,17
4807.0,1218.0,5113.0,8865,35.88144302368164,18
4261.0,1717.0,4318.0,9054,36.47540307044983,18
4124.0,1811.0,4296.0,9416,37.2610878944397,19
4479.0,1809.0,4150.0,9544,37.641180992126465,19
4397.0,1799.0,4245.0,9561,37.688612937927246,19
4422.0,1671.0,4193.0,9596,37.80214500427246,19
5104.0,1317.0,5023.0,10140,39.00400495529175,22
4364.0,1772.0,4249.0,10218,39.15759205818176,22
