z1,z2,z3,node,time,depth
-77.0,-75.0,-82.0,1,0.0058019161224365234,1
-86.0,-64.0,-82.0,1,0.005822896957397461,1
-86.0,-72.0,-74.0,1,0.005847930908203125,1
-70.0,-79.0,-72.0,2,0.01207590103149414,2
-83.0,-74.0,-77.0,4,0.022017955780029297,3
-86.0,-65.0,-79.0,5,0.026913881301879883,3
-80.0,-72.0,-82.0,6,0.03270888328552246,3
-80.0,-73.0,-79.0,6,0.0327150821685791,3
-81.0,-70.0,-81.0,8,0.04109692573547363,4
-80.0,-62.0,-87.0,14,0.06424593925476074,4
-83.0,-68.0,-83.0,15,0.06807899475097656,4
-83.0,-75.0,-74.0,22,0.09510087966918945,5
-83.0,-69.0,-80.0,29,0.11738896369934082,5
-73.0,-77.0,-69.0,31,0.12246489524841309,5
-87.0,-64.0,-64.0,39,0.14526605606079102,6
-76.0,-76.0,-66.0,41,0.15019989013671875,6
-72.0,-77.0,-70.0,48,0.16645002365112305,6
-80.0,-71.0,-83.0,61,0.19722390174865723,6
-87.0,-57.0,-69.0,79,0.2332918643951416,7
-87.0,-65.0,-61.0,175,0.3769218921661377,8
-77.0,-66.0,-86.0,201,0.4150199890136719,8
-77.0,-76.0,-65.0,442,0.642448902130127,10
-84.0,-68.0,-78.0,445,0.6449198722839355,10
-87.0,-58.0,-66.0,531,0.7039308547973633,10
-64.0,-76.0,-78.0,853,0.9162280559539795,11
-72.0,-78.0,-67.0,859,0.919105052947998,11
-67.0,-59.0,-90.0,871,0.9271678924560547,11
-73.0,-76.0,-72.0,995,0.9999179840087891,12
-77.0,-77.0,-62.0,1300,1.1572949886322021,13
-85.0,-71.0,-77.0,1454,1.23927903175354,14
-86.0,-66.0,-77.0,1462,1.2426910400390625,14
-71.0,-54.0,-88.0,1538,1.2806990146636963,14
-84.0,-63.0,-83.0,1562,1.2923619747161865,14
-75.0,-77.0,-68.0,1600,1.3101449012756348,15
-68.0,-77.0,-76.0,1700,1.360637903213501,16
-69.0,-55.0,-88.0,1716,1.3685078620910645,16
-78.0,-69.0,-85.0,1726,1.3733999729156494,16
-83.0,-70.0,-78.0,1728,1.3742430210113525,16
-68.0,-60.0,-88.0,1750,1.3841118812561035,17
-68.0,-78.0,-73.0,1760,1.3887569904327393,17
-81.0,-73.0,-78.0,1774,1.3943109512329102,17
-74.0,-76.0,-69.0,1788,1.3999850749969482,18
-81.0,-65.0,-86.0,1792,1.4017250537872314,18
