z1,z2,z3,node,time,depth
-12907.0,-21405.0,-12674.0,1,0.03258705139160156,1
-12618.0,-21298.0,-12907.0,1,0.032594919204711914,1
-18343.0,-15280.0,-19388.0,1,0.03260302543640137,1
-16550.0,-18452.0,-15811.0,1,0.03261208534240723,1
-18545.0,-16337.0,-17525.0,1,0.032621145248413086,1
-14688.0,-19059.0,-15895.0,1,0.03262901306152344,1
-13778.0,-20347.0,-14316.0,1,0.03263711929321289,1
-19229.0,-14535.0,-19904.0,1,0.03264498710632324,1
-17844.0,-16361.0,-18613.0,1,0.0326540470123291,1
-17904.0,-16417.0,-18477.0,1,0.03266191482543945,1
-18082.0,-17009.0,-16710.0,1,0.032670021057128906,1
-15728.0,-19221.0,-14622.0,1,0.03267812728881836,1
-15713.0,-19261.0,-14320.0,1,0.03268599510192871,1
-16958.0,-17106.0,-18097.0,1,0.032694101333618164,1
-16083.0,-18529.0,-16249.0,1,0.03270292282104492,1
-12808.0,-21084.0,-13316.0,1,0.032711029052734375,1
-12950.0,-21063.0,-13342.0,1,0.03271913528442383,1
-17510.0,-17158.0,-17665.0,1,0.03272700309753418,1
-18441.0,-16433.0,-17614.0,1,0.03273510932922363,1
-18511.0,-15667.0,-19023.0,1,0.03274393081665039,1
-20476.0,-13847.0,-19316.0,1,0.032752037048339844,1
-19442.0,-14942.0,-18972.0,1,0.0327601432800293,1
-19289.0,-14591.0,-19768.0,1,0.03276801109313965,1
-20214.0,-13721.0,-19853.0,1,0.0327761173248291,1
-19839.0,-13475.0,-20300.0,1,0.03278398513793945,1
-19552.0,-13407.0,-20311.0,1,0.032792091369628906,1
-13239.0,-21170.0,-13109.0,1,0.032800912857055664,1
-14712.0,-19888.0,-14687.0,1,0.03280901908874512,1
-15812.0,-19078.0,-15300.0,1,0.03281712532043457,1
-13971.0,-20640.0,-13474.0,1,0.03282499313354492,1
-14233.0,-20415.0,-13797.0,1,0.032833099365234375,1
-19924.0,-13632.0,-20294.0,1,0.03284096717834473,1
-19913.0,-13780.0,-20129.0,1,0.032850027084350586,1
-19973.0,-13836.0,-19993.0,1,0.03285813331604004,1
-19984.0,-13688.0,-20158.0,1,0.03286600112915039,1
-14990.0,-19847.0,-14111.0,1,0.032874107360839844,1
-14975.0,-19887.0,-13809.0,1,0.032881975173950195,1
-14339.0,-20360.0,-13722.0,1,0.032891035079956055,1
-14324.0,-20400.0,-13420.0,1,0.03289914131164551,1
-17908.0,-17015.0,-16356.0,2,0.08091998100280762,2
-18580.0,-16283.0,-17506.0,2,0.08093714714050293,2
-14681.0,-19804.0,-14783.0,2,0.08096194267272949,2
-15608.0,-19217.0,-14982.0,2,0.08097004890441895,2
-16568.0,-17923.0,-16836.0,2,0.08098602294921875,2
-16502.0,-18468.0,-15193.0,2,0.08101105690002441,2
-17174.0,-17736.0,-16343.0,2,0.08102703094482422,2
-16139.0,-17654.0,-17407.0,2,0.08103609085083008,2
-16052.0,-18445.0,-16345.0,2,0.08104395866394043,2
-15149.0,-18988.0,-15878.0,2,0.08105206489562988,2
-14870.0,-19843.0,-14471.0,2,0.08106803894042969,2
-14855.0,-18424.0,-16582.0,2,0.08107614517211914,2
-19195.0,-14912.0,-19248.0,2,0.0810999870300293,2
-18194.0,-16403.0,-17890.0,2,0.08110904693603516,2
-18588.0,-15662.0,-18702.0,2,0.08111691474914551,2
-16987.0,-16983.0,-17886.0,2,0.08114099502563477,2
-20091.0,-13574.0,-19977.0,2,0.08119797706604004,2
-17775.0,-17018.0,-17293.0,2,0.08123898506164551,2
-18169.0,-16277.0,-18105.0,2,0.08124709129333496,2
-18109.0,-16221.0,-18241.0,2,0.08125495910644531,2
-20186.0,-13758.0,-19757.0,3,0.12016010284423828,2
-15160.0,-19690.0,-14324.0,3,0.12016797065734863,2
-13595.0,-20668.0,-13522.0,3,0.12017607688903809,2
-13808.0,-20634.0,-13718.0,3,0.1201930046081543,2
-15898.0,-19064.0,-14835.0,3,0.12023496627807617,2
-15830.0,-18419.0,-16501.0,3,0.12025094032287598,2
-20246.0,-13814.0,-19621.0,3,0.12030792236328125,2
-19865.0,-14542.0,-18655.0,3,0.12038207054138184,2
-19702.0,-14662.0,-18983.0,3,0.12038993835449219,2
-19194.0,-15397.0,-18376.0,3,0.12039804458618164,2
-19407.0,-15228.0,-17974.0,3,0.1204071044921875,2
-20092.0,-13885.0,-19643.0,4,0.1685781478881836,3
-15229.0,-18942.0,-15828.0,4,0.1685950756072998,3
-14992.0,-18167.0,-16715.0,4,0.16863608360290527,3
-14696.0,-18117.0,-16780.0,4,0.16864395141601562,3
-20129.0,-13564.0,-19859.0,4,0.16867709159851074,3
-20224.0,-13608.0,-19775.0,4,0.1686849594116211,3
-19905.0,-14133.0,-19545.0,4,0.16869306564331055,3
-15635.0,-19019.0,-15439.0,4,0.16872692108154297,3
-20006.0,-13417.0,-19983.0,4,0.16881704330444336,3
-20101.0,-13461.0,-19899.0,4,0.1688249111175537,3
-19653.0,-13894.0,-20004.0,4,0.16883397102355957,3
-19298.0,-14883.0,-18999.0,4,0.16886591911315918,3
-19581.0,-14792.0,-18864.0,4,0.16887402534484863,3
-18914.0,-15486.0,-18454.0,4,0.16895604133605957,3
-18974.0,-15542.0,-18318.0,4,0.16896414756774902,3
-16986.0,-17811.0,-16420.0,5,0.2234039306640625,3
-20367.0,-13750.0,-19426.0,5,0.2234201431274414,3
-19208.0,-15250.0,-18164.0,5,0.22342801094055176,3
-17835.0,-16979.0,-16986.0,5,0.2234361171722412,3
-19671.0,-14582.0,-19103.0,5,0.22346210479736328,3
-15261.0,-19298.0,-15060.0,5,0.22346997261047363,3
-16075.0,-18660.0,-15495.0,5,0.22347807884216309,3
-13718.0,-19796.0,-14895.0,5,0.22351908683776855,3
-14278.0,-20046.0,-14236.0,5,0.22355198860168457,3
-13437.0,-20499.0,-13908.0,5,0.22358393669128418,3
-14341.0,-19753.0,-14877.0,5,0.22373294830322266,3
-14549.0,-19572.0,-15112.0,5,0.2237410545349121,3
-15220.0,-19110.0,-15544.0,6,0.27564501762390137,3
-16426.0,-18372.0,-15870.0,6,0.2757110595703125,3
-18117.0,-16819.0,-16585.0,6,0.27571892738342285,3
-16515.0,-18322.0,-15814.0,6,0.2757270336151123,3
-15743.0,-19134.0,-14701.0,6,0.27573513984680176,3
-17076.0,-17237.0,-17738.0,6,0.2757680416107178,3
-15666.0,-19103.0,-15343.0,6,0.27577710151672363,3
-14938.0,-19790.0,-14352.0,6,0.2758510112762451,3
-14762.0,-19849.0,-14374.0,6,0.27585911750793457,3
-14441.0,-19925.0,-14520.0,6,0.2758669853210449,3
-17958.0,-16929.0,-16769.0,6,0.2758760452270508,3
-18047.0,-16879.0,-16713.0,6,0.2758920192718506,3
-18835.0,-15692.0,-18426.0,6,0.27590012550354004,3
-18740.0,-16076.0,-17215.0,6,0.2759249210357666,3
-16501.0,-17756.0,-17273.0,7,0.3146030902862549,3
-17163.0,-17034.0,-17812.0,7,0.3146190643310547,3
-18895.0,-15332.0,-18956.0,7,0.31466007232666016,3
-18772.0,-15185.0,-19080.0,7,0.3146679401397705,3
-13992.0,-20635.0,-12985.0,8,0.360476016998291,4
-13446.0,-20582.0,-13881.0,8,0.3604929447174072,4
-13945.0,-19712.0,-15003.0,8,0.3605179786682129,4
-16385.0,-18529.0,-15470.0,8,0.36052608489990234,4
-14967.0,-19167.0,-15505.0,8,0.3606579303741455,4
-15519.0,-19219.0,-15073.0,8,0.36066603660583496,4
-13839.0,-20480.0,-13909.0,8,0.36068296432495117,4
-14608.0,-20068.0,-14148.0,8,0.3606910705566406,4
-15077.0,-19734.0,-14233.0,9,0.41830897331237793,4
-15062.0,-19774.0,-13931.0,9,0.4183330535888672,4
-17050.0,-17559.0,-16641.0,10,0.47221803665161133,4
-18470.0,-16123.0,-17658.0,10,0.4722261428833008,4
-16686.0,-17729.0,-16930.0,10,0.472275972366333,4
-18829.0,-15547.0,-18562.0,10,0.4722919464111328,4
-15677.0,-18259.0,-16708.0,10,0.4723930358886719,4
-14351.0,-19087.0,-15697.0,10,0.4724090099334717,4
-16388.0,-17845.0,-16986.0,10,0.47246813774108887,4
-15504.0,-18852.0,-15624.0,10,0.4725010395050049,4
-15591.0,-18516.0,-16362.0,11,0.5252859592437744,4
-18994.0,-15479.0,-18248.0,11,0.5254111289978027,4
-15244.0,-18392.0,-16509.0,11,0.525428056716919,4
-15682.0,-18304.0,-16583.0,11,0.5254359245300293,4
-17265.0,-16877.0,-17918.0,12,0.5719881057739258,4
-18905.0,-15018.0,-19395.0,12,0.5720300674438477,4
-16275.0,-17698.0,-17301.0,12,0.5720551013946533,4
-18298.0,-15768.0,-18849.0,12,0.5720710754394531,4
-16785.0,-17699.0,-17013.0,12,0.5720789432525635,4
-17634.0,-16918.0,-17484.0,12,0.5721440315246582,4
-18785.0,-16006.0,-17219.0,12,0.5721850395202637,4
-19451.0,-14714.0,-19242.0,12,0.5722019672393799,4
-19577.0,-14724.0,-18978.0,12,0.5722100734710693,4
-18735.0,-15689.0,-18437.0,12,0.5722179412841797,4
-17352.0,-16457.0,-18469.0,12,0.5722260475158691,4
-18238.0,-15712.0,-18985.0,12,0.5722339153289795,4
-18032.0,-15538.0,-19107.0,12,0.572242021560669,4
-19248.0,-15338.0,-18158.0,12,0.5722839832305908,4
-16279.0,-18489.0,-15644.0,13,0.6270620822906494,4
-16717.0,-17813.0,-16834.0,13,0.6271359920501709,4
-19203.0,-15404.0,-18030.0,13,0.6272590160369873,4
-19099.0,-15500.0,-18119.0,13,0.6272671222686768,4
-16847.0,-17719.0,-16854.0,13,0.6272749900817871,4
-17696.0,-16938.0,-17325.0,13,0.6272830963134766,4
-17607.0,-16988.0,-17381.0,13,0.6272909641265869,4
-17904.0,-16509.0,-18037.0,14,0.6948540210723877,4
-18220.0,-16379.0,-17962.0,14,0.6948621273040771,4
-17424.0,-17231.0,-17263.0,14,0.6948709487915039,4
-15598.0,-19215.0,-15012.0,14,0.6948790550231934,4
-15949.0,-18561.0,-15908.0,14,0.6948950290679932,4
-14578.0,-19920.0,-14346.0,14,0.694904088973999,4
-14659.0,-19903.0,-14322.0,14,0.6949200630187988,4
-14694.0,-19961.0,-14043.0,14,0.6949291229248047,4
-16939.0,-17797.0,-16623.0,14,0.69498610496521,4
-17065.0,-17807.0,-16359.0,14,0.6949939727783203,4
-17956.0,-16999.0,-16974.0,14,0.6950020790100098,4
-17926.0,-16800.0,-17224.0,15,0.7343161106109619,4
-18389.0,-16132.0,-18163.0,15,0.7344141006469727,4
-18266.0,-15985.0,-18287.0,15,0.7344300746917725,4
-16164.0,-18475.0,-15818.0,16,0.8259940147399902,5
-20152.0,-13941.0,-19507.0,16,0.8261399269104004,5
-13117.0,-20428.0,-14029.0,17,0.8877401351928711,5
-19667.0,-14677.0,-18802.0,17,0.8878049850463867,5
-14428.0,-19990.0,-14298.0,17,0.8878369331359863,5
-15085.0,-19298.0,-15146.0,17,0.8878700733184814,5
-20104.0,-14081.0,-19372.0,17,0.8878939151763916,5
-20190.0,-13970.0,-19434.0,17,0.887902021408081,5
-14337.0,-20105.0,-13981.0,17,0.8880000114440918,5
-15137.0,-19384.0,-14624.0,17,0.888024091720581,5
-14347.0,-18729.0,-16041.0,18,0.9532630443572998,5
-15369.0,-19037.0,-15549.0,18,0.9533610343933105,5
-14466.0,-19580.0,-15082.0,18,0.9534990787506104,5
-13830.0,-20292.0,-14065.0,19,1.0205349922180176,5
-15347.0,-19073.0,-15469.0,19,1.0206270217895508,5
-13441.0,-20375.0,-14118.0,19,1.0207319259643555,5
-15337.0,-19254.0,-14815.0,19,1.0207891464233398,5
-14765.0,-18863.0,-15932.0,19,1.0208780765533447,5
-14220.0,-19560.0,-15142.0,19,1.0208871364593506,5
-20135.0,-13959.0,-19467.0,20,1.0809991359710693,5
-19683.0,-13897.0,-19952.0,20,1.0810070037841797,5
-16545.0,-17731.0,-17018.0,20,1.0812199115753174,5
-19589.0,-14263.0,-19620.0,20,1.0812771320343018,5
-18982.0,-15013.0,-19074.0,20,1.0812859535217285,5
-15002.0,-19302.0,-15236.0,22,1.2033929824829102,5
-15918.0,-18606.0,-15908.0,22,1.2034010887145996,5
-15211.0,-19186.0,-15327.0,22,1.20340895652771,5
-14817.0,-19223.0,-15443.0,22,1.203442096710205,5
-16429.0,-17931.0,-16652.0,22,1.2034499645233154,5
-14356.0,-19294.0,-15460.0,22,1.2034580707550049,5
-14025.0,-19936.0,-14488.0,22,1.203474998474121,5
-15420.0,-18529.0,-16260.0,22,1.2035319805145264,5
-16860.0,-17801.0,-16684.0,22,1.2035479545593262,5
-19056.0,-15284.0,-18549.0,22,1.203563928604126,5
-16864.0,-17867.0,-16368.0,23,1.254939079284668,5
-16335.0,-18324.0,-16031.0,23,1.2549550533294678,5
-15424.0,-19173.0,-15106.0,23,1.2549629211425781,5
-18953.0,-15417.0,-18482.0,23,1.2550280094146729,5
-13646.0,-20383.0,-13999.0,23,1.2551419734954834,5
-19033.0,-14954.0,-19281.0,24,1.3153741359710693,5
-15863.0,-18934.0,-14838.0,24,1.3154380321502686,5
-16146.0,-18281.0,-16248.0,24,1.3155269622802734,5
-16393.0,-17829.0,-16942.0,24,1.315535068511963,5
-17141.0,-17202.0,-17290.0,24,1.3155920505523682,5
-18022.0,-15565.0,-19182.0,26,1.4425630569458008,5
-16520.0,-16655.0,-18252.0,26,1.4426519870758057,5
-16127.0,-18531.0,-15488.0,26,1.4426770210266113,5
-18331.0,-15597.0,-19038.0,26,1.4426851272583008,5
-17818.0,-16490.0,-18075.0,26,1.442708969116211,5
-17941.0,-16481.0,-17933.0,26,1.4427249431610107,5
-18614.0,-15638.0,-18774.0,26,1.4427900314331055,5
-17570.0,-16591.0,-18134.0,26,1.442798137664795,5
-18554.0,-15582.0,-18910.0,26,1.4428060054779053,5
-19441.0,-14549.0,-19408.0,27,1.5137810707092285,5
-19381.0,-14493.0,-19544.0,27,1.513822078704834,5
-18434.0,-16065.0,-17831.0,27,1.5138380527496338,5
-18897.0,-15397.0,-18770.0,27,1.5138869285583496,5
-18055.0,-16362.0,-18229.0,27,1.5138959884643555,5
-17113.0,-17241.0,-17310.0,28,1.5694999694824219,5
-15746.0,-19106.0,-14679.0,28,1.5695250034332275,5
-19071.0,-15250.0,-18500.0,28,1.5695409774780273,5
-17376.0,-17190.0,-17324.0,29,1.6176490783691406,5
-16260.0,-18463.0,-16010.0,30,1.6525471210479736,5
-16843.0,-17798.0,-16776.0,30,1.652554988861084,5
-17387.0,-17011.0,-17789.0,30,1.6526119709014893,5
-16635.0,-18213.0,-15505.0,30,1.6526451110839844,5
-17020.0,-17732.0,-16537.0,30,1.6526529788970947,5
-15593.0,-19150.0,-15306.0,30,1.6526689529418945,5
-15677.0,-19089.0,-15323.0,30,1.6526849269866943,5
-18162.0,-16077.0,-18252.0,30,1.6527011394500732,5
-14908.0,-19824.0,-14331.0,31,1.6875081062316895,5
-16260.0,-18395.0,-16180.0,31,1.6875159740447998,5
-14628.0,-19948.0,-14322.0,32,1.731571912765503,6
-20353.0,-13700.0,-19440.0,32,1.7316370010375977,6
-15428.0,-19227.0,-14965.0,32,1.731693983078003,6
-14110.0,-20537.0,-13132.0,32,1.7317259311676025,6
-18457.0,-16136.0,-17630.0,32,1.7317919731140137,6
-14771.0,-19919.0,-14117.0,32,1.731816053390503,6
-14730.0,-20009.0,-13496.0,32,1.7318320274353027,6
-13890.0,-20657.0,-13498.0,33,1.8031530380249023,6
-15215.0,-19204.0,-15166.0,33,1.8033549785614014,6
-19852.0,-13842.0,-19831.0,34,1.8738009929656982,6
-19822.0,-14112.0,-19596.0,35,1.9387500286102295,6
-19997.0,-13841.0,-19727.0,35,1.938758134841919,6
-19893.0,-13933.0,-19692.0,35,1.9387660026550293,6
-17844.0,-16849.0,-17041.0,36,1.9929969310760498,6
-14808.0,-18658.0,-16024.0,37,2.0596039295196533,6
-14535.0,-18726.0,-16035.0,40,2.2042181491851807,6
-18776.0,-15527.0,-18651.0,42,2.320500135421753,6
-18433.0,-16085.0,-17798.0,42,2.3205320835113525,6
-14812.0,-19016.0,-15680.0,42,2.3205809593200684,6
-16966.0,-17437.0,-16848.0,42,2.3206779956817627,6
-15969.0,-18530.0,-15933.0,44,2.4439139366149902,6
-15312.0,-19222.0,-15085.0,44,2.4439899921417236,6
-14749.0,-19192.0,-15488.0,45,2.5322580337524414,6
-17652.0,-16871.0,-17417.0,46,2.5804460048675537,6
-15267.0,-19119.0,-15519.0,46,2.580641031265259,6
-16530.0,-17633.0,-17062.0,46,2.580704927444458,6
-15665.0,-18466.0,-16369.0,46,2.580713987350464,6
-15318.0,-19160.0,-15351.0,47,2.6255340576171875,6
-14550.0,-19637.0,-14968.0,47,2.6256229877471924,6
-19350.0,-14083.0,-19841.0,48,2.6801929473876953,6
-16523.0,-17735.0,-16962.0,50,2.810431957244873,6
-17969.0,-16382.0,-18029.0,50,2.810529947280884,6
-19122.0,-15328.0,-18422.0,50,2.8105709552764893,6
-19298.0,-15131.0,-18084.0,51,2.869202136993408,6
-19180.0,-14816.0,-19509.0,52,2.917504072189331,6
-18939.0,-15596.0,-18337.0,53,2.9811220169067383,6
-19508.0,-14683.0,-18991.0,53,2.981220006942749,6
-18813.0,-15586.0,-18601.0,53,2.9813411235809326,6
-18558.0,-15493.0,-18902.0,54,3.0480690002441406,6
-18065.0,-16249.0,-18151.0,54,3.0481910705566406,6
-15812.0,-18566.0,-16082.0,55,3.100520133972168,6
-16441.0,-17979.0,-16439.0,56,3.147958993911743,6
-15415.0,-19242.0,-14831.0,56,3.1479671001434326,6
-18964.0,-15163.0,-18704.0,58,3.2331480979919434,6
-17575.0,-17123.0,-17217.0,58,3.2331809997558594,6
-19021.0,-15342.0,-18692.0,59,3.2648420333862305,6
-19085.0,-15300.0,-18486.0,59,3.2648510932922363,6
-18436.0,-16244.0,-17759.0,59,3.2648911476135254,6
-18310.0,-16234.0,-18023.0,59,3.264899969100952,6
-16437.0,-18358.0,-15850.0,60,3.2948191165924072,6
-16239.0,-17845.0,-17007.0,60,3.294851064682007,6
-14763.0,-19760.0,-14720.0,61,3.328745126724243,6
-16619.0,-17887.0,-16914.0,61,3.3288021087646484,6
-17803.0,-16653.0,-17348.0,61,3.328843116760254,6
-16657.0,-18157.0,-15666.0,62,3.358997106552124,6
-16635.0,-18171.0,-15769.0,62,3.359013080596924,6
-17241.0,-16881.0,-17793.0,62,3.359020948410034,6
-18285.0,-16224.0,-18128.0,62,3.35903000831604,6
-17622.0,-16790.0,-17697.0,62,3.3590381145477295,6
-17691.0,-16843.0,-17505.0,63,3.381432056427002,6
-13770.0,-20735.0,-13013.0,64,3.4320731163024902,7
-17041.0,-17566.0,-16602.0,66,3.5566771030426025,7
-19918.0,-14471.0,-18461.0,67,3.6218879222869873,7
-15253.0,-19324.0,-14893.0,67,3.621953010559082,7
-20057.0,-13897.0,-19591.0,67,3.6219770908355713,7
-19953.0,-13989.0,-19556.0,67,3.6219849586486816,7
-18485.0,-16239.0,-17590.0,67,3.6220829486846924,7
-18904.0,-15624.0,-18187.0,67,3.6221070289611816,7
-20381.0,-13803.0,-19400.0,67,3.6221230030059814,7
-13993.0,-19624.0,-15038.0,68,3.6882059574127197,7
-13896.0,-20478.0,-13957.0,72,3.894882917404175,7
-14772.0,-19592.0,-15004.0,72,3.894906997680664,7
-14971.0,-19789.0,-14308.0,72,3.8950369358062744,7
-14890.0,-19723.0,-14645.0,72,3.8951261043548584,7
-15562.0,-19066.0,-15402.0,72,3.8951339721679688,7
-15764.0,-19094.0,-14682.0,73,3.959731101989746,7
-14101.0,-20255.0,-14232.0,73,3.959852933883667,7
-15157.0,-18046.0,-16763.0,77,4.124345064163208,7
-15189.0,-19026.0,-15640.0,77,4.124395132064819,7
-16237.0,-18151.0,-16255.0,80,4.243206024169922,7
-20052.0,-13938.0,-19518.0,81,4.305241107940674,7
-19450.0,-14543.0,-19361.0,85,4.531995058059692,7
-19319.0,-14666.0,-19401.0,85,4.532028913497925,7
-15755.0,-18106.0,-16689.0,85,4.5322160720825195,7
-15678.0,-18687.0,-15592.0,86,4.6228179931640625,7
-15925.0,-18296.0,-16369.0,87,4.657050132751465,7
-16518.0,-17751.0,-17006.0,87,4.657058000564575,7
-13505.0,-19830.0,-14699.0,88,4.698650121688843,7
-14404.0,-19206.0,-15495.0,88,4.698739051818848,7
-15092.0,-19408.0,-14671.0,89,4.74872612953186,7
-13845.0,-19938.0,-14519.0,89,4.748775959014893,7
-15949.0,-18650.0,-15759.0,90,4.790394067764282,7
-16434.0,-18084.0,-16399.0,90,4.790460109710693,7
-16835.0,-17929.0,-16022.0,90,4.790508031845093,7
-14357.0,-19701.0,-14923.0,93,4.907086133956909,7
-14806.0,-19190.0,-15536.0,93,4.907127141952515,7
-17462.0,-17174.0,-17047.0,95,4.96390700340271,7
-16353.0,-17545.0,-17282.0,98,5.13698410987854,7
-18093.0,-15738.0,-18881.0,98,5.137098073959351,7
-19314.0,-15043.0,-18036.0,100,5.249927043914795,7
-17028.0,-17504.0,-16686.0,102,5.354639053344727,7
-18426.0,-15704.0,-18735.0,102,5.354802131652832,7
-18969.0,-14649.0,-19779.0,104,5.452101945877075,7
-18425.0,-15740.0,-18621.0,104,5.4521191120147705,7
-18614.0,-16066.0,-17479.0,104,5.452175140380859,7
-18281.0,-15396.0,-19263.0,104,5.452192068099976,7
-19528.0,-14600.0,-19324.0,105,5.512491941452026,7
-18942.0,-14467.0,-19915.0,105,5.5125250816345215,7
-19588.0,-14656.0,-19188.0,105,5.512655019760132,7
-17733.0,-16549.0,-17894.0,106,5.564805030822754,7
-18419.0,-15810.0,-18605.0,106,5.564813137054443,7
-18585.0,-16116.0,-17426.0,106,5.564829111099243,7
-18964.0,-15531.0,-18353.0,106,5.564868927001953,7
-18790.0,-15700.0,-18404.0,106,5.564893960952759,7
-18104.0,-16439.0,-17693.0,106,5.564999103546143,7
-18753.0,-15530.0,-18737.0,107,5.6285719871521,7
-18644.0,-15437.0,-18971.0,107,5.628588914871216,7
-16693.0,-17511.0,-17225.0,110,5.775341033935547,7
-17036.0,-16953.0,-18078.0,110,5.7753729820251465,7
-17699.0,-16387.0,-18509.0,110,5.775382041931152,7
-18168.0,-16225.0,-18170.0,110,5.775493144989014,7
-16997.0,-17521.0,-16752.0,110,5.775557994842529,7
-18539.0,-15458.0,-19003.0,111,5.815000057220459,7
-18599.0,-15514.0,-18867.0,111,5.815138101577759,7
-18898.0,-15195.0,-18816.0,113,5.9134111404418945,7
-16082.0,-18555.0,-15535.0,113,5.913583040237427,7
-14966.0,-19309.0,-15084.0,114,5.954916000366211,7
-17703.0,-17059.0,-17103.0,116,6.022346019744873,7
-18189.0,-16714.0,-16565.0,116,6.022361993789673,7
-18811.0,-15936.0,-17320.0,116,6.022402048110962,7
-17344.0,-17635.0,-16199.0,116,6.022411108016968,7
-18652.0,-16046.0,-17504.0,116,6.022443056106567,7
-18526.0,-16036.0,-17768.0,116,6.022459983825684,7
-16416.0,-18484.0,-15470.0,117,6.064121961593628,7
-16243.0,-18471.0,-15757.0,117,6.064137935638428,7
-18917.0,-15434.0,-18657.0,119,6.124535083770752,7
-18032.0,-16445.0,-17923.0,119,6.124542951583862,7
-16932.0,-17255.0,-17310.0,119,6.124567031860352,7
-16591.0,-18183.0,-15648.0,120,6.153403043746948,7
-16997.0,-17612.0,-16680.0,121,6.182981014251709,7
-15897.0,-18839.0,-14994.0,121,6.183006048202515,7
-16353.0,-18419.0,-15833.0,122,6.209988117218018,7
-14768.0,-19660.0,-14662.0,122,6.210052967071533,7
-17788.0,-16850.0,-17213.0,124,6.254349946975708,7
-17098.0,-17503.0,-16708.0,124,6.254365921020508,7
-17579.0,-16989.0,-17413.0,126,6.297101974487305,7
-16827.0,-17750.0,-16869.0,126,6.297133922576904,7
-17013.0,-17780.0,-16626.0,126,6.297142028808594,7
-19283.0,-15280.0,-18015.0,132,6.599215984344482,8
-19895.0,-14437.0,-18471.0,132,6.599224090576172,8
-19225.0,-15363.0,-17660.0,132,6.599455118179321,8
-19806.0,-14573.0,-18647.0,132,6.599462985992432,8
-15647.0,-19155.0,-14959.0,132,6.599496126174927,8
-17842.0,-16909.0,-16995.0,132,6.5995519161224365,8
-14855.0,-19858.0,-14134.0,133,6.6785359382629395,8
-13809.0,-20369.0,-13966.0,133,6.678569078445435,8
-17052.0,-17552.0,-16582.0,133,6.67861795425415,8
-14578.0,-19957.0,-14205.0,133,6.678674936294556,8
-20277.0,-13895.0,-19365.0,135,6.780194044113159,8
-14996.0,-19668.0,-14570.0,144,7.158422946929932,8
-14416.0,-19475.0,-15193.0,145,7.221707105636597,8
-14732.0,-19676.0,-14816.0,145,7.221750974655151,8
-13927.0,-20470.0,-13816.0,145,7.221759080886841,8
-14757.0,-19860.0,-14402.0,145,7.221776962280273,8
-13367.0,-20927.0,-13129.0,145,7.221785068511963,8
-13158.0,-20882.0,-13577.0,145,7.221792936325073,8
-16368.0,-18228.0,-16056.0,146,7.3289361000061035,8
-16436.0,-18362.0,-15832.0,147,7.372848987579346,8
-15336.0,-19172.0,-15219.0,147,7.3729469776153564,8
-14401.0,-19658.0,-14854.0,152,7.526332139968872,8
-12876.0,-20036.0,-14490.0,152,7.526348114013672,8
-14447.0,-18864.0,-15925.0,152,7.526444911956787,8
-14900.0,-18772.0,-15954.0,152,7.526461124420166,8
-14698.0,-18801.0,-15977.0,153,7.562814950942993,8
-15458.0,-18050.0,-16717.0,161,7.845209121704102,8
-19731.0,-14223.0,-19312.0,162,7.8966100215911865,8
-19814.0,-14244.0,-19261.0,162,7.896618127822876,8
-15776.0,-17370.0,-17464.0,170,8.238351106643677,8
-15333.0,-18701.0,-15934.0,178,8.514832973480225,8
-16003.0,-18559.0,-15596.0,178,8.514899969100952,8
-14935.0,-19354.0,-15084.0,178,8.51507306098938,8
-15457.0,-18677.0,-15925.0,180,8.58458399772644,8
-16709.0,-17919.0,-16286.0,181,8.624606132507324,8
-18588.0,-15754.0,-18262.0,182,8.653248071670532,8
-16688.0,-17927.0,-16476.0,182,8.653264045715332,8
-14827.0,-19043.0,-15659.0,184,8.713061094284058,8
-14366.0,-19114.0,-15676.0,184,8.71330714225769,8
-15227.0,-18835.0,-15859.0,184,8.713356018066406,8
-15148.0,-19191.0,-15376.0,186,8.785758018493652,8
-14179.0,-19725.0,-14878.0,186,8.785782098770142,8
-14962.0,-19029.0,-15664.0,186,8.785798072814941,8
-15783.0,-18597.0,-16010.0,187,8.822834014892578,8
-15521.0,-18706.0,-15563.0,189,8.88310194015503,8
-17223.0,-17291.0,-17272.0,190,8.906098127365112,8
-16392.0,-18175.0,-15938.0,195,9.132655143737793,8
-17051.0,-16738.0,-18020.0,196,9.186833143234253,8
-15816.0,-17573.0,-17424.0,198,9.279185056686401,8
-17079.0,-16838.0,-17979.0,199,9.324011087417603,8
-17161.0,-16953.0,-17817.0,199,9.324018955230713,8
-19144.0,-15430.0,-18123.0,202,9.467556953430176,8
-18449.0,-16076.0,-17770.0,202,9.467581987380981,8
-18669.0,-16097.0,-17344.0,203,9.514440059661865,8
-17600.0,-16494.0,-18130.0,204,9.560222148895264,8
-18449.0,-15713.0,-18601.0,204,9.560271978378296,8
-17961.0,-16610.0,-17099.0,206,9.640912055969238,8
-17699.0,-16793.0,-17338.0,206,9.641098976135254,8
-17351.0,-15884.0,-18837.0,208,9.731909036636353,8
-19308.0,-14640.0,-19471.0,208,9.732043981552124,8
-19408.0,-14326.0,-19594.0,209,9.797137975692749,8
-19786.0,-14575.0,-18871.0,209,9.797146081924438,8
-19697.0,-14504.0,-19092.0,209,9.797155141830444,8
-19660.0,-14565.0,-19135.0,209,9.797163963317871,8
-19440.0,-14536.0,-19520.0,209,9.797179937362671,8
-19506.0,-14725.0,-19209.0,209,9.797188997268677,8
-19298.0,-14366.0,-19652.0,210,9.850467920303345,8
-19329.0,-14648.0,-19373.0,210,9.850525140762329,8
-19355.0,-14545.0,-19640.0,211,9.895672082901001,8
-19415.0,-14601.0,-19504.0,211,9.895679950714111,8
-18855.0,-15438.0,-18587.0,213,10.017954111099243,8
-15901.0,-17331.0,-17551.0,216,10.195284128189087,8
-16278.0,-18120.0,-16193.0,221,10.382229089736938,8
-16621.0,-17562.0,-17046.0,221,10.382236957550049,8
-16075.0,-17511.0,-17428.0,222,10.410994052886963,8
-17139.0,-16791.0,-17937.0,222,10.411001920700073,8
-18025.0,-16046.0,-18453.0,222,10.411042928695679,8
-18085.0,-16102.0,-18317.0,222,10.411098957061768,8
-17239.0,-17195.0,-17498.0,223,10.441930055618286,8
-17206.0,-17143.0,-17758.0,223,10.441955089569092,8
-17775.0,-16519.0,-17849.0,226,10.567888975143433,8
-15287.0,-19225.0,-15059.0,228,10.630861043930054,8
-16754.0,-17817.0,-16406.0,229,10.662812948226929,8
-16148.0,-18494.0,-15801.0,232,10.737467050552368,8
-17218.0,-17625.0,-16463.0,232,10.737499952316284,8
-16741.0,-17823.0,-16467.0,233,10.7741060256958,8
-19099.0,-15353.0,-18460.0,234,10.807610988616943,8
-18419.0,-16327.0,-17789.0,234,10.807651996612549,8
-18873.0,-15682.0,-18170.0,235,10.844996929168701,8
-18995.0,-15445.0,-18425.0,235,10.84501314163208,8
-16864.0,-17703.0,-16743.0,236,10.867253065109253,8
-15147.0,-19011.0,-15705.0,240,10.953342914581299,8
-15400.0,-19121.0,-15453.0,240,10.953392028808594,8
-14926.0,-19165.0,-15532.0,241,10.986910104751587,8
-15179.0,-19275.0,-15280.0,241,10.986926078796387,8
-16137.0,-18248.0,-16304.0,245,11.082159996032715,8
-16122.0,-18509.0,-15875.0,246,11.101680040359497,8
-17243.0,-17392.0,-16428.0,249,11.167979001998901,8
-17120.0,-17489.0,-16605.0,249,11.168084144592285,8
-17706.0,-16724.0,-17367.0,249,11.168100118637085,8
-16835.0,-17359.0,-17151.0,250,11.187004089355469,8
-17776.0,-16753.0,-17336.0,251,11.205302953720093,8
-16986.0,-17640.0,-16685.0,253,11.24043607711792,8
-16606.0,-17904.0,-16696.0,254,11.255139112472534,8
-16931.0,-17674.0,-16970.0,254,11.25518012046814,8
-16980.0,-17611.0,-16716.0,255,11.271507024765015,8
-13494.0,-20494.0,-13916.0,260,11.509917974472046,9
-12666.0,-21210.0,-12942.0,260,11.509926080703735,9
-12955.0,-21317.0,-12709.0,260,11.510098934173584,9
-14019.0,-20552.0,-13509.0,260,11.51011610031128,9
-14007.0,-20595.0,-13287.0,260,11.51012396812439,9
-14125.0,-20497.0,-13434.0,260,11.51019811630249,9
-15899.0,-18953.0,-14593.0,264,11.69185495376587,9
-14547.0,-19965.0,-14346.0,264,11.69195294380188,9
-15550.0,-19231.0,-14394.0,265,11.777897119522095,9
-20259.0,-14036.0,-19021.0,266,11.844847917556763,9
-17499.0,-17198.0,-16785.0,266,11.844978094100952,9
-20155.0,-14132.0,-19110.0,266,11.844985961914062,9
-19437.0,-14967.0,-18489.0,266,11.845003128051758,9
-19831.0,-14226.0,-19301.0,266,11.845026969909668,9
-19796.0,-14708.0,-18206.0,266,11.845042943954468,9
-17140.0,-17774.0,-15881.0,266,11.845052003860474,9
-18934.0,-15021.0,-18927.0,281,12.417530059814453,9
-15618.0,-18817.0,-15488.0,288,12.594701051712036,9
-14878.0,-19537.0,-14929.0,288,12.59476613998413,9
-14982.0,-19058.0,-15573.0,288,12.594865083694458,9
-15172.0,-19541.0,-14189.0,288,12.594913959503174,9
-15248.0,-19466.0,-14204.0,288,12.594980001449585,9
-14073.0,-20433.0,-13756.0,289,12.645968914031982,9
-13944.0,-20308.0,-14030.0,289,12.645977020263672,9
-13155.0,-20727.0,-13711.0,290,12.699883937835693,9
-13763.0,-20210.0,-14318.0,290,12.699916124343872,9
-15319.0,-18932.0,-15660.0,292,12.798951148986816,9
-14839.0,-19629.0,-14743.0,292,12.799052953720093,9
-13844.0,-20315.0,-14027.0,292,12.799070119857788,9
-15646.0,-19005.0,-15419.0,292,12.799094915390015,9
-14230.0,-20077.0,-14108.0,292,12.799121141433716,9
-13637.0,-20176.0,-14336.0,292,12.799163103103638,9
-17251.0,-17500.0,-16313.0,294,12.87998104095459,9
-17092.0,-17610.0,-16497.0,294,12.880161046981812,9
-15292.0,-17955.0,-16785.0,304,13.213336944580078,9
-14369.0,-18631.0,-16103.0,304,13.213370084762573,9
-19506.0,-14242.0,-19671.0,320,13.626475095748901,9
-19743.0,-13953.0,-19816.0,321,13.685388088226318,9
-19933.0,-13926.0,-19625.0,321,13.685436964035034,9
-19873.0,-13870.0,-19761.0,321,13.68544602394104,9
-16158.0,-17968.0,-16485.0,329,14.025041103363037,9
-19652.0,-14121.0,-19787.0,337,14.278043985366821,9
-19893.0,-14006.0,-19647.0,337,14.27805209159851,9
-19567.0,-14674.0,-19068.0,337,14.278069019317627,9
-19592.0,-14065.0,-19923.0,337,14.278216123580933,9
-19112.0,-14891.0,-19299.0,337,14.278264999389648,9
-15913.0,-18178.0,-16483.0,344,14.54491114616394,9
-14524.0,-19066.0,-15610.0,345,14.580311059951782,9
-18229.0,-16238.0,-17798.0,349,14.674721002578735,9
-15381.0,-18613.0,-15969.0,353,14.779698133468628,9
-15705.0,-18675.0,-15652.0,356,14.869802951812744,9
-15045.0,-19396.0,-14790.0,356,14.86981201171875,9
-14307.0,-19932.0,-14358.0,357,14.897298097610474,9
-16123.0,-18572.0,-15530.0,360,14.97484803199768,9
-16482.0,-17996.0,-16434.0,360,14.974920988082886,9
-16434.0,-17955.0,-16495.0,360,14.974946022033691,9
-15309.0,-19210.0,-15095.0,360,14.974961996078491,9
-16135.0,-18025.0,-16468.0,361,15.016286134719849,9
-15727.0,-18664.0,-15818.0,362,15.05011796951294,9
-16958.0,-17474.0,-16802.0,368,15.20996904373169,9
-15298.0,-18756.0,-15865.0,369,15.250359058380127,9
-16133.0,-18128.0,-16318.0,369,15.250456094741821,9
-16035.0,-18243.0,-16394.0,371,15.310763120651245,9
-15664.0,-18669.0,-15867.0,372,15.339543104171753,9
-14687.0,-19262.0,-15393.0,372,15.339648008346558,9
-15338.0,-19040.0,-15525.0,373,15.367677927017212,9
-15444.0,-18985.0,-15450.0,375,15.42051911354065,9
-15756.0,-18840.0,-15336.0,375,15.42053508758545,9
-16884.0,-17679.0,-16712.0,376,15.444638967514038,9
-15473.0,-18961.0,-15650.0,377,15.469797134399414,9
-15264.0,-19077.0,-15559.0,377,15.46983814239502,9
-17196.0,-17534.0,-16598.0,378,15.497901916503906,9
-16347.0,-17960.0,-16732.0,382,15.571744918823242,9
-19045.0,-14637.0,-19631.0,392,16.00051999092102,9
-18724.0,-14922.0,-19425.0,392,16.000579118728638,9
-19119.0,-14612.0,-19633.0,392,16.000654935836792,9
-18798.0,-14897.0,-19427.0,392,16.000705003738403,9
-16268.0,-18332.0,-15920.0,402,16.505111932754517,9
-18734.0,-15976.0,-17322.0,405,16.618924140930176,9
-16585.0,-18262.0,-15686.0,406,16.647634029388428,9
-17991.0,-16809.0,-16849.0,406,16.647658109664917,9
-17832.0,-16919.0,-17033.0,406,16.647665977478027,9
-17921.0,-16869.0,-16977.0,406,16.647674083709717,9
-18543.0,-16087.0,-17608.0,406,16.647681951522827,9
-17198.0,-17660.0,-16242.0,407,16.692172050476074,9
-18513.0,-15892.0,-17982.0,412,16.854143142700195,9
-19473.0,-14816.0,-18943.0,413,16.890542030334473,9
-19130.0,-14999.0,-19036.0,413,16.89057493209839,9
-18250.0,-16255.0,-17797.0,414,16.922486066818237,9
-19934.0,-13519.0,-20216.0,416,16.98973298072815,9
-19414.0,-13714.0,-20225.0,416,16.990041971206665,9
-19543.0,-14664.0,-19166.0,418,17.110515117645264,9
-19457.0,-14775.0,-19104.0,418,17.11057996749878,9
-18814.0,-15120.0,-19204.0,419,17.157258987426758,9
-19135.0,-14835.0,-19410.0,419,17.157267093658447,9
-19221.0,-14888.0,-19320.0,419,17.157274961471558,9
-19311.0,-14743.0,-19381.0,419,17.157397031784058,9
-19454.0,-14625.0,-19322.0,419,17.157413005828857,9
-18908.0,-14820.0,-19698.0,422,17.284645080566406,9
-18286.0,-15520.0,-19090.0,422,17.284685134887695,9
-19311.0,-14693.0,-19469.0,423,17.3233060836792,9
-18930.0,-14784.0,-19565.0,423,17.3233540058136,9
-19251.0,-14637.0,-19605.0,423,17.323363065719604,9
-18830.0,-15503.0,-18571.0,428,17.516107082366943,9
-18704.0,-15493.0,-18835.0,428,17.516147136688232,9
-16340.0,-17377.0,-17305.0,433,17.689996004104614,9
-19337.0,-14641.0,-19373.0,440,17.898144960403442,9
-18548.0,-15606.0,-18980.0,440,17.898210048675537,9
-18793.0,-15489.0,-18735.0,440,17.898242950439453,9
-16594.0,-17598.0,-17128.0,444,18.01313304901123,9
-17925.0,-16456.0,-18209.0,446,18.06081509590149,9
-17557.0,-16293.0,-18624.0,447,18.082606077194214,9
-16184.0,-17758.0,-17148.0,447,18.08262300491333,9
-15494.0,-19240.0,-14686.0,449,18.160018920898438,9
-18146.0,-16409.0,-17648.0,450,18.20320701599121,9
-17099.0,-17757.0,-15886.0,450,18.20330500602722,9
-18063.0,-16704.0,-16829.0,465,18.60033106803894,9
-18685.0,-15926.0,-17584.0,465,18.60033893585205,9
-16927.0,-17853.0,-16224.0,469,18.71622109413147,9
-18526.0,-16152.0,-17572.0,471,18.768533945083618,9
-18534.0,-15707.0,-18382.0,474,18.83253502845764,9
-18558.0,-16010.0,-17753.0,477,18.89023208618164,9
-14840.0,-19645.0,-14707.0,480,18.954893112182617,9
-15827.0,-18264.0,-16635.0,482,19.027127981185913,9
-16366.0,-17395.0,-17298.0,482,19.027185916900635,9
-17286.0,-17327.0,-16208.0,494,19.26046395301819,9
-17279.0,-17379.0,-16421.0,496,19.29612398147583,9
-16519.0,-18019.0,-16013.0,496,19.296141147613525,9
-16939.0,-17382.0,-16901.0,498,19.344918966293335,9
-15646.0,-19198.0,-14842.0,505,19.447683095932007,9
-17281.0,-17165.0,-17453.0,508,19.490946054458618,9
-12826.0,-21117.0,-13142.0,523,20.017091989517212,10
-12935.0,-21226.0,-12940.0,523,20.017101049423218,10
-18687.0,-15988.0,-17361.0,528,20.28337001800537,10
-14810.0,-19909.0,-13643.0,528,20.28363013267517,10
-15429.0,-19301.0,-14597.0,532,20.515990018844604,10
-15301.0,-19236.0,-14928.0,536,20.696778059005737,10
-13989.0,-20337.0,-14019.0,576,21.673502922058105,10
-13163.0,-20782.0,-13519.0,576,21.6735200881958,10
-15089.0,-19527.0,-14632.0,576,21.673619031906128,10
-13385.0,-20186.0,-14360.0,577,21.7314031124115,10
-14153.0,-20192.0,-14121.0,579,21.818054914474487,10
-13988.0,-20272.0,-14163.0,582,21.933462142944336,10
-15668.0,-19011.0,-15327.0,582,21.93351912498474,10
-15510.0,-18966.0,-15515.0,583,21.981956958770752,10
-14809.0,-19561.0,-14803.0,584,22.022090911865234,10
-16726.0,-17913.0,-16233.0,590,22.22115993499756,10
-17023.0,-17854.0,-15945.0,590,22.221240997314453,10
-16612.0,-18235.0,-15451.0,591,22.254639148712158,10
-15961.0,-18772.0,-14935.0,591,22.254672050476074,10
-14665.0,-18681.0,-16038.0,609,22.5785551071167,10
-14994.0,-18851.0,-15912.0,615,22.727785110473633,10
-14794.0,-18696.0,-15982.0,620,22.83053994178772,10
-17524.0,-15828.0,-18698.0,660,23.958758115768433,10
-19995.0,-13988.0,-19606.0,673,24.2628390789032,10
-15316.0,-18353.0,-16565.0,689,24.766204118728638,10
-15538.0,-18660.0,-15901.0,716,25.37626004219055,10
-16157.0,-18489.0,-15683.0,722,25.52234196662903,10
-16389.0,-18007.0,-16451.0,727,25.620316982269287,10
-16112.0,-18406.0,-16038.0,754,26.274903059005737,10
-17624.0,-17136.0,-16895.0,756,26.309174060821533,10
-15370.0,-18553.0,-16258.0,764,26.42200803756714,10
-15008.0,-18812.0,-15945.0,767,26.455075979232788,10
-19671.0,-13936.0,-19881.0,784,27.075433015823364,10
-18144.0,-15851.0,-18416.0,785,27.12789797782898,10
-18358.0,-15065.0,-19330.0,785,27.12800407409668,10
-18456.0,-15178.0,-19202.0,785,27.128045082092285,10
-18942.0,-14957.0,-19352.0,786,27.175995111465454,10
-18218.0,-15446.0,-19094.0,787,27.21823811531067,10
-17253.0,-17449.0,-16320.0,808,27.855186939239502,10
-17072.0,-17650.0,-16506.0,812,27.973495960235596,10
-17720.0,-17042.0,-16906.0,815,28.06676697731018,10
-19731.0,-13992.0,-19745.0,818,28.161675930023193,10
-18049.0,-16428.0,-17726.0,830,28.43059206008911,10
-19994.0,-13575.0,-20080.0,832,28.490247011184692,10
-19987.0,-13806.0,-19806.0,833,28.54884099960327,10
-19330.0,-14742.0,-19172.0,835,28.647865056991577,10
-19310.0,-14630.0,-19500.0,836,28.68887710571289,10
-19348.0,-14682.0,-19338.0,837,28.729444980621338,10
-19437.0,-14753.0,-19117.0,838,28.765331983566284,10
-19433.0,-14556.0,-19408.0,841,28.874382972717285,10
-18002.0,-15840.0,-18690.0,844,28.99055814743042,10
-18141.0,-15868.0,-18552.0,844,28.99057412147522,10
-19366.0,-14368.0,-19573.0,845,29.028064012527466,10
-18169.0,-15778.0,-18661.0,856,29.417896032333374,10
-17758.0,-16434.0,-18211.0,857,29.443383932113647,10
-18775.0,-15636.0,-18562.0,859,29.502520084381104,10
-16160.0,-17426.0,-17419.0,870,29.776859998703003,10
-17885.0,-16172.0,-18549.0,880,29.97913098335266,10
-18545.0,-15452.0,-19074.0,880,29.979196071624756,10
-18679.0,-15483.0,-18940.0,881,30.016669988632202,10
-18619.0,-15427.0,-19076.0,881,30.016685962677002,10
-18783.0,-15391.0,-18975.0,882,30.044975996017456,10
-18467.0,-15410.0,-19113.0,882,30.044992923736572,10
-18723.0,-15335.0,-19111.0,882,30.04500102996826,10
-18100.0,-16232.0,-18132.0,882,30.04504895210266,10
-18260.0,-16003.0,-18172.0,887,30.154247045516968,10
-16252.0,-17377.0,-17359.0,888,30.175615072250366,10
-17566.0,-17032.0,-17305.0,890,30.217493057250977,10
-17833.0,-16852.0,-17098.0,902,30.53648614883423,10
-17959.0,-16862.0,-16834.0,902,30.536534070968628,10
-17390.0,-17431.0,-16054.0,928,31.026615142822266,10
-17966.0,-16853.0,-16830.0,928,31.026623010635376,10
-17843.0,-16905.0,-17013.0,936,31.215605974197388,10
-18636.0,-16021.0,-17521.0,937,31.246251106262207,10
-16879.0,-17812.0,-16285.0,938,31.26934504508972,10
-17209.0,-17646.0,-16222.0,939,31.29225492477417,10
-17439.0,-16667.0,-17714.0,946,31.41008710861206,10
-18432.0,-16000.0,-18017.0,947,31.431483030319214,10
-16757.0,-17871.0,-16374.0,953,31.55438208580017,10
-18442.0,-15858.0,-17997.0,954,31.5695960521698,10
-17588.0,-17020.0,-17158.0,958,31.61522912979126,10
-16691.0,-18038.0,-15561.0,961,31.76453709602356,10
-14383.0,-19718.0,-14813.0,962,31.789813995361328,10
-15472.0,-19157.0,-15214.0,963,31.81691312789917,10
-16808.0,-17527.0,-17094.0,982,32.14558792114258,10
-16858.0,-17770.0,-16689.0,988,32.22956109046936,10
-16835.0,-17427.0,-16981.0,989,32.241523027420044,10
-17670.0,-16731.0,-17604.0,1000,32.40252709388733,10
-17207.0,-17399.0,-16665.0,1000,32.402568101882935,10
-16434.0,-18296.0,-15931.0,1008,32.48551106452942,10
-17090.0,-17561.0,-16555.0,1010,32.519537925720215,10
-16109.0,-18526.0,-15657.0,1011,32.53480291366577,10
-17112.0,-17359.0,-16810.0,1016,32.58385896682739,10
-13752.0,-20726.0,-13214.0,1040,33.172059059143066,11
-12951.0,-21188.0,-12756.0,1040,33.172091007232666,11
-13309.0,-20999.0,-12674.0,1040,33.172099113464355,11
-15336.0,-19246.0,-14892.0,1043,33.2728431224823,11
-15172.0,-19565.0,-14062.0,1058,33.798572063446045,11
-16222.0,-18499.0,-15544.0,1061,33.992881059646606,11
-19738.0,-14716.0,-18686.0,1070,34.39559292793274,11
-20344.0,-13810.0,-19360.0,1070,34.395650148391724,11
-19103.0,-15572.0,-18014.0,1070,34.39566612243652,11
-19914.0,-14117.0,-19358.0,1084,34.737849950790405,11
-17933.0,-16512.0,-17569.0,1086,34.775141954422,11
-19450.0,-14870.0,-18631.0,1118,35.40760612487793,11
-19771.0,-14170.0,-19437.0,1120,35.462913036346436,11
-13805.0,-19496.0,-15169.0,1149,35.877655029296875,11
-13197.0,-21001.0,-13263.0,1151,35.946702003479004,11
-13159.0,-20947.0,-13433.0,1151,35.946792125701904,11
-13555.0,-20812.0,-13181.0,1151,35.946824073791504,11
-14521.0,-20078.0,-13673.0,1151,35.946890115737915,11
-14907.0,-19706.0,-14448.0,1154,36.041589975357056,11
-13700.0,-20030.0,-14501.0,1156,36.10878396034241,11
-13906.0,-20104.0,-14336.0,1156,36.1087920665741,11
-13985.0,-20117.0,-14297.0,1156,36.10879993438721,11
-15616.0,-18911.0,-15440.0,1160,36.22779893875122,11
-16071.0,-18545.0,-15797.0,1166,36.43706011772156,11
-15067.0,-19521.0,-14724.0,1167,36.470245122909546,11
-14104.0,-20226.0,-13949.0,1169,36.52687907218933,11
-15477.0,-18979.0,-15489.0,1170,36.55327606201172,11
-16688.0,-18160.0,-15466.0,1178,36.77606797218323,11
-16290.0,-18387.0,-15875.0,1178,36.77610111236572,11
-16301.0,-18373.0,-15855.0,1179,36.878934144973755,11
-13421.0,-19339.0,-15280.0,1204,37.180428981781006,11
-19704.0,-14081.0,-19618.0,1266,38.13430094718933,11
-16459.0,-18084.0,-15850.0,1284,38.6999249458313,11
-18224.0,-15800.0,-18630.0,1335,39.92773103713989,11
-15364.0,-18265.0,-16600.0,1362,40.52806997299194,11
-15412.0,-18699.0,-15789.0,1410,41.38261413574219,11
-16673.0,-17967.0,-16174.0,1432,41.82293510437012,11
-15181.0,-19127.0,-15376.0,1436,41.96367812156677,11
-15997.0,-18562.0,-15794.0,1440,42.02085995674133,11
-15404.0,-18701.0,-15790.0,1460,42.3556969165802,11
-14991.0,-18610.0,-15994.0,1460,42.35576105117798,11
-15866.0,-18096.0,-16489.0,1460,42.355802059173584,11
-15326.0,-18854.0,-15809.0,1470,42.54974913597107,11
-15220.0,-18909.0,-15884.0,1470,42.549864053726196,11
-15313.0,-18979.0,-15609.0,1494,42.906100034713745,11
-19284.0,-15081.0,-18098.0,1525,43.33704996109009,11
-18118.0,-15445.0,-19096.0,1576,44.80039596557617,11
-16342.0,-17255.0,-17329.0,1588,45.07520914077759,11
-17419.0,-17234.0,-16028.0,1600,45.381511926651,11
-17417.0,-17283.0,-15906.0,1605,45.51479697227478,11
-18659.0,-15996.0,-17483.0,1605,45.51487898826599,11
-19281.0,-15218.0,-18238.0,1606,45.54387712478638,11
-19159.0,-15267.0,-18379.0,1607,45.5749671459198,11
-18928.0,-14966.0,-19194.0,1619,45.831722021102905,11
-19145.0,-15102.0,-18511.0,1635,46.135481119155884,11
-19222.0,-14949.0,-18960.0,1658,46.74354100227356,11
-19603.0,-14416.0,-19192.0,1659,46.78554391860962,11
-18390.0,-15197.0,-19145.0,1660,46.910974979400635,11
-19168.0,-14597.0,-19606.0,1660,46.91100811958313,11
-19258.0,-14827.0,-19277.0,1661,46.94229698181152,11
-19632.0,-14735.0,-18945.0,1664,47.0152850151062,11
-19546.0,-14846.0,-18883.0,1664,47.015300989151,11
-19420.0,-14836.0,-19147.0,1664,47.0153329372406,11
-19493.0,-14612.0,-19272.0,1668,47.126163959503174,11
-19267.0,-14941.0,-18982.0,1668,47.12628698348999,11
-18621.0,-14752.0,-19709.0,1676,47.33340501785278,11
-18968.0,-14876.0,-19562.0,1676,47.33342909812927,11
-19306.0,-14312.0,-19709.0,1677,47.35673499107361,11
-18469.0,-15290.0,-19124.0,1678,47.37979793548584,11
-18484.0,-15685.0,-18459.0,1679,47.40192103385925,11
-18879.0,-15540.0,-18473.0,1703,47.93508505821228,11
-16238.0,-17273.0,-17400.0,1714,48.11696696281433,11
-15486.0,-17934.0,-16781.0,1714,48.11699199676514,11
-18902.0,-15126.0,-18801.0,1717,48.19046401977539,11
-16466.0,-18161.0,-15824.0,1720,48.27738404273987,11
-18023.0,-16152.0,-18303.0,1722,48.31765294075012,11
-16493.0,-18074.0,-15898.0,1736,48.567342042922974,11
-17913.0,-16192.0,-18361.0,1738,48.591989040374756,11
-18663.0,-15583.0,-18715.0,1747,48.736900091171265,11
-18016.0,-16049.0,-18509.0,1749,48.77934694290161,11
-18064.0,-15990.0,-18416.0,1750,48.800233125686646,11
-18767.0,-15491.0,-18750.0,1751,48.82737994194031,11
-17938.0,-16270.0,-18284.0,1752,48.84737801551819,11
-17675.0,-16424.0,-18265.0,1774,49.16247510910034,11
-16140.0,-18552.0,-15238.0,1785,49.379878997802734,11
-17458.0,-17181.0,-16790.0,1788,49.49937295913696,11
-17221.0,-17488.0,-16323.0,1790,49.55795907974243,11
-17264.0,-17421.0,-16318.0,1846,50.543007135391235,11
-17840.0,-16843.0,-17094.0,1846,50.54304814338684,11
-17083.0,-17636.0,-16486.0,1860,50.78202295303345,11
-16628.0,-18314.0,-15304.0,1862,50.81985092163086,11
-16709.0,-17830.0,-16435.0,1892,51.25023412704468,11
-14815.0,-18686.0,-15965.0,1906,51.387386083602905,11
-14892.0,-19608.0,-14663.0,1912,51.531986951828,11
-15217.0,-18460.0,-16397.0,1919,51.69789695739746,11
-15831.0,-18484.0,-16357.0,1919,51.69796299934387,11
-14927.0,-19230.0,-15388.0,1920,51.715686082839966,11
-15689.0,-18931.0,-15424.0,1942,52.100637912750244,11
-16427.0,-18305.0,-15935.0,1942,52.10067105293274,11
-16168.0,-18114.0,-16277.0,1943,52.1226589679718,11
-16164.0,-18212.0,-16222.0,1944,52.13770294189453,11
-17242.0,-17037.0,-17685.0,1950,52.19874906539917,11
-16005.0,-18769.0,-14690.0,1954,52.2581889629364,11
-16441.0,-18248.0,-15842.0,1963,52.360645055770874,11
-17008.0,-17435.0,-16709.0,2000,52.721925020217896,11
-13341.0,-20949.0,-12893.0,2065,53.888838052749634,12
-13041.0,-21212.0,-12648.0,2071,54.06665802001953,12
-13704.0,-20814.0,-13179.0,2071,54.06667399406433,12
-12827.0,-21182.0,-12998.0,2072,54.087697982788086,12
-13564.0,-20713.0,-13522.0,2072,54.08775091171265,12
-19845.0,-14425.0,-18665.0,2095,54.770244121551514,12
-15235.0,-19198.0,-15112.0,2098,54.90798306465149,12
-15751.0,-18676.0,-15603.0,2098,54.90799903869629,12
-15266.0,-19242.0,-14963.0,2099,54.96780300140381,12
-20107.0,-13949.0,-19485.0,2217,57.123549938201904,12
-20053.0,-14013.0,-19445.0,2217,57.1235671043396,12
-14297.0,-20108.0,-13840.0,2268,57.83243012428284,12
-14334.0,-19680.0,-14930.0,2268,57.83243799209595,12
-13927.0,-20403.0,-13875.0,2270,57.899747133255005,12
-15013.0,-19651.0,-14373.0,2272,57.94728899002075,12
-13777.0,-20550.0,-13814.0,2272,57.94737911224365,12
-14162.0,-20166.0,-13961.0,2280,58.12917399406433,12
-14983.0,-19582.0,-14707.0,2281,58.16160297393799,12
-14704.0,-19963.0,-14013.0,2290,58.36098504066467,12
-17259.0,-17455.0,-16301.0,2329,59.18167805671692,12
-19961.0,-14025.0,-19440.0,2484,60.96513795852661,12
-19598.0,-14247.0,-19433.0,2484,60.96524405479431,12
-19612.0,-14211.0,-19419.0,2497,61.337499141693115,12
-15256.0,-18059.0,-16738.0,2550,62.51458191871643,12
-15877.0,-17879.0,-17084.0,2569,62.85607099533081,12
-15979.0,-17672.0,-17366.0,2569,62.8560791015625,12
-19912.0,-13967.0,-19657.0,2614,63.41635203361511,12
-19819.0,-14080.0,-19635.0,2615,63.434821128845215,12
-19498.0,-14365.0,-19429.0,2621,63.59301710128784,12
-14817.0,-18648.0,-15963.0,2678,64.5779230594635,12
-16991.0,-17301.0,-16971.0,2707,65.00936913490295,12
-14435.0,-19292.0,-15315.0,2768,65.81487512588501,12
-15525.0,-18677.0,-15683.0,2770,65.8543050289154,12
-17856.0,-16525.0,-17419.0,2800,66.20707607269287,12
-15412.0,-18600.0,-15977.0,2817,66.52738213539124,12
-14263.0,-19099.0,-15685.0,2862,67.1634259223938,12
-14724.0,-19028.0,-15668.0,2862,67.163645029068,12
-14546.0,-19417.0,-15246.0,2928,67.95244693756104,12
-17887.0,-16650.0,-17325.0,2943,68.12849593162537,12
-18041.0,-16613.0,-16964.0,2943,68.12851405143738,12
-17157.0,-16685.0,-17960.0,3077,70.56174206733704,12
-15327.0,-19252.0,-14845.0,3102,71.1764600276947,12
-18622.0,-15843.0,-17684.0,3158,72.23640012741089,12
-18972.0,-14959.0,-19086.0,3198,72.8979709148407,12
-19537.0,-14418.0,-19259.0,3245,73.76628112792969,12
-19467.0,-14517.0,-19350.0,3245,73.76628994941711,12
-19450.0,-14423.0,-19442.0,3256,74.0658929347992,12
-19190.0,-14703.0,-19431.0,3262,74.23291993141174,12
-19261.0,-14845.0,-19146.0,3264,74.26914811134338,12
-19607.0,-14618.0,-19067.0,3268,74.34291100502014,12
-19197.0,-15233.0,-18196.0,3269,74.36750602722168,12
-19029.0,-15410.0,-18331.0,3276,74.51652097702026,12
-18601.0,-15027.0,-19217.0,3289,74.73870992660522,12
-15350.0,-19016.0,-15564.0,3398,76.61043691635132,12
-18934.0,-15267.0,-18706.0,3440,77.12438011169434,12
-18004.0,-15934.0,-18552.0,3443,77.17329096794128,12
-17932.0,-16215.0,-18353.0,3484,77.61116814613342,12
-16393.0,-17938.0,-16500.0,3536,78.6368019580841,12
-16735.0,-18019.0,-15159.0,3617,79.54244613647461,12
-18504.0,-16050.0,-17871.0,3644,79.91290211677551,12
-17253.0,-17687.0,-15973.0,3652,80.09441113471985,12
-18972.0,-15109.0,-18761.0,3684,80.5821590423584,12
-18548.0,-15876.0,-17791.0,3706,80.7814610004425,12
-16015.0,-17764.0,-17063.0,3761,81.45805406570435,12
-16720.0,-17932.0,-15463.0,3784,81.6328809261322,12
-16975.0,-17356.0,-16832.0,3804,81.82895708084106,12
-17499.0,-16643.0,-17821.0,3820,82.01989507675171,12
-17125.0,-17416.0,-16782.0,3856,82.31064510345459,12
-16429.0,-18097.0,-15934.0,3861,82.51207900047302,12
-17810.0,-16648.0,-17468.0,3884,82.67604207992554,12
-20258.0,-13656.0,-19524.0,4006,83.9468469619751,13
-13787.0,-20673.0,-13117.0,4017,84.08311295509338,13
-15185.0,-19364.0,-14494.0,4017,84.08315396308899,13
-15415.0,-19244.0,-14747.0,4024,84.23733305931091,13
-19485.0,-14858.0,-18441.0,4087,85.56285500526428,13
-14691.0,-19927.0,-14086.0,4092,85.73951005935669,13
-15368.0,-19337.0,-14675.0,4099,85.9613790512085,13
-17288.0,-17256.0,-16824.0,4109,86.18140292167664,13
-17527.0,-17139.0,-16599.0,4109,86.18141913414001,13
-19896.0,-14258.0,-19014.0,4116,86.32133507728577,13
-19482.0,-14880.0,-18458.0,4116,86.32134294509888,13
-19586.0,-14784.0,-18369.0,4116,86.32135391235352,13
-19123.0,-15456.0,-17554.0,4116,86.3213620185852,13
-18725.0,-15843.0,-17639.0,4116,86.32143592834473,13
-19792.0,-14354.0,-19103.0,4116,86.32144403457642,13
-19935.0,-14130.0,-19212.0,4116,86.32146000862122,13
-18132.0,-16460.0,-17396.0,4138,87.01068711280823,13
-19186.0,-15438.0,-17927.0,4142,87.0784239768982,13
-18589.0,-16127.0,-17160.0,4142,87.07847213745117,13
-19758.0,-14682.0,-18695.0,4143,87.09691405296326,13
-18937.0,-15015.0,-18808.0,4311,89.0559549331665,13
-13072.0,-19951.0,-14541.0,4378,89.6277859210968,13
-14385.0,-20156.0,-13577.0,4386,89.83920192718506,13
-14259.0,-20137.0,-14046.0,4390,89.93118000030518,13
-15089.0,-19576.0,-14388.0,4391,89.953458070755,13
-14850.0,-19439.0,-14985.0,4406,90.20454597473145,13
-14612.0,-19610.0,-14963.0,4407,90.22356605529785,13
-15694.0,-18758.0,-15421.0,4419,90.46199202537537,13
-15359.0,-18826.0,-15664.0,4436,90.75404095649719,13
-15789.0,-18744.0,-15361.0,4453,91.27088403701782,13
-13941.0,-20273.0,-14191.0,4464,91.42791604995728,13
-14823.0,-18636.0,-15957.0,4564,92.48842906951904,13
-19362.0,-14182.0,-19746.0,4785,94.7240719795227,13
-17964.0,-16653.0,-16966.0,4846,95.6957139968872,13
-15099.0,-18590.0,-16091.0,4886,96.29823708534241,13
-16257.0,-17785.0,-17048.0,4919,96.70948505401611,13
-15995.0,-18010.0,-16725.0,4920,96.73393511772156,13
-19548.0,-14435.0,-19227.0,4982,97.20460891723633,13
-16640.0,-17250.0,-17356.0,4999,97.55701112747192,13
-19530.0,-14228.0,-19640.0,5000,97.58027696609497,13
-19204.0,-14896.0,-19061.0,5000,97.58029294013977,13
-19470.0,-14172.0,-19776.0,5002,97.62590503692627,13
-14554.0,-19091.0,-15554.0,5214,99.90957903862,13
-17005.0,-17361.0,-16817.0,5388,101.92576313018799,13
-15456.0,-18759.0,-15699.0,5500,103.15635204315186,13
-15522.0,-18322.0,-16542.0,5502,103.181321144104,13
-14466.0,-19299.0,-15289.0,5516,103.30839896202087,13
-16966.0,-17528.0,-16776.0,5602,104.02011704444885,13
-18692.0,-14925.0,-19408.0,5704,105.22683596611023,13
-17271.0,-16532.0,-18203.0,5869,107.90662097930908,13
-15755.0,-18700.0,-15387.0,5960,109.38455891609192,13
-16708.0,-17296.0,-17167.0,6086,111.1500871181488,13
-19019.0,-15092.0,-18775.0,6114,111.42242097854614,13
-18170.0,-15873.0,-18304.0,6114,111.42249393463135,13
-19613.0,-13804.0,-20010.0,6158,111.8403091430664,13
-19534.0,-14336.0,-19330.0,6186,112.49724006652832,13
-18989.0,-14915.0,-19294.0,6193,112.83226704597473,13
-19528.0,-14827.0,-18910.0,6210,113.08269691467285,13
-19251.0,-15041.0,-18757.0,6214,113.15192699432373,13
-19572.0,-14756.0,-18963.0,6214,113.15193605422974,13
-18386.0,-15272.0,-19142.0,6260,113.73957300186157,13
-18944.0,-15540.0,-18330.0,6315,114.42972898483276,13
-16717.0,-17245.0,-17330.0,6343,114.80640411376953,13
-15391.0,-18035.0,-16762.0,6532,116.87609314918518,13
-18141.0,-15996.0,-18276.0,6533,116.89306998252869,13
-17956.0,-15993.0,-18645.0,6536,116.93791913986206,13
-17292.0,-16777.0,-17805.0,6538,116.9674289226532,13
-17422.0,-16683.0,-17825.0,6540,116.99075698852539,13
-17229.0,-16618.0,-17963.0,6540,116.99078106880188,13
-15678.0,-19110.0,-14959.0,6872,120.59814691543579,13
-18531.0,-15963.0,-17945.0,6924,121.37353992462158,13
-18496.0,-16108.0,-17718.0,6924,121.37354898452759,13
-18041.0,-16718.0,-16932.0,6933,121.51366806030273,13
-18097.0,-16585.0,-16724.0,6933,121.51369309425354,13
-17774.0,-17073.0,-16725.0,6938,121.58051800727844,13
-14889.0,-19453.0,-14797.0,7084,122.64802813529968,13
-15858.0,-18874.0,-15155.0,7102,122.9672920703888,13
-16512.0,-18024.0,-15893.0,7191,123.97890305519104,13
-15251.0,-19395.0,-14248.0,7508,126.55688691139221,14
-15264.0,-19362.0,-14349.0,7508,126.55695104598999,14
-15402.0,-19277.0,-14646.0,7522,126.80045199394226,14
-14664.0,-19903.0,-14135.0,7522,126.80054998397827,14
-19541.0,-14871.0,-18400.0,7703,130.23215293884277,14
-18109.0,-16489.0,-17273.0,7706,130.2788441181183,14
-15474.0,-19249.0,-14641.0,7708,130.3324670791626,14
-20211.0,-13818.0,-19439.0,7740,130.83886194229126,14
-18665.0,-16002.0,-17464.0,7742,130.8767819404602,14
-19238.0,-15350.0,-18011.0,7748,130.95712804794312,14
-20113.0,-14069.0,-19309.0,7748,130.95714497566223,14
-20021.0,-14060.0,-19423.0,7996,133.14445996284485,14
-13966.0,-20589.0,-13502.0,8118,134.4689600467682,14
-13333.0,-20912.0,-13209.0,8125,134.59393906593323,14
-13037.0,-21019.0,-13222.0,8125,134.59394693374634,14
-13998.0,-20324.0,-13881.0,8137,134.77250409126282,14
-14443.0,-19422.0,-15130.0,8158,135.02754402160645,14
-15629.0,-18803.0,-15468.0,8192,135.51990413665771,14
-15100.0,-19562.0,-14368.0,8195,135.58327412605286,14
-13866.0,-20164.0,-14316.0,8271,136.83237099647522,14
-19702.0,-14155.0,-19468.0,8660,139.88760113716125,14
-19741.0,-14027.0,-19666.0,8704,140.42934894561768,14
-19681.0,-13971.0,-19802.0,8710,140.71790599822998,14
-14186.0,-18821.0,-15991.0,8870,142.31982493400574,14
-15874.0,-18059.0,-16535.0,8931,143.01834297180176,14
-19736.0,-14059.0,-19686.0,9016,143.69482707977295,14
-16045.0,-17990.0,-16591.0,9211,145.81307196617126,14
-16076.0,-17997.0,-16565.0,9222,145.91324591636658,14
-17677.0,-16562.0,-17682.0,9273,146.33914804458618,14
-18466.0,-15769.0,-18555.0,9291,146.46805000305176,14
-16021.0,-18567.0,-15587.0,9555,148.83698892593384,14
-15940.0,-18125.0,-16420.0,9780,150.68688893318176,14
-15381.0,-18789.0,-15699.0,9916,151.82715702056885,14
-18650.0,-15051.0,-19209.0,10272,155.07976913452148,14
-15946.0,-17528.0,-17427.0,10404,156.9152500629425,14
-15650.0,-17478.0,-17492.0,10405,156.93105006217957,14
-16285.0,-17354.0,-17331.0,10469,157.59186911582947,14
-16010.0,-18103.0,-16429.0,10547,158.70374202728271,14
-16538.0,-18004.0,-15902.0,10602,159.24199795722961,14
-18831.0,-15802.0,-17074.0,10618,159.4613630771637,14
-17493.0,-17208.0,-15921.0,10618,159.4613709449768,14
-18202.0,-16538.0,-16543.0,10618,159.4614131450653,14
-18086.0,-16599.0,-16744.0,10618,159.4614291191101,14
-18628.0,-15810.0,-17690.0,10636,159.68280410766602,14
-16966.0,-17384.0,-16853.0,10889,162.2589340209961,14
-20151.0,-13770.0,-19705.0,10922,162.57687401771545,14
-20047.0,-13862.0,-19670.0,10922,162.57692313194275,14
-19317.0,-14389.0,-19644.0,10938,162.8808410167694,14
-19603.0,-13917.0,-20088.0,10938,162.88089895248413,14
-19160.0,-15080.0,-18397.0,10972,163.35898208618164,14
-19034.0,-15070.0,-18661.0,10972,163.35904002189636,14
-18851.0,-15059.0,-19161.0,10984,163.62217092514038,14
-19157.0,-14937.0,-19111.0,11004,164.10945391654968,14
-19185.0,-15010.0,-19003.0,11024,164.33648705482483,14
-19381.0,-14947.0,-18777.0,11026,164.36022305488586,14
-19083.0,-15518.0,-18068.0,11028,164.38498401641846,14
-18578.0,-15789.0,-18105.0,11056,164.71370792388916,14
-18512.0,-15758.0,-18351.0,11056,164.71371603012085,14
-17525.0,-16514.0,-18186.0,11272,166.90560913085938,14
-16742.0,-17817.0,-16459.0,11443,168.5633189678192,14
-18271.0,-15902.0,-18296.0,11556,169.23432803153992,14
-17972.0,-16055.0,-18335.0,11573,169.56174898147583,14
-18408.0,-15816.0,-18069.0,11826,172.13507103919983,14
-18630.0,-16060.0,-17607.0,12180,175.26766109466553,14
-18576.0,-15829.0,-17694.0,12266,176.03734803199768,14
-18316.0,-15848.0,-18261.0,12268,176.0583610534668,14
-16703.0,-17953.0,-15521.0,12364,176.59943294525146,14
-15845.0,-18204.0,-16443.0,12456,177.75976514816284,14
-16264.0,-18314.0,-16081.0,12458,177.77403211593628,14
-15896.0,-18195.0,-16458.0,12534,178.17653107643127,14
-16579.0,-17603.0,-17254.0,12594,178.51585412025452,14
-15983.0,-18783.0,-14793.0,12614,178.63385200500488,14
-14792.0,-19873.0,-13923.0,12956,181.25156807899475,15
-13244.0,-21065.0,-12697.0,12959,181.29689502716064,15
-14425.0,-20095.0,-13967.0,13012,181.86088609695435,15
-14753.0,-19987.0,-13837.0,13212,184.53988814353943,15
-15664.0,-19138.0,-14762.0,13212,184.53989601135254,15
-14844.0,-19872.0,-14154.0,13212,184.53990411758423,15
-15263.0,-19307.0,-14680.0,13246,185.3773229122162,15
-18829.0,-15747.0,-17550.0,13278,185.73123812675476,15
-16191.0,-18549.0,-15437.0,13312,186.20793509483337,15
-15937.0,-18706.0,-15360.0,13312,186.20794296264648,15
-19821.0,-14517.0,-18728.0,13353,186.65228295326233,15
-19732.0,-14298.0,-19239.0,13675,189.29799795150757,15
-13274.0,-19942.0,-14520.0,13794,189.96774196624756,15
-12628.0,-21118.0,-13123.0,13827,190.56543397903442,15
-13458.0,-20928.0,-12985.0,13832,190.91310501098633,15
-13795.0,-20503.0,-13723.0,13832,190.91317796707153,15
-13303.0,-20987.0,-12971.0,13832,190.91319394111633,15
-13382.0,-20031.0,-14494.0,13836,190.96922993659973,15
-13936.0,-20440.0,-13630.0,13842,191.03010892868042,15
-15588.0,-18813.0,-15496.0,13954,192.3724570274353,15
-15293.0,-19300.0,-14695.0,13989,193.00099992752075,15
-13863.0,-20009.0,-14450.0,14105,194.2663550376892,15
-14098.0,-20100.0,-14366.0,14107,194.28715014457703,15
-14964.0,-19347.0,-14956.0,14107,194.28718209266663,15
-14973.0,-18555.0,-16223.0,14840,200.50545001029968,15
-16402.0,-17240.0,-17454.0,14902,201.08575010299683,15
-19992.0,-13885.0,-19696.0,14974,201.77096700668335,15
-19671.0,-14170.0,-19490.0,15026,202.3061580657959,15
-19183.0,-14712.0,-19395.0,15035,202.42305994033813,15
-15594.0,-18048.0,-16726.0,15217,203.898530960083,15
-18406.0,-15713.0,-18691.0,15248,204.13517093658447,15
-14972.0,-19243.0,-15285.0,15750,208.24468898773193,15
-15897.0,-18748.0,-15066.0,17094,219.82880401611328,15
-19223.0,-15113.0,-18279.0,17201,220.68066000938416,15
-17302.0,-17274.0,-16336.0,17231,220.98920392990112,15
-16445.0,-18095.0,-15862.0,17278,221.3251600265503,15
-19574.0,-14357.0,-19216.0,17598,223.94793891906738,15
-17406.0,-15910.0,-18768.0,17651,224.7553539276123,15
-18234.0,-15839.0,-18406.0,17773,226.1521351337433,15
-19323.0,-15243.0,-17932.0,17776,226.19190907478333,15
-19485.0,-14851.0,-18688.0,17777,226.20474314689636,15
-18925.0,-15222.0,-18757.0,17824,227.00557708740234,15
-18833.0,-15473.0,-18557.0,17833,227.10280013084412,15
-17448.0,-17278.0,-15917.0,17847,227.24271297454834,15
-18320.0,-15305.0,-19141.0,17916,227.7469141483307,15
-18635.0,-15677.0,-18506.0,18098,229.3307590484619,15
-18534.0,-15826.0,-17805.0,18926,235.9780490398407,15
-18109.0,-16500.0,-16684.0,19240,238.4442400932312,15
-18460.0,-16062.0,-17750.0,19346,239.30090403556824,15
-18977.0,-15586.0,-18081.0,19351,239.3470721244812,15
-17997.0,-16730.0,-16811.0,19370,239.49294304847717,15
-18167.0,-16728.0,-16668.0,19386,239.5936369895935,15
-14334.0,-19603.0,-14980.0,19700,242.14065599441528,15
-15842.0,-18049.0,-16577.0,19713,242.25115299224854,15
-16098.0,-18314.0,-16191.0,19747,242.47823405265808,15
-13595.0,-20705.0,-13381.0,20369,247.06861209869385,16
-17367.0,-17319.0,-16098.0,20666,250.34332394599915,16
-14656.0,-19980.0,-14183.0,20718,250.9983949661255,16
-16176.0,-18589.0,-15135.0,20840,252.76904106140137,16
-20261.0,-13789.0,-19411.0,20902,253.3012170791626,16
-19803.0,-14595.0,-18664.0,20930,253.526535987854,16
-19869.0,-14255.0,-19228.0,21244,255.63845992088318,16
-19786.0,-14234.0,-19279.0,21244,255.63856601715088,16
-14664.0,-19602.0,-14832.0,21398,256.8267550468445,16
-13856.0,-20194.0,-14297.0,21422,257.16633200645447,16
-13456.0,-20402.0,-14097.0,21423,257.1799840927124,16
-14102.0,-20500.0,-13448.0,21437,257.33030104637146,16
-13389.0,-20913.0,-13026.0,21442,257.69898414611816,16
-13168.0,-20921.0,-13273.0,21462,257.8634150028229,16
-14115.0,-20236.0,-13833.0,21487,258.04395294189453,16
-14191.0,-20163.0,-13915.0,21510,258.20400404930115,16
-14689.0,-19381.0,-15022.0,21547,258.46008801460266,16
-14982.0,-19416.0,-14727.0,21568,258.7196569442749,16
-14263.0,-20118.0,-13752.0,21624,259.4792170524597,16
-15702.0,-18721.0,-15467.0,21764,260.53797006607056,16
-19604.0,-14385.0,-19157.0,22855,269.2250270843506,16
-19791.0,-13887.0,-19982.0,22889,269.44536900520325,16
-15443.0,-18706.0,-15763.0,24108,277.4190731048584,16
-19925.0,-14099.0,-19415.0,25868,289.79840302467346,16
-19663.0,-13973.0,-19952.0,25928,290.65036511421204,16
-19682.0,-14667.0,-18836.0,26149,292.57479596138,16
-19771.0,-14598.0,-18657.0,26180,292.7670180797577,16
-16034.0,-17271.0,-17478.0,26938,297.8748679161072,16
-17118.0,-16679.0,-18036.0,27084,298.908509016037,16
-18235.0,-16510.0,-16420.0,27778,303.5062201023102,16
-18051.0,-16576.0,-16912.0,27778,303.506236076355,16
-18657.0,-15973.0,-17681.0,28010,305.2014651298523,16
-17969.0,-16915.0,-16749.0,28012,305.21910095214844,16
-18422.0,-15866.0,-18055.0,28125,305.7244429588318,16
-13054.0,-21025.0,-13179.0,29049,311.61910009384155,17
-13938.0,-20569.0,-13533.0,29378,314.43079805374146,17
-14801.0,-19899.0,-13872.0,29378,314.43082213401794,17
-14736.0,-19875.0,-14130.0,29384,314.8588399887085,17
-15527.0,-19227.0,-14491.0,29439,315.326189994812,17
-15469.0,-19225.0,-14798.0,29439,315.3262231349945,17
-13836.0,-20325.0,-14043.0,29440,315.34063506126404,17
-17689.0,-17101.0,-16447.0,29470,315.58328914642334,17
-20023.0,-14095.0,-19154.0,29562,316.4633541107178,17
-16234.0,-18647.0,-15072.0,29633,317.35600900650024,17
-19299.0,-14988.0,-18233.0,30025,319.82426404953003,17
-13999.0,-20439.0,-13636.0,30276,321.6247820854187,17
-13938.0,-20118.0,-14325.0,30901,326.5472900867462,17
-15068.0,-18583.0,-16117.0,31680,331.45674991607666,17
-16670.0,-17981.0,-15644.0,34104,344.85217809677124,17
-20077.0,-13661.0,-19867.0,34666,348.71152114868164,17
-19009.0,-15415.0,-18184.0,35010,351.02973198890686,17
-16732.0,-16560.0,-18136.0,35535,353.89639496803284,17
-18081.0,-16547.0,-16781.0,36693,360.3018469810486,17
-16713.0,-18033.0,-15262.0,36716,360.3912501335144,17
-16549.0,-17990.0,-15882.0,36842,360.8242449760437,17
-13525.0,-20580.0,-13736.0,37558,364.7068040370941,18
-18690.0,-15713.0,-17642.0,37844,366.5981891155243,18
-17321.0,-17301.0,-16260.0,37868,367.0681850910187,18
-15496.0,-19273.0,-14561.0,37956,367.8068950176239,18
-15548.0,-19283.0,-14154.0,38293,370.67096996307373,18
-19823.0,-14439.0,-18768.0,38374,371.1521511077881,18
-19761.0,-14639.0,-18519.0,38374,371.1521680355072,18
-13927.0,-19334.0,-15284.0,38853,373.98883509635925,18
-12506.0,-20769.0,-13604.0,38888,374.21780705451965,18
-14159.0,-20422.0,-13254.0,38897,374.2862570285797,18
-14104.0,-20269.0,-13806.0,38908,374.37414813041687,18
-13419.0,-20890.0,-13085.0,38910,374.39873909950256,18
-13194.0,-20846.0,-13397.0,38942,374.5992739200592,18
-14903.0,-18336.0,-16617.0,40314,382.21122002601624,18
-19045.0,-15087.0,-18629.0,40468,382.9264760017395,18
-15516.0,-18733.0,-15536.0,41354,387.1645839214325,18
-16750.0,-16668.0,-18105.0,41901,389.68739795684814,18
-16680.0,-18052.0,-15581.0,42229,391.31882095336914,18
-19865.0,-14043.0,-19551.0,42584,393.187381029129,18
-17504.0,-17194.0,-15901.0,44343,401.8760781288147,18
-18123.0,-16740.0,-16547.0,44361,402.19683504104614,18
-18586.0,-16072.0,-17486.0,44364,402.21233797073364,18
-15392.0,-19252.0,-14699.0,45396,407.9230229854584,19
-19909.0,-14271.0,-18565.0,45974,411.62646293640137,19
-14956.0,-19384.0,-14910.0,46256,413.0111200809479,19
-13353.0,-20387.0,-14106.0,46310,413.3237991333008,19
-13372.0,-20041.0,-14445.0,46312,413.33673310279846,19
-13449.0,-20177.0,-14442.0,46313,413.34467911720276,19
-13223.0,-20764.0,-13295.0,46434,414.19816303253174,19
-14268.0,-20111.0,-13886.0,46444,414.24716806411743,19
-13330.0,-20757.0,-13343.0,46448,414.27811908721924,19
-14741.0,-19765.0,-14476.0,47048,417.076131105423,19
-16750.0,-17935.0,-15317.0,47238,417.8854320049286,19
-14333.0,-18735.0,-16056.0,47570,419.3555541038513,19
-16217.0,-17501.0,-17388.0,47610,419.64894104003906,19
-15925.0,-17791.0,-17119.0,47611,419.66232109069824,19
-18070.0,-16561.0,-16801.0,48872,425.1694219112396,19
-18754.0,-15820.0,-17426.0,48920,425.5494041442871,19
-17411.0,-17316.0,-15853.0,50064,430.5784981250763,19
-14504.0,-20093.0,-13822.0,50857,433.9247839450836,20
-15513.0,-19256.0,-14364.0,51268,436.21326994895935,20
-14643.0,-19446.0,-15013.0,52057,440.30126905441284,20
-13304.0,-20783.0,-13272.0,52254,441.4043700695038,20
-16697.0,-17954.0,-15409.0,52835,443.7944209575653,20
-18076.0,-16528.0,-16807.0,53885,447.9660060405731,20
-19870.0,-14419.0,-18547.0,56042,457.09606194496155,21
-16182.0,-17508.0,-17320.0,59467,469.83889412879944,22
-19851.0,-13943.0,-19846.0,59489,469.91674613952637,22
-12903.0,-21276.0,-12721.0,60099,471.9702169895172,23
-13416.0,-20735.0,-13219.0,60722,474.1966691017151,23
-19909.0,-13864.0,-19747.0,60966,474.96121191978455,23
-13242.0,-20789.0,-13277.0,61689,477.24163603782654,24
