z1,z2,z3,node,time,depth
-38.0,-21.0,-62.0,1,0.017993927001953125,1
-28.0,-55.0,-35.0,1,0.018000125885009766,1
-44.0,-59.0,-15.0,1,0.018004894256591797,1
-49.0,-56.0,-14.0,1,0.018008947372436523,1
-37.0,-44.0,-46.0,1,0.018013954162597656,1
-41.0,-33.0,-52.0,1,0.01801896095275879,1
-24.0,-38.0,-56.0,1,0.018023014068603516,1
-23.0,-50.0,-46.0,1,0.01802802085876465,1
-29.0,-29.0,-62.0,1,0.01803302764892578,1
-34.0,-42.0,-50.0,1,0.018038034439086914,1
-58.0,-21.0,-35.0,1,0.018043041229248047,1
-52.0,-54.0,-14.0,1,0.018047094345092773,1
-47.0,-56.0,-19.0,1,0.018052101135253906,1
-42.0,-42.0,-43.0,1,0.01805591583251953,1
-45.0,-20.0,-56.0,1,0.018060922622680664,1
-51.0,-15.0,-49.0,1,0.018065929412841797,1
-35.0,-23.0,-64.0,1,0.018069982528686523,1
-42.0,-22.0,-58.0,1,0.018074989318847656,1
-27.0,-43.0,-52.0,1,0.01807999610900879,1
-29.0,-33.0,-59.0,1,0.018085002899169922,1
-51.0,-30.0,-43.0,1,0.01808905601501465,1
-61.0,-39.0,-19.0,1,0.01809406280517578,1
-44.0,-58.0,-18.0,1,0.018099069595336914,1
-28.0,-49.0,-47.0,1,0.01810312271118164,1
-37.0,-48.0,-42.0,1,0.018108129501342773,1
-60.0,-41.0,-19.0,1,0.0181119441986084,1
-46.0,-54.0,-25.0,1,0.01811695098876953,1
-44.0,-49.0,-34.0,1,0.018121004104614258,1
-44.0,-48.0,-35.0,1,0.01812601089477539,1
-50.0,-44.0,-31.0,1,0.018131017684936523,1
-53.0,-36.0,-35.0,1,0.018136024475097656,1
-60.0,-30.0,-27.0,1,0.018140077590942383,1
-52.0,-26.0,-44.0,1,0.018146038055419922,1
-56.0,-21.0,-40.0,1,0.01815009117126465,1
-37.0,-61.0,-18.0,1,0.01815509796142578,1
-37.0,-55.0,-30.0,1,0.018160104751586914,1
-40.0,-53.0,-32.0,1,0.018165111541748047,1
-48.0,-26.0,-50.0,1,0.01817011833190918,1
-54.0,-18.0,-44.0,1,0.018175125122070312,1
-54.0,-21.0,-43.0,1,0.01818108558654785,1
-31.0,-59.0,-23.0,2,0.03938412666320801,2
-28.0,-45.0,-49.0,2,0.03940296173095703,2
-38.0,-43.0,-45.0,2,0.03944897651672363,2
-45.0,-35.0,-45.0,2,0.039453983306884766,2
-34.0,-51.0,-39.0,2,0.039463043212890625,2
-28.0,-51.0,-42.0,2,0.03946805000305176,2
-32.0,-25.0,-63.0,2,0.03947710990905762,2
-37.0,-34.0,-53.0,2,0.03948092460632324,2
-43.0,-28.0,-52.0,2,0.03949093818664551,2
-47.0,-29.0,-48.0,2,0.039494991302490234,2
-48.0,-21.0,-51.0,2,0.03954792022705078,2
-50.0,-23.0,-48.0,2,0.03955698013305664,2
-44.0,-50.0,-32.0,2,0.03956198692321777,2
-37.0,-49.0,-40.0,2,0.03957700729370117,2
-48.0,-38.0,-39.0,2,0.03960704803466797,2
-44.0,-46.0,-36.0,2,0.039611101150512695,2
-48.0,-16.0,-52.0,3,0.054351091384887695,2
-55.0,-43.0,-23.0,3,0.054373979568481445,2
-35.0,-56.0,-27.0,3,0.05437898635864258,2
-55.0,-30.0,-35.0,3,0.05438804626464844,2
-49.0,-47.0,-28.0,3,0.05442404747009277,2
-50.0,-49.0,-23.0,3,0.05443692207336426,2
-41.0,-54.0,-28.0,3,0.05444192886352539,2
-56.0,-39.0,-27.0,3,0.05444598197937012,2
-46.0,-43.0,-37.0,3,0.05445504188537598,2
-43.0,-56.0,-20.0,4,0.06849312782287598,3
-51.0,-52.0,-17.0,4,0.06853890419006348,3
-55.0,-42.0,-25.0,4,0.06859302520751953,3
-40.0,-50.0,-35.0,4,0.06859707832336426,3
-49.0,-48.0,-26.0,4,0.06860208511352539,3
-46.0,-48.0,-30.0,4,0.06860589981079102,3
-48.0,-28.0,-47.0,5,0.08469796180725098,3
-56.0,-45.0,-19.0,5,0.0847020149230957,3
-57.0,-42.0,-21.0,5,0.08471107482910156,3
-58.0,-31.0,-29.0,5,0.0847160816192627,3
-54.0,-22.0,-42.0,5,0.08472394943237305,3
-53.0,-27.0,-41.0,5,0.08472895622253418,3
-38.0,-46.0,-42.0,5,0.08478307723999023,3
-35.0,-42.0,-48.0,5,0.08479189872741699,3
-38.0,-36.0,-50.0,5,0.08479690551757812,3
-48.0,-39.0,-38.0,5,0.08480501174926758,3
-42.0,-45.0,-39.0,5,0.08481001853942871,3
-51.0,-31.0,-42.0,5,0.08481907844543457,3
-41.0,-36.0,-48.0,5,0.0848240852355957,3
-47.0,-30.0,-47.0,5,0.08482789993286133,3
-45.0,-36.0,-44.0,5,0.08483290672302246,3
-42.0,-53.0,-27.0,6,0.10031390190124512,3
-26.0,-36.0,-56.0,6,0.10033202171325684,3
-35.0,-50.0,-39.0,6,0.1003410816192627,3
-36.0,-40.0,-50.0,6,0.10034489631652832,3
-36.0,-24.0,-61.0,6,0.10034990310668945,3
-40.0,-29.0,-55.0,6,0.10035490989685059,3
-42.0,-44.0,-41.0,6,0.1003720760345459,3
-36.0,-41.0,-49.0,6,0.10037708282470703,3
-30.0,-47.0,-47.0,6,0.10039091110229492,3
-41.0,-19.0,-59.0,6,0.10041689872741699,3
-49.0,-46.0,-29.0,7,0.10956192016601562,3
-52.0,-33.0,-36.0,8,0.12414097785949707,4
-57.0,-30.0,-32.0,8,0.12415504455566406,4
-54.0,-26.0,-38.0,9,0.13643312454223633,4
-53.0,-26.0,-42.0,9,0.1364729404449463,4
-31.0,-53.0,-35.0,10,0.15058302879333496,4
-30.0,-55.0,-32.0,10,0.15059208869934082,4
-47.0,-41.0,-37.0,11,0.16175007820129395,4
-30.0,-52.0,-39.0,11,0.16176295280456543,4
-51.0,-47.0,-23.0,11,0.1618039608001709,4
-36.0,-46.0,-43.0,12,0.1767430305480957,4
-51.0,-46.0,-25.0,12,0.17676091194152832,4
-42.0,-43.0,-42.0,12,0.17676806449890137,4
-41.0,-47.0,-37.0,12,0.1767721176147461,4
-53.0,-31.0,-37.0,13,0.18707609176635742,4
-40.0,-30.0,-54.0,13,0.18708109855651855,4
-48.0,-27.0,-49.0,13,0.18712306022644043,4
-34.0,-43.0,-49.0,14,0.19584989547729492,4
-31.0,-40.0,-52.0,14,0.19588112831115723,4
-27.0,-30.0,-60.0,14,0.19588994979858398,4
-30.0,-35.0,-56.0,14,0.1958940029144287,4
-36.0,-38.0,-51.0,15,0.2037210464477539,4
-35.0,-26.0,-61.0,15,0.20373010635375977,4
-54.0,-46.0,-21.0,17,0.2348179817199707,5
-51.0,-48.0,-21.0,17,0.23482298851013184,5
-56.0,-40.0,-25.0,17,0.2348320484161377,5
-55.0,-31.0,-33.0,17,0.23490095138549805,5
-49.0,-34.0,-40.0,18,0.24822402000427246,5
-31.0,-36.0,-54.0,19,0.2600080966949463,5
-31.0,-46.0,-44.0,19,0.2600429058074951,5
-37.0,-31.0,-54.0,19,0.26007509231567383,5
-38.0,-35.0,-51.0,19,0.26008009910583496,5
-32.0,-57.0,-24.0,20,0.2740190029144287,5
-42.0,-57.0,-19.0,20,0.2740340232849121,5
-49.0,-53.0,-17.0,20,0.27413296699523926,5
-44.0,-41.0,-40.0,20,0.2741570472717285,5
-54.0,-49.0,-16.0,21,0.2876319885253906,5
-55.0,-45.0,-20.0,21,0.28766393661499023,5
-51.0,-39.0,-34.0,21,0.28766894340515137,5
-48.0,-47.0,-30.0,21,0.2876920700073242,5
-34.0,-52.0,-36.0,22,0.3015260696411133,5
-48.0,-34.0,-41.0,23,0.30988502502441406,5
-50.0,-37.0,-35.0,23,0.30991697311401367,5
-52.0,-42.0,-26.0,24,0.32598304748535156,5
-52.0,-41.0,-28.0,24,0.3259880542755127,5
-38.0,-33.0,-53.0,24,0.32604193687438965,5
-36.0,-32.0,-55.0,24,0.3260641098022461,5
-43.0,-39.0,-43.0,24,0.32607293128967285,5
-44.0,-27.0,-52.0,24,0.32609105110168457,5
-45.0,-33.0,-46.0,24,0.3260960578918457,5
-53.0,-30.0,-38.0,25,0.3366529941558838,5
-50.0,-36.0,-37.0,26,0.34699106216430664,5
-51.0,-42.0,-27.0,26,0.347012996673584,5
-51.0,-41.0,-29.0,26,0.3470180034637451,5
-41.0,-50.0,-34.0,26,0.3470311164855957,5
-45.0,-38.0,-41.0,27,0.35787200927734375,5
-36.0,-35.0,-54.0,28,0.3670201301574707,5
-40.0,-43.0,-43.0,28,0.36704206466674805,5
-43.0,-43.0,-39.0,28,0.3670470714569092,5
-43.0,-44.0,-38.0,28,0.3670511245727539,5
-41.0,-34.0,-51.0,28,0.36705589294433594,5
-41.0,-35.0,-50.0,28,0.36705994606018066,5
-46.0,-37.0,-40.0,29,0.37381601333618164,5
-34.0,-34.0,-55.0,29,0.3738260269165039,5
-57.0,-32.0,-30.0,32,0.40393710136413574,6
-58.0,-30.0,-30.0,32,0.40398192405700684,6
-58.0,-34.0,-27.0,33,0.4239070415496826,6
-55.0,-36.0,-29.0,33,0.42398595809936523,6
-56.0,-29.0,-34.0,33,0.42401909828186035,6
-51.0,-20.0,-46.0,36,0.4646310806274414,6
-38.0,-37.0,-48.0,36,0.4646620750427246,6
-32.0,-35.0,-55.0,36,0.46466708183288574,6
-39.0,-25.0,-57.0,36,0.46471095085144043,6
-45.0,-26.0,-51.0,36,0.4647250175476074,6
-30.0,-37.0,-54.0,37,0.47658801078796387,6
-50.0,-24.0,-47.0,37,0.4766061305999756,6
-51.0,-33.0,-39.0,38,0.4850640296936035,6
-48.0,-41.0,-35.0,38,0.485076904296875,6
-49.0,-37.0,-36.0,42,0.5287189483642578,6
-42.0,-51.0,-31.0,42,0.5287461280822754,6
-45.0,-48.0,-31.0,42,0.5287508964538574,6
-46.0,-45.0,-33.0,42,0.5287549495697021,6
-52.0,-48.0,-19.0,42,0.528764009475708,6
-46.0,-46.0,-32.0,42,0.5287690162658691,6
-49.0,-55.0,-16.0,42,0.5287730693817139,6
-50.0,-52.0,-18.0,42,0.5287771224975586,6
-40.0,-51.0,-33.0,43,0.5377779006958008,6
-35.0,-52.0,-34.0,45,0.5552020072937012,6
-36.0,-51.0,-35.0,45,0.5552060604095459,6
-39.0,-45.0,-41.0,46,0.5623860359191895,6
-41.0,-52.0,-29.0,46,0.5624260902404785,6
-42.0,-47.0,-36.0,47,0.5677390098571777,6
-42.0,-52.0,-28.0,47,0.5677440166473389,6
-46.0,-20.0,-54.0,49,0.5969760417938232,6
-49.0,-26.0,-46.0,49,0.5970070362091064,6
-46.0,-40.0,-38.0,51,0.6189439296722412,6
-31.0,-49.0,-41.0,52,0.6296629905700684,6
-33.0,-47.0,-43.0,52,0.6296670436859131,6
-39.0,-41.0,-45.0,52,0.6296720504760742,6
-42.0,-46.0,-38.0,52,0.6297249794006348,6
-45.0,-41.0,-39.0,52,0.6297290325164795,6
-44.0,-38.0,-44.0,53,0.637174129486084,6
-34.0,-32.0,-56.0,57,0.6647200584411621,6
-37.0,-37.0,-51.0,58,0.6707549095153809,6
-35.0,-37.0,-52.0,58,0.6707589626312256,6
-30.0,-41.0,-52.0,63,0.6952610015869141,6
-58.0,-25.0,-33.0,64,0.7125709056854248,7
-58.0,-37.0,-23.0,65,0.7273790836334229,7
-57.0,-41.0,-22.0,65,0.7274060249328613,7
-58.0,-36.0,-25.0,65,0.7274329662322998,7
-56.0,-31.0,-32.0,65,0.7274599075317383,7
-51.0,-51.0,-18.0,65,0.7274949550628662,7
-57.0,-35.0,-26.0,66,0.7461109161376953,7
-55.0,-25.0,-38.0,67,0.7577841281890869,7
-47.0,-32.0,-43.0,74,0.8425090312957764,7
-52.0,-28.0,-42.0,78,0.8759810924530029,7
-44.0,-30.0,-49.0,78,0.875999927520752,7
-37.0,-39.0,-49.0,78,0.8760089874267578,7
-43.0,-33.0,-48.0,78,0.8760221004486084,7
-57.0,-33.0,-29.0,80,0.8931460380554199,7
-54.0,-38.0,-29.0,80,0.8931770324707031,7
-45.0,-39.0,-40.0,81,0.9045789241790771,7
-46.0,-57.0,-13.0,84,0.9310429096221924,7
-39.0,-59.0,-16.0,84,0.9310469627380371,7
-50.0,-51.0,-19.0,84,0.9310600757598877,7
-52.0,-47.0,-20.0,84,0.9310650825500488,7
-36.0,-52.0,-33.0,84,0.9311060905456543,7
-48.0,-53.0,-21.0,86,0.9475350379943848,7
-48.0,-52.0,-22.0,86,0.9475390911102295,7
-47.0,-52.0,-25.0,87,0.9537360668182373,7
-30.0,-49.0,-42.0,90,0.9794149398803711,7
-37.0,-40.0,-48.0,90,0.979464054107666,7
-52.0,-40.0,-29.0,96,1.0192220211029053,7
-30.0,-38.0,-53.0,98,1.0414180755615234,7
-32.0,-39.0,-51.0,98,1.041445016860962,7
-26.0,-39.0,-53.0,98,1.0414669513702393,7
-40.0,-38.0,-46.0,98,1.0415019989013672,7
-44.0,-37.0,-45.0,102,1.0786280632019043,7
-42.0,-35.0,-47.0,103,1.0855720043182373,7
-39.0,-40.0,-46.0,103,1.0855939388275146,7
-49.0,-40.0,-33.0,105,1.1053080558776855,7
-39.0,-47.0,-39.0,107,1.1183419227600098,7
-27.0,-35.0,-57.0,122,1.1912589073181152,7
-30.0,-45.0,-48.0,124,1.1976349353790283,7
-52.0,-44.0,-24.0,128,1.2475850582122803,8
-53.0,-45.0,-22.0,129,1.2586090564727783,8
-56.0,-25.0,-36.0,130,1.2731220722198486,8
-35.0,-27.0,-59.0,142,1.405271053314209,8
-31.0,-31.0,-59.0,143,1.4186010360717773,8
-43.0,-31.0,-49.0,148,1.4632689952850342,8
-49.0,-27.0,-44.0,149,1.4696450233459473,8
-46.0,-31.0,-46.0,149,1.4696540832519531,8
-48.0,-42.0,-33.0,150,1.479767084121704,8
-51.0,-40.0,-30.0,151,1.486203908920288,8
-48.0,-35.0,-40.0,153,1.4974429607391357,8
-46.0,-33.0,-44.0,155,1.509577989578247,8
-44.0,-31.0,-48.0,159,1.5410349369049072,8
-51.0,-34.0,-37.0,160,1.5508549213409424,8
-30.0,-58.0,-24.0,168,1.616014003753662,8
-36.0,-56.0,-26.0,169,1.6210861206054688,8
-44.0,-39.0,-42.0,178,1.6832640171051025,8
-46.0,-44.0,-35.0,184,1.7109959125518799,8
-43.0,-51.0,-27.0,184,1.7110180854797363,8
-45.0,-50.0,-27.0,184,1.7110230922698975,8
-40.0,-39.0,-44.0,194,1.7863359451293945,8
-42.0,-25.0,-55.0,196,1.8007910251617432,8
-44.0,-21.0,-56.0,197,1.8067190647125244,8
-42.0,-29.0,-51.0,202,1.8469429016113281,8
-42.0,-36.0,-46.0,209,1.8906400203704834,8
-32.0,-45.0,-45.0,212,1.9268860816955566,8
-45.0,-49.0,-29.0,216,1.9482190608978271,8
-39.0,-21.0,-60.0,223,1.9790260791778564,8
-37.0,-38.0,-50.0,224,1.9838359355926514,8
-44.0,-40.0,-41.0,298,2.504378080368042,9
-47.0,-36.0,-41.0,308,2.589148998260498,9
-54.0,-40.0,-26.0,309,2.6006829738616943,9
-55.0,-37.0,-28.0,309,2.600714921951294,9
-53.0,-47.0,-19.0,313,2.6279189586639404,9
-47.0,-43.0,-32.0,325,2.7156059741973877,9
-38.0,-58.0,-21.0,327,2.729617118835449,9
-38.0,-55.0,-25.0,327,2.7296221256256104,9
-47.0,-54.0,-20.0,332,2.7570109367370605,9
-48.0,-48.0,-28.0,334,2.7636499404907227,9
-46.0,-53.0,-26.0,334,2.7636640071868896,9
-53.0,-49.0,-17.0,446,3.259843111038208,10
-55.0,-27.0,-36.0,454,3.3462209701538086,10
-54.0,-33.0,-33.0,455,3.35158109664917,10
-54.0,-27.0,-37.0,457,3.378075122833252,10
-33.0,-28.0,-58.0,479,3.5416340827941895,10
-35.0,-28.0,-57.0,479,3.5416579246520996,10
-45.0,-23.0,-52.0,482,3.5711710453033447,10
-46.0,-47.0,-31.0,502,3.672866106033325,10
-50.0,-34.0,-38.0,508,3.7023539543151855,10
-49.0,-39.0,-35.0,530,3.7705769538879395,10
-34.0,-57.0,-23.0,549,3.8963000774383545,10
-40.0,-56.0,-21.0,558,3.9478509426116943,10
-54.0,-48.0,-18.0,566,3.978627920150757,10
-39.0,-48.0,-37.0,579,4.026298999786377,10
-36.0,-28.0,-56.0,603,4.146398067474365,10
-33.0,-30.0,-57.0,608,4.17160701751709,10
-47.0,-31.0,-45.0,635,4.279272079467773,10
-53.0,-37.0,-30.0,702,4.5679309368133545,11
-41.0,-27.0,-53.0,727,4.746427059173584,11
-37.0,-26.0,-57.0,732,4.785515069961548,11
-42.0,-30.0,-50.0,734,4.794558048248291,11
-48.0,-29.0,-44.0,744,4.838540077209473,11
-38.0,-38.0,-47.0,836,5.216241121292114,11
-46.0,-34.0,-43.0,836,5.21624493598938,11
-54.0,-34.0,-31.0,857,5.291949987411499,11
-41.0,-26.0,-54.0,862,5.332612991333008,11
-44.0,-28.0,-51.0,874,5.381416082382202,11
-52.0,-45.0,-23.0,880,5.40024995803833,11
-53.0,-41.0,-27.0,880,5.4002768993377686,11
-43.0,-34.0,-47.0,1030,6.026255130767822,12
-31.0,-57.0,-25.0,1048,6.101850986480713,12
-51.0,-45.0,-26.0,1104,6.295742034912109,12
-57.0,-43.0,-19.0,1139,6.39988112449646,13
-52.0,-50.0,-17.0,1141,6.424984931945801,13
-52.0,-15.0,-47.0,1163,6.549433946609497,13
-49.0,-35.0,-38.0,1202,6.706135034561157,13
-42.0,-26.0,-53.0,1309,7.148451089859009,14
-52.0,-29.0,-41.0,1334,7.229398965835571,14
-60.0,-34.0,-21.0,1374,7.331768989562988,15
-57.0,-27.0,-33.0,1374,7.331787109375,15
-40.0,-23.0,-56.0,1393,7.4599010944366455,15
-32.0,-29.0,-58.0,1393,7.459955930709839,15
-44.0,-22.0,-54.0,1394,7.471477031707764,15
-59.0,-36.0,-21.0,1430,7.571255922317505,16
-46.0,-21.0,-52.0,1451,7.713984966278076,16
-59.0,-32.0,-27.0,1471,7.811146974563599,17
-38.0,-23.0,-58.0,1544,8.190047025680542,19
-57.0,-23.0,-35.0,1602,8.43842101097107,23
