z1,z2,z3,node,time,depth
-38.0,-48.0,-66.0,1,0.010131120681762695,1
-68.0,-44.0,-45.0,1,0.010137081146240234,1
-57.0,-69.0,-31.0,1,0.010143041610717773,1
-36.0,-34.0,-71.0,1,0.010149002075195312,1
-65.0,-58.0,-31.0,1,0.010154962539672852,1
-68.0,-49.0,-39.0,1,0.010174036026000977,1
-62.0,-61.0,-37.0,1,0.01017904281616211,1
-54.0,-69.0,-40.0,1,0.010183095932006836,1
-60.0,-66.0,-33.0,1,0.010188102722167969,1
-45.0,-59.0,-58.0,1,0.010193109512329102,1
-34.0,-64.0,-53.0,1,0.010197162628173828,1
-35.0,-67.0,-48.0,1,0.010202169418334961,1
-48.0,-70.0,-40.0,1,0.010205984115600586,1
-35.0,-69.0,-44.0,1,0.010210990905761719,1
-43.0,-67.0,-47.0,1,0.010215044021606445,1
-60.0,-60.0,-47.0,1,0.010220050811767578,1
-67.0,-43.0,-49.0,1,0.010225057601928711,1
-58.0,-56.0,-54.0,1,0.010229110717773438,1
-66.0,-40.0,-52.0,1,0.01023411750793457,1
-42.0,-56.0,-63.0,1,0.010238170623779297,1
-53.0,-73.0,-28.0,1,0.01024317741394043,1
-44.0,-72.0,-35.0,1,0.010246992111206055,1
-39.0,-72.0,-36.0,1,0.010251998901367188,1
-55.0,-53.0,-59.0,1,0.010256052017211914,1
-55.0,-46.0,-61.0,1,0.010261058807373047,1
-57.0,-35.0,-61.0,1,0.01026606559753418,1
-49.0,-38.0,-66.0,1,0.010270118713378906,1
-43.0,-32.0,-70.0,1,0.010275125503540039,1
-44.0,-60.0,-56.0,2,0.021047115325927734,2
-57.0,-57.0,-52.0,2,0.021060943603515625,2
-53.0,-66.0,-42.0,2,0.02106499671936035,2
-61.0,-57.0,-41.0,2,0.021088123321533203,2
-60.0,-51.0,-51.0,2,0.021132946014404297,2
-59.0,-45.0,-55.0,2,0.02113795280456543,2
-59.0,-48.0,-54.0,2,0.02114701271057129,2
-40.0,-69.0,-43.0,3,0.0296781063079834,2
-58.0,-49.0,-56.0,3,0.02970099449157715,2
-51.0,-45.0,-62.0,4,0.04096102714538574,3
-43.0,-50.0,-64.0,4,0.040966033935546875,3
-35.0,-63.0,-52.0,4,0.04102015495300293,3
-55.0,-61.0,-46.0,4,0.041023969650268555,3
-53.0,-57.0,-53.0,4,0.041033029556274414,3
-52.0,-65.0,-44.0,4,0.04104208946228027,3
-42.0,-46.0,-65.0,5,0.04957294464111328,3
-56.0,-61.0,-45.0,5,0.0496370792388916,3
-46.0,-67.0,-44.0,6,0.05703902244567871,3
-55.0,-68.0,-37.0,6,0.05707502365112305,3
-59.0,-64.0,-40.0,6,0.05708003044128418,3
-46.0,-71.0,-32.0,6,0.057084083557128906,3
-52.0,-70.0,-32.0,6,0.057093143463134766,3
-47.0,-63.0,-51.0,7,0.06397509574890137,3
-60.0,-64.0,-36.0,7,0.06398415565490723,3
-65.0,-53.0,-37.0,7,0.06398916244506836,3
-45.0,-42.0,-65.0,8,0.07612013816833496,4
-38.0,-38.0,-68.0,8,0.07612395286560059,4
-47.0,-67.0,-42.0,9,0.0848691463470459,4
-37.0,-66.0,-48.0,11,0.0956261157989502,4
-43.0,-64.0,-49.0,11,0.09563112258911133,4
-67.0,-45.0,-42.0,12,0.10386514663696289,4
-58.0,-58.0,-50.0,12,0.10388517379760742,4
-61.0,-55.0,-47.0,12,0.10388898849487305,4
-54.0,-62.0,-47.0,12,0.10389399528503418,4
-56.0,-64.0,-43.0,14,0.11758112907409668,4
-52.0,-63.0,-47.0,15,0.1240229606628418,4
-43.0,-40.0,-66.0,16,0.13386201858520508,5
-44.0,-64.0,-45.0,20,0.16311097145080566,5
-63.0,-49.0,-44.0,24,0.18556809425354004,5
-64.0,-52.0,-41.0,24,0.18557214736938477,5
-50.0,-59.0,-54.0,24,0.1855771541595459,5
-56.0,-54.0,-55.0,24,0.18560409545898438,5
-64.0,-54.0,-34.0,24,0.18561697006225586,5
-56.0,-47.0,-57.0,24,0.18562602996826172,5
-61.0,-53.0,-50.0,25,0.19182896614074707,5
-57.0,-62.0,-41.0,27,0.20264911651611328,5
-56.0,-68.0,-33.0,28,0.20840716361999512,5
-56.0,-70.0,-22.0,28,0.20841217041015625,5
-49.0,-72.0,-31.0,29,0.21442604064941406,5
-60.0,-61.0,-39.0,29,0.2144479751586914,5
-62.0,-56.0,-43.0,30,0.21886396408081055,5
-25.0,-66.0,-49.0,40,0.2859940528869629,6
-40.0,-61.0,-55.0,40,0.2859981060028076,6
-42.0,-58.0,-59.0,40,0.28600215911865234,6
-53.0,-58.0,-51.0,42,0.2939319610595703,6
-55.0,-55.0,-55.0,42,0.29393696784973145,6
-60.0,-41.0,-54.0,51,0.33531999588012695,6
-53.0,-59.0,-48.0,52,0.34125208854675293,6
-57.0,-42.0,-57.0,72,0.44866108894348145,7
-45.0,-61.0,-54.0,92,0.5333130359649658,7
-49.0,-70.0,-36.0,109,0.6054370403289795,7
-51.0,-38.0,-64.0,133,0.7220511436462402,8
-48.0,-48.0,-62.0,142,0.7590761184692383,8
-50.0,-61.0,-50.0,163,0.8311021327972412,8
-61.0,-46.0,-52.0,170,0.863530158996582,8
-36.0,-64.0,-50.0,208,0.9775500297546387,9
-43.0,-52.0,-60.0,224,1.0598201751708984,9
-49.0,-48.0,-60.0,233,1.0898301601409912,9
-38.0,-39.0,-67.0,326,1.4015960693359375,10
-62.0,-45.0,-47.0,404,1.614428997039795,10
-36.0,-35.0,-69.0,543,1.9706110954284668,13
