z1,z2,z3,node,time,depth
-7506.0,-6502.0,-6489.0,1,0.007235050201416016,1
-8514.0,-6279.0,-5477.0,1,0.007280111312866211,1
-7080.0,-7428.0,-6564.0,1,0.007398128509521484,1
-7152.0,-6598.0,-6687.0,1,0.007402181625366211,1
-6726.0,-7524.0,-6762.0,1,0.0074040889739990234,1
-6413.0,-8936.0,-5495.0,3,0.0210111141204834,2
-7895.0,-8113.0,-4463.0,5,0.031893014907836914,3
-6767.0,-8840.0,-5297.0,5,0.03189516067504883,3
-6588.0,-7681.0,-6612.0,7,0.04371809959411621,3
-6253.0,-7632.0,-6675.0,7,0.04375100135803223,3
-8088.0,-7205.0,-5552.0,8,0.04714822769165039,4
-7545.0,-8146.0,-5783.0,11,0.06065821647644043,4
-6391.0,-7475.0,-6825.0,13,0.06963300704956055,4
-6675.0,-8564.0,-5959.0,14,0.07451820373535156,4
-7191.0,-8242.0,-5981.0,15,0.07885909080505371,4
-7208.0,-7715.0,-6080.0,17,0.08467817306518555,5
-6942.0,-7585.0,-6414.0,23,0.10735702514648438,5
-5594.0,-7952.0,-6622.0,26,0.11817502975463867,5
-6340.0,-8515.0,-6022.0,28,0.12641501426696777,5
-6078.0,-8887.0,-5558.0,30,0.13422608375549316,5
-7106.0,-8384.0,-5777.0,33,0.1419970989227295,6
-7634.0,-6789.0,-6005.0,37,0.15342116355895996,6
-8321.0,-7187.0,-4388.0,42,0.17011022567749023,6
-8209.0,-7094.0,-5162.0,43,0.17314910888671875,6
-6432.0,-8791.0,-5360.0,46,0.18569207191467285,6
-6394.0,-8719.0,-5778.0,58,0.2243211269378662,6
-6771.0,-8335.0,-5840.0,67,0.24673008918762207,7
-7969.0,-6838.0,-5942.0,73,0.2603452205657959,7
-6745.0,-7379.0,-6627.0,89,0.30457615852355957,7
-7185.0,-8473.0,-5091.0,131,0.4122171401977539,8
-7831.0,-6995.0,-5792.0,293,0.7492351531982422,9
-8515.0,-6149.0,-5222.0,295,0.7524909973144531,9
-7496.0,-6946.0,-5855.0,299,0.7594799995422363,9
-8233.0,-6434.0,-5296.0,314,0.7869820594787598,9
-7947.0,-7466.0,-4698.0,319,0.7967221736907959,9
-6387.0,-7980.0,-6282.0,407,0.9617371559143066,9
-6437.0,-8985.0,-5264.0,512,1.155992031097412,10
-7946.0,-7596.0,-4953.0,637,1.3324291706085205,10
-6802.0,-8714.0,-5219.0,994,1.8811650276184082,11
-7550.0,-8340.0,-5687.0,1008,1.9084792137145996,11
-6699.0,-8613.0,-5728.0,1204,2.1538569927215576,11
-6052.0,-7931.0,-6345.0,1542,2.6364800930023193,11
-5254.0,-7533.0,-6868.0,1552,2.6494522094726562,11
-6249.0,-8137.0,-6132.0,1716,2.8698461055755615,11
-5705.0,-8399.0,-6098.0,1729,2.8856940269470215,11
-6803.0,-8584.0,-4964.0,1740,2.896355152130127,12
-7326.0,-7531.0,-6086.0,1774,2.925319194793701,12
-7784.0,-7673.0,-5635.0,1822,2.9673471450805664,12
-5398.0,-7598.0,-6704.0,2477,3.712315082550049,12
-7551.0,-8072.0,-4791.0,2722,3.9673821926116943,13
-7186.0,-8343.0,-4836.0,2735,3.9781320095062256,13
-8546.0,-6528.0,-4601.0,2852,4.0767810344696045,13
-8115.0,-7260.0,-4772.0,2976,4.192332029342651,13
-7560.0,-8064.0,-4526.0,3017,4.285368204116821,13
-6308.0,-7753.0,-6327.0,3242,4.4855451583862305,13
-6752.0,-7709.0,-6237.0,3244,4.4873270988464355,13
-8210.0,-6747.0,-5560.0,3856,5.052138090133667,14
-6776.0,-7758.0,-6006.0,3974,5.1546971797943115,14
-6028.0,-8270.0,-6179.0,4090,5.246924161911011,14
-7321.0,-7337.0,-6182.0,4138,5.286504030227661,14
-7779.0,-7479.0,-5731.0,4144,5.291144132614136,14
-6004.0,-8221.0,-6410.0,4266,5.393742084503174,14
-6967.0,-7433.0,-6380.0,4506,5.594340085983276,14
-7425.0,-7575.0,-5929.0,4510,5.597604036331177,14
-6750.0,-7573.0,-6531.0,4678,5.742733001708984,15
-7565.0,-8258.0,-4430.0,4700,5.75956916809082,15
-7882.0,-7580.0,-5222.0,4746,5.792672157287598,15
-7511.0,-6696.0,-6393.0,4770,5.813270092010498,15
-7176.0,-6647.0,-6456.0,4798,5.8359081745147705,15
-7563.0,-7837.0,-5081.0,4856,5.888371229171753,15
-7132.0,-8569.0,-5252.0,4892,5.919424057006836,15
-7215.0,-8291.0,-5750.0,5348,6.293466091156006,16
-6612.0,-7730.0,-6381.0,5354,6.298366069793701,16
-8089.0,-7075.0,-5297.0,5380,6.317847013473511,16
-8186.0,-7112.0,-5139.0,5410,6.340587139129639,16
-7373.0,-6853.0,-6243.0,5420,6.348555088043213,16
-8326.0,-7381.0,-4292.0,5482,6.402285099029541,16
-6797.0,-8520.0,-5315.0,5498,6.415434122085571,16
-7881.0,-7927.0,-4824.0,5508,6.424084186553955,16
-7537.0,-6881.0,-5868.0,5528,6.4402430057525635,16
-5890.0,-8427.0,-6029.0,5572,6.473918199539185,16
-6422.0,-7854.0,-6204.0,5650,6.538367033004761,16
-5669.0,-8172.0,-6473.0,5666,6.551596164703369,16
-5721.0,-7688.0,-6534.0,5676,6.559234142303467,16
-5290.0,-8420.0,-6705.0,5678,6.560805082321167,16
-5674.0,-8366.0,-6377.0,5696,6.575559139251709,16
-6443.0,-8616.0,-5513.0,5712,6.588316202163696,16
-6773.0,-8471.0,-5546.0,5716,6.591632127761841,16
-6284.0,-8011.0,-6054.0,5718,6.593360185623169,16
-6614.0,-7866.0,-6087.0,5724,6.5980751514434814,16
-6064.0,-8864.0,-5745.0,5726,6.599876165390015,16
-6778.0,-8665.0,-5450.0,5732,6.604885101318359,16
-5536.0,-8523.0,-6227.0,5768,6.641285181045532,16
-5866.0,-8378.0,-6260.0,5770,6.643198013305664,16
-6991.0,-7482.0,-6149.0,5810,6.675058126449585,17
-7752.0,-6605.0,-6011.0,5850,6.706377029418945,17
-7991.0,-7332.0,-4355.0,5870,6.722005128860474,17
-8541.0,-6334.0,-4697.0,5916,6.757028102874756,17
-8300.0,-6425.0,-5079.0,5924,6.763197183609009,17
-6700.0,-8483.0,-5473.0,5950,6.7828052043914795,17
-6038.0,-7908.0,-6532.0,5974,6.800006151199341,17
-7417.0,-6862.0,-6003.0,6044,6.854530096054077,18
-8644.0,-6435.0,-4188.0,6068,6.871986150741577,18
-7976.0,-7414.0,-5612.0,6082,6.881983041763306,18
-8312.0,-7195.0,-4653.0,6088,6.886256217956543,18
-7564.0,-7707.0,-4826.0,6090,6.887980222702026,18
-6418.0,-8768.0,-5547.0,6092,6.889390230178833,18
-8307.0,-7001.0,-4749.0,6096,6.892305135726929,18
-6411.0,-8029.0,-6051.0,6104,6.898315191268921,18
-6057.0,-8125.0,-6249.0,6134,6.919360160827637,18
-6345.0,-8709.0,-5926.0,6138,6.921962022781372,18
-5919.0,-8282.0,-6099.0,6150,6.93083119392395,18
