z1,z2,z3,node,time,depth
-74.0,-86.0,-68.0,1,0.0043871402740478516,1
-70.0,-76.0,-81.0,1,0.0044231414794921875,1
-88.0,-64.0,-61.0,1,0.004445075988769531,1
-87.0,-60.0,-63.0,5,0.024904966354370117,3
-79.0,-80.0,-67.0,7,0.035310983657836914,3
-78.0,-75.0,-74.0,7,0.03535294532775879,3
-77.0,-71.0,-76.0,7,0.0353550910949707,3
-74.0,-79.0,-75.0,28,0.11217117309570312,5
-87.0,-67.0,-56.0,33,0.12783503532409668,6
-80.0,-67.0,-69.0,34,0.13090109825134277,6
-83.0,-68.0,-62.0,68,0.22338199615478516,7
-83.0,-70.0,-57.0,77,0.24157309532165527,7
-82.0,-71.0,-59.0,128,0.354633092880249,8
-81.0,-71.0,-62.0,132,0.360090970993042,8
-79.0,-59.0,-73.0,178,0.43374204635620117,8
-78.0,-80.0,-70.0,239,0.5386791229248047,8
-81.0,-67.0,-67.0,263,0.5765249729156494,9
-79.0,-58.0,-75.0,360,0.6996850967407227,9
-73.0,-82.0,-70.0,435,0.8004419803619385,9
-71.0,-80.0,-77.0,445,0.8136610984802246,9
-80.0,-63.0,-71.0,550,0.9344620704650879,10
-83.0,-61.0,-69.0,617,1.0095021724700928,10
-80.0,-74.0,-59.0,705,1.1074090003967285,10
-70.0,-83.0,-74.0,813,1.2533550262451172,10
-74.0,-77.0,-76.0,882,1.318925142288208,10
-82.0,-66.0,-66.0,898,1.3331899642944336,11
-82.0,-70.0,-61.0,1500,1.817857027053833,12
-81.0,-74.0,-54.0,1529,1.833367109298706,12
-82.0,-69.0,-63.0,1540,1.8405089378356934,12
-80.0,-71.0,-63.0,1548,1.846830129623413,12
-80.0,-68.0,-67.0,1588,1.8772940635681152,12
-79.0,-69.0,-68.0,1592,1.879059076309204,12
-81.0,-62.0,-70.0,1634,1.9010231494903564,12
-82.0,-56.0,-71.0,1778,1.9905011653900146,12
-76.0,-84.0,-66.0,2116,2.216794967651367,12
-84.0,-69.0,-57.0,2180,2.260329008102417,13
-80.0,-75.0,-57.0,2183,2.26147198677063,13
-80.0,-69.0,-65.0,2286,2.320594072341919,13
-84.0,-59.0,-68.0,2317,2.334757089614868,13
-83.0,-67.0,-65.0,2323,2.3384690284729004,13
-83.0,-63.0,-67.0,2323,2.338469982147217,13
-84.0,-67.0,-62.0,2349,2.3612630367279053,13
-84.0,-63.0,-64.0,2349,2.3612639904022217,13
-72.0,-80.0,-76.0,2720,2.559429168701172,13
-69.0,-84.0,-73.0,2722,2.56072998046875,13
-86.0,-68.0,-57.0,2818,2.6137449741363525,14
-82.0,-68.0,-65.0,2832,2.6231260299682617,14
-80.0,-73.0,-61.0,2870,2.6505911350250244,14
-79.0,-62.0,-72.0,2895,2.663102149963379,14
-83.0,-62.0,-68.0,2898,2.664299964904785,14
-84.0,-62.0,-65.0,2912,2.6730940341949463,14
-85.0,-61.0,-67.0,2952,2.692239999771118,14
-82.0,-58.0,-70.0,2982,2.708022117614746,14
-58.0,-68.0,-82.0,3149,2.793271064758301,14
-83.0,-69.0,-60.0,3218,2.8308019638061523,15
-85.0,-68.0,-60.0,3226,2.8359601497650146,15
-80.0,-64.0,-70.0,3302,2.8728489875793457,15
-86.0,-61.0,-64.0,3308,2.8754611015319824,15
-81.0,-73.0,-58.0,3384,2.911532163619995,15
-71.0,-83.0,-71.0,3420,2.926496982574463,15
-57.0,-71.0,-82.0,3424,2.9280149936676025,15
-80.0,-60.0,-72.0,3524,2.9780051708221436,16
-81.0,-58.0,-73.0,3532,2.9813220500946045,16
-81.0,-59.0,-71.0,3534,2.982095956802368,16
-80.0,-76.0,-53.0,3562,2.9945430755615234,16
-82.0,-72.0,-57.0,3620,3.021890163421631,17
-81.0,-64.0,-68.0,3638,3.028226137161255,17
-69.0,-77.0,-80.0,3660,3.0374929904937744,17
-71.0,-76.0,-78.0,3662,3.0383200645446777,17
-77.0,-81.0,-71.0,3666,3.039811134338379,17
-76.0,-77.0,-73.0,3668,3.041232109069824,17
-72.0,-81.0,-72.0,3672,3.043084144592285,17
-73.0,-78.0,-77.0,3700,3.056796073913574,18
-72.0,-74.0,-79.0,3714,3.062263011932373,19
