z1,z2,z3,node,time,depth
-65.0,-25.0,-75.0,1,0.010225057601928711,1
-23.0,-75.0,-25.0,1,0.010230064392089844,1
-32.0,-65.0,-37.0,1,0.010246992111206055,1
-71.0,-19.0,-71.0,1,0.010251998901367188,1
-60.0,-34.0,-69.0,1,0.01025700569152832,1
-27.0,-71.0,-30.0,1,0.010261058807373047,1
-70.0,-26.0,-67.0,1,0.01026606559753418,1
-69.0,-23.0,-71.0,1,0.010270118713378906,1
-71.0,-23.0,-68.0,1,0.010274171829223633,1
-66.0,-28.0,-71.0,1,0.010279178619384766,1
-44.0,-53.0,-50.0,1,0.01028299331665039,1
-56.0,-39.0,-64.0,1,0.010288000106811523,1
-53.0,-44.0,-58.0,1,0.01029205322265625,1
-36.0,-65.0,-33.0,1,0.010297060012817383,1
-45.0,-53.0,-49.0,1,0.01030111312866211,1
-62.0,-37.0,-60.0,1,0.010306119918823242,1
-59.0,-37.0,-65.0,1,0.010310173034667969,1
-68.0,-30.0,-64.0,1,0.010315179824829102,1
-57.0,-45.0,-48.0,1,0.010318994522094727,1
-55.0,-45.0,-54.0,1,0.01032400131225586,1
-51.0,-51.0,-45.0,1,0.010328054428100586,1
-49.0,-52.0,-46.0,1,0.010333061218261719,1
-41.0,-62.0,-33.0,1,0.010337114334106445,1
-54.0,-48.0,-47.0,1,0.010342121124267578,1
-56.0,-46.0,-48.0,1,0.010346174240112305,1
-70.0,-21.0,-70.0,2,0.01972508430480957,2
-66.0,-25.0,-72.0,2,0.019730091094970703,2
-57.0,-39.0,-63.0,2,0.01975703239440918,2
-64.0,-35.0,-56.0,2,0.019761085510253906,2
-53.0,-47.0,-52.0,2,0.019770145416259766,2
-43.0,-58.0,-40.0,2,0.019783973693847656,2
-60.0,-39.0,-58.0,2,0.019811153411865234,2
-65.0,-33.0,-62.0,2,0.01981520652770996,2
-40.0,-58.0,-43.0,3,0.028597116470336914,2
-36.0,-62.0,-38.0,3,0.028602123260498047,2
-45.0,-52.0,-50.0,3,0.028629064559936523,2
-67.0,-27.0,-70.0,3,0.028635025024414062,2
-32.0,-68.0,-27.0,4,0.03874611854553223,3
-39.0,-61.0,-37.0,4,0.038755178451538086,3
-61.0,-33.0,-67.0,4,0.0387721061706543,3
-43.0,-57.0,-42.0,4,0.03877711296081543,3
-55.0,-43.0,-56.0,4,0.03879904747009277,3
-60.0,-38.0,-59.0,4,0.038804054260253906,3
-56.0,-43.0,-51.0,4,0.038813114166259766,3
-39.0,-59.0,-40.0,5,0.04634213447570801,3
-55.0,-41.0,-59.0,5,0.04634714126586914,3
-52.0,-47.0,-53.0,5,0.046356201171875,3
-41.0,-56.0,-45.0,6,0.05477404594421387,3
-58.0,-40.0,-58.0,6,0.05484414100646973,3
-64.0,-34.0,-58.0,7,0.0645291805267334,3
-58.0,-39.0,-61.0,7,0.06454610824584961,3
-60.0,-36.0,-63.0,7,0.06459903717041016,3
-57.0,-44.0,-50.0,7,0.06462597846984863,3
-49.0,-46.0,-56.0,8,0.1364610195159912,4
-48.0,-49.0,-52.0,8,0.13654804229736328,4
-44.0,-51.0,-51.0,9,0.1462399959564209,4
-64.0,-32.0,-65.0,10,0.15303707122802734,4
-48.0,-51.0,-48.0,10,0.15306401252746582,4
-59.0,-38.0,-60.0,10,0.15306901931762695,4
-59.0,-39.0,-59.0,10,0.15307307243347168,4
-67.0,-23.0,-73.0,12,0.1665511131286621,4
-57.0,-41.0,-55.0,12,0.16658306121826172,4
-63.0,-34.0,-63.0,12,0.16658711433410645,4
-66.0,-31.0,-64.0,12,0.16659998893737793,4
-68.0,-21.0,-72.0,13,0.17364001274108887,4
-66.0,-29.0,-67.0,13,0.17364907264709473,4
-51.0,-49.0,-49.0,14,0.17983007431030273,4
-46.0,-47.0,-54.0,16,0.19773507118225098,5
-43.0,-54.0,-46.0,16,0.1978011131286621,5
-44.0,-54.0,-45.0,16,0.1978151798248291,5
-46.0,-50.0,-51.0,19,0.2353529930114746,5
-51.0,-45.0,-56.0,19,0.23539113998413086,5
-52.0,-45.0,-55.0,19,0.2354412078857422,5
-64.0,-33.0,-63.0,20,0.24186301231384277,5
-47.0,-53.0,-44.0,21,0.24846410751342773,5
-48.0,-53.0,-43.0,21,0.24846911430358887,5
-53.0,-49.0,-44.0,21,0.24851417541503906,5
-52.0,-50.0,-44.0,21,0.2485179901123047,5
-41.0,-59.0,-39.0,22,0.2536630630493164,5
-61.0,-36.0,-61.0,24,0.26447200775146484,5
-65.0,-26.0,-73.0,24,0.2644810676574707,5
-64.0,-30.0,-67.0,24,0.26452112197875977,5
-62.0,-32.0,-67.0,25,0.272205114364624,5
-61.0,-35.0,-63.0,25,0.2722141742706299,5
-54.0,-47.0,-49.0,30,0.29979515075683594,5
-40.0,-57.0,-45.0,34,0.3324470520019531,6
-28.0,-69.0,-32.0,34,0.33245110511779785,6
-41.0,-57.0,-44.0,34,0.3324551582336426,6
-48.0,-50.0,-49.0,34,0.3324911594390869,6
-63.0,-31.0,-66.0,36,0.3460230827331543,6
-62.0,-31.0,-68.0,37,0.351809024810791,6
-54.0,-42.0,-59.0,37,0.3518362045288086,6
-42.0,-60.0,-35.0,40,0.3696281909942627,6
-54.0,-46.0,-50.0,40,0.36963701248168945,6
-57.0,-42.0,-51.0,43,0.3852860927581787,6
-49.0,-43.0,-59.0,48,0.41207003593444824,6
-57.0,-38.0,-64.0,48,0.4121720790863037,6
-49.0,-48.0,-53.0,49,0.41800904273986816,6
-53.0,-46.0,-53.0,60,0.4743959903717041,6
-40.0,-60.0,-36.0,68,0.5327541828155518,7
-45.0,-57.0,-36.0,81,0.6079401969909668,7
-57.0,-40.0,-59.0,89,0.6442651748657227,7
-60.0,-35.0,-64.0,96,0.6733942031860352,7
-55.0,-40.0,-61.0,98,0.6867640018463135,7
-56.0,-42.0,-53.0,98,0.6867780685424805,7
-54.0,-43.0,-57.0,98,0.6867871284484863,7
-42.0,-55.0,-45.0,99,0.6918120384216309,7
-49.0,-50.0,-48.0,113,0.7565782070159912,7
-52.0,-49.0,-47.0,124,0.8015689849853516,7
-35.0,-63.0,-36.0,134,0.8731122016906738,8
-31.0,-68.0,-29.0,135,0.8789181709289551,8
-36.0,-61.0,-39.0,135,0.8789360523223877,8
-31.0,-67.0,-32.0,135,0.8789491653442383,8
-42.0,-56.0,-44.0,136,0.8866550922393799,8
-43.0,-56.0,-43.0,140,0.9076399803161621,8
-63.0,-29.0,-68.0,144,0.9323711395263672,8
-59.0,-40.0,-54.0,152,0.978952169418335,8
-61.0,-38.0,-55.0,153,0.983640193939209,8
-61.0,-34.0,-64.0,182,1.111985206604004,8
-56.0,-41.0,-58.0,183,1.1163601875305176,8
-38.0,-55.0,-46.0,220,1.2891740798950195,9
-44.0,-56.0,-40.0,224,1.3145301342010498,9
-39.0,-60.0,-38.0,225,1.3197581768035889,9
-45.0,-55.0,-40.0,225,1.31976318359375,9
-38.0,-59.0,-41.0,229,1.3439099788665771,9
-55.0,-42.0,-57.0,240,1.3969731330871582,9
-44.0,-57.0,-37.0,249,1.4386911392211914,9
-51.0,-50.0,-46.0,251,1.4452590942382812,9
-65.0,-32.0,-63.0,254,1.4551091194152832,9
-63.0,-27.0,-72.0,270,1.518975019454956,9
-62.0,-30.0,-69.0,270,1.5189931392669678,9
-63.0,-36.0,-56.0,358,1.8693311214447021,10
-33.0,-64.0,-34.0,412,2.0701990127563477,11
-29.0,-69.0,-28.0,412,2.0702080726623535,11
-39.0,-62.0,-34.0,450,2.201862096786499,11
-46.0,-54.0,-38.0,486,2.320448160171509,12
-29.0,-68.0,-31.0,495,2.371742010116577,12
-45.0,-54.0,-42.0,500,2.3891711235046387,12
-33.0,-66.0,-32.0,512,2.431185007095337,12
-39.0,-63.0,-32.0,521,2.4611032009124756,12
-29.0,-70.0,-27.0,559,2.5914971828460693,13
