z1,z2,z3,node,time,depth
12165.0,13701.0,6846.0,1,0.47711777687072754,1
14557.0,12276.0,6855.0,1,0.47713184356689453,1
14601.0,7626.0,10333.0,1,0.4772038459777832,1
11356.0,7293.0,14267.0,1,0.4772458076477051,1
7410.0,11978.0,13656.0,1,0.47730183601379395,1
12414.0,9341.0,7012.0,1,0.4773437976837158,1
10603.0,14343.0,7405.0,1,0.47748398780822754,1
11233.0,14362.0,7060.0,1,0.47749781608581543,1
15541.0,7037.0,14206.0,1,0.47761082649230957,1
7413.0,12525.0,12953.0,1,0.4777669906616211,1
7447.0,13050.0,12564.0,1,0.477780818939209,1
11474.0,7253.0,14243.0,1,0.4780268669128418,1
12105.0,7205.0,13897.0,1,0.4780550003051758,1
7624.0,13630.0,11725.0,1,0.4784519672393799,1
8363.0,10102.0,10357.0,1,0.47852277755737305,1
8800.0,10998.0,9029.0,1,0.47856593132019043,1
9715.0,8246.0,10910.0,1,0.47896599769592285,1
10019.0,8741.0,10404.0,2,0.9622228145599365,2
10110.0,8215.0,11309.0,2,0.9636099338531494,2
13015.0,7340.0,12430.0,3,1.169583797454834,2
13355.0,7708.0,11689.0,3,1.1696248054504395,2
13743.0,8209.0,10817.0,3,1.1696949005126953,2
13594.0,8026.0,11101.0,3,1.1697089672088623,2
13379.0,8547.0,10311.0,3,1.1697227954864502,2
13230.0,8364.0,10595.0,3,1.1697368621826172,2
15130.0,8750.0,9268.0,5,1.836042881011963,3
14030.0,7547.0,12140.0,6,2.027704954147339,3
14032.0,7397.0,12422.0,6,2.0277187824249268,3
12617.0,7361.0,13036.0,6,2.0278289318084717,3
12300.0,7233.0,13648.0,6,2.0278429985046387,3
12651.0,7678.0,11924.0,7,2.2446138858795166,3
12991.0,8046.0,11183.0,7,2.2446279525756836,3
12104.0,8153.0,11532.0,7,2.244785785675049,3
12521.0,7761.0,12042.0,7,2.245072841644287,3
12683.0,8839.0,10203.0,7,2.2452428340911865,3
12497.0,8467.0,10795.0,7,2.245271921157837,3
12736.0,8785.0,10207.0,7,2.245285987854004,3
12157.0,8099.0,11536.0,7,2.245299816131592,3
14253.0,7548.0,11991.0,9,2.870236873626709,4
14432.0,8889.0,9343.0,9,2.8706769943237305,4
14606.0,9123.0,9062.0,9,2.8706908226013184,4
9532.0,8978.0,14180.0,12,3.6500558853149414,4
12499.0,7401.0,13060.0,12,3.6501967906951904,4
9286.0,9876.0,12771.0,12,3.6503918170928955,4
8938.0,10093.0,13399.0,12,3.6504058837890625,4
10459.0,8093.0,13964.0,12,3.650434970855713,4
11002.0,7596.0,14328.0,12,3.6504478454589844,4
10490.0,8047.0,14409.0,12,3.6504619121551514,4
11791.0,7381.0,13631.0,12,3.6504759788513184,4
11986.0,7409.0,13382.0,12,3.6504898071289062,4
11669.0,7281.0,13994.0,12,3.6505179405212402,4
11868.0,7449.0,13406.0,12,3.650697946548462,4
11673.0,7421.0,13655.0,12,3.65071177482605,4
9230.0,9511.0,13762.0,12,3.651017904281616,4
9200.0,9690.0,13300.0,12,3.651324987411499,4
8611.0,11484.0,9565.0,16,4.6049439907073975,5
9546.0,10842.0,8762.0,16,4.605294942855835,5
7933.0,14506.0,11062.0,16,4.605364799499512,5
12499.0,13052.0,6892.0,17,4.805362939834595,5
8475.0,14619.0,9696.0,17,4.805534839630127,5
10194.0,14452.0,7718.0,17,4.80571985244751,5
9453.0,9334.0,14352.0,24,6.547574996948242,5
12422.0,7333.0,13285.0,24,6.547923803329468,5
11987.0,7245.0,13921.0,24,6.548215866088867,5
11138.0,8104.0,13448.0,24,6.548228979110718,5
12304.0,7373.0,13309.0,24,6.548271894454956,5
12490.0,7453.0,13211.0,25,6.82231879234314,5
13326.0,8601.0,10307.0,31,7.783783912658691,5
13177.0,8418.0,10591.0,31,7.783797979354858,5
12444.0,8521.0,10791.0,31,7.783811807632446,5
12468.0,7815.0,12038.0,31,7.783968925476074,5
12938.0,8100.0,11179.0,31,7.783982992172241,5
12598.0,7732.0,11920.0,31,7.7839977741241455,5
13302.0,7762.0,11685.0,31,7.784012794494629,5
12962.0,7394.0,12426.0,31,7.784026861190796,5
13690.0,8263.0,10813.0,31,7.78416895866394,5
13541.0,8080.0,11097.0,31,7.784182786941528,5
10219.0,9282.0,9460.0,32,8.221941947937012,6
7747.0,11550.0,13650.0,34,8.637886762619019,6
8308.0,11202.0,13135.0,34,8.638019800186157,6
11567.0,13713.0,7106.0,34,8.638089895248413,6
7927.0,12677.0,12108.0,34,8.638116836547852,6
10824.0,14471.0,7373.0,34,8.63814377784729,6
7784.0,12622.0,12558.0,34,8.638254880905151,6
8311.0,11749.0,12432.0,34,8.638282775878906,6
7750.0,12097.0,12947.0,34,8.638309955596924,6
8122.0,12110.0,12320.0,34,8.638323783874512,6
7961.0,13202.0,11719.0,34,8.638337850570679,6
9959.0,14462.0,8119.0,34,8.638378858566284,6
8299.0,12690.0,11481.0,34,8.638489961624146,6
8741.0,14678.0,9531.0,34,8.638503789901733,6
8333.0,13215.0,11092.0,34,8.638516902923584,6
9694.0,14306.0,8500.0,34,8.638544797897339,6
9979.0,14420.0,8103.0,34,8.638571977615356,6
11525.0,13091.0,7575.0,34,8.638585805892944,6
11116.0,13200.0,7888.0,34,8.638599872589111,6
11869.0,13033.0,7237.0,35,8.81868290901184,6
11535.0,13682.0,7191.0,35,8.818710803985596,6
12365.0,12320.0,7590.0,35,8.818867921829224,6
12182.0,7273.0,13672.0,48,11.68172287940979,6
12804.0,7277.0,13477.0,48,11.681764841079712,6
11780.0,7912.0,12997.0,48,11.68229079246521,6
9466.0,9196.0,14175.0,50,12.18773889541626,6
9140.0,9765.0,13395.0,50,12.187751770019531,6
10972.0,7930.0,14384.0,51,12.439010858535767,6
10730.0,7992.0,14371.0,51,12.4390389919281,6
12241.0,7943.0,12686.0,51,12.439093828201294,6
11356.0,8161.0,13175.0,51,12.439107894897461,6
8984.0,10031.0,13957.0,51,12.439258813858032,6
10587.0,8030.0,14463.0,51,12.439369916915894,6
9488.0,9321.0,13457.0,51,12.439616918563843,6
12086.0,7835.0,12992.0,52,12.700851917266846,6
12088.0,7685.0,13274.0,52,12.701143980026245,6
9563.0,9776.0,13238.0,52,12.70126986503601,6
12552.0,8024.0,11929.0,58,13.581199884414673,6
12499.0,8078.0,11925.0,60,13.870092868804932,6
9487.0,9152.0,14572.0,63,14.695267915725708,7
9174.0,9584.0,13964.0,63,14.695863962173462,7
8549.0,14406.0,10193.0,67,15.566513776779175,7
11633.0,13556.0,7308.0,68,15.763833999633789,7
10701.0,14217.0,7522.0,68,15.763874769210815,7
11035.0,13568.0,7568.0,68,15.763888835906982,7
11967.0,12907.0,7354.0,68,15.76390290260315,7
11925.0,12285.0,7823.0,68,15.763916969299316,7
10993.0,12946.0,8037.0,68,15.763929843902588,7
12064.0,11850.0,8120.0,68,15.763943910598755,7
10626.0,13677.0,7881.0,68,15.763957977294922,7
8521.0,14565.0,9617.0,68,15.763998985290527,7
7590.0,13105.0,12114.0,68,15.764012813568115,7
7974.0,12177.0,12438.0,68,15.764026880264282,7
10124.0,14667.0,8004.0,68,15.764039993286133,7
10292.0,14326.0,7835.0,68,15.76405382156372,7
12200.0,11123.0,8761.0,68,15.764067888259888,7
11132.0,12511.0,8334.0,68,15.764081954956055,7
10584.0,13055.0,8350.0,68,15.764259815216064,7
8151.0,12757.0,11599.0,68,15.764273881912231,7
10723.0,12620.0,8647.0,68,15.764314889907837,7
7971.0,11630.0,13141.0,68,15.764424800872803,7
7819.0,13063.0,11937.0,69,15.91115689277649,7
7996.0,13643.0,11098.0,69,15.911170959472656,7
7782.0,11991.0,13029.0,69,15.911337852478027,7
7785.0,12538.0,12326.0,69,15.911351919174194,7
12101.0,8032.0,12629.0,93,20.817015886306763,7
11551.0,7321.0,14018.0,94,21.058461904525757,7
9636.0,9401.0,13150.0,95,21.26190686225891,7
12418.0,8003.0,12650.0,96,21.493120908737183,7
9226.0,9951.0,12866.0,96,21.49321699142456,7
9662.0,9662.0,12716.0,96,21.493401765823364,7
11551.0,8189.0,12926.0,97,21.65925097465515,7
11474.0,8121.0,13151.0,97,21.659291982650757,7
12851.0,7566.0,12841.0,100,22.34019899368286,7
12665.0,7566.0,13033.0,101,22.461383819580078,7
10999.0,8966.0,9445.0,118,25.376640796661377,8
14019.0,7767.0,10558.0,119,25.532370805740356,8
7924.0,12130.0,12811.0,127,27.291504859924316,8
7781.0,12075.0,13261.0,127,27.29156184196472,8
8119.0,11563.0,13023.0,127,27.29157590866089,8
8296.0,12143.0,12184.0,127,27.29160499572754,8
11158.0,13822.0,7419.0,128,27.46327495574951,8
9674.0,14348.0,8516.0,128,27.463345766067505,8
9762.0,14774.0,8335.0,129,27.661167860031128,8
9951.0,13772.0,8636.0,129,27.661494970321655,8
10533.0,14558.0,7691.0,130,27.862162828445435,8
11896.0,12191.0,8289.0,130,27.862323999404907,8
10964.0,12852.0,8503.0,130,27.862578868865967,8
10099.0,14222.0,8324.0,131,28.0172278881073,8
10250.0,13704.0,8304.0,131,28.017592906951904,8
7816.0,12516.0,12640.0,132,28.19844388961792,8
11966.0,11976.0,8003.0,132,28.198590993881226,8
11827.0,12411.0,7706.0,132,28.198604822158813,8
12323.0,11698.0,8059.0,132,28.19861888885498,8
10937.0,13694.0,7451.0,132,28.19864797592163,8
10895.0,13072.0,7920.0,132,28.198689937591553,8
11034.0,12637.0,8217.0,132,28.19870376586914,8
10026.0,14793.0,7887.0,132,28.198762893676758,8
10528.0,13803.0,7764.0,132,28.19877791404724,8
10486.0,13181.0,8233.0,132,28.19884991645813,8
10152.0,13830.0,8187.0,132,28.198892831802368,8
10625.0,12746.0,8530.0,132,28.19893789291382,8
12102.0,11249.0,8644.0,132,28.198951959609985,8
10410.0,14239.0,7894.0,133,28.32901382446289,8
11676.0,12929.0,7726.0,133,28.329070806503296,8
7962.0,13118.0,11487.0,133,28.3291437625885,8
12032.0,8079.0,12762.0,172,35.9907329082489,8
12173.0,7325.0,13823.0,172,35.99099278450012,8
9041.0,9950.0,13601.0,173,36.19174385070801,8
11568.0,7825.0,13628.0,173,36.19201683998108,8
9374.0,9804.0,13249.0,174,36.410170793533325,8
12097.0,8147.0,12419.0,174,36.4102988243103,8
9101.0,9875.0,13506.0,175,36.58073878288269,8
10829.0,7968.0,14476.0,176,36.80735993385315,8
9675.0,8940.0,14088.0,177,36.99264693260193,8
9473.0,9270.0,13631.0,177,36.993048906326294,8
12759.0,7645.0,12914.0,182,38.0089008808136,8
11568.0,7997.0,13382.0,186,38.778894901275635,8
12545.0,8600.0,10664.0,202,40.83081293106079,8
12646.0,8650.0,10511.0,202,40.83082699775696,8
12800.0,7861.0,11640.0,202,40.83096981048584,8
13140.0,8229.0,10899.0,202,40.830997943878174,8
13504.0,7891.0,11405.0,202,40.83101177215576,8
13164.0,7523.0,12146.0,202,40.83113980293274,8
12670.0,7944.0,11758.0,202,40.831209897994995,8
13474.0,8763.0,10148.0,203,40.947208881378174,8
12232.0,8078.0,12350.0,208,41.53602886199951,8
12596.0,7740.0,12856.0,208,41.53604292869568,8
8284.0,14365.0,10243.0,213,42.59179997444153,9
8141.0,14319.0,10553.0,213,42.591813802719116,9
9665.0,15438.0,8615.0,213,42.591882944107056,9
15168.0,8731.0,8879.0,214,42.88323187828064,9
14888.0,8177.0,9521.0,214,42.88324594497681,9
14784.0,8421.0,9269.0,214,42.88335990905762,9
14504.0,7867.0,9911.0,214,42.883373975753784,9
13881.0,7847.0,11090.0,214,42.88350176811218,9
13754.0,12804.0,6986.0,214,42.883572816848755,9
11918.0,12540.0,7674.0,214,42.88365888595581,9
13922.0,8008.0,10136.0,214,42.88392782211304,9
14577.0,7817.0,10373.0,215,43.028581857681274,9
13995.0,7958.0,10598.0,215,43.028650999069214,9
8156.0,12635.0,11931.0,226,45.20073390007019,9
8345.0,12274.0,12043.0,226,45.200833797454834,9
8312.0,11626.0,12938.0,228,45.628631830215454,9
7940.0,11613.0,13565.0,228,45.62864589691162,9
8595.0,14352.0,10114.0,230,46.021296977996826,9
11664.0,12656.0,7872.0,231,46.1722948551178,9
9931.0,13814.0,8652.0,231,46.172390937805176,9
7587.0,12558.0,12817.0,235,46.819769859313965,9
7621.0,13083.0,12428.0,235,46.81978392601013,9
7444.0,12503.0,13267.0,235,46.81985282897949,9
8148.0,12210.0,12302.0,235,46.820167779922485,9
11531.0,12855.0,7921.0,236,46.955315828323364,9
11489.0,12233.0,8390.0,236,46.95554995536804,9
11558.0,13016.0,7667.0,237,47.09621286392212,9
11655.0,11959.0,8433.0,237,47.09636378288269,9
11323.0,12290.0,8625.0,237,47.09641885757446,9
11516.0,12394.0,8136.0,237,47.0964457988739,9
11031.0,12345.0,8561.0,238,47.26825976371765,9
11963.0,11684.0,8347.0,238,47.2682728767395,9
8345.0,13153.0,11227.0,239,47.43420481681824,9
10001.0,14348.0,8207.0,241,47.67371678352356,9
9959.0,13726.0,8676.0,241,47.673744916915894,9
10744.0,13590.0,7940.0,241,47.673799991607666,9
10335.0,13699.0,8253.0,241,47.673813819885254,9
10293.0,13077.0,8722.0,241,47.67384481430054,9
11634.0,12307.0,8195.0,241,47.67391395568848,9
11773.0,11872.0,8492.0,241,47.673927783966064,9
10702.0,12968.0,8409.0,241,47.67394185066223,9
10841.0,12533.0,8706.0,241,47.67398381233215,9
12686.0,7317.0,13501.0,286,55.10394477844238,9
11963.0,8187.0,12794.0,295,57.0141978263855,9
11987.0,8113.0,12829.0,301,57.98419976234436,9
10875.0,7947.0,14330.0,302,58.203550815582275,9
10633.0,8009.0,14317.0,302,58.20379877090454,9
12083.0,8107.0,12756.0,307,59.037858963012695,9
11284.0,8176.0,13310.0,308,59.218886852264404,9
11783.0,8022.0,12951.0,308,59.219106912612915,9
12451.0,8017.0,12563.0,308,59.21913385391235,9
9537.0,9586.0,13356.0,309,59.35992789268494,9
9084.0,9983.0,13528.0,311,59.731544971466064,9
9571.0,9541.0,13206.0,311,59.73155879974365,9
9187.0,10061.0,12977.0,315,60.392820835113525,9
9623.0,9772.0,12827.0,315,60.3928759098053,9
12874.0,7627.0,12668.0,330,62.88310980796814,9
12180.0,7606.0,13201.0,330,62.88316488265991,9
12178.0,7756.0,12919.0,330,62.88317894935608,9
11586.0,7613.0,13956.0,330,62.883288860321045,9
13039.0,8179.0,11052.0,350,65.00561380386353,9
13403.0,7841.0,11558.0,350,65.00562787055969,9
13134.0,8395.0,10889.0,352,65.2250428199768,9
12890.0,7996.0,11336.0,352,65.22508382797241,9
13254.0,7658.0,11842.0,352,65.22509789466858,9
12861.0,8129.0,11301.0,353,65.3176429271698,9
13111.0,7577.0,12142.0,359,65.92138886451721,9
12617.0,7998.0,11754.0,359,65.92140293121338,9
12747.0,7915.0,11636.0,359,65.92141699790955,9
13087.0,8283.0,10895.0,359,65.92143082618713,9
13451.0,7945.0,11401.0,359,65.92151379585266,9
12593.0,8704.0,10507.0,359,65.92154097557068,9
12492.0,8654.0,10660.0,359,65.92158198356628,9
11005.0,8688.0,10510.0,360,66.38550591468811,10
8224.0,14048.0,10681.0,362,66.85887289047241,10
8332.0,13196.0,11385.0,362,66.8593978881836,10
14867.0,8809.0,9190.0,364,67.31914591789246,10
13901.0,8640.0,9805.0,364,67.31944584846497,10
14483.0,8499.0,9580.0,364,67.3194739818573,10
14763.0,9053.0,8938.0,364,67.3195309638977,10
14599.0,11941.0,6963.0,366,67.82692980766296,10
12959.0,12662.0,7001.0,366,67.82694387435913,10
11393.0,13173.0,7773.0,367,67.94879078865051,10
8298.0,12703.0,11844.0,386,71.41533088684082,10
12323.0,11377.0,8612.0,386,71.41556692123413,10
12184.0,11812.0,8315.0,386,71.41574597358704,10
8342.0,11727.0,12746.0,392,72.39582395553589,10
8153.0,12088.0,12634.0,392,72.39592099189758,10
11804.0,13152.0,7520.0,395,72.94811487197876,10
9742.0,14816.0,8351.0,395,72.94818377494812,10
11706.0,13278.0,7403.0,395,72.94819784164429,10
12048.0,12539.0,7674.0,397,73.23174977302551,10
11255.0,12765.0,8185.0,397,73.23204588890076,10
7817.0,13693.0,11640.0,402,73.95135998725891,10
7783.0,13168.0,12029.0,402,73.95150184631348,10
10082.0,14045.0,8473.0,403,74.12542796134949,10
8290.0,12278.0,12215.0,404,74.27076578140259,10
7729.0,12626.0,12730.0,404,74.27077889442444,10
7552.0,12046.0,13569.0,404,74.27080798149109,10
8113.0,11698.0,13054.0,404,74.27102184295654,10
10508.0,14113.0,8011.0,406,74.54927086830139,10
10842.0,13464.0,8057.0,406,74.5493278503418,10
10800.0,12842.0,8526.0,406,74.54934191703796,10
10433.0,13573.0,8370.0,406,74.54935598373413,10
11774.0,12803.0,7843.0,408,74.79323887825012,10
11365.0,12912.0,8156.0,408,74.7932538986206,10
11732.0,12181.0,8312.0,408,74.79358291625977,10
11871.0,11746.0,8609.0,408,74.79359579086304,10
11629.0,12333.0,8301.0,410,75.11994194984436,10
10697.0,12994.0,8515.0,410,75.1200008392334,10
11768.0,11898.0,8598.0,410,75.12002992630005,10
9631.0,14528.0,8756.0,412,75.39599180221558,10
11557.0,12085.0,8316.0,412,75.39617681503296,10
11418.0,12520.0,8019.0,412,75.39623498916626,10
11460.0,13142.0,7550.0,412,75.3962779045105,10
11391.0,12359.0,8273.0,413,75.52444982528687,10
11530.0,11924.0,8570.0,413,75.52446389198303,10
11433.0,12981.0,7804.0,413,75.52447891235352,10
7924.0,12059.0,12942.0,414,75.70190787315369,10
7927.0,12606.0,12239.0,414,75.70193696022034,10
8104.0,13186.0,11400.0,414,75.70209789276123,10
11225.0,12416.0,8508.0,416,75.89975690841675,10
12022.0,7850.0,13010.0,459,81.90902280807495,10
11913.0,8212.0,12591.0,477,84.97364592552185,10
11550.0,8032.0,13199.0,482,85.79574179649353,10
12055.0,7365.0,13847.0,482,85.79592084884644,10
11851.0,7767.0,13305.0,483,85.91878080368042,10
12453.0,7867.0,12845.0,486,86.35710287094116,10
12372.0,7493.0,13235.0,494,87.56664991378784,10
12021.0,8183.0,12684.0,501,88.59876489639282,10
12021.0,7701.0,13320.0,533,93.30139088630676,10
12652.0,7653.0,12974.0,533,93.30156087875366,10
11903.0,7741.0,13344.0,533,93.30164694786072,10
11822.0,8096.0,12834.0,534,93.44739890098572,10
15598.0,7140.0,14042.0,562,95.89631390571594,10
12679.0,8944.0,10387.0,564,96.11923694610596,10
13048.0,7634.0,12306.0,566,96.32072496414185,10
12554.0,8055.0,11918.0,566,96.3208589553833,10
13201.0,7712.0,11838.0,575,97.09731793403625,10
12707.0,8133.0,11450.0,575,97.09733176231384,10
12837.0,8050.0,11332.0,575,97.09734582901001,10
13350.0,7895.0,11554.0,577,97.24300384521484,10
12986.0,8233.0,11048.0,577,97.2430329322815,10
9533.0,9780.0,10172.0,578,97.81095886230469,11
7984.0,14482.0,11388.0,579,97.99052476882935,11
7734.0,11722.0,14024.0,579,97.9907238483429,11
7737.0,12269.0,13321.0,579,97.99073886871338,11
9668.0,14342.0,8715.0,584,99.11519479751587,11
9648.0,14384.0,8731.0,584,99.11520886421204,11
9431.0,14738.0,8963.0,584,99.11522388458252,11
14181.0,9194.0,9163.0,586,99.64140582084656,11
14202.0,8562.0,9494.0,588,100.03031778335571,11
14947.0,9161.0,8649.0,588,100.03043389320374,11
14365.0,9302.0,8874.0,588,100.03044891357422,11
13479.0,8612.0,10196.0,589,100.27515888214111,11
14061.0,8471.0,9971.0,589,100.27518796920776,11
14348.0,9022.0,9159.0,589,100.27560186386108,11
14244.0,9266.0,8907.0,589,100.27561593055725,11
13964.0,8712.0,9549.0,589,100.27563095092773,11
13382.0,8853.0,9774.0,589,100.27564477920532,11
8261.0,11631.0,12936.0,628,106.39628887176514,11
7889.0,11618.0,13563.0,628,106.39631581306458,11
12090.0,13161.0,7205.0,630,106.6972267627716,11
12304.0,13266.0,7143.0,631,106.90175199508667,11
10232.0,13598.0,8730.0,632,107.03958988189697,11
11623.0,12965.0,7692.0,634,107.32666182518005,11
11762.0,12530.0,7989.0,634,107.32673287391663,11
10252.0,13556.0,8714.0,642,108.33718180656433,11
7732.0,13173.0,12027.0,648,109.15077185630798,11
7555.0,12593.0,12866.0,648,109.15081286430359,11
7589.0,13118.0,12477.0,648,109.15082693099976,11
8116.0,12245.0,12351.0,648,109.15093684196472,11
7766.0,13698.0,11638.0,648,109.15096497535706,11
8293.0,12825.0,11512.0,648,109.15105986595154,11
8005.0,12155.0,12752.0,652,109.75239682197571,11
8182.0,12735.0,11913.0,652,109.75242495536804,11
10466.0,13491.0,8480.0,654,109.97557592391968,11
11129.0,12219.0,8678.0,656,110.17453098297119,11
10840.0,13782.0,7819.0,657,110.2735447883606,11
11174.0,13133.0,7865.0,657,110.27355980873108,11
10431.0,13891.0,8132.0,657,110.27364492416382,11
10765.0,13242.0,8178.0,657,110.2736599445343,11
10389.0,13269.0,8601.0,657,110.27375888824463,11
11913.0,12368.0,8140.0,659,110.47969198226929,11
12103.0,12180.0,7995.0,661,110.67903590202332,11
12061.0,11558.0,8464.0,661,110.67906379699707,11
11694.0,12289.0,8308.0,661,110.67909288406372,11
7993.0,13096.0,11801.0,663,110.97182393074036,11
11554.0,11793.0,8660.0,664,111.10482883453369,11
10177.0,13693.0,8625.0,666,111.4311089515686,11
12053.0,11372.0,8669.0,667,111.55170583724976,11
10360.0,14144.0,7933.0,668,111.64796996116638,11
10561.0,13721.0,7874.0,669,111.7575957775116,11
10291.0,13395.0,8484.0,669,111.75765085220337,11
10700.0,13286.0,8171.0,669,111.75766491889954,11
8117.0,12122.0,12857.0,670,111.90669298171997,11
8297.0,13249.0,11315.0,670,111.9069287776947,11
9833.0,14689.0,8376.0,672,112.21487283706665,11
8346.0,12190.0,11811.0,672,112.21491384506226,11
7959.0,12571.0,12190.0,673,112.27907991409302,11
11815.0,12494.0,8023.0,675,112.46468877792358,11
10368.0,13617.0,8363.0,676,112.55196595191956,11
11637.0,7950.0,13089.0,726,118.58808279037476,11
11879.0,7888.0,13102.0,726,118.58814096450806,11
11407.0,8070.0,13291.0,762,123.69848895072937,11
11451.0,7727.0,14014.0,762,123.69866180419922,11
11051.0,8186.0,13558.0,763,123.8514449596405,11
10958.0,7939.0,13605.0,764,123.95533776283264,11
11759.0,7846.0,13378.0,764,123.9555389881134,11
9576.0,9476.0,13245.0,765,124.12335681915283,11
10602.0,8055.0,13872.0,765,124.123370885849,11
9709.0,8955.0,14044.0,765,124.12339782714844,11
12003.0,7913.0,12992.0,787,126.794912815094,11
12080.0,7981.0,12767.0,787,126.79495596885681,11
12198.0,7941.0,12743.0,787,126.79498386383057,11
9631.0,9283.0,13365.0,798,128.3517348766327,11
12216.0,7729.0,13071.0,849,134.95928478240967,11
12098.0,7769.0,13095.0,849,134.95931196212769,11
12285.0,8024.0,12354.0,884,137.95705890655518,11
12649.0,7686.0,12860.0,884,137.95708584785461,11
12155.0,8107.0,12472.0,884,137.95709991455078,11
8076.0,14552.0,10752.0,911,141.5902018547058,12
8261.0,13860.0,10962.0,911,141.5902988910675,12
8159.0,14281.0,10880.0,913,142.03679180145264,12
8344.0,13589.0,11090.0,913,142.03702688217163,12
14463.0,7706.0,10865.0,922,144.1384198665619,12
14366.0,7947.0,10443.0,922,144.13847589492798,12
13784.0,8088.0,10668.0,922,144.13865494728088,12
12128.0,12095.0,7900.0,925,144.68481588363647,12
12402.0,12660.0,7517.0,925,144.68497276306152,12
8264.0,12178.0,12233.0,970,151.89525079727173,12
12229.0,12726.0,7502.0,991,154.7805688381195,12
10312.0,14301.0,8113.0,992,154.99383282661438,12
7959.0,13761.0,11553.0,1022,158.60211277008057,12
11487.0,12300.0,8602.0,1025,159.04038882255554,12
8366.0,14525.0,10205.0,1028,159.42529296875,12
8412.0,14471.0,10126.0,1028,159.42543578147888,12
8293.0,11878.0,12879.0,1029,159.53049087524414,12
7603.0,12041.0,13571.0,1036,160.3993148803711,12
7780.0,12621.0,12732.0,1036,160.39936995506287,12
10981.0,13029.0,8354.0,1039,160.7586648464203,12
11080.0,12342.0,8703.0,1043,161.1233789920807,12
12106.0,12472.0,7651.0,1050,161.73507690429688,12
12012.0,11681.0,8489.0,1051,161.83335876464844,12
12242.0,11745.0,8292.0,1052,161.92119979858398,12
12350.0,11620.0,8435.0,1064,163.55305886268616,12
12008.0,12598.0,7534.0,1064,163.55307292938232,12
11941.0,11729.0,8748.0,1064,163.55319690704346,12
11914.0,11807.0,8372.0,1065,163.66320276260376,12
10769.0,14035.0,7620.0,1066,163.75649690628052,12
10318.0,13522.0,8402.0,1066,163.7566077709198,12
10866.0,12978.0,8386.0,1066,163.75666284561157,12
10457.0,13087.0,8699.0,1066,163.7566909790039,12
10435.0,14684.0,7574.0,1068,163.9368679523468,12
9984.0,14171.0,8356.0,1068,163.93708992004395,12
10035.0,13625.0,8712.0,1068,163.93710279464722,12
8101.0,12639.0,12103.0,1073,164.54762196540833,12
8311.0,12628.0,11616.0,1074,164.67810797691345,12
8308.0,12081.0,12319.0,1076,164.90979290008545,12
8343.0,11643.0,12514.0,1076,164.90994596481323,12
10883.0,13155.0,8237.0,1082,165.40266799926758,12
10140.0,13913.0,8504.0,1085,165.60476088523865,12
10474.0,13264.0,8550.0,1085,165.60477495193481,12
14607.0,9190.0,9055.0,1087,165.78255486488342,12
11380.0,8042.0,13461.0,1125,169.86959099769592,12
11281.0,8066.0,13356.0,1126,169.97804379463196,12
10701.0,8031.0,13977.0,1169,175.40174388885498,12
12025.0,7960.0,12964.0,1185,177.23491382598877,12
12168.0,7922.0,12872.0,1194,178.16646480560303,12
11926.0,7984.0,12859.0,1194,178.16657781600952,12
11728.0,7960.0,12996.0,1194,178.16660594940186,12
9710.0,9493.0,13074.0,1228,181.9081449508667,12
9460.0,9990.0,12720.0,1229,181.98525285720825,12
12053.0,8123.0,12648.0,1238,182.76271080970764,12
11669.0,8149.0,12902.0,1239,182.8342638015747,12
12534.0,7693.0,12998.0,1272,186.91015577316284,12
13249.0,8630.0,10429.0,1305,189.17648577690125,12
12760.0,8079.0,11454.0,1310,189.56823897361755,12
13100.0,8447.0,10713.0,1315,189.82452297210693,12
12808.0,8183.0,11297.0,1324,190.36062288284302,12
13047.0,8501.0,10709.0,1329,190.62680888175964,12
13196.0,8684.0,10425.0,1337,190.99446177482605,12
8071.0,11294.0,14018.0,1344,193.13841676712036,13
8358.0,13838.0,10781.0,1350,194.20801496505737,13
13368.0,8534.0,10528.0,1372,198.90230584144592,13
11475.0,12330.0,8619.0,1374,199.27303194999695,13
11741.0,11937.0,8538.0,1376,199.60687398910522,13
14228.0,12330.0,6933.0,1382,200.6104838848114,13
12298.0,11939.0,8022.0,1384,201.00634694099426,13
13223.0,8764.0,9872.0,1386,201.33252382278442,13
13898.0,8199.0,10176.0,1386,201.3325378894806,13
14480.0,8058.0,9951.0,1386,201.33258080482483,13
14864.0,8368.0,9561.0,1386,201.332594871521,13
13502.0,9226.0,9046.0,1386,201.332781791687,13
11490.0,12116.0,8539.0,1386,201.33285284042358,13
12050.0,10592.0,9242.0,1386,201.33288097381592,13
10372.0,13197.0,8706.0,1484,214.22193598747253,13
11065.0,14703.0,7229.0,1484,214.2219648361206,13
11297.0,13387.0,7716.0,1485,214.32327580451965,13
10284.0,13653.0,8646.0,1492,215.11351799964905,13
10274.0,13574.0,8696.0,1520,217.88294982910156,13
10302.0,14222.0,8163.0,1520,217.88296484947205,13
8150.0,12770.0,11962.0,1534,219.4051058292389,13
8327.0,13350.0,11123.0,1536,219.63786482810974,13
7847.0,12831.0,12282.0,1539,220.08291792869568,13
7881.0,13356.0,11893.0,1539,220.08293199539185,13
8185.0,13282.0,11210.0,1540,220.17947387695312,13
9931.0,14563.0,8493.0,1541,220.2836639881134,13
8329.0,14293.0,10279.0,1541,220.2837209701538,13
8375.0,14239.0,10200.0,1541,220.28376293182373,13
7745.0,12109.0,13484.0,1544,220.74917578697205,13
7962.0,12437.0,12777.0,1550,221.4189908504486,13
8139.0,13017.0,11938.0,1550,221.41901993751526,13
10572.0,13138.0,8667.0,1558,222.22926092147827,13
10762.0,12950.0,8522.0,1561,222.47128582000732,13
11171.0,12841.0,8209.0,1561,222.47137188911438,13
10798.0,13160.0,8288.0,1564,222.72730779647827,13
11833.0,11854.0,8605.0,1581,224.0764558315277,13
8138.0,13711.0,11011.0,1588,225.0390329360962,13
8572.0,14017.0,10340.0,1588,225.03904676437378,13
11674.0,13247.0,7488.0,1605,226.87106895446777,13
11599.0,12707.0,7847.0,1605,226.87113976478577,13
10228.0,13688.0,8627.0,1608,227.13665795326233,13
10982.0,12468.0,8586.0,1610,227.28625988960266,13
7975.0,12054.0,12944.0,1628,229.1774787902832,13
8152.0,12634.0,12105.0,1630,229.3762879371643,13
14433.0,8956.0,9336.0,1654,230.98984098434448,13
11523.0,8004.0,13369.0,1693,234.66852498054504,13
10732.0,7985.0,14422.0,1732,238.30063390731812,13
11101.0,7901.0,13513.0,1750,240.38179087638855,13
11145.0,7558.0,14236.0,1750,240.38186597824097,13
11343.0,7839.0,13526.0,1752,240.53786182403564,13
11663.0,7892.0,13339.0,1752,240.53788995742798,13
11172.0,7489.0,14328.0,1752,240.53791785240173,13
10844.0,7993.0,13885.0,1753,240.60363578796387,13
9463.0,9475.0,14239.0,1753,240.6037049293518,13
9624.0,9307.0,13603.0,1771,242.19218587875366,13
11684.0,7645.0,13467.0,1785,243.4547619819641,13
9471.0,9589.0,13635.0,1796,244.50744676589966,13
10871.0,10240.0,9327.0,1960,256.9487178325653,14
7874.0,11836.0,13603.0,1968,258.964626789093,14
8295.0,11374.0,13509.0,1969,259.24427700042725,14
8556.0,14172.0,10301.0,1975,260.3346338272095,14
9451.0,14696.0,8947.0,1986,262.41360878944397,14
14646.0,9239.0,8960.0,1998,264.94413781166077,14
14152.0,9201.0,9072.0,2016,267.92345786094666,14
14764.0,8366.0,9713.0,2017,268.07184886932373,14
15051.0,8917.0,8901.0,2017,268.0719859600067,14
14667.0,8607.0,9291.0,2017,268.0719997882843,14
14182.0,8507.0,9938.0,2017,268.0720407962799,14
14085.0,8748.0,9516.0,2017,268.0722188949585,14
14352.0,9327.0,8823.0,2044,272.52561593055725,14
13791.0,9103.0,9230.0,2044,272.52601981163025,14
8302.0,12556.0,12068.0,2084,277.56572580337524,14
8184.0,12403.0,12276.0,2097,279.5103998184204,14
8268.0,12031.0,12457.0,2097,279.5104749202728,14
8361.0,12983.0,11437.0,2099,279.92733883857727,14
8299.0,12009.0,12771.0,2126,282.564190864563,14
11399.0,14054.0,7275.0,2158,285.9152009487152,14
11372.0,13927.0,7357.0,2159,286.0580458641052,14
8292.0,13788.0,10928.0,2231,292.9449999332428,14
8250.0,13107.0,11537.0,2232,293.0673429965973,14
8058.0,13936.0,11054.0,2239,293.92129588127136,14
8024.0,13411.0,11443.0,2241,294.1337718963623,14
8070.0,11980.0,13079.0,2246,294.6401479244232,14
8247.0,12560.0,12240.0,2254,295.4854347705841,14
7928.0,11912.0,13166.0,2264,296.553338766098,14
8105.0,12492.0,12327.0,2264,296.5534818172455,14
10238.0,13787.0,8621.0,2270,297.105516910553,14
10659.0,13595.0,7991.0,2272,297.2566168308258,14
11730.0,12499.0,8074.0,2298,299.0157208442688,14
11591.0,12934.0,7777.0,2298,299.01573491096497,14
11697.0,12581.0,7964.0,2299,299.0764558315277,14
11866.0,11772.0,8715.0,2306,299.52114391326904,14
7961.0,13131.0,11850.0,2316,300.6750509738922,14
10667.0,13368.0,8061.0,2355,304.0677309036255,14
11076.0,13259.0,7748.0,2357,304.150643825531,14
10333.0,14017.0,8015.0,2363,304.6661319732666,14
10742.0,13908.0,7702.0,2365,304.74483585357666,14
8300.0,11925.0,12539.0,2388,307.16301679611206,14
11625.0,8076.0,13062.0,2459,311.5706639289856,14
12010.0,7976.0,12983.0,2469,312.44682788848877,14
11200.0,7877.0,13618.0,2541,318.35529685020447,14
9420.0,9597.0,13495.0,2541,318.35531091690063,14
11331.0,7965.0,13499.0,2551,319.07759499549866,14
11771.0,8148.0,12924.0,2575,320.80928778648376,14
11802.0,7605.0,13443.0,2592,322.02395391464233,14
9506.0,9783.0,12966.0,2605,322.94127678871155,14
12450.0,7943.0,12614.0,2642,325.31953597068787,14
12473.0,7774.0,12895.0,2703,329.92157888412476,14
15401.0,7126.0,14149.0,2726,331.2254738807678,14
14256.0,8957.0,9324.0,2862,346.765175819397,15
13872.0,8647.0,9714.0,2862,346.76518988609314,15
14299.0,8321.0,9916.0,2863,346.91145181655884,15
14881.0,8180.0,9691.0,2863,346.91160678863525,15
15044.0,8920.0,9071.0,2865,347.17494797706604,15
12394.0,11869.0,8043.0,2870,347.9404888153076,15
11889.0,12327.0,8159.0,2871,348.059672832489,15
12013.0,11564.0,8638.0,2909,353.75242590904236,15
11351.0,12551.0,8242.0,2914,354.50342178344727,15
12325.0,12512.0,7559.0,2914,354.5036358833313,15
12283.0,11890.0,8028.0,2914,354.50364995002747,15
10942.0,12660.0,8555.0,2914,354.50372099876404,15
8069.0,12745.0,12021.0,2980,362.4566879272461,15
8265.0,11484.0,13160.0,3024,365.8724789619446,15
12597.0,12926.0,7009.0,3028,366.12991976737976,15
12404.0,12822.0,7498.0,3030,366.33937788009644,15
12263.0,13575.0,6963.0,3034,366.79133582115173,15
11665.0,13587.0,7223.0,3042,367.6124777793884,15
11331.0,14236.0,7177.0,3044,367.7747859954834,15
10254.0,13616.0,8712.0,3080,370.3676998615265,15
8251.0,13999.0,10969.0,3123,374.18320298194885,15
8073.0,12527.0,12376.0,3142,376.2561469078064,15
8200.0,14004.0,10967.0,3147,376.8296458721161,15
8166.0,13479.0,11356.0,3153,377.4064998626709,15
8008.0,12702.0,12049.0,3154,377.5779228210449,15
8220.0,14199.0,10788.0,3155,377.71192479133606,15
8142.0,13564.0,11235.0,3160,378.22054290771484,15
8371.0,14680.0,10033.0,3160,378.2205719947815,15
11310.0,12406.0,8506.0,3218,383.19254899024963,15
8334.0,12450.0,12150.0,3272,386.72424697875977,15
11250.0,12861.0,8188.0,3310,389.3656589984894,15
11292.0,13483.0,7719.0,3310,389.36568784713745,15
11493.0,13060.0,7660.0,3311,389.421502828598,15
11431.0,13048.0,8016.0,3314,389.63157081604004,15
11389.0,12426.0,8485.0,3314,389.63159799575806,15
11632.0,12625.0,7957.0,3315,389.6835799217224,15
10908.0,13600.0,7917.0,3323,390.17626786231995,15
10499.0,13709.0,8230.0,3325,390.2989127635956,15
11418.0,12281.0,8649.0,3332,390.58109998703003,15
8155.0,13181.0,11402.0,3372,393.8337309360504,15
11768.0,8038.0,12970.0,3455,398.9190638065338,15
12120.0,7569.0,13370.0,3499,401.72699189186096,15
10946.0,8065.0,13578.0,3545,404.7083508968353,15
9480.0,9522.0,13400.0,3593,407.3730049133301,15
11427.0,8138.0,13218.0,3618,408.7883298397064,15
9476.0,9447.0,13430.0,3635,409.75207686424255,15
9619.0,9409.0,13338.0,3671,411.65538477897644,15
13081.0,8449.0,10885.0,3834,419.3705427646637,15
12232.0,10816.0,9182.0,3937,433.8819398880005,16
13700.0,8353.0,10561.0,3950,435.67463088035583,16
14185.0,8453.0,9914.0,3950,435.67467284202576,16
13603.0,8594.0,10139.0,3950,435.67468786239624,16
14586.0,8872.0,9104.0,3952,435.8944869041443,16
11545.0,12356.0,8376.0,3963,437.22881293296814,16
13766.0,9163.0,9384.0,3970,438.2128357887268,16
13848.0,8838.0,9754.0,4027,445.5376977920532,16
12364.0,10551.0,9136.0,4029,445.74306082725525,16
11874.0,11999.0,8341.0,4037,446.7692058086395,16
8120.0,12740.0,12023.0,4104,453.5486068725586,16
8181.0,11856.0,12979.0,4148,456.2089378833771,16
11163.0,14577.0,7346.0,4180,458.97476077079773,16
10282.0,14264.0,8179.0,4188,459.5793788433075,16
10332.0,14259.0,8097.0,4246,463.1228768825531,16
10047.0,14145.0,8494.0,4262,464.09488677978516,16
8107.0,13052.0,11987.0,4294,467.35373997688293,16
9482.0,14515.0,8884.0,4308,468.8003318309784,16
8262.0,14586.0,10542.0,4316,469.5734179019928,16
7965.0,12984.0,12074.0,4316,469.57343196868896,16
7931.0,12459.0,12463.0,4318,469.8791959285736,16
8108.0,13039.0,11624.0,4334,471.3605728149414,16
8586.0,14024.0,10322.0,4335,471.4345598220825,16
10165.0,14358.0,8184.0,4569,485.3924469947815,16
8303.0,12472.0,11836.0,4600,487.54467391967773,16
12819.0,7641.0,12950.0,4751,496.22312593460083,16
12433.0,7557.0,13097.0,4752,496.2920069694519,16
12315.0,7597.0,13121.0,4754,496.3706178665161,16
11367.0,7517.0,14079.0,4837,501.37202978134155,16
10832.0,8119.0,13858.0,4838,501.40128898620605,16
9663.0,9066.0,14061.0,4948,506.4570508003235,16
14327.0,7415.0,12398.0,5008,508.8907878398895,16
8192.0,14295.0,10879.0,5194,518.9603998661041,17
11903.0,12301.0,8223.0,5304,532.6621148586273,17
12388.0,11162.0,8721.0,5317,534.3312978744507,17
12376.0,12542.0,7540.0,5372,540.4451358318329,17
14643.0,8798.0,9331.0,5383,541.7426087856293,17
12236.0,10643.0,9194.0,5386,542.1138727664948,17
11847.0,11838.0,8595.0,5400,543.5596508979797,17
8284.0,13632.0,11148.0,5694,565.4176058769226,17
9436.0,14569.0,8963.0,5699,565.8843219280243,17
8258.0,13263.0,11317.0,5703,566.1253387928009,17
8417.0,14626.0,9954.0,5718,567.6899988651276,17
8337.0,12997.0,11447.0,5875,576.0724737644196,17
10123.0,13736.0,8653.0,6001,581.8000049591064,17
11269.0,8192.0,13329.0,6139,588.8001849651337,17
12566.0,7662.0,13044.0,6172,590.7292559146881,17
11485.0,7477.0,14055.0,6248,595.0336008071899,17
10590.0,8181.0,13845.0,6250,595.1168658733368,17
12014.0,8137.0,12804.0,6337,598.6907689571381,17
9520.0,9104.0,14153.0,6342,598.9027519226074,17
8298.0,11921.0,12806.0,6620,611.1532077789307,18
14306.0,8318.0,9746.0,6713,621.1214518547058,18
14465.0,9007.0,9272.0,6716,621.3620538711548,18
14469.0,9058.0,9126.0,6722,621.9318828582764,18
13940.0,8903.0,9589.0,6843,633.5754189491272,18
12412.0,11544.0,8611.0,6873,636.2587258815765,18
8271.0,14300.0,10537.0,7236,662.3270719051361,18
8331.0,13774.0,10926.0,7404,670.4735009670258,18
8189.0,13706.0,11013.0,7410,670.8646647930145,18
11701.0,13374.0,7406.0,7464,672.5656387805939,18
11367.0,14023.0,7360.0,7468,672.6711537837982,18
11840.0,12939.0,7703.0,7474,672.9090437889099,18
11798.0,12317.0,8172.0,7476,672.9517369270325,18
12238.0,7529.0,13346.0,7700,681.8084077835083,18
11402.0,7809.0,14017.0,8008,694.7352678775787,18
7892.0,12165.0,12860.0,8502,731.445319890976,19
10990.0,7722.0,14301.0,9290,769.752846956253,19
11290.0,7449.0,14304.0,9311,770.769476890564,19
11089.0,8027.0,13486.0,9311,770.7694909572601,19
11133.0,7684.0,14209.0,9311,770.76953291893,19
12522.0,7727.0,12945.0,9372,773.2281789779663,19
9566.0,9708.0,12871.0,9468,776.3055348396301,19
14285.0,8950.0,9415.0,9693,789.8445529937744,20
14282.0,8509.0,9786.0,9888,803.2725188732147,20
14557.0,8876.0,9431.0,9888,803.2725338935852,20
9529.0,9711.0,13246.0,10817,848.3350827693939,20
11914.0,8110.0,12832.0,10836,849.0366759300232,20
8156.0,11479.0,13948.0,11046,858.3219079971313,21
8095.0,11540.0,13678.0,11046,858.3219208717346,21
8242.0,12055.0,12798.0,11046,858.3220038414001,21
11945.0,11712.0,8712.0,11373,878.2472779750824,21
11387.0,7496.0,14249.0,12105,912.9186899662018,21
12142.0,12069.0,7964.0,13693,991.580198764801,23
11489.0,7617.0,13716.0,14392,1026.80921792984,23
13760.0,8279.0,10708.0,14777,1043.129243850708,24
13897.0,8534.0,10511.0,14778,1043.1901919841766,24
11896.0,8177.0,12828.0,15376,1070.9381518363953,24
11997.0,14042.0,7015.0,15800,1089.9530699253082,25
11607.0,7577.0,13692.0,16170,1107.6142938137054,25
8228.0,11533.0,13883.0,16282,1111.6107158660889,26
12331.0,13393.0,7061.0,17154,1150.5850958824158,27
8264.0,11357.0,13933.0,17548,1168.8364219665527,28
8213.0,11362.0,13931.0,17982,1189.1873497962952,29
11755.0,11911.0,8602.0,18012,1190.4174749851227,29
12334.0,7877.0,12855.0,18246,1203.2238938808441,29
