z1,z2,z3,node,time,depth
15.0,49.0,58.0,1,0.05984210968017578,1
28.0,27.0,70.0,1,0.059850215911865234,1
68.0,20.0,55.0,1,0.05985713005065918,1
44.0,24.0,46.0,1,0.05986499786376953,1
29.0,45.0,31.0,1,0.05987215042114258,1
30.0,42.0,31.0,1,0.05988001823425293,1
36.0,42.0,29.0,1,0.05988717079162598,1
31.0,45.0,30.0,1,0.05989503860473633,1
56.0,35.0,27.0,1,0.05990314483642578,1
58.0,31.0,30.0,1,0.05991005897521973,1
64.0,32.0,29.0,1,0.05991816520690918,1
20.0,60.0,38.0,1,0.05992603302001953,1
15.0,50.0,57.0,1,0.059934139251708984,1
30.0,26.0,65.0,1,0.05994105339050293,1
26.0,29.0,66.0,1,0.05994915962219238,1
27.0,39.0,36.0,1,0.059957027435302734,1
29.0,33.0,43.0,1,0.05996513366699219,1
64.0,21.0,49.0,1,0.059980154037475586,1
57.0,23.0,43.0,1,0.05998802185058594,1
34.0,24.0,70.0,1,0.059995174407958984,1
51.0,22.0,51.0,1,0.060003042221069336,1
36.0,27.0,44.0,1,0.06001114845275879,1
35.0,27.0,46.0,1,0.06001901626586914,1
34.0,25.0,58.0,1,0.06002616882324219,1
35.0,25.0,56.0,1,0.06003403663635254,1
35.0,26.0,50.0,1,0.06004214286804199,1
44.0,26.0,41.0,1,0.06004905700683594,1
52.0,24.0,42.0,1,0.06005716323852539,1
62.0,22.0,45.0,1,0.06006503105163574,1
63.0,23.0,42.0,1,0.06007218360900879,1
61.0,28.0,34.0,1,0.06008100509643555,1
58.0,24.0,40.0,1,0.060088157653808594,1
46.0,40.0,27.0,1,0.060096025466918945,1
30.0,48.0,30.0,1,0.0601041316986084,1
34.0,55.0,28.0,1,0.060111045837402344,1
63.0,54.0,24.0,1,0.0601191520690918,1
54.0,59.0,25.0,1,0.06012701988220215,1
36.0,48.0,28.0,1,0.0601351261138916,1
40.0,54.0,27.0,1,0.06014204025268555,1
56.0,47.0,25.0,1,0.060150146484375,1
60.0,46.0,25.0,1,0.060157060623168945,1
64.0,52.0,24.0,1,0.0601651668548584,1
52.0,41.0,26.0,1,0.060172080993652344,1
50.0,26.0,39.0,1,0.0601801872253418,1
55.0,27.0,36.0,1,0.06018805503845215,1
34.0,36.0,33.0,1,0.0601961612701416,1
39.0,33.0,33.0,1,0.06020307540893555,1
50.0,34.0,28.0,1,0.060211181640625,1
45.0,37.0,28.0,1,0.060218095779418945,1
27.0,50.0,32.0,1,0.0602262020111084,1
26.0,47.0,33.0,1,0.060233116149902344,1
21.0,52.0,37.0,1,0.0602412223815918,1
22.0,55.0,36.0,1,0.06024909019470215,1
16.0,53.0,52.0,1,0.060256004333496094,1
15.0,53.0,56.0,1,0.06027102470397949,1
34.0,26.0,52.0,1,0.060279130935668945,1
20.0,36.0,62.0,1,0.0602869987487793,1
23.0,32.0,63.0,1,0.060294151306152344,1
17.0,41.0,54.0,1,0.060302019119262695,1
24.0,40.0,40.0,1,0.06031012535095215,1
20.0,37.0,55.0,1,0.060317039489746094,1
25.0,42.0,35.0,1,0.06032514572143555,1
17.0,43.0,51.0,1,0.0603330135345459,1
20.0,47.0,39.0,1,0.06034111976623535,1
38.0,23.0,63.0,1,0.0603480339050293,1
43.0,22.0,67.0,1,0.06035614013671875,1
62.0,19.0,63.0,1,0.060363054275512695,1
55.0,20.0,64.0,1,0.06037116050720215,1
54.0,20.0,70.0,1,0.0603790283203125,1
58.0,21.0,51.0,1,0.06038713455200195,1
56.0,22.0,47.0,1,0.0603940486907959,1
51.0,23.0,45.0,1,0.06040215492248535,1
50.0,21.0,60.0,1,0.0604090690612793,1
58.0,20.0,57.0,1,0.06041717529296875,1
51.0,21.0,58.0,1,0.060424089431762695,1
39.0,23.0,61.0,1,0.06043219566345215,1
44.0,23.0,52.0,1,0.060439109802246094,1
43.0,46.0,27.0,1,0.06044602394104004,1
37.0,45.0,28.0,1,0.06045413017272949,1
47.0,52.0,26.0,1,0.060461997985839844,1
41.0,51.0,27.0,1,0.06046915054321289,1
36.0,29.0,39.0,1,0.06047701835632324,1
42.0,29.0,37.0,1,0.060485124588012695,1
47.0,30.0,34.0,1,0.06049203872680664,1
28.0,28.0,61.0,1,0.060500144958496094,1
30.0,27.0,59.0,1,0.060508012771606445,1
27.0,30.0,56.0,1,0.06051516532897949,1
25.0,31.0,58.0,1,0.060523033142089844,1
28.0,31.0,50.0,1,0.06053018569946289,1
26.0,34.0,47.0,1,0.06053805351257324,1
26.0,32.0,52.0,1,0.060546159744262695,1
22.0,35.0,59.0,2,0.12753915786743164,2
53.0,30.0,33.0,2,0.127593994140625,2
45.0,33.0,31.0,2,0.1277620792388916,2
27.0,37.0,41.0,2,0.1277780532836914,2
38.0,32.0,36.0,2,0.1279621124267578,2
22.0,41.0,46.0,3,0.17920899391174316,2
21.0,39.0,51.0,3,0.17942404747009277,2
27.0,36.0,42.0,3,0.17948508262634277,2
29.0,37.0,39.0,3,0.17949199676513672,2
32.0,35.0,37.0,3,0.17950010299682617,2
33.0,52.0,29.0,4,0.22749614715576172,3
23.0,39.0,48.0,4,0.2276771068572998,3
51.0,38.0,27.0,4,0.2277359962463379,3
24.0,38.0,45.0,5,0.2886650562286377,3
58.0,29.0,35.0,5,0.28875207901000977,3
28.0,47.0,32.0,5,0.28882718086242676,3
19.0,42.0,49.0,5,0.28895115852355957,3
35.0,24.0,68.0,6,0.3448770046234131,3
29.0,31.0,48.0,6,0.3451051712036133,3
31.0,28.0,53.0,6,0.34512805938720703,3
32.0,28.0,51.0,6,0.3451352119445801,3
31.0,26.0,63.0,6,0.345196008682251,3
31.0,27.0,57.0,6,0.3452110290527344,3
32.0,27.0,54.0,7,0.391510009765625,3
33.0,30.0,43.0,7,0.39159202575683594,3
33.0,28.0,48.0,7,0.3916001319885254,3
34.0,32.0,38.0,7,0.3917551040649414,3
67.0,29.0,33.0,8,0.4454340934753418,4
53.0,31.0,32.0,8,0.4454481601715088,4
19.0,45.0,44.0,9,0.48422908782958984,4
25.0,36.0,49.0,10,0.5386700630187988,4
26.0,37.0,43.0,10,0.5386772155761719,4
23.0,36.0,54.0,10,0.5386931896209717,4
19.0,57.0,42.0,10,0.539074182510376,4
18.0,54.0,47.0,10,0.5390810966491699,4
18.0,57.0,46.0,10,0.5390892028808594,4
32.0,31.0,47.0,13,0.6957070827484131,4
29.0,29.0,55.0,13,0.6958651542663574,4
38.0,24.0,57.0,14,0.7435390949249268,4
39.0,24.0,55.0,14,0.7435472011566162,4
40.0,25.0,49.0,14,0.7437410354614258,4
39.0,25.0,51.0,14,0.7438240051269531,4
44.0,27.0,40.0,15,0.780595064163208,4
48.0,25.0,45.0,15,0.7806851863861084,4
50.0,27.0,38.0,15,0.7807371616363525,4
43.0,26.0,43.0,15,0.7807521820068359,4
50.0,46.0,26.0,21,1.0576701164245605,5
55.0,55.0,25.0,21,1.0576930046081543,5
22.0,38.0,50.0,22,1.1098990440368652,5
23.0,37.0,51.0,23,1.1575031280517578,5
32.0,33.0,42.0,25,1.248521089553833,5
24.0,33.0,57.0,27,1.3446440696716309,5
42.0,23.0,60.0,29,1.4298021793365479,5
43.0,23.0,54.0,29,1.4299521446228027,5
43.0,24.0,48.0,29,1.429960012435913,5
49.0,21.0,66.0,29,1.4299750328063965,5
38.0,31.0,37.0,30,1.4661610126495361,5
36.0,35.0,35.0,37,1.7762460708618164,6
35.0,45.0,29.0,38,1.811378002166748,6
34.0,49.0,29.0,39,1.8429272174835205,6
36.0,34.0,37.0,39,1.842994213104248,6
35.0,39.0,31.0,39,1.8430161476135254,6
41.0,39.0,29.0,39,1.8430240154266357,6
35.0,52.0,28.0,41,1.941390037536621,6
20.0,44.0,48.0,41,1.941838026046753,6
30.0,32.0,47.0,51,2.3774001598358154,6
31.0,32.0,45.0,51,2.3776631355285645,6
25.0,35.0,52.0,54,2.509012222290039,6
28.0,35.0,44.0,55,2.5433502197265625,6
42.0,24.0,54.0,58,2.6512670516967773,6
50.0,22.0,54.0,58,2.6514241695404053,6
56.0,21.0,53.0,59,2.6788721084594727,6
32.0,39.0,32.0,74,3.267324209213257,7
38.0,39.0,30.0,74,3.2673611640930176,7
36.0,38.0,31.0,75,3.3057451248168945,7
42.0,38.0,29.0,75,3.305752992630005,7
42.0,43.0,28.0,75,3.305901050567627,7
27.0,44.0,33.0,75,3.3060832023620605,7
22.0,49.0,37.0,75,3.306098222732544,7
22.0,48.0,38.0,75,3.3061161041259766,7
43.0,36.0,30.0,77,3.3618550300598145,7
37.0,36.0,32.0,77,3.3618690967559814,7
21.0,44.0,45.0,78,3.4160192012786865,7
24.0,36.0,52.0,78,3.416213035583496,7
28.0,33.0,49.0,99,4.272565126419067,7
50.0,24.0,44.0,102,4.3886940479278564,7
46.0,28.0,39.0,103,4.4192140102386475,7
24.0,49.0,36.0,130,5.344816207885742,8
47.0,35.0,29.0,133,5.4489970207214355,8
41.0,35.0,31.0,133,5.449004173278809,8
28.0,30.0,54.0,155,6.299228191375732,8
55.0,25.0,41.0,171,6.883655071258545,8
44.0,31.0,35.0,185,7.199629068374634,8
18.0,48.0,49.0,195,7.476426124572754,9
49.0,32.0,33.0,205,7.855736017227173,9
55.0,32.0,31.0,205,7.855743169784546,9
40.0,36.0,31.0,215,8.153411149978638,9
29.0,41.0,34.0,216,8.189760208129883,9
28.0,43.0,34.0,218,8.262641191482544,9
16.0,50.0,54.0,242,9.098953008651733,9
16.0,52.0,53.0,243,9.140178203582764,9
21.0,43.0,48.0,245,9.213873147964478,9
25.0,33.0,55.0,258,9.605467081069946,9
64.0,25.0,39.0,272,9.998136043548584,9
41.0,26.0,48.0,284,10.243610143661499,9
42.0,27.0,42.0,290,10.397662162780762,9
31.0,37.0,37.0,332,11.481451034545898,10
33.0,38.0,33.0,332,11.481459140777588,10
23.0,45.0,41.0,333,11.49818205833435,10
21.0,46.0,43.0,341,11.735278129577637,10
18.0,53.0,48.0,359,12.333126068115234,10
37.0,41.0,30.0,365,12.523919105529785,10
23.0,35.0,57.0,370,12.682305097579956,10
19.0,39.0,58.0,370,12.682425022125244,10
31.0,34.0,40.0,383,13.066224098205566,10
27.0,29.0,62.0,394,13.361960172653198,10
25.0,30.0,67.0,394,13.361967086791992,10
22.0,34.0,66.0,394,13.361975193023682,10
28.0,29.0,60.0,394,13.362056016921997,10
47.0,22.0,64.0,424,14.010098218917847,10
48.0,22.0,58.0,424,14.010122060775757,10
44.0,32.0,34.0,472,15.105988025665283,11
55.0,21.0,57.0,594,18.224799156188965,11
25.0,55.0,34.0,692,20.382857084274292,12
16.0,47.0,55.0,712,20.93748903274536,12
16.0,46.0,59.0,713,20.9659640789032,12
32.0,25.0,75.0,732,21.398932218551636,12
52.0,28.0,37.0,756,21.787005186080933,12
21.0,51.0,38.0,844,23.533997058868408,13
23.0,52.0,36.0,875,24.20960307121277,13
19.0,56.0,43.0,880,24.341902017593384,13
18.0,42.0,52.0,896,24.74896502494812,13
21.0,38.0,53.0,896,24.7490131855011,13
17.0,54.0,50.0,899,24.83950710296631,13
33.0,25.0,73.0,912,25.068137168884277,13
29.0,27.0,68.0,914,25.103065013885498,13
26.0,30.0,65.0,914,25.10310411453247,13
37.0,24.0,66.0,1110,28.623499155044556,14
23.0,41.0,45.0,1219,30.498175144195557,15
43.0,41.0,28.0,1222,30.556061029434204,15
20.0,40.0,54.0,1235,30.79444122314453,15
23.0,40.0,47.0,1240,30.9254732131958,15
20.0,41.0,53.0,1302,31.7385311126709,16
33.0,26.0,61.0,1444,33.653239011764526,16
24.0,45.0,37.0,1478,34.09089207649231,17
21.0,41.0,49.0,1656,36.02539110183716,19
23.0,43.0,42.0,1680,36.20856809616089,19
18.0,46.0,50.0,1726,36.58461308479309,20
