z1,z2,z3,node,time,depth
1661.0,6782.0,595.0,1,0.04004788398742676,1
1742.0,6504.0,713.0,1,0.04005289077758789,1
1572.0,6782.0,603.0,1,0.04005789756774902,1
2295.0,5707.0,1322.0,1,0.04006385803222656,1
1237.0,6901.0,758.0,1,0.040068864822387695,1
1115.0,6985.0,895.0,1,0.04007387161254883,1
898.0,6876.0,1318.0,1,0.04007887840270996,1
856.0,6817.0,1444.0,1,0.040083885192871094,1
887.0,6740.0,1481.0,1,0.04008889198303223,1
2229.0,5069.0,2994.0,1,0.040094852447509766,1
2884.0,4333.0,3607.0,1,0.0400998592376709,1
3652.0,3613.0,3727.0,1,0.04010486602783203,1
3652.0,3533.0,4214.0,1,0.040109872817993164,1
6579.0,1046.0,6546.0,1,0.0401158332824707,1
2176.0,5608.0,1559.0,1,0.040120840072631836,1
1009.0,6656.0,1344.0,1,0.04012584686279297,1
1209.0,6563.0,1130.0,1,0.0401308536529541,1
1257.0,6763.0,813.0,1,0.040135860443115234,1
978.0,6733.0,1307.0,1,0.04014086723327637,1
1215.0,6704.0,939.0,1,0.0401458740234375,1
1068.0,6819.0,1056.0,1,0.04015183448791504,1
1110.0,6878.0,930.0,1,0.04015684127807617,1
946.0,6903.0,1193.0,1,0.040161848068237305,1
988.0,6962.0,1067.0,1,0.040167808532714844,1
2287.0,5065.0,2728.0,1,0.04017281532287598,1
5827.0,1536.0,5935.0,1,0.04018878936767578,1
4056.0,3141.0,4842.0,1,0.040193796157836914,1
4099.0,3104.0,4652.0,1,0.04019880294799805,1
4358.0,2869.0,4564.0,1,0.04020380973815918,1
6625.0,1016.0,6687.0,1,0.04020977020263672,1
6839.0,945.0,6783.0,1,0.04021477699279785,1
6746.0,974.0,7002.0,1,0.040219783782958984,1
6532.0,1045.0,6906.0,1,0.04022479057312012,1
6486.0,1075.0,6765.0,1,0.04023098945617676,1
6860.0,1031.0,6579.0,1,0.04023599624633789,1
6600.0,1132.0,6342.0,1,0.04024195671081543,1
2366.0,5579.0,1452.0,1,0.04024696350097656,1
2377.0,5715.0,1289.0,1,0.040251970291137695,1
2986.0,4831.0,2172.0,1,0.04025697708129883,1
4451.0,2840.0,4345.0,1,0.04026293754577637,1
3655.0,4177.0,2783.0,1,0.0402679443359375,1
4198.0,3538.0,3424.0,1,0.04027295112609863,1
5920.0,1507.0,5716.0,1,0.04027891159057617,1
5941.0,1593.0,5512.0,1,0.040283918380737305,1
1660.0,6496.0,746.0,1,0.04028892517089844,1
1384.0,6786.0,641.0,1,0.04029393196105957,1
1458.0,6679.0,693.0,1,0.0402989387512207,1
1246.0,6627.0,976.0,1,0.04030489921569824,1
1373.0,6650.0,804.0,1,0.040309906005859375,1
3053.0,4247.0,3168.0,1,0.04031491279602051,1
2449.0,5081.0,2269.0,1,0.04032087326049805,1
2284.0,5571.0,1485.0,1,0.04032588005065918,1
1649.0,6360.0,909.0,1,0.04033088684082031,1
1541.0,6397.0,983.0,1,0.040335893630981445,1
1447.0,6543.0,856.0,1,0.040341854095458984,1
1447.0,6052.0,1988.0,1,0.04034686088562012,1
1613.0,5822.0,2243.0,1,0.04035186767578125,1
1844.0,5774.0,1706.0,1,0.04035687446594238,1
5637.0,1703.0,5982.0,1,0.040361881256103516,1
4762.0,2477.0,5192.0,1,0.040367841720581055,1
5680.0,1666.0,5792.0,1,0.04037284851074219,1
4805.0,2440.0,5002.0,1,0.04037785530090332,1
2904.0,4823.0,2205.0,1,0.04038286209106445,1
3447.0,4184.0,2846.0,1,0.040387868881225586,1
4382.0,3473.0,3480.0,1,0.04039287567138672,1
4753.0,2927.0,4035.0,1,0.04039788246154785,1
3573.0,4169.0,2816.0,1,0.04040384292602539,1
3589.0,4102.0,2897.0,1,0.04040884971618652,1
4116.0,3530.0,3457.0,1,0.040413856506347656,1
4645.0,2716.0,4404.0,1,0.04042387008666992,1
5317.0,2107.0,5026.0,1,0.04042983055114746,1
5045.0,2281.0,4926.0,1,0.040434837341308594,1
5338.0,2193.0,4822.0,1,0.04043984413146973,1
4937.0,2862.0,4091.0,1,0.04044485092163086,1
5522.0,2128.0,4878.0,1,0.04044985771179199,1
5541.0,2028.0,4990.0,1,0.040454864501953125,1
1198.0,6704.0,1080.0,2,0.08264899253845215,2
4783.0,2804.0,4211.0,2,0.08265876770019531,2
1167.0,6781.0,1043.0,2,0.08269476890563965,2
1778.0,5762.0,2050.0,2,0.08272600173950195,2
4986.0,2639.0,4379.0,2,0.08277177810668945,2
4967.0,2739.0,4267.0,2,0.08277583122253418,2
2796.0,4860.0,2279.0,2,0.08283281326293945,2
2883.0,4529.0,2877.0,2,0.08285284042358398,2
1635.0,5976.0,1933.0,2,0.08287286758422852,2
4205.0,3094.0,4344.0,2,0.08287882804870605,2
2942.0,4329.0,3341.0,2,0.08288383483886719,2
3049.0,4299.0,3132.0,2,0.08288788795471191,2
3426.0,3890.0,3518.0,2,0.08289384841918945,2
1683.0,5899.0,1829.0,2,0.08294391632080078,2
2121.0,5295.0,2473.0,2,0.08294892311096191,2
4931.0,2367.0,5632.0,2,0.08295893669128418,2
4874.0,2440.0,4955.0,2,0.08299398422241211,2
3648.0,3665.0,3691.0,2,0.08300495147705078,2
5848.0,1622.0,5731.0,3,0.1213839054107666,2
1311.0,6794.0,810.0,3,0.12139391899108887,2
2932.0,5104.0,1900.0,3,0.12140488624572754,2
2921.0,4968.0,2063.0,3,0.12142586708068848,2
3852.0,3474.0,3786.0,3,0.12144088745117188,2
6646.0,1102.0,6483.0,3,0.12145590782165527,2
1220.0,6699.0,967.0,3,0.12148189544677734,2
2137.0,5686.0,1602.0,3,0.12150287628173828,2
2742.0,4993.0,2165.0,3,0.12150788307189941,2
4952.0,2310.0,5145.0,3,0.12155890464782715,2
6553.0,1131.0,6702.0,3,0.12156391143798828,2
6507.0,1161.0,6561.0,3,0.12156891822814941,2
4210.0,3566.0,3394.0,3,0.12157392501831055,2
4226.0,3499.0,3475.0,3,0.12157893180847168,2
4084.0,3581.0,3424.0,3,0.12159395217895508,2
1388.0,6538.0,1028.0,3,0.12166690826416016,2
1502.0,6475.0,1026.0,3,0.12167191505432129,2
3248.0,4308.0,2887.0,3,0.12168192863464355,2
3847.0,3674.0,3446.0,3,0.12168693542480469,2
3541.0,4220.0,2783.0,3,0.12169194221496582,2
4145.0,3386.0,3682.0,3,0.12173891067504883,2
1099.0,6742.0,1093.0,3,0.12176394462585449,2
6180.0,1406.0,5953.0,4,0.16255497932434082,3
3395.0,4226.0,2838.0,4,0.16256499290466309,3
2775.0,4974.0,2118.0,4,0.16256999969482422,3
4410.0,3630.0,3327.0,4,0.16259098052978516,3
4300.0,3465.0,3513.0,4,0.16265583038330078,3
2969.0,4850.0,2177.0,4,0.16267681121826172,3
2509.0,5636.0,1418.0,4,0.16268181800842285,3
2498.0,5500.0,1581.0,4,0.16268587112426758,3
3051.0,4858.0,2144.0,4,0.16273283958435059,3
2591.0,5644.0,1385.0,4,0.16273784637451172,3
3671.0,4110.0,2864.0,4,0.16274285316467285,3
4792.0,2763.0,4320.0,4,0.16275787353515625,3
3748.0,3555.0,4178.0,4,0.16277289390563965,3
2120.0,5710.0,1505.0,4,0.16283488273620605,3
2993.0,4401.0,3078.0,4,0.1628398895263672,3
2827.0,4631.0,2823.0,4,0.16284489631652832,3
2264.0,5898.0,1228.0,5,0.1950078010559082,3
2008.0,5861.0,1380.0,5,0.19504880905151367,3
2445.0,5133.0,2233.0,5,0.1950538158416748,3
2019.0,5997.0,1217.0,5,0.19505786895751953,3
1977.0,5938.0,1343.0,5,0.1950688362121582,3
3346.0,3937.0,3969.0,5,0.195173978805542,3
4124.0,3300.0,3886.0,5,0.19519877433776855,3
3012.0,4309.0,3393.0,5,0.1952497959136963,3
2503.0,5006.0,2715.0,5,0.19525980949401855,3
3346.0,4159.0,3064.0,6,0.2346649169921875,3
977.0,6826.0,1230.0,6,0.2346940040588379,3
4814.0,2732.0,4293.0,6,0.2347548007965088,3
4126.0,3486.0,3570.0,6,0.23477697372436523,3
3327.0,4259.0,2952.0,6,0.23478293418884277,3
3357.0,4295.0,2901.0,6,0.2347879409790039,3
2327.0,5165.0,2406.0,6,0.23481488227844238,3
4795.0,2832.0,4181.0,6,0.23491597175598145,3
4659.0,3041.0,3984.0,6,0.23492097854614258,3
4367.0,3044.0,4358.0,7,0.26726293563842773,3
1020.0,6896.0,1160.0,7,0.26735782623291016,3
1625.0,5903.0,2095.0,7,0.26737499237060547,3
4460.0,3015.0,4139.0,7,0.2673799991607666,3
961.0,6733.0,1448.0,7,0.2674379348754883,3
930.0,6810.0,1411.0,7,0.2674438953399658,3
1020.0,6792.0,1181.0,7,0.2674539089202881,3
3048.0,4447.0,2828.0,7,0.2674589157104492,3
3791.0,3669.0,3528.0,7,0.26746487617492676,3
5356.0,2327.0,4725.0,7,0.2674698829650879,3
2992.0,4442.0,2910.0,7,0.2674858570098877,3
4041.0,3550.0,3505.0,7,0.2675957679748535,3
2740.0,4962.0,2225.0,8,0.3236689567565918,4
1522.0,6813.0,626.0,8,0.3236839771270752,4
1399.0,6620.0,960.0,8,0.32370996475219727,4
1540.0,6687.0,660.0,8,0.32379698753356934,4
2096.0,5709.0,1626.0,8,0.32382798194885254,4
4089.0,3397.0,3830.0,8,0.3238527774810791,4
2716.0,4961.0,2346.0,8,0.32386279106140137,4
4065.0,3396.0,3951.0,8,0.3238790035247803,4
3666.0,4256.0,2729.0,9,0.35782790184020996,4
3842.0,3541.0,3750.0,9,0.3578329086303711,4
3831.0,3645.0,3558.0,9,0.3578479290008545,4
4270.0,3422.0,3628.0,9,0.3578629493713379,4
1536.0,6543.0,848.0,9,0.35786890983581543,4
1952.0,5963.0,1326.0,9,0.3578789234161377,4
1547.0,6679.0,685.0,9,0.35788893699645996,4
1629.0,6687.0,652.0,9,0.3578939437866211,4
3046.0,5004.0,2009.0,9,0.3578989505767822,4
2197.0,5864.0,1337.0,9,0.35790395736694336,4
2389.0,5235.0,2179.0,9,0.3579537868499756,4
2770.0,5120.0,1983.0,9,0.3579587936401367,4
2964.0,4996.0,2042.0,9,0.35796380043029785,4
2115.0,5856.0,1370.0,9,0.357968807220459,4
4104.0,3652.0,3373.0,9,0.3579738140106201,4
3390.0,4372.0,2703.0,9,0.3579847812652588,4
2607.0,5227.0,1939.0,9,0.3580048084259033,4
6087.0,1435.0,6172.0,9,0.3580498695373535,4
4025.0,3521.0,3617.0,9,0.3580598831176758,4
3584.0,4248.0,2762.0,9,0.3580648899078369,4
3859.0,3751.0,3362.0,9,0.35806989669799805,4
3665.0,3875.0,3303.0,9,0.3580899238586426,4
3482.0,3895.0,3436.0,9,0.3580949306488037,4
3044.0,4499.0,2792.0,9,0.35809993743896484,4
3227.0,4479.0,2659.0,9,0.358104944229126,4
4240.0,3443.0,3570.0,10,0.40104079246520996,4
4259.0,3343.0,3682.0,10,0.4010469913482666,4
4793.0,2646.0,4497.0,10,0.40105700492858887,4
3066.0,4509.0,2744.0,10,0.401094913482666,4
3590.0,3997.0,3071.0,10,0.4011049270629883,4
3571.0,4097.0,2959.0,10,0.40114879608154297,4
2547.0,5398.0,1954.0,10,0.4011647701263428,4
2978.0,4742.0,2477.0,10,0.40123891830444336,4
2540.0,4996.0,2454.0,11,0.4298830032348633,4
5335.0,2241.0,4929.0,11,0.42992281913757324,4
4732.0,2841.0,4239.0,11,0.4299278259277344,4
4624.0,2878.0,4313.0,11,0.4299628734588623,4
4008.0,3567.0,3531.0,11,0.42996788024902344,4
3955.0,3532.0,3702.0,11,0.42997288703918457,4
3339.0,4221.0,2920.0,11,0.4300038814544678,4
2988.0,4494.0,2874.0,11,0.43001389503479004,4
3846.0,3489.0,3786.0,12,0.5115587711334229,4
5347.0,2152.0,4931.0,12,0.5115787982940674,4
6201.0,1492.0,5749.0,12,0.5115938186645508,4
3560.0,4088.0,3160.0,12,0.5116689205169678,4
2711.0,4948.0,2488.0,12,0.5117189884185791,4
2418.0,5036.0,2592.0,12,0.5117638111114502,4
2997.0,4349.0,3114.0,12,0.5117688179016113,4
2271.0,5267.0,2352.0,12,0.5117738246917725,4
2243.0,5474.0,2087.0,12,0.5117788314819336,4
4521.0,2820.0,4397.0,13,0.5426127910614014,4
1618.0,6051.0,1848.0,13,0.5426878929138184,4
1660.0,6110.0,1722.0,13,0.5426928997039795,4
1708.0,6137.0,1597.0,13,0.5426979064941406,4
1739.0,6060.0,1634.0,13,0.5427029132843018,4
4376.0,2935.0,4315.0,13,0.5427179336547852,4
3288.0,3941.0,4235.0,13,0.5427229404449463,4
1750.0,6196.0,1471.0,13,0.5427579879760742,4
4136.0,3094.0,4391.0,13,0.5427877902984619,4
3331.0,3904.0,4045.0,13,0.5428078174591064,4
2954.0,4313.0,3659.0,13,0.5428178310394287,4
2375.0,5056.0,2647.0,13,0.542827844619751,4
1649.0,5974.0,1885.0,13,0.5428328514099121,4
2209.0,5286.0,2392.0,13,0.5428378582000732,4
3186.0,4362.0,2965.0,14,0.5775477886199951,4
2443.0,5140.0,2265.0,14,0.5777449607849121,4
2643.0,5001.0,2324.0,14,0.5777549743652344,4
3242.0,4367.0,2883.0,14,0.5777609348297119,4
2387.0,5135.0,2347.0,14,0.5777909755706787,4
2930.0,4498.0,3140.0,14,0.5777959823608398,4
1916.0,6101.0,1373.0,15,0.6041338443756104,4
1814.0,5870.0,1693.0,15,0.6042089462280273,4
1993.0,5845.0,1591.0,15,0.6042139530181885,4
1825.0,6006.0,1530.0,15,0.6042850017547607,4
1777.0,5856.0,1951.0,15,0.6043097972869873,4
2202.0,5718.0,1472.0,17,0.6788458824157715,5
2822.0,4970.0,2192.0,17,0.6788558959960938,5
3434.0,4133.0,3217.0,17,0.679067850112915,5
2552.0,5128.0,2223.0,18,0.7128257751464844,5
2501.0,5056.0,2486.0,18,0.7128307819366455,5
1378.0,6597.0,983.0,18,0.7128469944000244,5
1409.0,6520.0,1020.0,18,0.7128567695617676,5
4076.0,3546.0,3569.0,18,0.7128667831420898,5
3207.0,4392.0,2836.0,18,0.7128818035125732,5
3187.0,4230.0,3352.0,18,0.7129218578338623,5
2635.0,4826.0,3086.0,18,0.7129268646240234,5
1941.0,5655.0,2094.0,18,0.7129378318786621,5
3893.0,3566.0,3702.0,18,0.7129428386688232,5
4087.0,3442.0,3761.0,18,0.7129778861999512,5
3290.0,4090.0,3699.0,18,0.7129929065704346,5
3421.0,4355.0,2718.0,19,0.744088888168335,5
2801.0,5103.0,1998.0,19,0.7441039085388184,5
3252.0,4125.0,3279.0,20,0.7834908962249756,5
3629.0,3716.0,3665.0,20,0.7835869789123535,5
3086.0,4355.0,3024.0,20,0.7836477756500244,5
2870.0,4779.0,2551.0,20,0.7836527824401855,5
4408.0,2920.0,4491.0,20,0.7836878299713135,5
5077.0,2266.0,5102.0,20,0.7836928367614746,5
3215.0,4135.0,3540.0,20,0.7836978435516357,5
5057.0,2420.0,4822.0,21,0.8107078075408936,5
4523.0,3117.0,4007.0,21,0.8107237815856934,5
3854.0,3771.0,3396.0,21,0.8107688426971436,5
3311.0,4410.0,2755.0,21,0.8107748031616211,5
4278.0,3216.0,3996.0,21,0.8108057975769043,5
4095.0,3236.0,4129.0,21,0.8108959197998047,5
3609.0,3870.0,3385.0,21,0.810905933380127,5
3232.0,4279.0,2999.0,21,0.8109159469604492,5
5021.0,2310.0,5098.0,21,0.8109209537506104,5
4189.0,3480.0,3598.0,22,0.8379819393157959,5
3412.0,4171.0,3061.0,22,0.8380630016326904,5
2589.0,5428.0,1887.0,23,0.8633368015289307,5
2520.0,5299.0,1984.0,23,0.8633430004119873,5
2757.0,5290.0,1892.0,23,0.8633477687835693,5
3529.0,4192.0,2813.0,23,0.8633978366851807,5
3578.0,4286.0,2704.0,23,0.8634028434753418,5
2551.0,5222.0,2021.0,23,0.8634078502655029,5
2827.0,4932.0,2126.0,23,0.8634228706359863,5
2909.0,4940.0,2093.0,23,0.8634278774261475,5
2870.0,5107.0,1953.0,23,0.8634328842163086,5
2719.0,4969.0,2200.0,23,0.8634529113769531,5
1073.0,6926.0,1021.0,25,0.9353418350219727,5
4359.0,3315.0,3778.0,25,0.9353768825531006,5
4340.0,3415.0,3666.0,25,0.9353818893432617,5
1025.0,6899.0,1146.0,25,0.9353878498077393,5
1740.0,5845.0,2071.0,25,0.9356679916381836,5
1574.0,6075.0,1816.0,25,0.9356729984283447,5
2991.0,4303.0,3398.0,26,0.9675679206848145,5
3329.0,4175.0,3190.0,26,0.9675889015197754,5
3368.0,3894.0,3784.0,26,0.9676928520202637,5
2530.0,4948.0,2572.0,26,0.967714786529541,5
2338.0,5301.0,2243.0,27,0.9902467727661133,5
3387.0,3875.0,3744.0,27,0.9903469085693359,5
1788.0,5876.0,1652.0,28,1.0248239040374756,5
1967.0,5851.0,1550.0,28,1.0250217914581299,5
2622.0,5115.0,2163.0,28,1.025033950805664,5
2023.0,5749.0,1604.0,29,1.0555429458618164,5
1855.0,5910.0,1543.0,29,1.0555589199066162,5
1771.0,5890.0,1748.0,29,1.0555999279022217,5
1830.0,6053.0,1460.0,29,1.055609941482544,5
1872.0,6112.0,1334.0,29,1.055614948272705,5
1740.0,5967.0,1711.0,29,1.0556199550628662,5
1782.0,6026.0,1585.0,29,1.0556249618530273,5
3285.0,4354.0,2806.0,30,1.0862767696380615,5
2634.0,5030.0,2239.0,30,1.0862867832183838,5
3976.0,3618.0,3498.0,30,1.0863018035888672,5
1999.0,5819.0,1663.0,30,1.0863440036773682,5
4645.0,2964.0,4109.0,30,1.0863637924194336,5
3177.0,4391.0,2880.0,30,1.0863738059997559,5
2639.0,5192.0,2004.0,31,1.1056277751922607,5
3421.0,4298.0,2785.0,31,1.105637788772583,5
3227.0,4422.0,2726.0,31,1.1056878566741943,5
2628.0,5056.0,2167.0,31,1.1056928634643555,5
3785.0,4026.0,3055.0,33,1.1729578971862793,6
2580.0,5508.0,1548.0,33,1.1729729175567627,6
3200.0,4760.0,2268.0,33,1.1730239391326904,6
3118.0,4752.0,2301.0,33,1.1730289459228516,6
3804.0,3926.0,3167.0,33,1.1730339527130127,6
1731.0,6368.0,876.0,34,1.2166869640350342,6
2149.0,6071.0,1212.0,35,1.249107837677002,6
2108.0,5864.0,1345.0,35,1.2491238117218018,6
2026.0,5856.0,1378.0,35,1.2491488456726074,6
1978.0,5933.0,1482.0,35,1.2491538524627686,6
3910.0,3776.0,3314.0,36,1.285963773727417,6
3727.0,3796.0,3447.0,36,1.2859687805175781,6
3302.0,4255.0,3057.0,37,1.3211908340454102,6
3996.0,3426.0,4049.0,37,1.3211958408355713,6
2596.0,4919.0,2707.0,37,1.321286916732788,6
3972.0,3425.0,4170.0,37,1.3213059902191162,6
1901.0,5891.0,1589.0,38,1.3478598594665527,6
2776.0,4559.0,3086.0,38,1.3478648662567139,6
2290.0,5240.0,2546.0,38,1.3479399681091309,6
2433.0,5026.0,2663.0,38,1.3479509353637695,6
2338.0,5163.0,2442.0,38,1.3479559421539307,6
3010.0,4611.0,2690.0,39,1.378889799118042,6
2572.0,5215.0,2046.0,39,1.3788948059082031,6
3176.0,4381.0,2945.0,39,1.3789010047912598,6
3921.0,3471.0,3890.0,40,1.4171597957611084,6
4298.0,3062.0,4276.0,40,1.4172489643096924,6
3755.0,3701.0,3635.0,40,1.4172959327697754,6
4114.0,3458.0,3600.0,41,1.4530949592590332,6
5158.0,2190.0,5324.0,41,1.4531168937683105,6
5251.0,2161.0,5105.0,41,1.4531219005584717,6
5569.0,1912.0,5969.0,42,1.4833698272705078,6
5067.0,2280.0,5239.0,43,1.5033659934997559,6
3828.0,3503.0,3958.0,43,1.5034258365631104,6
3735.0,3855.0,3355.0,43,1.503485918045044,6
2100.0,5975.0,1300.0,44,1.5297398567199707,6
2187.0,5744.0,1396.0,44,1.5297448635101318,6
2089.0,5839.0,1463.0,44,1.5298259258270264,6
2128.0,5685.0,1663.0,44,1.529836893081665,6
2080.0,5836.0,1524.0,44,1.5298659801483154,6
2182.0,5890.0,1261.0,45,1.5573070049285889,6
2253.0,5762.0,1391.0,45,1.5573477745056152,6
2171.0,5754.0,1424.0,45,1.5573577880859375,6
2628.0,5113.0,2100.0,45,1.5573627948760986,6
2608.0,5026.0,2277.0,45,1.557377815246582,6
3460.0,4352.0,2755.0,45,1.5573928356170654,6
2675.0,5375.0,1931.0,46,1.581831932067871,6
2714.0,5115.0,2065.0,47,1.6060669422149658,6
4003.0,3713.0,3396.0,47,1.6060969829559326,6
3171.0,4474.0,2741.0,47,1.6061019897460938,6
3334.0,4367.0,2785.0,47,1.6061069965362549,6
3151.0,4387.0,2918.0,47,1.606116771697998,6
3657.0,3840.0,3485.0,47,1.6061217784881592,6
3796.0,3576.0,3732.0,48,1.6488099098205566,6
2063.0,5299.0,2739.0,48,1.6488149166107178,6
1503.0,5987.0,2232.0,48,1.6489109992980957,6
1593.0,6073.0,1981.0,48,1.6489169597625732,6
2268.0,5086.0,2856.0,49,1.6750907897949219,6
4742.0,2801.0,4372.0,49,1.6751677989959717,6
2299.0,5372.0,2141.0,52,1.7753548622131348,6
1765.0,6033.0,1670.0,53,1.8011889457702637,6
2511.0,5048.0,2460.0,53,1.801313877105713,6
3577.0,3708.0,3697.0,54,1.8235387802124023,6
2874.0,4508.0,3285.0,54,1.8235487937927246,6
2870.0,4526.0,3047.0,54,1.8235538005828857,6
4669.0,2847.0,4211.0,54,1.8235588073730469,6
3870.0,3620.0,3593.0,54,1.823563814163208,6
5417.0,2132.0,4983.0,55,1.8597447872161865,6
3722.0,3513.0,4266.0,55,1.859827995300293,6
3759.0,3503.0,4005.0,55,1.8598368167877197,6
4428.0,2849.0,4616.0,55,1.8598418235778809,6
1375.0,6928.0,743.0,56,1.8951528072357178,6
1752.0,5924.0,1771.0,57,1.9276628494262695,6
1136.0,6679.0,1172.0,57,1.9276938438415527,6
1147.0,6815.0,1009.0,57,1.9279139041900635,6
1195.0,6842.0,884.0,57,1.9279189109802246,6
2148.0,5822.0,1439.0,58,1.9538979530334473,6
1861.0,5976.0,1497.0,58,1.9539079666137695,6
2029.0,5723.0,1676.0,58,1.9539399147033691,6
2105.0,5757.0,1571.0,59,1.974916934967041,6
3464.0,4329.0,2704.0,60,1.9966588020324707,6
4133.0,3675.0,3315.0,60,1.9966638088226318,6
4032.0,3623.0,3416.0,61,2.0202059745788574,6
3233.0,4396.0,2798.0,61,2.0202109813690186,6
4743.0,2986.0,4032.0,61,2.020275831222534,6
3840.0,3763.0,3419.0,62,2.0373828411102295,6
3171.0,4417.0,2808.0,62,2.0373928546905518,6
3754.0,3703.0,3665.0,63,2.09525990486145,6
3762.0,4221.0,2760.0,65,2.1543829441070557,7
3790.0,4378.0,2607.0,65,2.154387950897217,7
3469.0,4145.0,3110.0,65,2.1544079780578613,7
3489.0,4089.0,3310.0,68,2.2489428520202637,7
2790.0,4880.0,2618.0,68,2.248962879180908,7
2955.0,4786.0,2495.0,68,2.2489678859710693,7
2343.0,5531.0,1901.0,68,2.2489728927612305,7
2235.0,5568.0,1975.0,68,2.2490530014038086,7
2135.0,5621.0,2130.0,72,2.3750298023223877,7
1504.0,6383.0,1241.0,74,2.440262794494629,7
2124.0,5635.0,1961.0,74,2.4403839111328125,7
3942.0,3431.0,4237.0,76,2.498039960861206,7
3676.0,3771.0,3495.0,76,2.498065948486328,7
3238.0,4375.0,2851.0,76,2.4980709552764893,7
2532.0,5039.0,2501.0,76,2.498079776763916,7
2970.0,4435.0,3145.0,76,2.4981207847595215,7
3136.0,4205.0,3400.0,76,2.498180866241455,7
1341.0,6490.0,1197.0,78,2.544973850250244,7
1821.0,6058.0,1494.0,79,2.5682458877563477,7
1604.0,6053.0,1896.0,79,2.568307876586914,7
1694.0,6035.0,1666.0,79,2.568344831466675,7
1652.0,5976.0,1792.0,79,2.568358898162842,7
5121.0,2200.0,5585.0,81,2.6378707885742188,7
3398.0,4115.0,3407.0,81,2.637927770614624,7
3555.0,3830.0,3818.0,82,2.6761579513549805,7
3221.0,4202.0,3242.0,82,2.676163911819458,7
3598.0,3793.0,3628.0,82,2.6762099266052246,7
3055.0,4432.0,2987.0,82,2.676367998123169,7
5204.0,2160.0,5465.0,83,2.7077949047088623,7
5297.0,2131.0,5246.0,83,2.7077999114990234,7
4388.0,3074.0,4211.0,85,2.755112886428833,7
3383.0,3927.0,3708.0,85,2.755157947540283,7
4352.0,2964.0,4487.0,85,2.755218982696533,7
3477.0,4180.0,3010.0,86,2.777627944946289,7
3294.0,4200.0,3143.0,86,2.77763295173645,7
2298.0,5543.0,1770.0,88,2.8186099529266357,7
2406.0,5506.0,1696.0,88,2.8186209201812744,7
2953.0,4917.0,2096.0,89,2.8446578979492188,7
3035.0,4925.0,2063.0,89,2.8446807861328125,7
2792.0,4919.0,2341.0,89,2.844761848449707,7
2103.0,5724.0,1601.0,90,2.8676369190216064,7
3297.0,4459.0,2711.0,90,2.867689847946167,7
2456.0,5269.0,2070.0,91,2.889535903930664,7
2414.0,5210.0,2196.0,91,2.889540910720825,7
2811.0,4852.0,2424.0,91,2.8895609378814697,7
3496.0,4278.0,2737.0,93,2.9266769886016846,7
3388.0,4315.0,2811.0,93,2.9267327785491943,7
3840.0,3820.0,3352.0,94,2.94716477394104,7
2957.0,4571.0,2837.0,95,2.9643328189849854,7
2718.0,4563.0,3352.0,96,3.0072197914123535,7
3486.0,3763.0,3959.0,96,3.007229804992676,7
3590.0,3669.0,3957.0,97,3.0367939472198486,7
2935.0,4405.0,3344.0,97,3.036879777908325,7
2769.0,4635.0,3089.0,97,3.0368847846984863,7
3036.0,4286.0,3463.0,98,3.066234827041626,7
2102.0,5316.0,2601.0,98,3.0663368701934814,7
1537.0,6138.0,1737.0,98,3.0664169788360596,7
2153.0,5388.0,2338.0,99,3.0952439308166504,7
2319.0,5158.0,2593.0,99,3.095247983932495,7
4066.0,3403.0,3882.0,101,3.1689438819885254,7
4047.0,3503.0,3770.0,101,3.1689538955688477,7
1895.0,5737.0,1996.0,102,3.1986658573150635,7
1794.0,6185.0,1510.0,103,3.220263957977295,7
4037.0,3240.0,4395.0,107,3.3228108882904053,7
2220.0,5422.0,2229.0,107,3.322842836380005,7
2825.0,4533.0,3143.0,107,3.3228797912597656,7
4226.0,3180.0,4140.0,108,3.351935863494873,7
4895.0,2526.0,4751.0,108,3.3519418239593506,7
5701.0,1752.0,5588.0,108,3.352057933807373,7
5658.0,1789.0,5778.0,108,3.352073907852173,7
3034.0,4347.0,3056.0,110,3.387554883956909,7
3833.0,3574.0,3674.0,110,3.3875598907470703,7
4502.0,2920.0,4285.0,110,3.3875648975372314,7
2844.0,4514.0,3103.0,110,3.3876028060913086,7
3556.0,3743.0,4011.0,110,3.3876078128814697,7
3064.0,4383.0,3005.0,111,3.4202258586883545,7
1943.0,5850.0,1671.0,112,3.453251838684082,7
1764.0,5875.0,1773.0,112,3.4533469676971436,7
1846.0,6285.0,1310.0,113,3.480632781982422,7
1657.0,6125.0,1775.0,113,3.4808249473571777,7
1715.0,5992.0,1694.0,113,3.480829954147339,7
1805.0,6078.0,1443.0,113,3.4808359146118164,7
1879.0,5971.0,1495.0,113,3.4808459281921387,7
1088.0,6756.0,1276.0,114,3.520895004272461,7
1161.0,6640.0,1234.0,114,3.5210487842559814,7
2373.0,5414.0,2101.0,117,3.6015357971191406,7
2404.0,5337.0,2138.0,117,3.601552963256836,7
2819.0,5287.0,1839.0,122,3.744250774383545,7
2753.0,5129.0,2002.0,122,3.744335889816284,7
2645.0,5166.0,2076.0,122,3.7443459033966064,7
2578.0,5132.0,2185.0,123,3.769650936126709,7
2757.0,5107.0,2083.0,123,3.7697010040283203,7
3377.0,4359.0,2803.0,123,3.7697157859802246,7
2357.0,5231.0,2334.0,125,3.8056459426879883,7
4017.0,3549.0,3626.0,126,3.8198089599609375,7
2460.0,5217.0,2106.0,126,3.8198390007019043,7
2572.0,5158.0,2113.0,127,3.8348939418792725,7
2393.0,5183.0,2215.0,127,3.8349149227142334,7
2369.0,5182.0,2336.0,127,3.8349199295043945,7
3192.0,4410.0,2833.0,127,3.8349359035491943,7
4328.0,3622.0,3360.0,128,3.8702008724212646,8
3477.0,4234.0,2805.0,129,3.9000778198242188,8
3708.0,4370.0,2640.0,130,3.9238579273223877,8
2857.0,4982.0,2085.0,131,3.949413776397705,8
2620.0,5435.0,1792.0,132,3.9829819202423096,8
2375.0,5461.0,2019.0,136,4.078456878662109,8
2067.0,5795.0,1576.0,139,4.167075872421265,8
2161.0,5649.0,1703.0,139,4.167106866836548,8
2646.0,5108.0,2098.0,143,4.273737907409668,8
2852.0,5128.0,1950.0,148,4.423954963684082,8
3472.0,4380.0,2670.0,148,4.423970937728882,8
1586.0,6391.0,1208.0,148,4.424097776412964,8
1491.0,6528.0,987.0,148,4.424113988876343,8
1618.0,6551.0,815.0,148,4.424160003662109,8
1626.0,6318.0,1452.0,148,4.424208879470825,8
3135.0,4628.0,2676.0,154,4.577250957489014,8
3139.0,4362.0,3013.0,155,4.594198942184448,8
3994.0,3339.0,4366.0,163,4.808444976806641,8
4597.0,2739.0,5056.0,163,4.808449983596802,8
4000.0,3406.0,4068.0,165,4.878584861755371,8
3490.0,4031.0,3271.0,166,4.9025068283081055,8
3435.0,4105.0,3146.0,167,4.929153919219971,8
4052.0,3273.0,4319.0,169,4.972259998321533,8
3552.0,3875.0,3488.0,174,5.066848993301392,8
3027.0,5038.0,2039.0,177,5.13004994392395,8
2748.0,4937.0,2383.0,177,5.13015079498291,8
2840.0,5100.0,2035.0,180,5.202329874038696,8
2677.0,5207.0,1991.0,180,5.202340841293335,8
2648.0,4959.0,2380.0,182,5.247692823410034,8
3317.0,4305.0,2991.0,182,5.247708797454834,8
2509.0,5073.0,2417.0,182,5.247739791870117,8
4090.0,3575.0,3498.0,185,5.2984559535980225,8
3220.0,4568.0,2632.0,188,5.347048997879028,8
3465.0,4469.0,2643.0,188,5.347063779830933,8
3383.0,4461.0,2676.0,188,5.347095966339111,8
2997.0,4269.0,3601.0,193,5.4671409130096436,8
2831.0,4499.0,3346.0,193,5.467146873474121,8
4626.0,2816.0,4292.0,194,5.513115882873535,8
5550.0,2285.0,4725.0,194,5.513181924819946,8
3777.0,3676.0,3620.0,194,5.513201951980591,8
4465.0,3165.0,3925.0,195,5.5444629192352295,8
4552.0,2745.0,4623.0,195,5.54448390007019,8
4192.0,3099.0,4309.0,195,5.5445098876953125,8
4631.0,2935.0,4180.0,195,5.544532775878906,8
3424.0,3899.0,3702.0,195,5.544595956802368,8
4282.0,3185.0,4058.0,195,5.544622898101807,8
1582.0,5899.0,2206.0,196,5.579364776611328,8
1416.0,6129.0,1951.0,196,5.579370975494385,8
1506.0,6215.0,1700.0,196,5.5794358253479,8
1548.0,6274.0,1574.0,196,5.5795347690582275,8
2974.0,4422.0,3206.0,198,5.676577806472778,8
3129.0,4314.0,3131.0,198,5.676625967025757,8
3323.0,4190.0,3190.0,198,5.676681995391846,8
2898.0,4738.0,2700.0,198,5.67669677734375,8
2474.0,5050.0,2518.0,198,5.676735877990723,8
2362.0,5362.0,2195.0,199,5.69707989692688,8
2733.0,4683.0,3208.0,203,5.823150873184204,8
2696.0,4693.0,3469.0,203,5.823180913925171,8
2443.0,5497.0,2009.0,206,5.900007963180542,8
3267.0,4176.0,3264.0,206,5.900057792663574,8
2310.0,5508.0,1978.0,211,6.02667498588562,8
2749.0,4850.0,2714.0,212,6.048060894012451,8
2752.0,4647.0,3033.0,215,6.109432935714722,8
2715.0,4657.0,3294.0,215,6.109453916549683,8
2672.0,4694.0,3484.0,215,6.109458923339844,8
5751.0,1760.0,5559.0,216,6.1350038051605225,8
5148.0,2360.0,4869.0,216,6.135063886642456,8
5098.0,2352.0,4898.0,217,6.159353971481323,8
5078.0,2506.0,4618.0,217,6.159358978271484,8
4612.0,2986.0,4154.0,217,6.1593639850616455,8
5884.0,1732.0,5455.0,217,6.159368991851807,8
5281.0,2332.0,4765.0,217,6.159379005432129,8
4409.0,3160.0,4007.0,217,6.159499883651733,8
4186.0,3102.0,4362.0,218,6.18199896812439,8
4056.0,3221.0,4355.0,218,6.182008981704712,8
4855.0,2448.0,4973.0,218,6.1820149421691895,8
4319.0,3074.0,4258.0,219,6.201679944992065,8
5611.0,1849.0,5975.0,219,6.201684951782227,8
4988.0,2420.0,4869.0,219,6.201735973358154,8
3520.0,3847.0,3640.0,219,6.201775789260864,8
3483.0,3857.0,3901.0,219,6.201815843582153,8
4352.0,3165.0,4110.0,220,6.226906776428223,8
3137.0,4426.0,2999.0,220,6.2269368171691895,8
3722.0,3593.0,3779.0,222,6.260248899459839,8
4015.0,3505.0,3675.0,222,6.260293960571289,8
4748.0,2786.0,4372.0,223,6.274845838546753,8
1594.0,5980.0,2058.0,224,6.309065818786621,8
1775.0,6011.0,1610.0,224,6.309126853942871,8
2460.0,5342.0,2056.0,226,6.3615639209747314,8
2566.0,5110.0,2245.0,238,6.65929388999939,8
1796.0,5851.0,1810.0,238,6.659308910369873,8
3954.0,3700.0,3417.0,242,6.75957989692688,8
3846.0,3737.0,3491.0,242,6.759654998779297,8
2824.0,5141.0,1974.0,244,6.793331861495972,8
3411.0,4339.0,2776.0,245,6.807589769363403,8
2558.0,5397.0,1980.0,246,6.829277992248535,8
2737.0,5372.0,1878.0,246,6.829288959503174,8
2479.0,5075.0,2451.0,248,6.873297929763794,8
3661.0,3788.0,3521.0,250,6.905483961105347,8
3155.0,4337.0,3106.0,252,6.926442861557007,8
3091.0,4785.0,2388.0,259,7.072999000549316,9
4338.0,3229.0,3982.0,267,7.254187822341919,9
4941.0,2629.0,4672.0,267,7.254197835922241,9
2390.0,5537.0,1655.0,270,7.313368797302246,9
3192.0,4671.0,2573.0,270,7.313414812088013,9
2855.0,4820.0,2695.0,275,7.45839786529541,9
2622.0,5107.0,2219.0,278,7.533756971359253,9
2729.0,5412.0,1889.0,284,7.688652992248535,9
2882.0,5081.0,2081.0,284,7.688753843307495,9
1531.0,6455.0,1231.0,297,8.019722938537598,9
2159.0,5647.0,1854.0,298,8.045296907424927,9
2735.0,5108.0,2090.0,299,8.072500944137573,9
2647.0,4991.0,2444.0,302,8.16053581237793,9
3496.0,4131.0,3116.0,302,8.160567998886108,9
3466.0,4054.0,3375.0,305,8.246899843215942,9
2627.0,4902.0,2722.0,307,8.289816856384277,9
1587.0,6612.0,788.0,314,8.437260866165161,9
1939.0,6098.0,1284.0,314,8.437339782714844,9
1928.0,5962.0,1447.0,314,8.437344789505005,9
2304.0,5275.0,2340.0,314,8.437349796295166,9
2548.0,5214.0,2167.0,314,8.4373779296875,9
2974.0,4659.0,2809.0,314,8.437451839447021,9
1993.0,6170.0,1193.0,315,8.461368799209595,9
2047.0,5826.0,1547.0,315,8.461384773254395,9
2376.0,5370.0,2137.0,318,8.578621864318848,9
2365.0,5234.0,2300.0,318,8.578697919845581,9
2791.0,4679.0,2942.0,318,8.57872200012207,9
2430.0,5442.0,2046.0,319,8.596654891967773,9
5873.0,1506.0,6076.0,320,8.63244891166687,9
5966.0,1477.0,5857.0,320,8.632453918457031,9
3466.0,4103.0,3253.0,330,8.935211896896362,9
3263.0,4261.0,3116.0,331,8.960524797439575,9
3010.0,4672.0,2595.0,332,8.9809730052948,9
3486.0,4090.0,3333.0,333,9.003333806991577,9
3060.0,4750.0,2444.0,333,9.003426790237427,9
3959.0,3566.0,3675.0,334,9.029302835464478,9
3776.0,3586.0,3808.0,334,9.029352903366089,9
3416.0,4205.0,3034.0,334,9.029452800750732,9
2840.0,4566.0,3067.0,348,9.291346788406372,9
3213.0,4379.0,2887.0,348,9.291376829147339,9
3030.0,4399.0,3020.0,348,9.291422843933105,9
3441.0,4205.0,3011.0,354,9.40345287322998,9
3520.0,4134.0,2987.0,355,9.422791957855225,9
2666.0,4899.0,2759.0,364,9.609262943267822,9
2703.0,4889.0,2498.0,364,9.609292984008789,9
4063.0,3495.0,3628.0,368,9.671940803527832,9
4719.0,2930.0,4147.0,369,9.6889328956604,9
3984.0,3566.0,3652.0,369,9.688963890075684,9
3470.0,4323.0,2778.0,373,9.75310492515564,9
2865.0,4433.0,3495.0,384,9.929147005081177,9
3553.0,3698.0,4362.0,386,10.006921768188477,9
3815.0,3486.0,4236.0,386,10.007072925567627,9
4213.0,3089.0,5199.0,386,10.00708794593811,9
3928.0,3541.0,3749.0,388,10.069616794586182,9
3537.0,3835.0,3696.0,391,10.148783922195435,9
3703.0,3605.0,3951.0,391,10.148813962936401,9
3230.0,4162.0,3522.0,395,10.265039920806885,9
2808.0,4652.0,2951.0,396,10.289363861083984,9
4714.0,2618.0,5414.0,404,10.520566940307617,9
4757.0,2581.0,5224.0,404,10.520571947097778,9
3973.0,3432.0,4101.0,404,10.5205819606781,9
3240.0,4082.0,4457.0,404,10.52069091796875,9
2690.0,4720.0,3398.0,407,10.592258930206299,9
2744.0,4877.0,2668.0,408,10.6214599609375,9
2942.0,4497.0,3121.0,413,10.744236946105957,9
2268.0,5449.0,2104.0,423,10.964146852493286,9
2709.0,4684.0,3223.0,430,11.103119850158691,9
3325.0,3931.0,3974.0,430,11.103129863739014,9
3515.0,3764.0,3927.0,430,11.10314393043518,9
2684.0,4734.0,3257.0,431,11.123211860656738,9
2721.0,4724.0,2996.0,431,11.1232168674469,9
5272.0,2247.0,4901.0,432,11.151384830474854,9
4349.0,3133.0,4251.0,433,11.166363000869751,9
4246.0,3054.0,4308.0,437,11.233902931213379,9
4189.0,3193.0,4251.0,439,11.272905826568604,9
3078.0,4708.0,2585.0,441,11.310369968414307,9
4535.0,3145.0,3977.0,441,11.310419797897339,9
3513.0,3860.0,3714.0,442,11.328380823135376,9
3728.0,3580.0,3968.0,446,11.381510972976685,9
1660.0,6068.0,1778.0,449,11.455904960632324,9
1750.0,6154.0,1527.0,449,11.455939769744873,9
1792.0,6213.0,1401.0,449,11.455999851226807,9
1874.0,5768.0,1888.0,476,12.096299886703491,9
2430.0,5310.0,2174.0,477,12.110818862915039,9
2314.0,5251.0,2389.0,477,12.110835790634155,9
1950.0,5865.0,1646.0,478,12.124198913574219,9
1937.0,5918.0,1510.0,479,12.133710861206055,9
1926.0,5782.0,1673.0,479,12.13372278213501,9
3389.0,4718.0,2509.0,487,12.314348936080933,9
3320.0,4589.0,2606.0,487,12.314359903335571,9
4221.0,3645.0,3340.0,489,12.401434898376465,9
4027.0,3769.0,3281.0,489,12.401439905166626,9
3407.0,4517.0,2561.0,489,12.401480913162231,9
3601.0,4393.0,2620.0,489,12.40149188041687,9
3844.0,3789.0,3414.0,489,12.401537895202637,9
2345.0,5260.0,2319.0,496,12.524870872497559,9
3209.0,4623.0,2674.0,503,12.618876934051514,9
3218.0,4322.0,3008.0,504,12.633777856826782,9
3242.0,4323.0,2887.0,504,12.633829832077026,9
3917.0,3654.0,3498.0,505,12.645643949508667,9
3565.0,4101.0,3018.0,514,12.788214921951294,10
4259.0,3272.0,4010.0,514,12.788219928741455,10
4970.0,2635.0,4626.0,514,12.788285970687866,10
3568.0,4345.0,2701.0,527,13.077520847320557,10
3235.0,4737.0,2528.0,531,13.1699378490448,10
3092.0,4797.0,2342.0,534,13.23639988899231,10
3010.0,4789.0,2375.0,534,13.236414909362793,10
1666.0,6636.0,730.0,554,13.720417976379395,10
1561.0,6646.0,766.0,554,13.720422983169556,10
1655.0,6500.0,893.0,554,13.720427989959717,10
2002.0,5855.0,1499.0,554,13.720457792282104,10
2198.0,5554.0,2233.0,599,14.762280941009521,10
2068.0,5678.0,1922.0,605,14.93625283241272,10
3321.0,4073.0,3714.0,614,15.123597860336304,10
3812.0,3745.0,3446.0,618,15.201668977737427,10
2702.0,5090.0,2160.0,622,15.266957998275757,10
3322.0,4342.0,2880.0,622,15.266983985900879,10
1996.0,5754.0,1810.0,622,15.267033815383911,10
1325.0,6727.0,908.0,628,15.401205778121948,10
1916.0,6011.0,1445.0,628,15.401269912719727,10
1779.0,5999.0,1620.0,637,15.593108892440796,10
2013.0,5748.0,1804.0,637,15.593153953552246,10
2414.0,5088.0,2556.0,637,15.593158960342407,10
2248.0,5318.0,2301.0,637,15.593163967132568,10
2353.0,5283.0,2298.0,637,15.5932137966156,10
4267.0,3340.0,3808.0,641,15.68902587890625,10
4791.0,2801.0,4337.0,641,15.689030885696411,10
3729.0,4096.0,3055.0,641,15.689197778701782,10
4775.0,2688.0,4664.0,641,15.689237833023071,10
5299.0,2149.0,5193.0,641,15.689242839813232,10
4159.0,3377.0,3882.0,641,15.689302921295166,10
4042.0,3465.0,3942.0,659,16.161467790603638,10
3234.0,4167.0,3446.0,666,16.284653902053833,10
3573.0,3760.0,3661.0,678,16.546408891677856,10
3756.0,3740.0,3528.0,678,16.546414852142334,10
3060.0,4435.0,2969.0,694,16.780226945877075,10
3018.0,4376.0,3095.0,694,16.780263900756836,10
3696.0,4384.0,2650.0,700,16.952208995819092,10
2327.0,5746.0,1312.0,708,17.094018936157227,10
2219.0,5783.0,1386.0,708,17.09407377243042,10
2488.0,5423.0,1965.0,712,17.156895875930786,10
2446.0,5364.0,2091.0,712,17.156900882720947,10
2211.0,5687.0,1527.0,714,17.211787939071655,10
2072.0,5801.0,1564.0,714,17.211833000183105,10
2222.0,5823.0,1364.0,714,17.211867809295654,10
2774.0,4862.0,2685.0,720,17.330497980117798,10
2577.0,5103.0,2240.0,726,17.420001983642578,10
4085.0,3721.0,3363.0,746,17.68498682975769,10
3374.0,4300.0,2888.0,748,17.714127779006958,10
3191.0,4320.0,3021.0,754,17.78758978843689,10
2158.0,5251.0,2845.0,760,17.879689931869507,10
2685.0,4682.0,3508.0,761,17.92842984199524,10
2816.0,4421.0,3792.0,762,17.962917804718018,10
2851.0,4452.0,3763.0,763,18.001494884490967,10
3619.0,3652.0,4370.0,765,18.077348947525024,10
4300.0,3014.0,4373.0,770,18.202955961227417,10
4432.0,2940.0,4233.0,770,18.2029709815979,10
3725.0,3758.0,3583.0,770,18.202995777130127,10
4375.0,3079.0,4176.0,772,18.2622230052948,10
4806.0,2911.0,4127.0,773,18.288338899612427,10
3584.0,3701.0,3912.0,788,18.613545894622803,10
3633.0,3713.0,3615.0,788,18.61356496810913,10
3576.0,3852.0,3558.0,788,18.613584995269775,10
2114.0,5639.0,2138.0,806,19.080880880355835,10
1557.0,6124.0,1950.0,815,19.28646183013916,10
1647.0,6210.0,1699.0,815,19.286557912826538,10
2207.0,5522.0,2206.0,815,19.286581993103027,10
2811.0,4810.0,2745.0,839,19.780346870422363,10
2842.0,4733.0,2782.0,839,19.780361890792847,10
2651.0,4817.0,3304.0,844,19.875287771224976,10
2321.0,5215.0,2507.0,844,19.875297784805298,10
2788.0,4543.0,3404.0,848,19.932883977890015,10
2178.0,5363.0,2355.0,850,19.96905779838562,10
2344.0,5133.0,2610.0,850,19.96906280517578,10
3478.0,3774.0,4188.0,852,20.000695943832397,10
5142.0,2366.0,4894.0,857,20.07422685623169,10
4539.0,2966.0,4204.0,859,20.098153829574585,10
5245.0,2222.0,5041.0,861,20.150405883789062,10
4429.0,3006.0,4287.0,861,20.150514841079712,10
3996.0,3605.0,3563.0,873,20.32906484603882,10
3703.0,3693.0,3667.0,876,20.37246799468994,10
3562.0,3810.0,3713.0,878,20.39352798461914,10
1664.0,5920.0,1957.0,892,20.642499923706055,10
1781.0,6077.0,1564.0,892,20.64252495765686,10
1124.0,6626.0,1492.0,893,20.66483998298645,10
1172.0,6549.0,1388.0,893,20.66490077972412,10
1740.0,5953.0,1756.0,902,20.87653088569641,10
1239.0,6557.0,1312.0,906,20.98779797554016,10
1648.0,6117.0,1776.0,907,21.01428198814392,10
1738.0,6203.0,1525.0,907,21.014370918273926,10
1769.0,6126.0,1562.0,907,21.014375925064087,10
1394.0,6512.0,1100.0,918,21.277825832366943,10
1226.0,6765.0,921.0,918,21.27783179283142,10
1300.0,6658.0,973.0,918,21.27784299850464,10
2145.0,5684.0,1815.0,948,21.787030935287476,10
4621.0,2963.0,4230.0,962,22.126725912094116,10
4020.0,3858.0,3254.0,963,22.144118785858154,10
4640.0,3110.0,3974.0,963,22.144128799438477,10
4457.0,3130.0,4107.0,963,22.14414381980896,10
3351.0,4512.0,2643.0,967,22.206480979919434,10
4123.0,3734.0,3312.0,968,22.224328994750977,10
3412.0,4371.0,2696.0,968,22.224334001541138,10
4317.0,3610.0,3371.0,968,22.22433876991272,10
3606.0,4247.0,2755.0,968,22.22438883781433,10
3590.0,4314.0,2674.0,968,22.224393844604492,10
3582.0,4427.0,2650.0,969,22.247437953948975,10
3297.0,4402.0,2778.0,1002,22.691356897354126,10
3118.0,4427.0,2880.0,1002,22.691428899765015,10
3094.0,4426.0,3001.0,1002,22.69145393371582,10
2380.0,5318.0,2173.0,1010,22.76325488090515,10
4283.0,3273.0,3889.0,1023,23.01599383354187,11
5007.0,2575.0,4593.0,1023,23.01599884033203,11
5610.0,1975.0,5283.0,1023,23.01604390144348,11
4994.0,2636.0,4505.0,1023,23.016048908233643,11
4773.0,2863.0,4208.0,1027,23.113903999328613,11
4188.0,3597.0,3421.0,1027,23.113976001739502,11
4216.0,3754.0,3268.0,1027,23.113980770111084,11
3274.0,4679.0,2540.0,1073,23.959707975387573,11
2472.0,5545.0,1622.0,1073,23.95977282524109,11
2541.0,5675.0,1408.0,1073,23.95978283882141,11
1990.0,5904.0,1497.0,1099,24.580639839172363,11
3381.0,4106.0,3411.0,1164,25.965990781784058,11
3389.0,4103.0,3537.0,1188,26.51287579536438,11
2623.0,4990.0,2565.0,1197,26.74976086616516,11
2695.0,4932.0,2545.0,1200,26.82732081413269,11
2642.0,5356.0,1932.0,1206,26.95074486732483,11
1993.0,5902.0,1524.0,1247,27.704107999801636,11
1961.0,5742.0,1917.0,1247,27.70414400100708,11
2334.0,5311.0,2263.0,1261,27.959810972213745,11
2617.0,4914.0,2703.0,1262,27.987205982208252,11
5396.0,2046.0,5187.0,1268,28.087901830673218,11
5363.0,2077.0,5167.0,1269,28.112098932266235,11
5270.0,2106.0,5386.0,1269,28.112128973007202,11
5224.0,2136.0,5245.0,1269,28.112168788909912,11
3598.0,3994.0,3197.0,1310,29.095033884048462,11
4105.0,3400.0,3774.0,1310,29.09506893157959,11
3579.0,4094.0,3085.0,1310,29.095093965530396,11
2952.0,4787.0,2518.0,1314,29.177851915359497,11
4031.0,3329.0,4105.0,1318,29.25036096572876,11
3497.0,4026.0,3290.0,1318,29.250431776046753,11
3822.0,3556.0,3949.0,1319,29.262813806533813,11
4242.0,3106.0,4272.0,1330,29.470431804656982,11
4425.0,3086.0,4139.0,1330,29.470436811447144,11
5533.0,1979.0,5785.0,1331,29.48322582244873,11
3352.0,4004.0,3671.0,1336,29.58533787727356,11
3395.0,3967.0,3481.0,1338,29.609386920928955,11
3139.0,4566.0,2725.0,1352,29.828292846679688,11
2894.0,4665.0,2714.0,1360,29.934452772140503,11
2852.0,4606.0,2840.0,1360,29.934488773345947,11
3022.0,5060.0,2021.0,1386,30.328589916229248,11
2940.0,5052.0,2054.0,1386,30.32859992980957,11
3008.0,5272.0,1826.0,1394,30.45283079147339,11
2926.0,5264.0,1859.0,1394,30.45283579826355,11
2258.0,5616.0,1526.0,1399,30.50937795639038,11
1960.0,5938.0,1484.0,1407,30.664923906326294,11
2780.0,4929.0,2387.0,1416,30.821417808532715,11
2765.0,5200.0,1995.0,1474,31.563756942749023,11
3246.0,4250.0,3139.0,1480,31.636104822158813,11
2650.0,4651.0,3537.0,1490,31.747382879257202,11
2912.0,4439.0,3411.0,1490,31.74739384651184,11
2797.0,4521.0,3680.0,1490,31.747403860092163,11
3846.0,3409.0,4273.0,1503,32.1955988407135,11
4029.0,3389.0,4140.0,1503,32.195655822753906,11
3935.0,3918.0,3298.0,1517,32.54483199119568,11
2003.0,5481.0,2749.0,1524,32.708897829055786,11
1624.0,5958.0,2080.0,1525,32.732300996780396,11
2249.0,5186.0,2744.0,1532,32.940730810165405,11
1594.0,5922.0,2131.0,1532,32.940735816955566,11
2381.0,5022.0,2850.0,1534,32.98013186454773,11
3565.0,3801.0,3800.0,1544,33.16465997695923,11
3827.0,3589.0,3674.0,1544,33.16470789909363,11
3277.0,4072.0,4196.0,1571,33.84325695037842,11
2043.0,5550.0,2610.0,1598,34.40181493759155,11
2086.0,5513.0,2420.0,1598,34.401865005493164,11
2176.0,5599.0,2169.0,1598,34.40188980102539,11
2519.0,5045.0,2586.0,1654,35.460160970687866,11
3994.0,3277.0,4585.0,1671,35.711792945861816,11
3561.0,3734.0,4068.0,1672,35.72985792160034,11
3337.0,3971.0,3747.0,1676,35.77715492248535,11
2977.0,4486.0,2999.0,1718,36.400532960891724,11
2988.0,4622.0,2836.0,1718,36.40055298805237,11
2637.0,5016.0,2324.0,1760,37.06695890426636,11
1405.0,6648.0,937.0,1802,38.05803990364075,11
1887.0,5949.0,1533.0,1866,39.094727993011475,11
4025.0,3712.0,3389.0,1888,39.52634286880493,11
4557.0,3100.0,4107.0,1889,39.54282593727112,11
3356.0,4366.0,2778.0,1898,39.68196988105774,11
4345.0,3767.0,3218.0,1900,39.70593881607056,11
4251.0,3773.0,3261.0,1902,39.73617696762085,11
2471.0,5413.0,2016.0,1922,39.99223780632019,11
2650.0,5388.0,1914.0,1922,39.99224781990051,11
3268.0,4629.0,2593.0,1970,40.505703926086426,11
4134.0,3746.0,3301.0,2005,40.98575496673584,12
4365.0,3281.0,3856.0,2010,41.10262393951416,12
4145.0,3859.0,3240.0,2220,45.27758979797363,12
2862.0,4815.0,2714.0,2248,45.838456869125366,12
2353.0,5523.0,1913.0,2282,46.6011848449707,12
2604.0,4903.0,3049.0,2296,46.935306787490845,12
2678.0,4927.0,2674.0,2309,47.24559187889099,12
1910.0,5732.0,2057.0,2310,47.27482485771179,12
3127.0,4197.0,3655.0,2356,48.106658935546875,12
3629.0,3765.0,3579.0,2360,48.16635799407959,12
2648.0,5434.0,1806.0,2380,48.425280809402466,12
2606.0,5375.0,1932.0,2380,48.42529296875,12
2431.0,5298.0,2168.0,2400,48.931774854660034,12
2597.0,5068.0,2423.0,2400,48.93179488182068,12
2613.0,5422.0,1913.0,2405,49.01299500465393,12
2322.0,5360.0,2261.0,2431,49.479623794555664,12
2868.0,4838.0,2690.0,2438,49.57690382003784,12
2826.0,4779.0,2816.0,2438,49.57691478729248,12
5730.0,1674.0,5763.0,2440,49.60693383216858,12
5863.0,1646.0,5659.0,2441,49.63371396064758,12
6522.0,1185.0,6489.0,2453,49.97440981864929,12
6339.0,1205.0,6622.0,2453,49.97441482543945,12
4518.0,2800.0,4895.0,2462,50.20799899101257,12
3561.0,3803.0,3889.0,2468,50.31462097167969,12
4122.0,3455.0,3726.0,2511,51.03380584716797,12
4013.0,3371.0,4272.0,2523,51.20713782310486,12
3536.0,3770.0,3922.0,2540,51.457483768463135,12
4340.0,3137.0,4140.0,2547,51.56775093078613,12
2809.0,4643.0,3030.0,2590,52.21744179725647,12
2884.0,4760.0,2735.0,2596,52.29877996444702,12
2878.0,4868.0,2246.0,2641,52.89694285392761,12
2269.0,5752.0,1363.0,2659,53.16990089416504,12
2140.0,5831.0,1387.0,2684,53.54972982406616,12
2032.0,5376.0,2702.0,2830,55.4325897693634,12
3078.0,4209.0,3666.0,2834,55.56527876853943,12
4383.0,2928.0,4530.0,2866,56.36303377151489,12
5356.0,2409.0,4666.0,2867,56.37934684753418,12
5328.0,2252.0,4819.0,2867,56.37935185432434,12
2215.0,5252.0,2595.0,2908,57.221176862716675,12
2462.0,4962.0,2915.0,2911,57.269593954086304,12
2300.0,5258.0,2481.0,2923,57.491962909698486,12
2978.0,4449.0,3002.0,2940,57.73150897026062,12
2265.0,5221.0,2636.0,3167,62.22047996520996,12
3524.0,3744.0,4329.0,3170,62.273361921310425,12
4230.0,3080.0,4679.0,3172,62.309348821640015,12
2678.0,4761.0,3186.0,3174,62.33780598640442,12
5987.0,1563.0,5653.0,3186,62.467750787734985,12
6035.0,1770.0,5399.0,3187,62.49320888519287,12
5143.0,2461.0,4800.0,3187,62.4932599067688,12
6687.0,1224.0,6198.0,3187,62.49327898025513,12
5225.0,2376.0,4761.0,3205,62.78459692001343,12
4852.0,2563.0,4941.0,3209,62.899550914764404,12
5042.0,2396.0,4894.0,3209,62.89958691596985,12
3579.0,4010.0,3352.0,3212,62.95111393928528,12
4940.0,2425.0,5095.0,3216,63.004639863967896,12
3623.0,3678.0,3838.0,3227,63.21596097946167,12
4105.0,3171.0,4354.0,3234,63.32349991798401,12
4804.0,2588.0,4995.0,3234,63.32350492477417,12
4025.0,3218.0,4805.0,3234,63.323524951934814,12
4068.0,3181.0,4615.0,3234,63.323529958724976,12
4685.0,2609.0,5642.0,3234,63.323540925979614,12
4728.0,2572.0,5452.0,3234,63.323545932769775,12
4765.0,2562.0,5191.0,3234,63.32355999946594,12
5500.0,1912.0,6016.0,3234,63.323564767837524,12
4998.0,2280.0,5286.0,3235,63.34539294242859,12
1141.0,6626.0,1351.0,3312,64.29970479011536,12
2232.0,5244.0,2812.0,3321,64.46430492401123,12
1827.0,5813.0,2001.0,3324,64.51777195930481,12
2525.0,5148.0,2232.0,3341,64.81091785430908,12
2058.0,5703.0,1802.0,3412,66.41802978515625,12
1302.0,6707.0,934.0,3425,66.62112188339233,12
1291.0,6571.0,1097.0,3425,66.6211268901825,12
4151.0,3891.0,3159.0,3591,69.03766989707947,12
3496.0,4627.0,2546.0,3643,69.62143397331238,12
2484.0,5278.0,2058.0,3644,69.63187098503113,12
3696.0,3848.0,3474.0,3712,70.2850399017334,12
3514.0,4494.0,2581.0,3812,71.62759280204773,13
3596.0,4502.0,2548.0,3827,71.89332485198975,13
4319.0,3329.0,3870.0,3870,72.55324697494507,13
1771.0,6295.0,1120.0,3958,74.04341888427734,13
1663.0,6332.0,1194.0,3958,74.0434238910675,13
3087.0,5211.0,1876.0,4182,78.42686676979065,13
1587.0,6628.0,778.0,4182,78.42693185806274,13
1650.0,6646.0,758.0,4183,78.44693088531494,13
2973.0,4775.0,2633.0,4204,78.89398193359375,13
2717.0,4834.0,3053.0,4228,79.46253180503845,13
2790.0,4795.0,2766.0,4250,79.93833494186401,13
2939.0,4512.0,3108.0,4316,81.12294697761536,13
1885.0,6088.0,1408.0,4405,82.58230686187744,13
1853.0,6212.0,1389.0,4406,82.60776495933533,13
2421.0,5389.0,2074.0,4416,82.76411294937134,13
2859.0,4785.0,2718.0,4416,82.7641179561615,13
2580.0,4924.0,2964.0,4454,83.37092590332031,13
2259.0,5454.0,2138.0,4458,83.45326089859009,13
2217.0,5395.0,2264.0,4458,83.45326590538025,13
2748.0,4716.0,3132.0,4461,83.49452185630798,13
5815.0,1651.0,5885.0,4474,83.6148989200592,13
5245.0,2220.0,5215.0,4474,83.61494088172913,13
5303.0,2075.0,5406.0,4476,83.65891194343567,13
4000.0,3602.0,3646.0,4478,83.70356178283691,13
4104.0,3451.0,3757.0,4479,83.72080779075623,13
5621.0,1812.0,6380.0,4497,84.20008993148804,13
4727.0,2700.0,4576.0,4586,85.63059186935425,13
4106.0,3342.0,4053.0,4586,85.63061189651489,13
3505.0,4023.0,3416.0,4610,85.95240378379822,13
3233.0,4225.0,3167.0,4616,86.02320981025696,13
3331.0,4256.0,3035.0,4630,86.18420577049255,13
3315.0,4014.0,3932.0,4636,86.24277877807617,13
3358.0,3977.0,3742.0,4638,86.26812791824341,13
3818.0,3661.0,3672.0,4656,86.5084478855133,13
3263.0,4277.0,3106.0,4689,86.97540378570557,13
3549.0,4168.0,2937.0,4755,87.82768392562866,13
2222.0,5839.0,1354.0,4847,88.99472284317017,13
3338.0,4666.0,2578.0,4862,89.19720792770386,13
2785.0,4897.0,2465.0,4881,89.45400381088257,13
4092.0,3529.0,3578.0,4925,89.87545084953308,13
2064.0,5530.0,2597.0,5066,91.5066888332367,13
3323.0,4110.0,3677.0,5072,91.68693995475769,13
3129.0,4234.0,3618.0,5074,91.7433660030365,13
3633.0,3633.0,4102.0,5098,92.34809184074402,13
5375.0,2309.0,4778.0,5126,92.85859298706055,13
4473.0,3147.0,4100.0,5127,92.87068581581116,13
4476.0,3061.0,4117.0,5138,93.09457397460938,13
4612.0,3035.0,4068.0,5139,93.11294794082642,13
2513.0,4987.0,2867.0,5204,94.3520097732544,13
2707.0,4863.0,2926.0,5206,94.38543486595154,13
1664.0,6161.0,1565.0,5398,98.40979480743408,13
1903.0,5734.0,2122.0,5398,98.40981483459473,13
3294.0,4008.0,3937.0,5648,102.49949097633362,13
4195.0,3257.0,4103.0,5708,103.2879478931427,13
5590.0,1998.0,5765.0,5708,103.28801488876343,13
5139.0,2458.0,4813.0,5723,103.48987889289856,13
4292.0,3024.0,4449.0,5731,103.57942700386047,13
4283.0,2964.0,4534.0,5750,103.78189897537231,13
4246.0,2974.0,4795.0,5750,103.78193378448486,13
5426.0,2389.0,4718.0,5764,103.92116284370422,13
3519.0,3847.0,3903.0,5810,104.47562193870544,13
4052.0,3415.0,3901.0,5854,104.85985684394836,13
1702.0,6127.0,1652.0,5879,105.37964677810669,13
4454.0,3372.0,3666.0,6596,114.99682688713074,14
4473.0,3272.0,3778.0,6596,114.9968318939209,14
2512.0,5472.0,1866.0,6692,116.17220878601074,14
3812.0,3923.0,3293.0,6724,116.51585292816162,14
1616.0,6667.0,753.0,6840,118.42966079711914,14
1493.0,6474.0,1087.0,6844,118.50769591331482,14
5517.0,2004.0,5502.0,7056,121.86183500289917,14
2238.0,6071.0,1204.0,7153,123.81942892074585,14
3372.0,4098.0,3666.0,7223,125.25203800201416,14
1893.0,5732.0,2198.0,7278,126.42217993736267,14
3481.0,4043.0,3429.0,7430,128.85671091079712,14
3076.0,4653.0,2687.0,7468,129.21778893470764,14
2132.0,5431.0,2310.0,7574,130.7909369468689,14
2090.0,5372.0,2436.0,7574,130.79094195365906,14
2717.0,4793.0,3095.0,7596,131.15072178840637,14
2760.0,4756.0,2905.0,7596,131.15073800086975,14
2974.0,4501.0,2966.0,7610,131.25703382492065,14
4774.0,2746.0,4385.0,7622,131.4618239402771,14
4241.0,3385.0,3849.0,7629,131.63900685310364,14
4634.0,2729.0,4795.0,7802,134.27473282814026,14
4012.0,3429.0,3993.0,7814,134.46714091300964,14
3975.0,3405.0,4769.0,7850,134.81648898124695,14
4174.0,3171.0,4307.0,7884,135.14676094055176,14
3640.0,3868.0,3492.0,7890,135.1877989768982,14
3464.0,4096.0,3384.0,7949,135.97355389595032,14
2718.0,5414.0,1858.0,8146,138.19016098976135,14
2214.0,5929.0,1251.0,8150,138.23121881484985,14
3418.0,3851.0,4144.0,8486,142.29909491539001,14
3565.0,3721.0,4287.0,8486,142.29909992218018,14
4281.0,3114.0,4261.0,8525,142.93325877189636,14
5569.0,2185.0,4837.0,8528,142.98274183273315,14
5450.0,2586.0,4553.0,8533,143.049329996109,14
1655.0,5940.0,2088.0,8649,145.32098388671875,14
2955.0,4522.0,3094.0,8689,145.95316982269287,14
5653.0,1893.0,5810.0,8750,147.07276487350464,14
1675.0,6297.0,1402.0,8922,150.28241181373596,14
1633.0,6238.0,1528.0,8922,150.2824227809906,14
2016.0,5606.0,2728.0,8940,150.56152486801147,14
2538.0,4945.0,2698.0,9212,154.5182888507843,14
2641.0,4771.0,3447.0,9278,155.34949278831482,14
6015.0,1720.0,5500.0,9336,155.8833508491516,14
5996.0,1820.0,5388.0,9336,155.88336086273193,14
5320.0,2235.0,4989.0,9336,155.88337087631226,14
5432.0,2370.0,4709.0,9353,156.13436079025269,14
6543.0,1271.0,6285.0,9365,156.2888708114624,14
6594.0,1253.0,6417.0,9372,156.42880082130432,14
6360.0,1291.0,6418.0,9372,156.42885994911194,14
5700.0,1900.0,5581.0,9372,156.42888498306274,14
5894.0,1592.0,5872.0,9373,156.45576882362366,14
4373.0,3050.0,4283.0,9376,156.49004578590393,14
5091.0,2251.0,5067.0,9400,156.7702248096466,14
4062.0,3208.0,4544.0,9432,157.12345790863037,14
4722.0,2599.0,5381.0,9434,157.14267897605896,14
4921.0,2412.0,5736.0,9434,157.1427137851715,14
5464.0,1979.0,5832.0,9435,157.1512839794159,14
4093.0,3131.0,4581.0,9436,157.16034078598022,14
4292.0,2944.0,4936.0,9437,157.16856598854065,14
4370.0,2994.0,4425.0,9544,158.37469482421875,14
3991.0,3610.0,3643.0,10204,167.7557029724121,14
3631.0,4521.0,2541.0,10222,167.94264483451843,14
4771.0,3143.0,3879.0,10229,168.0139298439026,14
3560.0,4685.0,2526.0,10277,168.45330595970154,14
3325.0,4602.0,2600.0,10300,168.72413682937622,14
3462.0,4505.0,2652.0,10432,169.91135478019714,14
3555.0,4701.0,2448.0,10630,171.99657678604126,15
3749.0,4577.0,2507.0,10634,172.01893281936646,15
1552.0,6533.0,820.0,10884,175.23227095603943,15
1529.0,6551.0,823.0,10885,175.24961686134338,15
3333.0,4238.0,3072.0,11525,185.74996185302734,15
2923.0,4429.0,3229.0,11599,186.65712881088257,15
3268.0,4686.0,2526.0,11692,187.72609877586365,15
1463.0,6450.0,1519.0,11752,188.53465485572815,15
2117.0,5528.0,2414.0,11754,188.57429480552673,15
1726.0,6189.0,1561.0,11755,188.59071683883667,15
1684.0,6130.0,1687.0,11755,188.59072184562683,15
1576.0,6476.0,951.0,11758,188.64596486091614,15
1897.0,6039.0,1410.0,11759,188.6582009792328,15
1730.0,5839.0,2154.0,11830,189.5163278579712,15
2743.0,4678.0,3242.0,11833,189.54737877845764,15
4700.0,2675.0,4716.0,11894,190.2772397994995,15
4628.0,2912.0,4286.0,11896,190.3062448501587,15
5206.0,2178.0,5412.0,11902,190.38321995735168,15
5182.0,2177.0,5533.0,11902,190.38330578804016,15
4630.0,2803.0,4582.0,12085,193.20328378677368,15
2752.0,5321.0,1931.0,12825,199.97252893447876,15
2074.0,5435.0,2576.0,12895,200.9750669002533,15
2210.0,5169.0,2882.0,12901,201.1286289691925,15
5644.0,2462.0,4612.0,13028,203.2494809627533,15
5397.0,2616.0,4533.0,13040,203.38798999786377,15
4429.0,3055.0,4201.0,13073,204.0768039226532,15
2045.0,5540.0,2623.0,13108,204.63821578025818,15
1624.0,6017.0,2051.0,13110,204.68117380142212,15
1458.0,6188.0,1825.0,13111,204.69599390029907,15
2245.0,5246.0,2777.0,13192,205.97950077056885,15
1477.0,6046.0,2170.0,13192,205.97953581809998,15
1858.0,5723.0,2254.0,13199,206.07872581481934,15
1585.0,6211.0,1653.0,13542,211.72196984291077,15
2972.0,4403.0,3286.0,13988,217.45691394805908,15
3257.0,4018.0,4198.0,14002,217.7501678466797,15
3300.0,3981.0,4008.0,14050,218.17890000343323,15
5883.0,1880.0,5448.0,14130,219.0285108089447,15
5280.0,2480.0,4758.0,14130,219.02852177619934,15
4422.0,2905.0,4456.0,14180,219.6176688671112,15
5647.0,1959.0,5699.0,14204,219.80083298683167,15
5457.0,1949.0,6206.0,14218,219.95146584510803,15
4329.0,2934.0,4675.0,14223,219.98934984207153,15
1636.0,6039.0,1932.0,14418,222.16139888763428,15
1199.0,6767.0,1079.0,14418,222.16141486167908,15
2021.0,5689.0,2060.0,14476,222.97903680801392,15
2613.0,5015.0,2445.0,14480,223.01875686645508,15
3577.0,4449.0,2632.0,15229,232.06368899345398,15
4965.0,3019.0,3938.0,15234,232.11005282402039,15
3642.0,4600.0,2487.0,15254,232.30327081680298,15
3448.0,4724.0,2428.0,15254,232.30327582359314,15
3406.0,4665.0,2554.0,15254,232.30331683158875,15
3972.0,3916.0,3261.0,15267,232.42579579353333,15
6161.0,1506.0,5841.0,15614,235.351557970047,16
3787.0,4098.0,2912.0,15620,235.4382359981537,16
5014.0,2796.0,4226.0,15651,235.81083583831787,16
4451.0,3837.0,3194.0,15656,235.871435880661,16
3831.0,4585.0,2474.0,15730,236.7357518672943,16
3707.0,4463.0,2596.0,16404,245.15494179725647,16
3513.0,4587.0,2537.0,16406,245.17789697647095,16
2811.0,5327.0,1850.0,16450,245.83608889579773,16
1473.0,6460.0,1204.0,16482,246.29163098335266,16
1505.0,6620.0,811.0,16482,246.2916657924652,16
3823.0,3641.0,3638.0,16692,249.60267996788025,16
1342.0,6727.0,767.0,16958,252.2960000038147,16
2472.0,4933.0,3042.0,17038,253.35433793067932,16
1747.0,5839.0,2013.0,17044,253.42496490478516,16
4445.0,2932.0,4419.0,17152,254.65786290168762,16
5590.0,1906.0,6462.0,17241,256.31814885139465,16
3572.0,4039.0,3238.0,17398,257.93595600128174,16
2748.0,4557.0,3534.0,18248,264.94719886779785,16
2188.0,5245.0,3027.0,18248,264.94721484184265,16
2062.0,5370.0,2884.0,18264,265.43007493019104,16
2785.0,4498.0,3755.0,18288,265.94600796699524,16
2861.0,4493.0,3528.0,18360,267.09002900123596,16
3448.0,3845.0,4326.0,18360,267.0900869369507,16
3516.0,3757.0,4141.0,18364,267.136412858963,16
5610.0,2392.0,4704.0,18442,268.1963520050049,16
4700.0,3248.0,3851.0,18500,269.11254596710205,16
4312.0,3179.0,4240.0,18512,269.3178517818451,16
2916.0,4505.0,3232.0,18518,269.3850419521332,16
1542.0,6004.0,2094.0,18623,270.897451877594,16
2702.0,4760.0,3171.0,18942,275.71244978904724,16
2659.0,4797.0,3361.0,18942,275.7124547958374,16
2049.0,5523.0,2681.0,19042,277.0844039916992,16
2356.0,5156.0,2535.0,19521,282.9293417930603,16
3954.0,3399.0,4774.0,19589,283.54713582992554,16
5836.0,1737.0,5681.0,19676,284.1667129993439,16
6674.0,1259.0,6330.0,19686,284.31448698043823,16
6090.0,1997.0,5275.0,19686,284.31456780433655,16
5271.0,2346.0,4902.0,19731,284.94646191596985,16
6317.0,1328.0,6608.0,19735,285.01854395866394,16
5657.0,1937.0,5771.0,19735,285.0185549259186,16
5032.0,2406.0,4977.0,19740,285.24072790145874,16
5514.0,1987.0,5803.0,19794,285.6417148113251,16
5421.0,2016.0,6022.0,19833,285.91024684906006,16
4683.0,2676.0,5421.0,19838,285.9301278591156,16
4726.0,2639.0,5231.0,19838,285.93014883995056,16
1577.0,5980.0,2199.0,20087,288.4623918533325,16
1870.0,5884.0,1619.0,20338,291.34299898147583,16
4729.0,2926.0,4156.0,20994,298.5146839618683,16
4386.0,3974.0,3085.0,21034,298.79416584968567,16
3146.0,5033.0,1996.0,21054,298.9595317840576,16
4262.0,3852.0,3207.0,21080,299.14595890045166,16
3442.0,4646.0,2554.0,21090,299.25001883506775,16
3869.0,4106.0,2879.0,21468,302.31524682044983,17
4257.0,3961.0,3135.0,21484,302.45368790626526,17
3249.0,4854.0,2159.0,21544,302.9079358577728,17
3637.0,4709.0,2415.0,21550,303.1195478439331,17
5484.0,2035.0,5482.0,22063,308.35042691230774,17
2893.0,5335.0,1817.0,22218,310.3430449962616,17
3463.0,4618.0,2560.0,22268,311.17868089675903,17
1456.0,6460.0,1345.0,22366,312.42658400535583,17
2583.0,5064.0,2453.0,22549,315.1933739185333,17
2122.0,5526.0,2331.0,22866,317.8922128677368,17
1437.0,6590.0,988.0,22871,317.9693229198456,17
1468.0,6513.0,1025.0,22872,317.981556892395,17
2256.0,5142.0,2691.0,22972,319.0922429561615,17
2268.0,5165.0,2616.0,22972,319.0922529697418,17
5260.0,2246.0,4969.0,23103,320.40710186958313,17
5167.0,2170.0,5726.0,23222,322.58109283447266,17
2661.0,4787.0,3374.0,24105,329.1288728713989,17
4290.0,2957.0,4749.0,24432,333.9697139263153,17
3571.0,3769.0,3845.0,24434,334.1801908016205,17
1736.0,5880.0,2153.0,24601,336.52035689353943,17
3209.0,4159.0,4420.0,24864,340.22649788856506,17
3252.0,4122.0,4230.0,24864,340.2265589237213,17
3289.0,4112.0,3969.0,24878,340.4761698246002,17
2593.0,4912.0,3669.0,25014,342.06736993789673,17
5215.0,2386.0,4844.0,25844,351.10701298713684,17
1202.0,6543.0,1570.0,26296,355.35405588150024,17
1973.0,5825.0,1622.0,26500,357.22180795669556,17
3563.0,4661.0,2437.0,27250,364.3808319568634,17
4068.0,3976.0,3148.0,27280,364.73448300361633,17
5577.0,2006.0,5263.0,27573,366.649915933609,18
4481.0,3269.0,3904.0,27578,366.69743394851685,18
1634.0,6541.0,787.0,27912,369.67548179626465,18
3037.0,5242.0,1899.0,28344,373.9965169429779,18
2023.0,5663.0,2061.0,28702,378.15584683418274,18
4027.0,3409.0,4064.0,28786,378.964674949646,18
2164.0,5585.0,2205.0,29052,381.2494637966156,18
1352.0,6626.0,1034.0,29060,381.3733937740326,18
2298.0,5201.0,2565.0,29158,382.1557137966156,18
3197.0,4177.0,3707.0,29488,386.32331681251526,18
3666.0,4482.0,2600.0,29956,389.50723099708557,18
2680.0,4645.0,3719.0,30226,391.4720039367676,18
2198.0,5146.0,2957.0,30348,393.6466989517212,18
5591.0,2492.0,4592.0,30542,395.76388478279114,18
5299.0,2548.0,4609.0,30605,396.3226058483124,18
4623.0,2931.0,4260.0,30642,396.87442898750305,18
5319.0,2505.0,4743.0,31011,401.5035409927368,18
2665.0,4770.0,3432.0,31182,403.92087292671204,18
5006.0,3226.0,3805.0,33560,425.51109194755554,18
4841.0,3123.0,3931.0,33566,425.5427689552307,18
3477.0,4497.0,2613.0,33596,425.74182295799255,18
1692.0,6535.0,736.0,34130,429.48653984069824,19
1623.0,6405.0,950.0,34138,429.56666684150696,19
6820.0,1045.0,6671.0,34186,429.96535086631775,19
2086.0,5605.0,2377.0,35178,439.0356788635254,19
1648.0,6209.0,1733.0,35180,439.0690908432007,19
2441.0,5010.0,3005.0,35267,439.70183992385864,19
6389.0,1213.0,6593.0,35539,442.3142189979553,19
3976.0,3381.0,4533.0,35679,444.30938386917114,19
2649.0,4722.0,3682.0,36242,447.73694586753845,19
2619.0,4728.0,3500.0,36244,447.75991678237915,19
3584.0,3621.0,4399.0,36470,450.9669899940491,19
4920.0,2670.0,4467.0,36560,451.7292869091034,19
4339.0,2969.0,4452.0,36648,452.62287282943726,19
886.0,6811.0,1626.0,36760,454.0448157787323,19
1446.0,6123.0,2133.0,36770,454.1573209762573,19
1866.0,5720.0,2380.0,36918,455.5993809700012,19
4680.0,2713.0,5674.0,37164,458.83157682418823,19
3960.0,3372.0,4845.0,38024,467.4586968421936,19
6495.0,1276.0,6511.0,38098,468.0274748802185,19
5622.0,1951.0,5817.0,38204,469.2894217967987,19
4761.0,2625.0,5185.0,38267,469.6433777809143,19
1008.0,6727.0,1489.0,38484,471.6434268951416,19
1039.0,6650.0,1526.0,38522,472.0146679878235,19
5411.0,2554.0,4601.0,39456,478.8175208568573,19
4221.0,3871.0,3211.0,39496,479.01927185058594,19
4097.0,3749.0,3333.0,39532,479.2107059955597,19
1490.0,6718.0,683.0,39992,482.17681193351746,20
1584.0,6572.0,810.0,39994,482.1902599334717,20
5606.0,1918.0,5820.0,41106,490.9544098377228,20
5634.0,1964.0,5767.0,41138,491.2898519039154,20
2240.0,5205.0,2831.0,42036,499.724821805954,20
1567.0,6132.0,1919.0,42544,504.7407817840576,20
6304.0,1926.0,5371.0,42724,506.5456829071045,20
4950.0,2421.0,5508.0,42828,508.02533078193665,20
3977.0,3359.0,5027.0,42830,508.0674469470978,20
2202.0,5290.0,2835.0,43432,513.8224358558655,20
2818.0,4537.0,3586.0,43432,513.8224568367004,20
2239.0,5280.0,2574.0,43528,514.706346988678,20
5939.0,1959.0,5331.0,43760,516.6093349456787,20
1171.0,6620.0,1533.0,44034,518.7156858444214,20
3518.0,4704.0,2480.0,44958,524.8244497776031,20
2405.0,6156.0,1193.0,45228,526.3216547966003,21
1445.0,6625.0,948.0,45302,526.9299719333649,21
6474.0,1190.0,6715.0,46488,535.6134178638458,21
1533.0,5981.0,2414.0,46990,540.1705558300018,21
2093.0,5293.0,2921.0,46994,540.20201587677,21
917.0,6734.0,1663.0,47452,544.7650649547577,21
2715.0,4860.0,3052.0,47584,545.7314999103546,21
2751.0,4647.0,3296.0,48444,554.039470911026,21
5864.0,1894.0,5528.0,48588,555.0221889019012,21
6410.0,1299.0,6389.0,48630,555.4616968631744,21
5584.0,1956.0,5796.0,50588,568.2712779045105,22
6296.0,1242.0,6812.0,50866,570.8055648803711,22
2028.0,5609.0,2643.0,51144,572.8965449333191,22
2077.0,5625.0,2396.0,51266,574.4993398189545,22
6037.0,2027.0,5255.0,52718,587.0193779468536,22
1473.0,6459.0,1497.0,53232,590.6141028404236,22
2059.0,5532.0,2680.0,54722,600.644289970398,23
4222.0,3093.0,4491.0,54980,602.8318629264832,23
6956.0,1380.0,6170.0,55382,606.1694657802582,23
6841.0,1131.0,6467.0,55385,606.203118801117,23
1188.0,6631.0,1242.0,56456,614.3817048072815,23
2074.0,5587.0,2567.0,58088,625.5394837856293,24
6182.0,1592.0,5637.0,58195,626.4631788730621,24
6056.0,1927.0,5367.0,58880,631.4997580051422,24
6655.0,1359.0,6218.0,58904,631.5845468044281,24
1129.0,6736.0,1275.0,59143,633.1204688549042,24
1194.0,6605.0,1314.0,59152,633.2213268280029,24
6928.0,1223.0,6323.0,60500,642.3169658184052,25
6251.0,1956.0,5351.0,63496,661.2306249141693,27
