z1,z2,z3,node,time,depth
-13491.0,-11110.0,-17376.0,1,0.048568010330200195,1
-12146.0,-12938.0,-17140.0,1,0.04857683181762695,1
-13012.0,-11578.0,-17410.0,1,0.048584938049316406,1
-14993.0,-11387.0,-16313.0,1,0.04859280586242676,1
-15427.0,-12653.0,-15608.0,1,0.04860186576843262,1
-15700.0,-12169.0,-15334.0,1,0.04860997200012207,1
-15302.0,-11542.0,-15980.0,1,0.04861783981323242,1
-16245.0,-14325.0,-13303.0,1,0.048625946044921875,1
-15803.0,-14031.0,-14446.0,1,0.04863381385803223,1
-16239.0,-12765.0,-14427.0,1,0.04864192008972168,1
-15398.0,-15889.0,-12436.0,1,0.04865097999572754,1
-15590.0,-15611.0,-12627.0,1,0.04865884780883789,1
-15600.0,-15342.0,-13550.0,1,0.048666954040527344,1
-12425.0,-16426.0,-14662.0,1,0.048674821853637695,1
-11524.0,-16206.0,-15178.0,1,0.04868292808532715,1
-11959.0,-16465.0,-14647.0,1,0.0486907958984375,1
-12725.0,-17014.0,-13084.0,1,0.04869985580444336,1
-13832.0,-16693.0,-13294.0,1,0.04870796203613281,1
-12898.0,-16983.0,-12985.0,1,0.048715829849243164,1
-14447.0,-16598.0,-12654.0,1,0.04872393608093262,1
-11757.0,-12912.0,-17270.0,1,0.04873180389404297,1
-11098.0,-15238.0,-16181.0,1,0.04874086380004883,1
-12779.0,-13716.0,-16557.0,1,0.04874897003173828,1
-11761.0,-13351.0,-17083.0,1,0.04875683784484863,1
-10924.0,-14699.0,-16490.0,1,0.048764944076538086,1
-11171.0,-14596.0,-16530.0,1,0.04877281188964844,1
-14743.0,-11015.0,-16594.0,1,0.04878091812133789,1
-15825.0,-13280.0,-14962.0,1,0.04878878593444824,1
-15579.0,-13688.0,-14887.0,1,0.048796892166137695,1
-16084.0,-14803.0,-12197.0,1,0.04880499839782715,1
-16193.0,-14568.0,-12438.0,1,0.048813819885253906,1
-16280.0,-13398.0,-14175.0,1,0.04882192611694336,1
-16204.0,-14148.0,-13772.0,1,0.04882979393005371,1
-16021.0,-14728.0,-13462.0,1,0.048837900161743164,1
-16359.0,-13672.0,-13182.0,1,0.04884600639343262,1
-16233.0,-14451.0,-13135.0,1,0.04885387420654297,1
-16392.0,-13243.0,-13362.0,1,0.04886293411254883,1
-15999.0,-14347.0,-14042.0,1,0.04887080192565918,1
-15040.0,-15999.0,-13604.0,1,0.04887890815734863,1
-11699.0,-16781.0,-14036.0,1,0.048887014389038086,1
-12860.0,-16685.0,-14131.0,1,0.04889488220214844,1
-12299.0,-16703.0,-14145.0,1,0.04890298843383789,1
-12940.0,-16822.0,-13784.0,1,0.04891085624694824,1
-13851.0,-16477.0,-13905.0,1,0.048918962478637695,1
-14143.0,-16337.0,-14010.0,1,0.04892683029174805,1
-13814.0,-16774.0,-12238.0,1,0.048935890197753906,1
-14196.0,-16669.0,-12557.0,1,0.04894399642944336,1
-11514.0,-13454.0,-17043.0,1,0.04895186424255371,1
-11510.0,-13015.0,-17230.0,1,0.048959970474243164,1
-11891.0,-16129.0,-15270.0,1,0.04896879196166992,1
-14395.0,-13662.0,-15777.0,1,0.048976898193359375,1
-13919.0,-14303.0,-15657.0,1,0.04898500442504883,1
-13803.0,-16099.0,-14512.0,1,0.04899287223815918,1
-11782.0,-14284.0,-16581.0,1,0.04900097846984863,1
-12800.0,-14649.0,-16055.0,1,0.049008846282958984,1
-12051.0,-15260.0,-15942.0,1,0.04901695251464844,1
-13512.0,-13066.0,-16564.0,1,0.04902482032775879,1
-13164.0,-13303.0,-16614.0,1,0.04903292655944824,1
-14855.0,-12059.0,-16301.0,1,0.049040794372558594,1
-13866.0,-11574.0,-17069.0,1,0.04904985427856445,1
-14431.0,-11779.0,-16662.0,1,0.049057960510253906,1
-14793.0,-14289.0,-15131.0,1,0.04906582832336426,1
-14403.0,-15216.0,-14738.0,1,0.04907393455505371,1
-15805.0,-15143.0,-13280.0,1,0.04909086227416992,1
-15848.0,-15217.0,-12533.0,1,0.049098968505859375,1
-15807.0,-15286.0,-12525.0,1,0.04910588264465332,1
-15256.0,-15584.0,-13786.0,1,0.049112796783447266,1
-15816.0,-14927.0,-13732.0,1,0.04912090301513672,1
-15753.0,-14755.0,-13967.0,1,0.049127817153930664,1
-15110.0,-15629.0,-13891.0,1,0.04913592338562012,1
-11345.0,-15135.0,-16221.0,1,0.04914283752441406,1
-11956.0,-15839.0,-15507.0,1,0.04914999008178711,1
-12238.0,-15691.0,-15572.0,1,0.04915785789489746,1
-13185.0,-14236.0,-16112.0,1,0.04916501045227051,1
-13825.0,-15348.0,-15028.0,1,0.04917287826538086,1
-12706.0,-15694.0,-15426.0,1,0.049179792404174805,1
-16349.0,-13563.0,-13770.0,1,0.04918694496154785,1
-16321.0,-12847.0,-14015.0,1,0.0491948127746582,1
-16371.0,-12818.0,-13659.0,1,0.04920196533203125,1
-14381.0,-15967.0,-14222.0,1,0.0492098331451416,1
-15557.0,-14439.0,-14371.0,1,0.04921698570251465,1
-14771.0,-15040.0,-14615.0,1,0.049224853515625,1
-14914.0,-15313.0,-14295.0,1,0.04923200607299805,1
-14756.0,-11844.0,-16365.0,2,0.11101078987121582,2
-15245.0,-15800.0,-13334.0,2,0.11103582382202148,2
-14309.0,-16568.0,-12875.0,2,0.11104393005371094,2
-12326.0,-16388.0,-14739.0,2,0.11105990409851074,2
-13639.0,-16174.0,-14339.0,2,0.11115694046020508,2
-16330.0,-13369.0,-13819.0,2,0.11116480827331543,2
-14230.0,-11223.0,-16889.0,2,0.11118197441101074,2
-14056.0,-11315.0,-16969.0,2,0.1111898422241211,2
-14017.0,-11731.0,-16852.0,2,0.11120486259460449,2
-15154.0,-12530.0,-15752.0,2,0.11121392250061035,2
-14582.0,-11936.0,-16445.0,2,0.1112217903137207,2
-15202.0,-11925.0,-15981.0,2,0.11122989654541016,2
-15328.0,-12438.0,-15672.0,2,0.11123800277709961,2
-15958.0,-14556.0,-13697.0,2,0.11127901077270508,2
-15461.0,-15385.0,-13516.0,2,0.11128687858581543,2
-13976.0,-16004.0,-14288.0,2,0.11129498481750488,2
-13612.0,-16489.0,-13745.0,2,0.11130285263061523,2
-14044.0,-16122.0,-14074.0,2,0.11131882667541504,2
-12518.0,-14797.0,-15990.0,2,0.11137700080871582,2
-14540.0,-13444.0,-15651.0,2,0.11139297485351562,2
-12942.0,-15796.0,-15063.0,2,0.11141800880432129,2
-13704.0,-15884.0,-14576.0,2,0.11142587661743164,2
-15600.0,-12552.0,-15335.0,2,0.1114499568939209,2
-14142.0,-12817.0,-16297.0,2,0.11147379875183105,2
-13067.0,-14145.0,-16123.0,2,0.11148190498352051,2
-13726.0,-15133.0,-15092.0,2,0.11149001121520996,2
-13156.0,-14827.0,-15623.0,2,0.11149787902832031,2
-11844.0,-15261.0,-15969.0,2,0.11150598526000977,2
-13046.0,-13212.0,-16625.0,2,0.11151385307312012,2
-13637.0,-14451.0,-15592.0,2,0.11152291297912598,2
-14265.0,-13812.0,-15601.0,2,0.11153078079223633,2
-14837.0,-14347.0,-14875.0,2,0.11153888702392578,2
-15552.0,-13157.0,-15106.0,2,0.11154699325561523,2
-14663.0,-14439.0,-14955.0,2,0.11156296730041504,2
-14941.0,-15784.0,-13668.0,2,0.11157083511352539,2
-15157.0,-15369.0,-13850.0,2,0.11157894134521484,2
-15900.0,-14132.0,-14106.0,2,0.1115868091583252,2
-12607.0,-15479.0,-15490.0,2,0.11161088943481445,2
-13577.0,-12612.0,-16704.0,2,0.1116189956665039,2
-12789.0,-12839.0,-16921.0,2,0.11163592338562012,2
-14641.0,-15190.0,-14439.0,2,0.11164379119873047,2
-15726.0,-13065.0,-15026.0,2,0.11165189743041992,2
-15704.0,-13816.0,-14510.0,2,0.11166000366210938,2
-15480.0,-13473.0,-14951.0,2,0.11166787147521973,2
-14815.0,-15098.0,-14359.0,2,0.11167597770690918,2
-15011.0,-15414.0,-13955.0,2,0.11168384552001953,2
-15654.0,-14540.0,-14031.0,2,0.11169195175170898,2
-15458.0,-14224.0,-14435.0,2,0.11169981956481934,2
-11925.0,-15716.0,-15613.0,2,0.111724853515625,2
-13058.0,-12111.0,-17132.0,3,0.15184688568115234,2
-11804.0,-15363.0,-15902.0,3,0.15185284614562988,2
-14914.0,-16114.0,-13273.0,3,0.15186500549316406,2
-12165.0,-16325.0,-14817.0,3,0.1518700122833252,2
-11991.0,-15794.0,-15532.0,3,0.15187597274780273,2
-12736.0,-12864.0,-16926.0,3,0.1518869400024414,2
-12089.0,-14406.0,-16393.0,3,0.15189290046691895,2
-16255.0,-14148.0,-13466.0,3,0.15192079544067383,2
-12775.0,-13277.0,-16744.0,3,0.15193796157836914,2
-11842.0,-14509.0,-16353.0,3,0.15194392204284668,2
-13125.0,-12890.0,-16796.0,3,0.15198898315429688,2
-12085.0,-13967.0,-16580.0,3,0.15202879905700684,2
-11838.0,-14070.0,-16540.0,3,0.15203499794006348,2
-16070.0,-13384.0,-14470.0,3,0.1520400047302246,2
-15988.0,-13115.0,-14643.0,3,0.15204596519470215,2
-15999.0,-14733.0,-13228.0,3,0.15210795402526855,2
-13275.0,-16165.0,-14516.0,4,0.21064496040344238,3
-14170.0,-12934.0,-16150.0,4,0.21071195602416992,3
-15631.0,-15542.0,-12635.0,4,0.2107698917388916,3
-14184.0,-14684.0,-15062.0,4,0.21080279350280762,3
-13615.0,-15202.0,-15076.0,4,0.2108609676361084,3
-16288.0,-14005.0,-12895.0,4,0.21090984344482422,3
-16309.0,-13701.0,-13538.0,4,0.21091794967651367,3
-12911.0,-15673.0,-15169.0,4,0.2109518051147461,3
-15160.0,-15846.0,-13011.0,4,0.21095991134643555,3
-15376.0,-15431.0,-13193.0,4,0.2109689712524414,3
-13584.0,-15567.0,-14836.0,4,0.21097683906555176,3
-13918.0,-15743.0,-14463.0,4,0.2109849452972412,3
-14162.0,-15435.0,-14546.0,4,0.21099281311035156,3
-14164.0,-16358.0,-13379.0,4,0.21100997924804688,3
-14488.0,-16529.0,-12662.0,4,0.21101784706115723,3
-14350.0,-16499.0,-12883.0,4,0.21102595329284668,3
-15439.0,-15820.0,-12444.0,4,0.21103382110595703,3
-14825.0,-16191.0,-12904.0,4,0.21105098724365234,3
-12809.0,-16461.0,-14279.0,4,0.21106696128845215,3
-13928.0,-16529.0,-13310.0,4,0.2110919952392578,3
-16097.0,-13978.0,-13865.0,4,0.21111679077148438,3
-16034.0,-13806.0,-14100.0,4,0.21113300323486328,3
-13394.0,-12975.0,-16575.0,4,0.2111659049987793,3
-13137.0,-12602.0,-16871.0,4,0.2111828327178955,3
-14040.0,-12476.0,-16460.0,4,0.2111988067626953,3
-12487.0,-15162.0,-15750.0,4,0.21123194694519043,3
-15802.0,-13474.0,-14589.0,4,0.21124792098999023,3
-14687.0,-13967.0,-15187.0,4,0.21126484870910645,3
-15556.0,-13882.0,-14514.0,4,0.21128082275390625,3
-11780.0,-15001.0,-16058.0,5,0.25428295135498047,3
-12605.0,-12780.0,-16952.0,5,0.254288911819458,3
-13538.0,-12199.0,-16886.0,5,0.25429487228393555,3
-15612.0,-11930.0,-15417.0,5,0.2543179988861084,3
-16010.0,-12557.0,-14771.0,5,0.254364013671875,3
-16051.0,-13190.0,-14519.0,5,0.25436997413635254,3
-12896.0,-15962.0,-14879.0,5,0.2543978691101074,3
-12542.0,-15769.0,-15253.0,5,0.25440382957458496,3
-13305.0,-16299.0,-14237.0,5,0.25441479682922363,3
-12938.0,-16376.0,-14145.0,5,0.2544209957122803,3
-16289.0,-12736.0,-14071.0,5,0.25444889068603516,3
-16043.0,-14872.0,-12189.0,5,0.2544829845428467,3
-16152.0,-14637.0,-12430.0,5,0.25449490547180176,3
-12027.0,-14898.0,-16098.0,5,0.25456881523132324,3
-13666.0,-13458.0,-16177.0,5,0.25461888313293457,3
-13494.0,-13231.0,-16398.0,5,0.2546529769897461,3
-12670.0,-14799.0,-15879.0,5,0.2546579837799072,3
-13055.0,-14386.0,-15936.0,5,0.25466394424438477,3
-14686.0,-16147.0,-13352.0,6,0.2908477783203125,3
-14812.0,-16032.0,-13683.0,6,0.29085278511047363,3
-12505.0,-16563.0,-14315.0,6,0.2908589839935303,3
-13694.0,-16663.0,-13515.0,6,0.29086995124816895,3
-12573.0,-16532.0,-14382.0,6,0.2908759117126465,3
-13910.0,-16072.0,-14338.0,6,0.2909219264984131,3
-16023.0,-14596.0,-13219.0,6,0.29093289375305176,3
-16038.0,-14054.0,-14025.0,6,0.2909557819366455,3
-15603.0,-13551.0,-14878.0,6,0.2909669876098633,3
-13579.0,-16587.0,-13740.0,6,0.2909729480743408,3
-13431.0,-16481.0,-14020.0,6,0.29097890853881836,3
-14674.0,-16002.0,-13904.0,6,0.2909848690032959,3
-14939.0,-14244.0,-15026.0,6,0.29098987579345703,3
-15439.0,-14546.0,-14378.0,6,0.29099583625793457,3
-13408.0,-16712.0,-12995.0,6,0.29103589057922363,3
-16050.0,-13200.0,-14502.0,6,0.2910637855529785,3
-15642.0,-13860.0,-14652.0,6,0.29106998443603516,3
-15976.0,-13969.0,-14166.0,6,0.29108095169067383,3
-14197.0,-15703.0,-14498.0,6,0.29108691215515137,3
-14917.0,-14995.0,-14510.0,6,0.2910919189453125,3
-15060.0,-15268.0,-14190.0,6,0.29109787940979004,3
-13653.0,-15121.0,-15249.0,6,0.291126012802124,3
-12600.0,-16584.0,-14286.0,7,0.32650184631347656,3
-12708.0,-15685.0,-15289.0,7,0.3265078067779541,3
-14829.0,-12406.0,-16016.0,7,0.32651400566101074,3
-12673.0,-15950.0,-15041.0,7,0.3265419006347656,3
-13210.0,-13297.0,-16456.0,7,0.32654786109924316,3
-13955.0,-12420.0,-16542.0,7,0.3265538215637207,3
-14029.0,-16582.0,-12938.0,7,0.326570987701416,3
-13113.0,-16791.0,-13685.0,7,0.32657694816589355,3
-12559.0,-14400.0,-16110.0,7,0.3265879154205322,3
-12911.0,-14602.0,-15873.0,7,0.32659387588500977,3
-13601.0,-13912.0,-16037.0,7,0.3265998363494873,3
-15253.0,-12686.0,-15655.0,7,0.32660484313964844,3
-13060.0,-15887.0,-15052.0,7,0.32662200927734375,3
-12718.0,-13988.0,-16269.0,7,0.326678991317749,3
-12777.0,-14067.0,-16218.0,7,0.32668495178222656,3
-13249.0,-13710.0,-16274.0,7,0.3266909122467041,3
-15424.0,-15380.0,-13762.0,7,0.3268139362335205,3
-15339.0,-15682.0,-12530.0,8,0.3833479881286621,4
-13520.0,-15664.0,-14773.0,8,0.3833639621734619,4
-15711.0,-11634.0,-15304.0,8,0.3834397792816162,4
-14778.0,-11645.0,-16342.0,8,0.38344788551330566,4
-15941.0,-11706.0,-14835.0,8,0.3834559917449951,4
-15147.0,-15960.0,-12339.0,8,0.3835139274597168,4
-14699.0,-16306.0,-12573.0,8,0.38352298736572266,4
-14868.0,-16170.0,-12592.0,8,0.383530855178833,4
-12661.0,-16355.0,-14559.0,8,0.3835728168487549,4
-12897.0,-16184.0,-14628.0,8,0.38358092308044434,4
-15313.0,-11007.0,-15950.0,8,0.38363099098205566,4
-15176.0,-12272.0,-15696.0,8,0.3836557865142822,4
-12983.0,-16305.0,-14411.0,8,0.38370585441589355,4
-11769.0,-15408.0,-15877.0,8,0.38372182846069336,4
-13605.0,-12729.0,-16557.0,8,0.38376379013061523,4
-13127.0,-12508.0,-16917.0,8,0.38378000259399414,4
-14058.0,-16639.0,-12778.0,8,0.38382983207702637,4
-14568.0,-13561.0,-15504.0,8,0.3838388919830322,4
-15966.0,-12738.0,-14652.0,8,0.38400983810424805,4
-12494.0,-12701.0,-17090.0,9,0.4264969825744629,4
-14078.0,-11836.0,-16640.0,9,0.4265139102935791,4
-13834.0,-12094.0,-16723.0,9,0.42651987075805664,4
-13483.0,-13821.0,-16048.0,9,0.4266059398651123,4
-12239.0,-15892.0,-15220.0,9,0.4266228675842285,4
-14247.0,-15430.0,-14474.0,9,0.42668581008911133,4
-13311.0,-13594.0,-16269.0,9,0.4267089366912842,4
-14194.0,-16492.0,-13100.0,10,0.4640929698944092,4
-13700.0,-15409.0,-14872.0,10,0.46410393714904785,4
-14575.0,-15787.0,-13968.0,10,0.46413278579711914,4
-14098.0,-15488.0,-14562.0,10,0.4641439914703369,4
-15504.0,-13336.0,-14942.0,10,0.46414995193481445,4
-15889.0,-12900.0,-14707.0,10,0.46418285369873047,4
-15653.0,-12563.0,-15165.0,10,0.464188814163208,4
-14953.0,-16124.0,-12915.0,10,0.4642457962036133,4
-14879.0,-15803.0,-13634.0,10,0.46426892280578613,4
-14787.0,-15145.0,-14334.0,10,0.46430182456970215,4
-14961.0,-15053.0,-14254.0,10,0.4643077850341797,4
-14983.0,-14302.0,-14770.0,10,0.46434688568115234,4
-12605.0,-14821.0,-15761.0,11,0.49547386169433594,4
-13627.0,-13045.0,-16359.0,11,0.4954979419708252,4
-14172.0,-16321.0,-13390.0,11,0.4955708980560303,4
-14106.0,-12577.0,-16325.0,11,0.4955878257751465,4
-13502.0,-13697.0,-16101.0,11,0.49560093879699707,4
-13789.0,-14453.0,-15481.0,11,0.4956059455871582,4
-14980.0,-12563.0,-15799.0,11,0.49565982818603516,4
-12961.0,-15672.0,-15116.0,11,0.4956839084625244,4
-13125.0,-15433.0,-15192.0,11,0.4956948757171631,4
-15315.0,-15430.0,-13621.0,11,0.49571681022644043,4
-15629.0,-15181.0,-13492.0,11,0.49572300910949707,4
-12313.0,-16431.0,-14537.0,12,0.5348467826843262,4
-12139.0,-15900.0,-15252.0,12,0.5348758697509766,4
-12386.0,-15797.0,-15292.0,12,0.5348927974700928,4
-12563.0,-15183.0,-15745.0,12,0.5348989963531494,4
-12489.0,-12967.0,-16886.0,12,0.5349278450012207,4
-12493.0,-13406.0,-16699.0,12,0.5349328517913818,4
-12532.0,-13819.0,-16517.0,12,0.5349388122558594,4
-12740.0,-13303.0,-16739.0,12,0.534945011138916,4
-14196.0,-16208.0,-13837.0,12,0.5349619388580322,4
-12325.0,-15262.0,-15731.0,12,0.5350019931793213,4
-12553.0,-14752.0,-16015.0,12,0.5350079536437988,4
-14735.0,-15582.0,-14183.0,12,0.5350358486175537,4
-14548.0,-16117.0,-13573.0,12,0.5350418090820312,4
-15196.0,-15413.0,-13841.0,12,0.5350539684295654,4
-15448.0,-15243.0,-13753.0,12,0.5350589752197266,4
-15130.0,-15699.0,-13455.0,12,0.5350649356842041,4
-13284.0,-15562.0,-15136.0,12,0.5350818634033203,4
-13017.0,-16184.0,-14578.0,12,0.5350868701934814,4
-14058.0,-16178.0,-14058.0,12,0.5350937843322754,4
-13684.0,-16587.0,-13574.0,13,0.5671358108520508,4
-14181.0,-12565.0,-16219.0,13,0.5671579837799072,4
-13546.0,-16557.0,-13795.0,13,0.5672039985656738,4
-15082.0,-14517.0,-14706.0,13,0.5672709941864014,4
-14538.0,-13935.0,-15457.0,13,0.5672879219055176,4
-12474.0,-13993.0,-16450.0,13,0.5673048496246338,4
-13625.0,-13967.0,-15914.0,13,0.5673108100891113,4
-12822.0,-13756.0,-16400.0,13,0.5673158168792725,4
-13328.0,-14509.0,-15792.0,13,0.56732177734375,4
-16115.0,-12924.0,-14232.0,14,0.6026499271392822,4
-13304.0,-16337.0,-14327.0,14,0.6027188301086426,4
-13451.0,-15897.0,-14749.0,14,0.6027238368988037,4
-14748.0,-16139.0,-13499.0,14,0.6027359962463379,4
-15308.0,-15482.0,-13445.0,14,0.6027529239654541,4
-14969.0,-13819.0,-15252.0,14,0.6027579307556152,4
-15989.0,-13703.0,-14185.0,14,0.6027638912200928,4
-15401.0,-13000.0,-15323.0,14,0.6027688980102539,4
-15836.0,-12745.0,-14932.0,14,0.6027748584747314,4
-13638.0,-15755.0,-14762.0,14,0.602780818939209,4
-13897.0,-15054.0,-15141.0,14,0.6027867794036865,4
-14710.0,-15342.0,-14427.0,14,0.6027917861938477,4
-13378.0,-14572.0,-15718.0,14,0.602808952331543,4
-15381.0,-14992.0,-13993.0,14,0.6028389930725098,4
-15744.0,-14149.0,-14198.0,14,0.6028499603271484,4
-15143.0,-14886.0,-14332.0,14,0.602855920791626,4
-13469.0,-16224.0,-14410.0,15,0.6302878856658936,4
-13562.0,-13499.0,-16219.0,15,0.630328893661499,4
-14466.0,-15962.0,-14150.0,15,0.6303849220275879,4
-14936.0,-14562.0,-14811.0,15,0.630389928817749,4
-14651.0,-13428.0,-15632.0,15,0.6304128170013428,4
-13465.0,-14224.0,-15813.0,16,0.681149959564209,5
-12731.0,-16336.0,-14474.0,16,0.6812009811401367,5
-12391.0,-16098.0,-14976.0,16,0.6812169551849365,5
-13548.0,-13605.0,-16119.0,16,0.6815569400787354,5
-14194.0,-13106.0,-16004.0,16,0.6815648078918457,5
-12425.0,-14185.0,-16362.0,16,0.6816139221191406,5
-12404.0,-13252.0,-16864.0,16,0.6816627979278564,5
-13148.0,-13441.0,-16415.0,16,0.6816799640655518,5
-13001.0,-11756.0,-17213.0,17,0.7239108085632324,5
-14878.0,-11262.0,-16341.0,17,0.7239229679107666,5
-11492.0,-15059.0,-16206.0,17,0.7239298820495605,5
-12167.0,-13871.0,-16638.0,17,0.7239348888397217,5
-12370.0,-16768.0,-13874.0,17,0.7239530086517334,5
-13577.0,-11783.0,-17003.0,17,0.7239639759063721,5
-13032.0,-16908.0,-12882.0,17,0.7239749431610107,5
-12645.0,-16877.0,-13431.0,17,0.7239809036254883,5
-15276.0,-11889.0,-15695.0,17,0.7240269184112549,5
-12135.0,-14960.0,-15987.0,17,0.724031925201416,5
-11860.0,-16006.0,-15376.0,17,0.7240378856658936,5
-12790.0,-14917.0,-15702.0,17,0.7240438461303711,5
-12453.0,-15087.0,-15753.0,17,0.7240488529205322,5
-12142.0,-16633.0,-14246.0,17,0.7240719795227051,5
-13489.0,-15541.0,-14879.0,17,0.724139928817749,5
-15036.0,-16028.0,-12224.0,18,0.7671928405761719,5
-15328.0,-15704.0,-12643.0,18,0.7671988010406494,5
-15765.0,-15260.0,-12583.0,18,0.7672789096832275,5
-15863.0,-12004.0,-15015.0,18,0.7673308849334717,5
-14211.0,-16275.0,-13305.0,18,0.7674558162689209,5
-15841.0,-12138.0,-15073.0,19,0.7977910041809082,5
-15882.0,-12771.0,-14821.0,19,0.7977969646453857,5
-15532.0,-11983.0,-15406.0,19,0.7978248596191406,5
-15404.0,-12847.0,-15235.0,19,0.7978417873382568,5
-15097.0,-15198.0,-13905.0,20,0.8422629833221436,5
-15653.0,-15044.0,-13483.0,20,0.8422749042510986,5
-14686.0,-13399.0,-15546.0,20,0.8422918319702148,5
-12522.0,-13399.0,-16646.0,20,0.8423428535461426,5
-14404.0,-14233.0,-15136.0,20,0.8423769474029541,5
-13860.0,-13651.0,-15887.0,20,0.8423829078674316,5
-14439.0,-13720.0,-15521.0,21,0.8758909702301025,5
-14105.0,-12947.0,-16019.0,21,0.8759019374847412,5
-15276.0,-15860.0,-12756.0,21,0.8759188652038574,5
-12412.0,-14485.0,-16155.0,21,0.8759698867797852,5
-15724.0,-15329.0,-12575.0,22,0.905073881149292,5
-15333.0,-15480.0,-13099.0,22,0.9051308631896973,5
-13274.0,-14207.0,-15817.0,22,0.9052059650421143,5
-15325.0,-15165.0,-13826.0,22,0.9052848815917969,5
-15194.0,-14376.0,-14547.0,22,0.9052908420562744,5
-12812.0,-14387.0,-15937.0,23,0.9371418952941895,5
-15493.0,-15535.0,-12654.0,23,0.9371669292449951,5
-13410.0,-14518.0,-15690.0,24,0.9776690006256104,5
-13429.0,-13685.0,-16258.0,24,0.9776749610900879,5
-12217.0,-14509.0,-16114.0,24,0.9777178764343262,5
-12304.0,-14329.0,-16233.0,24,0.977741003036499,5
-14617.0,-13862.0,-15407.0,24,0.9778130054473877,5
-14357.0,-13945.0,-15513.0,24,0.9778189659118652,5
-13692.0,-13684.0,-16100.0,24,0.9778239727020264,5
-13528.0,-15011.0,-15282.0,24,0.9778649806976318,5
-12542.0,-14250.0,-16247.0,24,0.9778769016265869,5
-12455.0,-14430.0,-16128.0,24,0.9779248237609863,5
-15257.0,-15133.0,-14051.0,24,0.9779298305511475,5
-15161.0,-14444.0,-14656.0,24,0.977935791015625,5
-14979.0,-15031.0,-14329.0,24,0.9779469966888428,5
-13496.0,-12684.0,-16682.0,25,1.0157299041748047,5
-14612.0,-12437.0,-16066.0,25,1.0157358646392822,5
-12688.0,-13221.0,-16745.0,25,1.0157527923583984,5
-13830.0,-13457.0,-16184.0,25,1.0157818794250488,5
-15527.0,-14947.0,-13888.0,25,1.0158507823944092,5
-15086.0,-14206.0,-14904.0,25,1.0158729553222656,5
-14462.0,-12572.0,-16178.0,25,1.0158789157867432,5
-15064.0,-14957.0,-14388.0,25,1.0158839225769043,5
-15386.0,-13135.0,-15112.0,25,1.0159239768981934,5
-14632.0,-12719.0,-15982.0,25,1.0159399509429932,5
-14516.0,-14686.0,-14941.0,26,1.0493137836456299,5
-12436.0,-14847.0,-15999.0,26,1.0493309497833252,5
-11755.0,-14689.0,-16234.0,26,1.04935884475708,5
-12002.0,-14586.0,-16274.0,26,1.0494098663330078,5
-12480.0,-14229.0,-16278.0,26,1.049414873123169,5
-12865.0,-13816.0,-16335.0,26,1.0494208335876465,5
-12781.0,-15550.0,-15280.0,27,1.0736889839172363,5
-13932.0,-15321.0,-14854.0,27,1.07371187210083,5
-13205.0,-15242.0,-15348.0,27,1.0737168788909912,5
-13388.0,-14739.0,-15605.0,27,1.0737509727478027,5
-14418.0,-15114.0,-14583.0,27,1.0737559795379639,5
-14179.0,-14963.0,-14989.0,27,1.0737619400024414,5
-14280.0,-15084.0,-14804.0,27,1.07377290725708,5
-13013.0,-16188.0,-14539.0,28,1.1199169158935547,5
-12629.0,-15183.0,-15605.0,28,1.1199569702148438,5
-13660.0,-15588.0,-14831.0,28,1.1199679374694824,5
-14814.0,-15511.0,-14127.0,28,1.1199958324432373,5
-12926.0,-15352.0,-15397.0,28,1.1200199127197266,5
-14300.0,-16198.0,-13674.0,28,1.1200528144836426,5
-14200.0,-15595.0,-14528.0,28,1.1200759410858154,5
-14618.0,-15195.0,-14531.0,28,1.1200809478759766,5
-14947.0,-14570.0,-14736.0,28,1.1200928688049316,5
-14560.0,-14917.0,-14779.0,28,1.120114803314209,5
-14814.0,-14398.0,-14958.0,28,1.1201210021972656,5
-13473.0,-15146.0,-15265.0,29,1.1427748203277588,5
-14253.0,-16114.0,-14104.0,30,1.1609249114990234,5
-16039.0,-14563.0,-13284.0,30,1.1609477996826172,5
-14426.0,-16083.0,-14005.0,30,1.1609539985656738,5
-14903.0,-15518.0,-14090.0,30,1.1609599590301514,5
-15637.0,-14597.0,-13978.0,30,1.1609828472137451,5
-15986.0,-14406.0,-13565.0,30,1.1609878540039062,5
-15916.0,-14776.0,-13278.0,30,1.1609938144683838,5
-15707.0,-14227.0,-14265.0,30,1.1610229015350342,5
-15232.0,-14893.0,-14295.0,30,1.1610398292541504,5
-15293.0,-14591.0,-14483.0,30,1.1610448360443115,5
-16127.0,-13483.0,-14213.0,31,1.2235298156738281,5
-14976.0,-14076.0,-14943.0,31,1.2235407829284668,5
-15792.0,-13282.0,-14748.0,31,1.2235469818115234,5
-15015.0,-14489.0,-14761.0,31,1.2235689163208008,5
-14468.0,-14510.0,-14958.0,31,1.2235798835754395,5
-14507.0,-14923.0,-14776.0,31,1.2235908508300781,5
-12497.0,-13864.0,-16492.0,32,1.274791955947876,6
-13343.0,-14115.0,-15849.0,32,1.2748169898986816,6
-11672.0,-16312.0,-14898.0,33,1.3180608749389648,6
-12444.0,-16183.0,-14725.0,33,1.3180768489837646,6
-12012.0,-16550.0,-14396.0,33,1.3181169033050537,6
-11538.0,-16584.0,-14312.0,33,1.3181228637695312,6
-11463.0,-14829.0,-16274.0,33,1.318161964416504,6
-11535.0,-14387.0,-16541.0,33,1.3181679248809814,6
-12642.0,-12688.0,-17023.0,33,1.3181788921356201,6
-13121.0,-12220.0,-16989.0,33,1.3182008266448975,6
-14045.0,-11848.0,-16705.0,33,1.318206787109375,6
-12104.0,-15945.0,-15227.0,33,1.3183579444885254,6
-12073.0,-15822.0,-15333.0,33,1.318363904953003,6
-11701.0,-14750.0,-16288.0,33,1.318368911743164,6
-14861.0,-13478.0,-15277.0,34,1.3570318222045898,6
-13998.0,-13949.0,-15568.0,35,1.3852229118347168,6
-13887.0,-15322.0,-14788.0,35,1.3852839469909668,6
-12411.0,-13320.0,-16784.0,36,1.4269049167633057,6
-13210.0,-14418.0,-15803.0,37,1.4599149227142334,6
-13517.0,-13970.0,-15879.0,37,1.459920883178711,6
-15534.0,-15466.0,-12662.0,39,1.510787010192871,6
-15317.0,-15791.0,-12764.0,39,1.5107917785644531,6
-14103.0,-12404.0,-16479.0,40,1.5514400005340576,6
-13455.0,-12818.0,-16580.0,40,1.5514838695526123,6
-14038.0,-13813.0,-15647.0,40,1.551623821258545,6
-14679.0,-12781.0,-15856.0,41,1.5850129127502441,6
-13413.0,-12851.0,-16628.0,41,1.5850470066070557,6
-13248.0,-12681.0,-16733.0,41,1.5851078033447266,6
-14518.0,-13647.0,-15471.0,41,1.5851469039916992,6
-15349.0,-15028.0,-13817.0,41,1.5851688385009766,6
-14814.0,-13028.0,-15603.0,41,1.5852248668670654,6
-12879.0,-15599.0,-15202.0,42,1.6229569911956787,6
-14770.0,-16223.0,-12794.0,42,1.6229748725891113,6
-14058.0,-15499.0,-14537.0,42,1.6231069564819336,6
-14713.0,-15817.0,-13747.0,42,1.6231799125671387,6
-12684.0,-14947.0,-15692.0,43,1.6524009704589844,6
-14995.0,-16097.0,-12216.0,43,1.6524357795715332,6
-13502.0,-13089.0,-16362.0,44,1.6772739887237549,6
-15800.0,-14358.0,-13819.0,44,1.6773438453674316,6
-15212.0,-13655.0,-14957.0,44,1.6773619651794434,6
-14855.0,-14576.0,-14637.0,45,1.7039449214935303,6
-13463.0,-13284.0,-16283.0,45,1.7040297985076904,6
-13233.0,-15792.0,-14828.0,46,1.7271208763122559,6
-13998.0,-15253.0,-14804.0,46,1.727226972579956,6
-13017.0,-13537.0,-16362.0,48,1.7846119403839111,6
-13402.0,-13124.0,-16419.0,48,1.7846758365631104,6
-13531.0,-12255.0,-16747.0,48,1.784681797027588,6
-13058.0,-14316.0,-15927.0,48,1.7847387790679932,6
-14440.0,-13326.0,-15819.0,48,1.7848138809204102,6
-14092.0,-13563.0,-15869.0,48,1.7848188877105713,6
-13568.0,-13570.0,-16127.0,48,1.7848248481750488,6
-13750.0,-12887.0,-16369.0,48,1.7848308086395264,6
-13865.0,-13028.0,-16249.0,48,1.784837007522583,6
-14438.0,-12168.0,-16376.0,48,1.7848420143127441,6
-15003.0,-12373.0,-15969.0,48,1.7848479747772217,6
-14719.0,-15114.0,-14435.0,48,1.784864902496338,6
-15575.0,-14080.0,-14438.0,49,1.8233299255371094,6
-15394.0,-12655.0,-15394.0,49,1.8233578205108643,6
-15308.0,-14406.0,-14534.0,49,1.8234457969665527,6
-13747.0,-14076.0,-15878.0,50,1.8528869152069092,6
-14291.0,-14658.0,-15127.0,50,1.852942943572998,6
-14109.0,-15245.0,-14800.0,50,1.8529489040374756,6
-14586.0,-15544.0,-14206.0,50,1.8529598712921143,6
-14977.0,-13586.0,-15184.0,50,1.8529717922210693,6
-14433.0,-16041.0,-13798.0,50,1.8530058860778809,6
-14830.0,-13624.0,-15306.0,50,1.853022813796997,6
-14374.0,-14039.0,-15433.0,50,1.8530290126800537,6
-14945.0,-15365.0,-14006.0,50,1.85304594039917,6
-12859.0,-13863.0,-16255.0,51,1.8812849521636963,6
-13008.0,-15148.0,-15434.0,51,1.8813018798828125,6
-13469.0,-14344.0,-15781.0,51,1.8813250064849854,6
-13253.0,-13426.0,-16338.0,51,1.8813300132751465,6
-14061.0,-12889.0,-16275.0,51,1.881335973739624,6
-13729.0,-15527.0,-14825.0,51,1.8813469409942627,6
-14373.0,-14413.0,-15261.0,51,1.8813519477844238,6
-14356.0,-13249.0,-15959.0,51,1.881401777267456,6
-13046.0,-15932.0,-14924.0,52,1.9141159057617188,6
-12578.0,-15929.0,-15070.0,52,1.9141218662261963,6
-12739.0,-14375.0,-16094.0,52,1.9141278266906738,6
-14405.0,-15363.0,-14564.0,52,1.9141509532928467,6
-12331.0,-16032.0,-15030.0,52,1.914184808731079,6
-12495.0,-14102.0,-16277.0,52,1.9141910076141357,6
-12086.0,-16015.0,-15075.0,52,1.9142639636993408,6
-14048.0,-16102.0,-14117.0,53,1.9348969459533691,6
-12869.0,-16078.0,-14858.0,53,1.9349370002746582,6
-13344.0,-16349.0,-14076.0,53,1.9349589347839355,6
-14258.0,-15835.0,-14288.0,53,1.9349818229675293,6
-14157.0,-15714.0,-14473.0,53,1.9349868297576904,6
-13993.0,-14588.0,-15293.0,54,1.9578948020935059,6
-13736.0,-14502.0,-15555.0,55,1.9741179943084717,6
-13710.0,-14374.0,-15574.0,56,2.001804828643799,6
-13148.0,-15665.0,-15028.0,56,2.0018107891082764,6
-14527.0,-13014.0,-15849.0,56,2.001821994781494,6
-13257.0,-16501.0,-13958.0,56,2.0018508434295654,6
-13811.0,-15528.0,-14666.0,56,2.0018739700317383,6
-14044.0,-16386.0,-13458.0,56,2.0018908977508545,6
-14928.0,-12873.0,-15628.0,56,2.001896858215332,6
-13170.0,-14914.0,-15544.0,56,2.001924991607666,6
-13270.0,-13819.0,-16101.0,56,2.001936912536621,6
-15422.0,-13109.0,-15150.0,56,2.0019569396972656,6
-15045.0,-13841.0,-14965.0,56,2.0019679069519043,6
-13585.0,-13530.0,-16155.0,57,2.0313057899475098,6
-12917.0,-15376.0,-15371.0,57,2.0313220024108887,6
-15010.0,-13064.0,-15420.0,57,2.031383991241455,6
-15030.0,-13346.0,-15336.0,57,2.0313899517059326,6
-14732.0,-14591.0,-14943.0,58,2.0534279346466064,6
-13517.0,-16185.0,-14373.0,58,2.0534608364105225,6
-14737.0,-15325.0,-14252.0,58,2.0535337924957275,6
-13335.0,-16400.0,-14118.0,59,2.0724008083343506,6
-15379.0,-13751.0,-14807.0,59,2.0724070072174072,6
-14155.0,-14721.0,-15013.0,59,2.072474956512451,6
-14732.0,-14627.0,-14797.0,59,2.0725088119506836,6
-13400.0,-16125.0,-14550.0,60,2.0917348861694336,6
-15588.0,-12887.0,-15120.0,60,2.0917627811431885,6
-16104.0,-13459.0,-14262.0,60,2.091768980026245,6
-14141.0,-15350.0,-14693.0,60,2.091779947280884,6
-15705.0,-13855.0,-14457.0,60,2.0918078422546387,6
-15103.0,-14597.0,-14434.0,60,2.0918188095092773,6
-15137.0,-13210.0,-15328.0,61,2.112759828567505,6
-14490.0,-13759.0,-15474.0,61,2.1127657890319824,6
-15760.0,-14384.0,-13984.0,61,2.1127829551696777,6
-14529.0,-14172.0,-15292.0,61,2.112804889678955,6
-15228.0,-15064.0,-14166.0,62,2.1325697898864746,6
-15429.0,-14125.0,-14543.0,62,2.1326029300689697,6
-14954.0,-14791.0,-14573.0,63,2.144087791442871,6
-11680.0,-13817.0,-16790.0,64,2.195387840270996,7
-11442.0,-13896.0,-16776.0,64,2.195394992828369,7
-11355.0,-14076.0,-16657.0,64,2.1954028606414795,7
-11593.0,-13997.0,-16671.0,64,2.195685863494873,7
-12035.0,-13439.0,-16785.0,65,2.236710786819458,7
-11807.0,-14554.0,-16328.0,65,2.236721992492676,7
-11988.0,-15036.0,-16002.0,65,2.2367959022521973,7
-14631.0,-12162.0,-16125.0,66,2.277911901473999,7
-14744.0,-13091.0,-15625.0,66,2.278021812438965,7
-14205.0,-14793.0,-14889.0,66,2.2780280113220215,7
-13005.0,-14628.0,-15798.0,66,2.2780568599700928,7
-13018.0,-16605.0,-13754.0,66,2.2781097888946533,7
-12395.0,-13546.0,-16641.0,67,2.313001871109009,7
-12362.0,-14865.0,-15973.0,67,2.31300687789917,7
-12478.0,-12927.0,-16947.0,67,2.313196897506714,7
-12984.0,-13680.0,-16339.0,67,2.313201904296875,7
-12228.0,-15959.0,-15219.0,68,2.352386951446533,7
-12039.0,-16235.0,-14990.0,69,2.3801279067993164,7
-12475.0,-16586.0,-14177.0,69,2.3801448345184326,7
-12631.0,-12866.0,-16826.0,69,2.380168914794922,7
-12095.0,-14313.0,-16371.0,69,2.3801968097686768,7
-12810.0,-13772.0,-16419.0,69,2.3802359104156494,7
-12008.0,-16112.0,-15096.0,69,2.380241870880127,7
-13686.0,-12425.0,-16582.0,69,2.380286931991577,7
-13207.0,-12893.0,-16616.0,69,2.3802919387817383,7
-14533.0,-16331.0,-12799.0,70,2.4133729934692383,7
-13045.0,-16290.0,-14348.0,71,2.4523138999938965,7
-16070.0,-14763.0,-12369.0,72,2.4907479286193848,7
-16041.0,-14460.0,-13006.0,72,2.4907538890838623,7
-16070.0,-12421.0,-14490.0,72,2.4908528327941895,7
-15907.0,-12586.0,-14809.0,72,2.490870952606201,7
-15878.0,-15041.0,-12178.0,72,2.490906000137329,7
-15447.0,-12029.0,-15489.0,73,2.5227248668670654,7
-15845.0,-12656.0,-14843.0,73,2.522800922393799,7
-13739.0,-14674.0,-15254.0,73,2.5228757858276367,7
-13282.0,-16034.0,-14561.0,74,2.5552079677581787,7
-14023.0,-15259.0,-14704.0,74,2.5552189350128174,7
-13434.0,-14589.0,-15573.0,75,2.581878900527954,7
-13244.0,-16042.0,-14622.0,75,2.5819308757781982,7
-15619.0,-14054.0,-14279.0,77,2.6817569732666016,7
-13661.0,-16114.0,-14194.0,79,2.723026990890503,7
-13924.0,-15805.0,-14334.0,79,2.7230868339538574,7
-16354.0,-13145.0,-13408.0,80,2.760948896408081,7
-15678.0,-14403.0,-14022.0,80,2.761063814163208,7
-15982.0,-14419.0,-13688.0,80,2.7610700130462646,7
-15330.0,-13428.0,-15022.0,80,2.761075973510742,7
-15987.0,-14859.0,-13060.0,80,2.7611680030822754,7
-15829.0,-13461.0,-14435.0,80,2.7611849308013916,7
-15371.0,-15456.0,-13143.0,81,2.798647880554199,7
-15513.0,-15467.0,-12861.0,81,2.798671007156372,7
-13815.0,-12433.0,-16509.0,81,2.7987477779388428,7
-14589.0,-12325.0,-16159.0,81,2.7987589836120605,7
-14550.0,-13042.0,-15789.0,81,2.7988319396972656,7
-14822.0,-13504.0,-15326.0,81,2.7988598346710205,7
-15463.0,-14118.0,-14448.0,81,2.798870801925659,7
-13593.0,-13469.0,-16164.0,83,2.860714912414551,7
-13944.0,-16354.0,-13469.0,84,2.885432004928589,7
-14632.0,-16193.0,-13015.0,86,2.930006980895996,7
-14543.0,-15453.0,-14251.0,86,2.9300179481506348,7
-14339.0,-16208.0,-13316.0,86,2.930034875869751,7
-14049.0,-13930.0,-15571.0,89,3.000173807144165,7
-15151.0,-14098.0,-14746.0,89,3.000201940536499,7
-15701.0,-12402.0,-15104.0,90,3.0244288444519043,7
-15530.0,-13908.0,-14590.0,90,3.0245180130004883,7
-15151.0,-13957.0,-14769.0,91,3.0416579246520996,7
-13642.0,-16129.0,-14186.0,92,3.062250852584839,7
-13969.0,-15668.0,-14524.0,94,3.092329978942871,7
-15234.0,-15345.0,-13850.0,96,3.1414859294891357,7
-14757.0,-15046.0,-14444.0,96,3.141547918319702,7
-14921.0,-13719.0,-15262.0,96,3.1416709423065186,7
-13371.0,-14105.0,-15872.0,96,3.1417109966278076,7
-15309.0,-13600.0,-14911.0,97,3.1747419834136963,7
-14895.0,-13964.0,-15129.0,97,3.1747817993164062,7
-15274.0,-14176.0,-14673.0,97,3.174793004989624,7
-14778.0,-12996.0,-15792.0,97,3.1748039722442627,7
-13473.0,-12653.0,-16746.0,98,3.208582878112793,7
-14742.0,-13200.0,-15695.0,98,3.2085938453674316,7
-13857.0,-14386.0,-15487.0,98,3.2086730003356934,7
-13973.0,-14267.0,-15507.0,98,3.208678960800171,7
-13390.0,-13272.0,-16440.0,98,3.208683967590332,7
-12629.0,-13142.0,-16796.0,99,3.2417378425598145,7
-12528.0,-13380.0,-16704.0,99,3.241743803024292,7
-15031.0,-13498.0,-15189.0,99,3.24183988571167,7
-14086.0,-13009.0,-16182.0,99,3.2418458461761475,7
-14155.0,-16318.0,-13434.0,100,3.274035930633545,7
-13230.0,-16032.0,-14624.0,100,3.274129867553711,7
-14438.0,-14620.0,-15005.0,100,3.274174928665161,7
-13956.0,-15742.0,-14392.0,100,3.2741858959198,7
-14468.0,-15066.0,-14600.0,100,3.274197816848755,7
-12882.0,-16112.0,-14712.0,101,3.2985517978668213,7
-13769.0,-13795.0,-15850.0,101,3.2985689640045166,7
-14170.0,-15377.0,-14590.0,101,3.2986137866973877,7
-13808.0,-14208.0,-15668.0,101,3.298618793487549,7
-14352.0,-14790.0,-14917.0,101,3.2986249923706055,7
-14224.0,-14375.0,-15284.0,101,3.298635959625244,7
-14960.0,-14353.0,-14853.0,102,3.322046995162964,7
-15113.0,-15073.0,-14105.0,102,3.3220739364624023,7
-15374.0,-13989.0,-14635.0,102,3.32207989692688,7
-15107.0,-14315.0,-14731.0,102,3.3220908641815186,7
-14416.0,-13771.0,-15604.0,102,3.322096824645996,7
-14778.0,-14940.0,-14526.0,102,3.3221240043640137,7
-13402.0,-14711.0,-15517.0,103,3.34089994430542,7
-14807.0,-12926.0,-15751.0,103,3.3409829139709473,7
-14964.0,-15724.0,-13681.0,104,3.369475841522217,7
-13740.0,-16490.0,-13419.0,104,3.3694989681243896,7
-14382.0,-16142.0,-13799.0,104,3.3695099353790283,7
-13576.0,-16197.0,-14236.0,104,3.3695149421691895,7
-13905.0,-15843.0,-14393.0,104,3.3695318698883057,7
-14520.0,-16172.0,-13578.0,104,3.369598865509033,7
-12849.0,-16118.0,-14730.0,104,3.369621992111206,7
-13361.0,-15261.0,-15144.0,104,3.3696608543395996,7
-13074.0,-16244.0,-14490.0,105,3.397444009780884,7
-13082.0,-15926.0,-14904.0,106,3.417369842529297,7
-14474.0,-14349.0,-15064.0,106,3.417430877685547,7
-13872.0,-15091.0,-15041.0,106,3.4174368381500244,7
-13151.0,-15659.0,-15115.0,106,3.417442798614502,7
-13430.0,-15689.0,-14854.0,106,3.4174578189849854,7
-14232.0,-15122.0,-14756.0,106,3.4174628257751465,7
-13042.0,-16047.0,-14759.0,106,3.417479991912842,7
-13817.0,-14908.0,-15209.0,106,3.417484998703003,7
-12734.0,-16006.0,-14992.0,107,3.442214012145996,7
-13603.0,-14718.0,-15398.0,107,3.442283868789673,7
-13366.0,-15490.0,-15089.0,107,3.4422919750213623,7
-14053.0,-13993.0,-15484.0,107,3.442300796508789,7
-14488.0,-14744.0,-14870.0,108,3.4598848819732666,7
-12941.0,-15107.0,-15497.0,109,3.4731409549713135,7
-13178.0,-14335.0,-15806.0,109,3.473146915435791,7
-14091.0,-14303.0,-15349.0,109,3.4731738567352295,7
-14075.0,-13242.0,-16000.0,110,3.491086006164551,7
-12935.0,-14395.0,-15921.0,111,3.502588987350464,7
-13339.0,-14159.0,-15900.0,114,3.574065923690796,7
-14283.0,-15572.0,-14324.0,114,3.574070930480957,7
-13858.0,-14641.0,-15323.0,114,3.574131965637207,7
-13880.0,-13890.0,-15839.0,114,3.5741379261016846,7
-14529.0,-14970.0,-14733.0,114,3.574143886566162,7
-13358.0,-14290.0,-15802.0,115,3.5949108600616455,7
-14000.0,-15826.0,-14329.0,115,3.5949559211730957,7
-15228.0,-14034.0,-14740.0,115,3.595017910003662,7
-14967.0,-15118.0,-14210.0,115,3.595029830932617,7
-14227.0,-13148.0,-15993.0,116,3.6175429821014404,7
-13477.0,-16306.0,-14228.0,116,3.617637872695923,7
-14459.0,-13516.0,-15629.0,116,3.6176648139953613,7
-13998.0,-15077.0,-15013.0,116,3.617671012878418,7
-14603.0,-14295.0,-15082.0,116,3.6176939010620117,7
-15205.0,-13553.0,-15105.0,116,3.617719888687134,7
-14274.0,-14920.0,-14877.0,116,3.6177258491516113,7
-14539.0,-14637.0,-14848.0,116,3.6177308559417725,7
-13117.0,-16022.0,-14647.0,117,3.638615846633911,7
-14047.0,-16092.0,-14120.0,117,3.638683795928955,7
-14177.0,-13970.0,-15529.0,117,3.638695001602173,7
-14754.0,-13876.0,-15313.0,117,3.638734817504883,7
-15133.0,-14159.0,-14732.0,118,3.659456968307495,7
-14818.0,-15769.0,-13786.0,119,3.6691319942474365,7
-14022.0,-15651.0,-14502.0,119,3.669165849685669,7
-14578.0,-14906.0,-14633.0,120,3.685565948486328,7
-13696.0,-15052.0,-15167.0,121,3.698269844055176,7
-14941.0,-13436.0,-15266.0,121,3.698287010192871,7
-14866.0,-14932.0,-14524.0,122,3.7110559940338135,7
-14714.0,-14066.0,-15179.0,122,3.711061954498291,7
-14986.0,-15426.0,-13951.0,122,3.711066961288452,7
-15176.0,-13623.0,-15146.0,123,3.7238118648529053,7
-15250.0,-14313.0,-14682.0,123,3.723822832107544,7
-14303.0,-15894.0,-14227.0,124,3.739531993865967,7
-14844.0,-15683.0,-14008.0,124,3.7395379543304443,7
-15404.0,-15026.0,-13954.0,124,3.739600896835327,7
-15253.0,-14310.0,-14566.0,124,3.7396068572998047,7
-14945.0,-14859.0,-14474.0,124,3.7396209239959717,7
-13755.0,-15754.0,-14595.0,124,3.739626884460449,7
-15004.0,-10852.0,-16283.0,128,3.829399824142456,8
-14569.0,-10869.0,-16673.0,128,3.8295679092407227,8
-12414.0,-13728.0,-16528.0,128,3.829692840576172,8
-13067.0,-13321.0,-16452.0,128,3.8297839164733887,8
-14213.0,-11440.0,-16749.0,128,3.8298099040985107,8
-14190.0,-12353.0,-16296.0,128,3.8298180103302,8
-14289.0,-11957.0,-16438.0,128,3.8298258781433105,8
-12812.0,-13468.0,-16521.0,128,3.8299639225006104,8
-12419.0,-12848.0,-16998.0,129,3.8738818168640137,8
-12848.0,-11817.0,-17334.0,129,3.873915910720825,8
-12341.0,-13932.0,-16475.0,129,3.873994827270508,8
-13584.0,-11722.0,-17004.0,129,3.874023914337158,8
-13660.0,-12239.0,-16693.0,129,3.874034881591797,8
-12963.0,-12747.0,-16841.0,129,3.8740408420562744,8
-12870.0,-16499.0,-14034.0,130,3.920806884765625,8
-12678.0,-16385.0,-14301.0,130,3.920811891555786,8
-11871.0,-13678.0,-16709.0,131,3.94866681098938,8
-12435.0,-14661.0,-16026.0,132,3.9873290061950684,8
-13522.0,-13348.0,-16251.0,132,3.9873459339141846,8
-12033.0,-14796.0,-16046.0,133,4.013014793395996,8
-13509.0,-13192.0,-16301.0,134,4.041634798049927,8
-12479.0,-14384.0,-16172.0,134,4.04168701171875,8
-12582.0,-13921.0,-16371.0,135,4.066468954086304,8
-12074.0,-13380.0,-16873.0,136,4.101503849029541,8
-12356.0,-13902.0,-16461.0,137,4.129591941833496,8
-13909.0,-14571.0,-15304.0,138,4.161048889160156,8
-13611.0,-14727.0,-15372.0,138,4.161054849624634,8
-14131.0,-12521.0,-16332.0,138,4.161085844039917,8
-13028.0,-13732.0,-16305.0,138,4.161090850830078,8
-13309.0,-13320.0,-16341.0,139,4.196938991546631,8
-14951.0,-12895.0,-15519.0,144,4.322729825973511,8
-16122.0,-13563.0,-13817.0,144,4.322758913040161,8
-13876.0,-12107.0,-16645.0,144,4.322799921035767,8
-14553.0,-12268.0,-16165.0,144,4.3228747844696045,8
-13272.0,-13181.0,-16451.0,145,4.40313982963562,8
-13355.0,-12562.0,-16757.0,145,4.403145790100098,8
-13444.0,-13408.0,-16230.0,145,4.403150796890259,8
-15214.0,-13818.0,-14751.0,146,4.438421964645386,8
-12576.0,-15722.0,-15169.0,148,4.486562967300415,8
-12665.0,-15071.0,-15639.0,148,4.486774921417236,8
-12551.0,-14286.0,-16131.0,149,4.510776996612549,8
-15940.0,-14914.0,-12757.0,160,4.7352728843688965,8
-14797.0,-13143.0,-15489.0,160,4.735345840454102,8
-13865.0,-13589.0,-15876.0,161,4.77453088760376,8
-14469.0,-13077.0,-15839.0,161,4.774536848068237,8
-15877.0,-13754.0,-14230.0,162,4.805379867553711,8
-14282.0,-12773.0,-16083.0,162,4.80539083480835,8
-14506.0,-12944.0,-15853.0,162,4.805395841598511,8
-14380.0,-12638.0,-16102.0,163,4.832257986068726,8
-15806.0,-13521.0,-14418.0,163,4.8323187828063965,8
-14835.0,-13137.0,-15430.0,164,4.864754915237427,8
-13813.0,-12886.0,-16326.0,165,4.8912599086761475,8
-14236.0,-15518.0,-14341.0,168,4.9608588218688965,8
-14304.0,-16269.0,-13194.0,168,4.960864782333374,8
-13393.0,-14055.0,-15932.0,170,5.00531792640686,8
-13617.0,-14226.0,-15702.0,170,5.005323886871338,8
-13894.0,-14373.0,-15357.0,173,5.065230846405029,8
-15501.0,-15127.0,-13614.0,178,5.162242889404297,8
-15349.0,-13095.0,-15163.0,180,5.205724000930786,8
-13795.0,-15632.0,-14594.0,185,5.285688877105713,8
-13999.0,-15419.0,-14666.0,188,5.322568893432617,8
-13349.0,-15163.0,-15229.0,188,5.322613000869751,8
-13458.0,-15802.0,-14645.0,189,5.332775831222534,8
-15438.0,-12118.0,-15578.0,192,5.382416009902954,8
-13243.0,-14210.0,-15814.0,192,5.382537841796875,8
-15524.0,-15067.0,-13627.0,192,5.3825719356536865,8
-14514.0,-12685.0,-16065.0,192,5.382582902908325,8
-14008.0,-13751.0,-15719.0,192,5.382615804672241,8
-15365.0,-13542.0,-14891.0,192,5.38267183303833,8
-15179.0,-13271.0,-15239.0,192,5.382680892944336,8
-14444.0,-12223.0,-16290.0,193,5.425498008728027,8
-13529.0,-13157.0,-16309.0,193,5.425644874572754,8
-14756.0,-13747.0,-15276.0,195,5.478271961212158,8
-15252.0,-14927.0,-14157.0,195,5.478299856185913,8
-14318.0,-12920.0,-16056.0,196,5.514791011810303,8
-14866.0,-11524.0,-16271.0,196,5.514801979064941,8
-13173.0,-13041.0,-16639.0,198,5.565341949462891,8
-13263.0,-14629.0,-15638.0,198,5.565391778945923,8
-13315.0,-15966.0,-14598.0,200,5.613508939743042,8
-13708.0,-13663.0,-16060.0,200,5.613542795181274,8
-13791.0,-13044.0,-16366.0,200,5.6135478019714355,8
-13729.0,-14818.0,-15361.0,200,5.613554000854492,8
-13613.0,-14937.0,-15341.0,200,5.613559007644653,8
-13146.0,-13823.0,-16294.0,200,5.613564968109131,8
-12761.0,-14236.0,-16237.0,200,5.613569974899292,8
-12514.0,-14339.0,-16197.0,200,5.613631963729858,8
-13501.0,-15328.0,-15077.0,200,5.613653898239136,8
-14080.0,-15427.0,-14574.0,200,5.6136698722839355,8
-14054.0,-15192.0,-14817.0,200,5.613675832748413,8
-13289.0,-13726.0,-16245.0,201,5.647234916687012,8
-14173.0,-14183.0,-15451.0,201,5.647259950637817,8
-13222.0,-16350.0,-14210.0,202,5.670496940612793,8
-14499.0,-14752.0,-14795.0,203,5.684147834777832,8
-14828.0,-13035.0,-15578.0,205,5.715662956237793,8
-14377.0,-13358.0,-15786.0,205,5.715724945068359,8
-13788.0,-14473.0,-15452.0,206,5.7289087772369385,8
-13948.0,-14030.0,-15669.0,206,5.7289369106292725,8
-14089.0,-14849.0,-15076.0,206,5.728980779647827,8
-12400.0,-16131.0,-14890.0,208,5.769513845443726,8
-12769.0,-16335.0,-14403.0,209,5.794041872024536,8
-12238.0,-15995.0,-15032.0,209,5.794100999832153,8
-14820.0,-15577.0,-14111.0,210,5.81307578086853,8
-13409.0,-14848.0,-15432.0,210,5.813080787658691,8
-13185.0,-15118.0,-15395.0,210,5.813086986541748,8
-14098.0,-15086.0,-14938.0,210,5.813091993331909,8
-14642.0,-15668.0,-14187.0,210,5.813097953796387,8
-13846.0,-15856.0,-14470.0,210,5.813102960586548,8
-12884.0,-16411.0,-14178.0,211,5.836893796920776,8
-14335.0,-15733.0,-14277.0,211,5.836899995803833,8
-12412.0,-16098.0,-14873.0,211,5.836927890777588,8
-12391.0,-15498.0,-15440.0,211,5.836932897567749,8
-11770.0,-15480.0,-15714.0,212,5.861519813537598,8
-12233.0,-14332.0,-16238.0,212,5.8615429401397705,8
-12017.0,-15377.0,-15754.0,212,5.86155891418457,8
-12431.0,-14960.0,-15865.0,212,5.861593008041382,8
-12783.0,-15162.0,-15628.0,212,5.861614942550659,8
-13515.0,-15623.0,-14828.0,212,5.861642837524414,8
-13167.0,-15860.0,-14878.0,212,5.861647844314575,8
-12072.0,-15860.0,-15375.0,213,5.887617826461792,8
-12540.0,-14337.0,-16132.0,213,5.887634992599487,8
-13244.0,-15746.0,-14930.0,214,5.902401924133301,8
-13971.0,-15339.0,-14777.0,214,5.902406930923462,8
-13058.0,-15371.0,-15234.0,214,5.902417898178101,8
-13714.0,-15253.0,-15039.0,215,5.91672682762146,8
-13090.0,-14268.0,-15894.0,216,5.930727958679199,8
-12853.0,-15040.0,-15585.0,216,5.930733919143677,8
-14316.0,-14456.0,-15131.0,216,5.930738925933838,8
-14140.0,-14981.0,-14920.0,216,5.930755853652954,8
-12756.0,-15255.0,-15508.0,217,5.948433876037598,8
-14371.0,-14639.0,-14963.0,218,5.9634850025177,8
-14169.0,-14549.0,-15163.0,219,5.974873781204224,8
-13827.0,-14057.0,-15714.0,222,6.004055976867676,8
-14599.0,-13092.0,-15725.0,224,6.034467935562134,8
-14027.0,-12498.0,-16418.0,224,6.034567832946777,8
-13494.0,-15255.0,-15092.0,226,6.07356595993042,8
-12897.0,-15680.0,-15078.0,226,6.0735838413238525,8
-13169.0,-14643.0,-15635.0,226,6.073629856109619,8
-14397.0,-14849.0,-14856.0,228,6.108944892883301,8
-13257.0,-15614.0,-14869.0,230,6.143265008926392,8
-13266.0,-15590.0,-14895.0,230,6.14329981803894,8
-14640.0,-14444.0,-15047.0,230,6.143358945846558,8
-13344.0,-14850.0,-15404.0,233,6.186375856399536,8
-14723.0,-14659.0,-14844.0,234,6.202544927597046,8
-14767.0,-15076.0,-14394.0,234,6.202574968338013,8
-15011.0,-13927.0,-14930.0,235,6.214470863342285,8
-14661.0,-16008.0,-13719.0,236,6.228518962860107,8
-14011.0,-16034.0,-14122.0,236,6.228575944900513,8
-14701.0,-15410.0,-14328.0,237,6.238484859466553,8
-13952.0,-16021.0,-14215.0,237,6.238494873046875,8
-16226.0,-13758.0,-13701.0,242,6.3037049770355225,8
-15582.0,-14050.0,-14388.0,242,6.303758859634399,8
-15863.0,-14601.0,-13496.0,242,6.3037638664245605,8
-14275.0,-15399.0,-14474.0,244,6.328236818313599,8
-15139.0,-14839.0,-14368.0,244,6.328242778778076,8
-15385.0,-14431.0,-14443.0,244,6.328261852264404,8
-15254.0,-14178.0,-14665.0,244,6.328272819519043,8
-15426.0,-14275.0,-14470.0,245,6.339390993118286,8
-14496.0,-15713.0,-14292.0,246,6.347447872161865,8
-15007.0,-14718.0,-14491.0,248,6.369658946990967,8
-15093.0,-14676.0,-14442.0,252,6.446080923080444,8
-14077.0,-11424.0,-16796.0,257,6.554508924484253,9
-12929.0,-12197.0,-17104.0,257,6.554519891738892,9
-11427.0,-13634.0,-16924.0,257,6.554525852203369,9
-11674.0,-13531.0,-16964.0,257,6.55453085899353,9
-13408.0,-11729.0,-17070.0,257,6.554670810699463,9
-14130.0,-12059.0,-16443.0,257,6.554754972457886,9
-12458.0,-13451.0,-16674.0,258,6.599660873413086,9
-11337.0,-15775.0,-15548.0,260,6.675625801086426,9
-12030.0,-13643.0,-16640.0,260,6.6756370067596436,9
-11686.0,-15272.0,-15913.0,260,6.6757378578186035,9
-12616.0,-16382.0,-14319.0,260,6.675804853439331,9
-11210.0,-15427.0,-15918.0,260,6.675843954086304,9
-11341.0,-14696.0,-16408.0,260,6.675865888595581,9
-12167.0,-14393.0,-16212.0,260,6.6758928298950195,9
-11984.0,-14597.0,-16189.0,260,6.675909996032715,9
-11960.0,-16557.0,-14365.0,261,6.714250802993774,9
-11864.0,-16444.0,-14676.0,261,6.714295864105225,9
-11390.0,-16478.0,-14592.0,261,6.714301824569702,9
-12294.0,-16432.0,-14467.0,261,6.71436882019043,9
-13048.0,-16015.0,-14648.0,262,6.744118928909302,9
-12559.0,-13307.0,-16717.0,265,6.838360786437988,9
-12880.0,-14819.0,-15675.0,267,6.88517689704895,9
-12841.0,-14867.0,-15722.0,270,6.950756788253784,9
-12613.0,-15377.0,-15438.0,270,6.950779914855957,9
-13887.0,-15620.0,-14569.0,270,6.950784921646118,9
-13481.0,-14519.0,-15575.0,270,6.9508068561553955,9
-14277.0,-14693.0,-14962.0,270,6.950818777084351,9
-13258.0,-12129.0,-16917.0,273,7.0486438274383545,9
-13007.0,-12799.0,-16807.0,273,7.04866099357605,9
-13486.0,-12331.0,-16773.0,273,7.048779010772705,9
-12295.0,-16265.0,-14845.0,274,7.078495979309082,9
-12373.0,-14623.0,-16059.0,274,7.078500986099243,9
-11730.0,-14722.0,-16278.0,274,7.078512907028198,9
-12327.0,-16480.0,-14457.0,274,7.078624963760376,9
-12197.0,-15836.0,-15325.0,274,7.078657865524292,9
-14381.0,-16264.0,-12918.0,274,7.078696966171265,9
-12835.0,-13434.0,-16427.0,275,7.111065864562988,9
-13035.0,-16352.0,-14140.0,275,7.111083984375,9
-12505.0,-15187.0,-15640.0,275,7.111146926879883,9
-12634.0,-14985.0,-15685.0,277,7.1630048751831055,9
-14714.0,-13516.0,-15399.0,277,7.163054943084717,9
-14020.0,-13198.0,-16084.0,278,7.184981822967529,9
-13481.0,-13987.0,-15918.0,278,7.1849939823150635,9
-13879.0,-14614.0,-15272.0,278,7.184998989105225,9
-13566.0,-13693.0,-16045.0,279,7.201074838638306,9
-14446.0,-16200.0,-13019.0,284,7.313702821731567,9
-13731.0,-15390.0,-14771.0,286,7.345310926437378,9
-14278.0,-12297.0,-16265.0,288,7.391889810562134,9
-13230.0,-12606.0,-16760.0,288,7.391906976699829,9
-12583.0,-13547.0,-16563.0,288,7.391990900039673,9
-15135.0,-13776.0,-14873.0,290,7.46055793762207,9
-14406.0,-12688.0,-16030.0,291,7.4847259521484375,9
-12208.0,-15769.0,-15326.0,298,7.643718957901001,9
-13251.0,-15911.0,-14667.0,298,7.643850803375244,9
-12810.0,-15232.0,-15482.0,298,7.643873929977417,9
-13327.0,-13952.0,-15935.0,298,7.643884897232056,9
-13499.0,-14179.0,-15714.0,298,7.643890857696533,9
-13978.0,-15171.0,-14822.0,302,7.711560964584351,9
-15930.0,-12610.0,-14760.0,304,7.751348972320557,9
-16022.0,-13563.0,-14117.0,304,7.751461982727051,9
-16029.0,-14832.0,-12361.0,320,8.004354000091553,9
-14479.0,-13234.0,-15653.0,320,8.004621982574463,9
-15868.0,-13770.0,-14209.0,324,8.124297857284546,9
-14118.0,-13012.0,-16007.0,325,8.146628856658936,9
-13492.0,-14116.0,-15735.0,329,8.23867678642273,9
-13367.0,-15452.0,-14917.0,340,8.441139936447144,9
-12524.0,-15343.0,-15526.0,340,8.441192865371704,9
-13892.0,-13603.0,-15854.0,340,8.44123888015747,9
-13034.0,-15083.0,-15464.0,340,8.441256999969482,9
-13229.0,-14294.0,-15856.0,341,8.459565877914429,9
-14778.0,-13265.0,-15456.0,354,8.664389848709106,9
-15449.0,-12712.0,-15162.0,361,8.779547929763794,9
-15278.0,-13710.0,-14857.0,364,8.8173828125,9
-15489.0,-12672.0,-15184.0,364,8.817425012588501,9
-15524.0,-13302.0,-14932.0,364,8.817432880401611,9
-15079.0,-13030.0,-15411.0,365,8.832082986831665,9
-14043.0,-13257.0,-15936.0,366,8.848898887634277,9
-14501.0,-13031.0,-15833.0,366,8.848906993865967,9
-14020.0,-14538.0,-15174.0,370,8.903469800949097,9
-13301.0,-15910.0,-14614.0,376,8.958695888519287,9
-14430.0,-15067.0,-14603.0,378,8.979956865310669,9
-14397.0,-15498.0,-14356.0,378,8.979967832565308,9
-13661.0,-15423.0,-14855.0,379,8.988219976425171,9
-14149.0,-12613.0,-16252.0,384,9.060186862945557,9
-14648.0,-12161.0,-16174.0,384,9.060191869735718,9
-13826.0,-12615.0,-16431.0,384,9.060208797454834,9
-14053.0,-13150.0,-16051.0,384,9.06021499633789,9
-16250.0,-13621.0,-13692.0,386,9.135024785995483,9
-15672.0,-12757.0,-15116.0,386,9.135072946548462,9
-16132.0,-14361.0,-13460.0,386,9.135077953338623,9
-15865.0,-13328.0,-14637.0,386,9.1350839138031,9
-15853.0,-14182.0,-14160.0,386,9.135088920593262,9
-16033.0,-13527.0,-14251.0,386,9.135096788406372,9
-15378.0,-14826.0,-14168.0,386,9.135143995285034,9
-15190.0,-12260.0,-15766.0,386,9.135171890258789,9
-15072.0,-12441.0,-15813.0,386,9.135183811187744,9
-15777.0,-14618.0,-13958.0,386,9.135188817977905,9
-15586.0,-14508.0,-14256.0,386,9.135195970535278,9
-14401.0,-12913.0,-16001.0,386,9.135217905044556,9
-14739.0,-12583.0,-15974.0,386,9.13522481918335,9
-14984.0,-13908.0,-15068.0,386,9.13522982597351,9
-15322.0,-13578.0,-15041.0,386,9.135235786437988,9
-15147.0,-14119.0,-14837.0,387,9.23276686668396,9
-15620.0,-14611.0,-14136.0,387,9.232777833938599,9
-15562.0,-14333.0,-14384.0,387,9.232788801193237,9
-14067.0,-13118.0,-16049.0,389,9.291952848434448,9
-13420.0,-14156.0,-15820.0,390,9.313946962356567,9
-14070.0,-14314.0,-15353.0,390,9.314013957977295,9
-13035.0,-14569.0,-15763.0,390,9.314019918441772,9
-13705.0,-12863.0,-16449.0,392,9.365783929824829,9
-13753.0,-12715.0,-16463.0,393,9.391443967819214,9
-14658.0,-12906.0,-15836.0,394,9.41441297531128,9
-14044.0,-12694.0,-16300.0,394,9.414445877075195,9
-15070.0,-13266.0,-15345.0,394,9.41451096534729,9
-14056.0,-13648.0,-15813.0,394,9.4145348072052,9
-13340.0,-13482.0,-16337.0,396,9.453500986099243,9
-12692.0,-13896.0,-16438.0,396,9.453584909439087,9
-12445.0,-13999.0,-16398.0,396,9.453589916229248,9
-12178.0,-14433.0,-16164.0,396,9.453633785247803,9
-13918.0,-14084.0,-15675.0,398,9.490464925765991,9
-14001.0,-13465.0,-15981.0,398,9.490486860275269,9
-14521.0,-14001.0,-15311.0,400,9.529321908950806,9
-13020.0,-16550.0,-13915.0,401,9.556106805801392,9
-13956.0,-13638.0,-15832.0,401,9.55614686012268,9
-13457.0,-14090.0,-15910.0,401,9.556203842163086,9
-12837.0,-14506.0,-15924.0,402,9.576835870742798,9
-13299.0,-14197.0,-15977.0,402,9.576949834823608,9
-13783.0,-15110.0,-15058.0,402,9.576972007751465,9
-13164.0,-15322.0,-15232.0,402,9.576977968215942,9
-13194.0,-13974.0,-16137.0,403,9.596717834472656,9
-14161.0,-13712.0,-15660.0,403,9.596740961074829,9
-14036.0,-14452.0,-15308.0,408,9.666992902755737,9
-13763.0,-14178.0,-15680.0,408,9.666997909545898,9
-13430.0,-13931.0,-15963.0,409,9.685612916946411,9
-14374.0,-14240.0,-15172.0,410,9.69957685470581,9
-14571.0,-14456.0,-15003.0,412,9.722219944000244,9
-14757.0,-14831.0,-14699.0,412,9.722275972366333,9
-14058.0,-14902.0,-15030.0,413,9.738142013549805,9
-14334.0,-14000.0,-15443.0,414,9.745528936386108,9
-14171.0,-13761.0,-15636.0,414,9.745544910430908,9
-14038.0,-13876.0,-15632.0,415,9.753067970275879,9
-13729.0,-15700.0,-14644.0,420,9.852540969848633,9
-14497.0,-15952.0,-13971.0,421,9.866391897201538,9
-14882.0,-15662.0,-13970.0,421,9.8663969039917,9
-14130.0,-15420.0,-14655.0,421,9.866477012634277,9
-12998.0,-14687.0,-15765.0,422,9.889074802398682,9
-12338.0,-16294.0,-14718.0,424,9.916929006576538,9
-13739.0,-15367.0,-14759.0,424,9.916984796524048,9
-12658.0,-15349.0,-15509.0,424,9.916996002197266,9
-13363.0,-15135.0,-15281.0,424,9.917001962661743,9
-12980.0,-15429.0,-15248.0,425,9.935728788375854,9
-13332.0,-14930.0,-15382.0,425,9.935745000839233,9
-12969.0,-15537.0,-15324.0,426,9.95405888557434,9
-13693.0,-15532.0,-14752.0,426,9.95408582687378,9
-13345.0,-15769.0,-14802.0,426,9.954091787338257,9
-12591.0,-14720.0,-15972.0,427,9.967742919921875,9
-13805.0,-15512.0,-14710.0,428,9.977212905883789,9
-12175.0,-14586.0,-16070.0,432,10.013786792755127,9
-12963.0,-14392.0,-15867.0,432,10.013803958892822,9
-13954.0,-14606.0,-15224.0,432,10.013842821121216,9
-12550.0,-14808.0,-15864.0,434,10.042861938476562,9
-13266.0,-14995.0,-15446.0,434,10.042885780334473,9
-13646.0,-14273.0,-15664.0,446,10.138100862503052,9
-14198.0,-14079.0,-15356.0,448,10.164428949356079,9
-13214.0,-13975.0,-16026.0,449,10.183937788009644,9
-15248.0,-13155.0,-15239.0,450,10.207809925079346,9
-14248.0,-13257.0,-15820.0,451,10.225181818008423,9
-14850.0,-12515.0,-15843.0,451,10.225221872329712,9
-13426.0,-15147.0,-15112.0,457,10.314641952514648,9
-13878.0,-14367.0,-15433.0,457,10.314692974090576,9
-14428.0,-14088.0,-15313.0,458,10.331738948822021,9
-14424.0,-15325.0,-14565.0,460,10.355921983718872,9
-14099.0,-14713.0,-15108.0,460,10.35592794418335,9
-14974.0,-14553.0,-14561.0,461,10.373739004135132,9
-13682.0,-14837.0,-15347.0,462,10.381998777389526,9
-14361.0,-13024.0,-15862.0,464,10.40299391746521,9
-13967.0,-15130.0,-14967.0,464,10.403010845184326,9
-14407.0,-15414.0,-14371.0,469,10.458069801330566,9
-14429.0,-15335.0,-14468.0,475,10.50917387008667,9
-13373.0,-14422.0,-15753.0,480,10.53991985321045,9
-13882.0,-15204.0,-14908.0,480,10.53992486000061,9
-14242.0,-14526.0,-15159.0,480,10.539930820465088,9
-14000.0,-14531.0,-15286.0,481,10.550755977630615,9
-15858.0,-13867.0,-14187.0,484,10.589977979660034,9
-15346.0,-14748.0,-14202.0,488,10.625258922576904,9
-15223.0,-14961.0,-14196.0,488,10.625326871871948,9
-15355.0,-14680.0,-14301.0,489,10.635641813278198,9
-15106.0,-13993.0,-14859.0,490,10.649042844772339,9
-15115.0,-13925.0,-14958.0,491,10.655591011047363,9
-15170.0,-14786.0,-14414.0,492,10.664281845092773,9
-14625.0,-15416.0,-14368.0,500,10.713472843170166,9
-15543.0,-11079.0,-15481.0,512,10.818295001983643,10
-15918.0,-12051.0,-14779.0,512,10.818360805511475,10
-15402.0,-11479.0,-15637.0,512,10.818452835083008,10
-15325.0,-11517.0,-15694.0,512,10.818460941314697,10
-14927.0,-10890.0,-16340.0,512,10.81855583190918,10
-12725.0,-12749.0,-16949.0,512,10.818588972091675,10
-14302.0,-12286.0,-16222.0,512,10.818596839904785,10
-12963.0,-12139.0,-17102.0,513,10.868444919586182,10
-13339.0,-11425.0,-17209.0,513,10.868505954742432,10
-13212.0,-12915.0,-16577.0,513,10.86864686012268,10
-12776.0,-12259.0,-17067.0,517,11.007237911224365,10
-12454.0,-13012.0,-16861.0,517,11.007248878479004,10
-14156.0,-12316.0,-16311.0,517,11.007264852523804,10
-12493.0,-13425.0,-16679.0,518,11.040174961090088,10
-12336.0,-13467.0,-16692.0,518,11.04022479057312,10
-12410.0,-14044.0,-16373.0,518,11.040257930755615,10
-12561.0,-12988.0,-16873.0,519,11.06623101234436,10
-11775.0,-16710.0,-14154.0,520,11.122273921966553,10
-12222.0,-16770.0,-13899.0,520,11.122298955917358,10
-11825.0,-16737.0,-14061.0,521,11.154236793518066,10
-11323.0,-15769.0,-15554.0,522,11.182069778442383,10
-11493.0,-16083.0,-15284.0,523,11.205249786376953,10
-12872.0,-15143.0,-15436.0,524,11.235105991363525,10
-12360.0,-15975.0,-15082.0,524,11.235116958618164,10
-12700.0,-16213.0,-14580.0,524,11.23519492149353,10
-11803.0,-14115.0,-16515.0,525,11.262163877487183,10
-12028.0,-13630.0,-16653.0,528,11.337522983551025,10
-12281.0,-13832.0,-16503.0,528,11.33754587173462,10
-11774.0,-13850.0,-16695.0,529,11.376117944717407,10
-12271.0,-13361.0,-16771.0,529,11.376123905181885,10
-12555.0,-16723.0,-13830.0,530,11.407766819000244,10
-12122.0,-14522.0,-16079.0,530,11.407947778701782,10
-12901.0,-13938.0,-16183.0,534,11.496631860733032,10
-13655.0,-13162.0,-16212.0,534,11.496676921844482,10
-13309.0,-14292.0,-15796.0,540,11.618628978729248,10
-13827.0,-15393.0,-14735.0,542,11.650062799453735,10
-11918.0,-16143.0,-15099.0,548,11.81404995918274,10
-11519.0,-15073.0,-16035.0,548,11.814060926437378,10
-12123.0,-15849.0,-15274.0,548,11.814066886901855,10
-12318.0,-14756.0,-16010.0,550,11.868438005447388,10
-12663.0,-16218.0,-14688.0,550,11.868481874465942,10
-12526.0,-14306.0,-16148.0,551,11.887489795684814,10
-13138.0,-15933.0,-14675.0,565,12.13625192642212,10
-13940.0,-16395.0,-13253.0,568,12.19422197341919,10
-15005.0,-12772.0,-15516.0,574,12.279785871505737,10
-13226.0,-13448.0,-16344.0,577,12.36002779006958,10
-15763.0,-12387.0,-15016.0,578,12.395680904388428,10
-15391.0,-12014.0,-15667.0,579,12.417768955230713,10
-14744.0,-12563.0,-15813.0,579,12.417849779129028,10
-12933.0,-15190.0,-15382.0,591,12.68428897857666,10
-13428.0,-14393.0,-15622.0,595,12.763384819030762,10
-15385.0,-15534.0,-12850.0,616,13.1455659866333,10
-14213.0,-16252.0,-13398.0,630,13.326928853988647,10
-13413.0,-12243.0,-16889.0,638,13.42127799987793,10
-13978.0,-12448.0,-16482.0,638,13.42138385772705,10
-13330.0,-12862.0,-16583.0,638,13.421489953994751,10
-13374.0,-12438.0,-16810.0,639,13.466792821884155,10
-15829.0,-14919.0,-12869.0,640,13.49728798866272,10
-14833.0,-13361.0,-15424.0,645,13.608458995819092,10
-14951.0,-12468.0,-15809.0,646,13.633963823318481,10
-15610.0,-14080.0,-14326.0,648,13.675136804580688,10
-15195.0,-13866.0,-14779.0,648,13.675145864486694,10
-13324.0,-15564.0,-14891.0,671,14.061169862747192,10
-13740.0,-13518.0,-15906.0,706,14.54467487335205,10
-14430.0,-13957.0,-15356.0,708,14.583707809448242,10
-16163.0,-13515.0,-14024.0,718,14.707417011260986,10
-15971.0,-13169.0,-14534.0,718,14.707510948181152,10
-15479.0,-12596.0,-15212.0,719,14.7274649143219,10
-15319.0,-13785.0,-14754.0,722,14.769881963729858,10
-15196.0,-13998.0,-14748.0,724,14.788145780563354,10
-13758.0,-12790.0,-16367.0,767,15.180915832519531,10
-15024.0,-12482.0,-15796.0,768,15.215466976165771,10
-14292.0,-12495.0,-16226.0,769,15.240081787109375,10
-15971.0,-13442.0,-14392.0,770,15.272677898406982,10
-16057.0,-14378.0,-13219.0,770,15.272722959518433,10
-15326.0,-14119.0,-14551.0,770,15.27285099029541,10
-14856.0,-13551.0,-15311.0,770,15.272867918014526,10
-15111.0,-12912.0,-15507.0,770,15.272897005081177,10
-13910.0,-14313.0,-15405.0,771,15.30576491355896,10
-15771.0,-14380.0,-14121.0,772,15.325118780136108,10
-15709.0,-14295.0,-14262.0,772,15.325190782546997,10
-15294.0,-14081.0,-14715.0,772,15.325195789337158,10
-14210.0,-13841.0,-15519.0,773,15.363754987716675,10
-15230.0,-13500.0,-15143.0,773,15.363760948181152,10
-14201.0,-13833.0,-15520.0,775,15.429305791854858,10
-14553.0,-14035.0,-15283.0,776,15.453781843185425,10
-15256.0,-14734.0,-14264.0,777,15.469319820404053,10
-15194.0,-14649.0,-14405.0,777,15.46932578086853,10
-15118.0,-14916.0,-14198.0,780,15.525165796279907,10
-13948.0,-14537.0,-15306.0,780,15.525221824645996,10
-13343.0,-14609.0,-15618.0,781,15.537735939025879,10
-12991.0,-12633.0,-16849.0,782,15.567622900009155,10
-13942.0,-12091.0,-16758.0,782,15.567806959152222,10
-13436.0,-13157.0,-16412.0,782,15.5678129196167,10
-12826.0,-13483.0,-16416.0,782,15.567829847335815,10
-13623.0,-12316.0,-16725.0,783,15.594918012619019,10
-14793.0,-14656.0,-14633.0,786,15.654229879379272,10
-14630.0,-13591.0,-15431.0,787,15.66725778579712,10
-15137.0,-13701.0,-14955.0,788,15.683732986450195,10
-14578.0,-13449.0,-15589.0,788,15.683837890625,10
-13653.0,-13271.0,-16282.0,788,15.68384599685669,10
-13879.0,-13671.0,-15857.0,788,15.6838538646698,10
-13940.0,-13767.0,-15793.0,789,15.702911853790283,10
-12546.0,-13761.0,-16490.0,790,15.722028970718384,10
-12752.0,-14238.0,-16096.0,790,15.722034931182861,10
-13137.0,-13825.0,-16153.0,790,15.722062826156616,10
-13185.0,-13412.0,-16441.0,792,15.754163980484009,10
-14413.0,-13825.0,-15490.0,796,15.798483848571777,10
-14112.0,-14485.0,-15263.0,798,15.828082799911499,10
-13928.0,-14880.0,-15067.0,798,15.828099966049194,10
-12985.0,-16611.0,-13793.0,799,15.854893922805786,10
-13876.0,-14780.0,-15239.0,799,15.854984998703003,10
-13361.0,-15030.0,-15338.0,800,15.875297784805298,10
-14331.0,-14076.0,-15384.0,800,15.875303983688354,10
-13923.0,-14870.0,-15104.0,800,15.875314950942993,10
-13833.0,-14308.0,-15494.0,801,15.891985893249512,10
-13684.0,-13784.0,-16034.0,802,15.910446882247925,10
-12828.0,-14530.0,-15898.0,802,15.910457849502563,10
-13186.0,-14063.0,-16023.0,804,15.938661813735962,10
-13140.0,-14887.0,-15553.0,804,15.938735008239746,10
-13599.0,-15505.0,-14862.0,804,15.938739776611328,10
-13547.0,-15405.0,-15034.0,805,15.955848932266235,10
-13674.0,-14635.0,-15529.0,805,15.955897808074951,10
-14531.0,-15491.0,-14223.0,808,16.00948190689087,10
-14830.0,-13407.0,-15386.0,815,16.08155083656311,10
-13863.0,-13669.0,-15863.0,816,16.096881866455078,10
-14462.0,-15070.0,-14554.0,816,16.096915006637573,10
-14190.0,-14485.0,-15171.0,816,16.096933841705322,10
-14126.0,-13785.0,-15636.0,817,16.11291480064392,10
-14404.0,-14792.0,-14802.0,820,16.144728899002075,10
-14369.0,-14449.0,-15040.0,826,16.189780950546265,10
-13855.0,-16173.0,-14088.0,830,16.233227014541626,10
-13391.0,-16350.0,-14025.0,831,16.261504888534546,10
-13953.0,-15430.0,-14681.0,839,16.3851478099823,10
-13876.0,-15607.0,-14612.0,840,16.403530836105347,10
-13387.0,-15208.0,-15195.0,841,16.416980981826782,10
-14219.0,-14988.0,-14868.0,844,16.44984483718872,10
-13309.0,-15775.0,-14822.0,844,16.44985580444336,10
-13524.0,-14825.0,-15388.0,844,16.449862003326416,10
-13206.0,-15489.0,-15141.0,845,16.460347890853882,10
-12463.0,-16107.0,-14837.0,847,16.512953996658325,10
-13217.0,-15841.0,-14808.0,848,16.526577949523926,10
-12971.0,-15041.0,-15579.0,850,16.546467781066895,10
-12623.0,-15278.0,-15629.0,850,16.546478986740112,10
-12617.0,-15335.0,-15561.0,851,16.56170392036438,10
-13112.0,-15677.0,-15046.0,852,16.57190179824829,10
-12354.0,-15492.0,-15663.0,852,16.57193684577942,10
-14466.0,-15495.0,-14354.0,854,16.656529903411865,10
-14118.0,-15732.0,-14404.0,854,16.656572818756104,10
-14147.0,-15300.0,-14647.0,855,16.67045497894287,10
-13931.0,-14746.0,-15132.0,864,16.745730876922607,10
-13787.0,-14824.0,-15230.0,866,16.772105932235718,10
-13080.0,-14620.0,-15750.0,866,16.77213978767395,10
-12874.0,-14856.0,-15687.0,866,16.772150993347168,10
-13289.0,-14870.0,-15447.0,872,16.829564809799194,10
-13402.0,-13729.0,-16053.0,880,16.888365983963013,10
-13884.0,-15441.0,-14654.0,908,17.169845819473267,10
-13488.0,-15903.0,-14526.0,908,17.16987895965576,10
-13979.0,-15281.0,-14710.0,912,17.224761962890625,10
-14753.0,-14700.0,-14770.0,914,17.248180866241455,10
-15226.0,-13662.0,-14932.0,914,17.248186826705933,10
-14775.0,-13985.0,-15140.0,914,17.248193979263306,10
-14323.0,-15451.0,-14469.0,918,17.286873817443848,10
-14237.0,-15292.0,-14639.0,920,17.305202960968018,10
-13150.0,-15082.0,-15434.0,924,17.33432388305664,10
-12639.0,-16371.0,-14313.0,926,17.355230808258057,10
-13959.0,-14664.0,-15195.0,926,17.355304956436157,10
-13770.0,-15587.0,-14729.0,926,17.355321884155273,10
-13249.0,-15688.0,-14900.0,926,17.355337858200073,10
-13489.0,-14470.0,-15583.0,926,17.355369806289673,10
-13697.0,-14701.0,-15389.0,928,17.382762908935547,10
-14355.0,-14871.0,-14821.0,934,17.44587278366089,10
-13974.0,-15270.0,-14731.0,934,17.445883989334106,10
-15155.0,-13408.0,-15248.0,936,17.466800928115845,10
-15386.0,-13734.0,-14792.0,958,17.597335815429688,10
-13857.0,-14765.0,-15243.0,959,17.609413862228394,10
-13560.0,-15682.0,-14767.0,960,17.61789083480835,10
-12839.0,-15573.0,-15234.0,961,17.626174926757812,10
-14810.0,-15464.0,-14163.0,983,17.79591178894043,10
-13640.0,-12300.0,-16622.0,1018,17.984658002853394,11
-11676.0,-13378.0,-16977.0,1018,17.98473286628723,11
-12400.0,-12813.0,-17051.0,1018,17.985131978988647,11
-12616.0,-12169.0,-17156.0,1019,18.033890962600708,11
-13580.0,-11956.0,-16849.0,1019,18.033975839614868,11
-13598.0,-11892.0,-16830.0,1022,18.156807899475098,11
-12167.0,-13047.0,-16967.0,1022,18.15681290626526,11
-12810.0,-12948.0,-16748.0,1022,18.156818866729736,11
-11831.0,-13660.0,-16743.0,1022,18.156888008117676,11
-12095.0,-13489.0,-16700.0,1025,18.23938488960266,11
-12765.0,-12436.0,-17028.0,1027,18.310710906982422,11
-11600.0,-14988.0,-16152.0,1038,18.637962818145752,11
-12243.0,-14889.0,-15933.0,1038,18.637979984283447,11
-11842.0,-15580.0,-15649.0,1038,18.63805389404297,11
-12392.0,-16190.0,-14694.0,1043,18.750064849853516,11
-12296.0,-16077.0,-15005.0,1044,18.77297592163086,11
-14041.0,-13307.0,-15911.0,1054,19.02082586288452,11
-12162.0,-14974.0,-15816.0,1090,19.73739194869995,11
-12363.0,-16199.0,-14731.0,1094,19.82725501060486,11
-12579.0,-15790.0,-15095.0,1110,20.1373929977417,11
-13065.0,-15030.0,-15460.0,1110,20.13742184638977,11
-12422.0,-13143.0,-16823.0,1143,20.640821933746338,11
-15152.0,-12734.0,-15394.0,1148,20.761343002319336,11
-15448.0,-11790.0,-15468.0,1148,20.76139783859253,11
-14299.0,-12051.0,-16392.0,1148,20.761485815048218,11
-14896.0,-13393.0,-15282.0,1153,20.881390810012817,11
-12392.0,-15862.0,-15074.0,1176,21.423210859298706,11
-12851.0,-15446.0,-15335.0,1180,21.477269887924194,11
-12853.0,-14950.0,-15590.0,1181,21.487700939178467,11
-15482.0,-14087.0,-14426.0,1260,22.563820838928223,11
-13732.0,-13052.0,-16203.0,1265,22.664071798324585,11
-13902.0,-13250.0,-16045.0,1298,23.222306966781616,11
-12992.0,-14458.0,-15808.0,1310,23.358503818511963,11
-15805.0,-13598.0,-14444.0,1400,24.53545379638672,11
-15016.0,-13710.0,-15022.0,1419,24.701596975326538,11
-15236.0,-11569.0,-15768.0,1482,25.283787965774536,11
-14687.0,-12632.0,-15868.0,1484,25.3438458442688,11
-14355.0,-12787.0,-16070.0,1486,25.40682888031006,11
-15029.0,-13699.0,-15071.0,1488,25.45303177833557,11
-14023.0,-13172.0,-16011.0,1490,25.5016508102417,11
-14573.0,-12893.0,-15891.0,1490,25.501683950424194,11
-14962.0,-14659.0,-14552.0,1492,25.556779861450195,11
-15581.0,-14302.0,-14362.0,1492,25.556840896606445,11
-15792.0,-14462.0,-13950.0,1492,25.556845903396606,11
-13930.0,-13505.0,-15905.0,1494,25.602738857269287,11
-15386.0,-14670.0,-14122.0,1495,25.621846914291382,11
-14716.0,-12775.0,-15865.0,1495,25.621885776519775,11
-15729.0,-13530.0,-14463.0,1496,25.63819980621338,11
-15624.0,-14418.0,-14243.0,1496,25.63825488090515,11
-13982.0,-13996.0,-15586.0,1499,25.699424982070923,11
-15140.0,-14165.0,-14714.0,1502,25.758847951889038,11
-14779.0,-14435.0,-14858.0,1505,25.79620599746704,11
-14131.0,-14659.0,-15080.0,1510,25.869780778884888,11
-14575.0,-13525.0,-15530.0,1522,26.075207948684692,11
-14990.0,-13739.0,-15077.0,1522,26.075251817703247,11
-13970.0,-13245.0,-16093.0,1526,26.125423908233643,11
-14722.0,-13487.0,-15408.0,1526,26.125446796417236,11
-14053.0,-12626.0,-16399.0,1526,26.125468969345093,11
-14120.0,-14229.0,-15385.0,1528,26.152244806289673,11
-12936.0,-13813.0,-16330.0,1536,26.2477548122406,11
-14103.0,-14553.0,-15164.0,1546,26.33022689819336,11
-13413.0,-13303.0,-16376.0,1546,26.33026099205017,11
-12515.0,-14838.0,-15828.0,1546,26.33027696609497,11
-12237.0,-14512.0,-16113.0,1546,26.33028292655945,11
-12605.0,-13840.0,-16439.0,1546,26.330288887023926,11
-13250.0,-13313.0,-16427.0,1547,26.363523960113525,11
-12916.0,-16512.0,-13933.0,1548,26.38642978668213,11
-14375.0,-14328.0,-15161.0,1548,26.38648796081543,11
-14006.0,-14251.0,-15410.0,1550,26.42086100578308,11
-14228.0,-14366.0,-15283.0,1552,26.453938007354736,11
-14237.0,-14104.0,-15308.0,1552,26.453954935073853,11
-12548.0,-16237.0,-14610.0,1554,26.48257088661194,11
-13388.0,-15052.0,-15269.0,1554,26.482638835906982,11
-13062.0,-14731.0,-15667.0,1554,26.48266100883484,11
-14072.0,-13959.0,-15561.0,1554,26.482671976089478,11
-14020.0,-14338.0,-15367.0,1556,26.509493827819824,11
-13940.0,-14811.0,-15099.0,1556,26.509504795074463,11
-13924.0,-14484.0,-15351.0,1558,26.538663864135742,11
-14262.0,-14852.0,-14883.0,1559,26.550962924957275,11
-12957.0,-14746.0,-15828.0,1560,26.56415295600891,11
-13521.0,-14790.0,-15445.0,1560,26.564157962799072,11
-13709.0,-14988.0,-15143.0,1560,26.564196825027466,11
-14185.0,-13962.0,-15466.0,1562,26.59346890449524,11
-14338.0,-16219.0,-13555.0,1566,26.64108681678772,11
-14484.0,-14319.0,-15070.0,1579,26.770590782165527,11
-13741.0,-14929.0,-15164.0,1584,26.83467984199524,11
-14059.0,-13985.0,-15459.0,1588,26.870097875595093,11
-15091.0,-14940.0,-14213.0,1594,26.909042835235596,11
-14365.0,-14692.0,-14940.0,1597,26.929029941558838,11
-13989.0,-13860.0,-15636.0,1602,26.957708835601807,11
-13754.0,-16106.0,-14160.0,1610,27.009811878204346,11
-13541.0,-16258.0,-14114.0,1610,27.009817838668823,11
-12872.0,-16444.0,-14195.0,1613,27.072783946990967,11
-14215.0,-15590.0,-14306.0,1627,27.272727966308594,11
-13907.0,-15609.0,-14568.0,1628,27.28416395187378,11
-13491.0,-15897.0,-14613.0,1629,27.29369592666626,11
-13469.0,-15332.0,-15039.0,1637,27.349655866622925,11
-13132.0,-15921.0,-14756.0,1646,27.438325881958008,11
-13248.0,-15926.0,-14721.0,1646,27.43833088874817,11
-12704.0,-15344.0,-15472.0,1648,27.45874786376953,11
-12462.0,-15421.0,-15609.0,1652,27.48479390144348,11
-12925.0,-15246.0,-15416.0,1653,27.490890979766846,11
-13932.0,-15357.0,-14708.0,1656,27.506922960281372,11
-12870.0,-14417.0,-15874.0,1674,27.639709949493408,11
-13392.0,-15156.0,-15128.0,1676,27.654891967773438,11
-14190.0,-14855.0,-14913.0,1696,27.785279989242554,11
-14188.0,-16308.0,-13360.0,1744,28.192227840423584,11
-13588.0,-16506.0,-13672.0,1744,28.192238807678223,11
-14521.0,-14504.0,-14961.0,1766,28.43415093421936,11
-13469.0,-15211.0,-15105.0,1790,28.58204197883606,11
-13547.0,-15936.0,-14515.0,1792,28.60590887069702,11
-13108.0,-16265.0,-14445.0,1793,28.617713928222656,11
-14451.0,-14584.0,-14984.0,1816,28.891908884048462,11
-14333.0,-15622.0,-14305.0,1830,28.984778881072998,11
-14484.0,-13636.0,-15536.0,1847,29.06220579147339,11
-14322.0,-14053.0,-15427.0,1847,29.0622398853302,11
-14398.0,-14325.0,-15078.0,1848,29.075286865234375,11
-13419.0,-15546.0,-14887.0,1852,29.104846000671387,11
-14313.0,-11057.0,-16748.0,1936,29.610777854919434,12
-15520.0,-11424.0,-15425.0,1936,29.610883951187134,12
-11813.0,-13416.0,-16833.0,1937,29.663461923599243,12
-14080.0,-11419.0,-16770.0,1937,29.663511991500854,12
-12323.0,-13718.0,-16571.0,1939,29.749030828475952,12
-12070.0,-13535.0,-16705.0,1944,29.929134845733643,12
-13673.0,-12568.0,-16477.0,1957,30.320467948913574,12
-12961.0,-16843.0,-13153.0,1967,30.571618795394897,12
-11596.0,-14549.0,-16339.0,1967,30.571688890457153,12
-11724.0,-14418.0,-16364.0,1974,30.753902912139893,12
-11508.0,-15100.0,-15987.0,1977,30.822954893112183,12
-11551.0,-16220.0,-15007.0,1979,30.859474897384644,12
-12198.0,-14377.0,-16213.0,1986,30.989633798599243,12
-12309.0,-14868.0,-15907.0,1986,30.98964500427246,12
-12344.0,-14651.0,-16069.0,2000,31.307637929916382,12
-13332.0,-13949.0,-15941.0,2006,31.45687198638916,12
-13473.0,-14079.0,-15756.0,2045,32.10911297798157,12
-13526.0,-14356.0,-15603.0,2052,32.175121784210205,12
-14454.0,-11942.0,-16323.0,2060,32.26501989364624,12
-13067.0,-16847.0,-13004.0,2072,32.56321692466736,12
-11935.0,-16509.0,-14405.0,2072,32.56324601173401,12
-12632.0,-16095.0,-14794.0,2079,32.69249081611633,12
-11704.0,-15698.0,-15640.0,2082,32.74734091758728,12
-12235.0,-16038.0,-15011.0,2082,32.74735188484192,12
-11462.0,-15438.0,-15792.0,2083,32.83889198303223,12
-12747.0,-13844.0,-16291.0,2089,32.93182897567749,12
-13527.0,-13280.0,-16227.0,2091,32.9694287776947,12
-12167.0,-15331.0,-15701.0,2198,34.62194800376892,12
-12621.0,-14284.0,-16105.0,2199,34.64515495300293,12
-12987.0,-14957.0,-15465.0,2202,34.72180700302124,12
-12986.0,-14710.0,-15672.0,2217,34.93552899360657,12
-16034.0,-12709.0,-14594.0,2248,35.29539179801941,12
-16058.0,-13669.0,-14091.0,2252,35.36765384674072,12
-13821.0,-13491.0,-15940.0,2323,36.39106297492981,12
-15306.0,-13189.0,-15156.0,2346,36.82150888442993,12
-15233.0,-13764.0,-14784.0,2518,38.96201491355896,12
-14053.0,-13987.0,-15493.0,2520,38.98938584327698,12
-13922.0,-14311.0,-15383.0,2520,38.98939394950867,12
-15299.0,-13819.0,-14684.0,2573,39.51832580566406,12
-14832.0,-13086.0,-15476.0,2675,40.418038845062256,12
-14981.0,-13124.0,-15453.0,2678,40.4745888710022,12
-14728.0,-12760.0,-15800.0,2682,40.53824782371521,12
-15494.0,-12931.0,-15158.0,2683,40.560813903808594,12
-15525.0,-14788.0,-14046.0,2688,40.726380825042725,12
-15601.0,-13720.0,-14688.0,2692,40.78424096107483,12
-15405.0,-13404.0,-15092.0,2692,40.784262895584106,12
-15377.0,-13462.0,-15021.0,2693,40.80207681655884,12
-15068.0,-13681.0,-15140.0,2693,40.80210494995117,12
-14834.0,-15327.0,-14154.0,2712,41.0847589969635,12
-13166.0,-14245.0,-15873.0,2720,41.193607807159424,12
-13768.0,-13919.0,-15770.0,2724,41.22159481048584,12
-14057.0,-13969.0,-15544.0,2725,41.22845387458801,12
-13398.0,-12192.0,-16915.0,2730,41.28055286407471,12
-13385.0,-11958.0,-16931.0,2731,41.310226917266846,12
-13376.0,-12220.0,-16906.0,2731,41.31028389930725,12
-13049.0,-12135.0,-17106.0,2732,41.33039379119873,12
-14120.0,-14450.0,-15176.0,2750,41.591909885406494,12
-13194.0,-13347.0,-16389.0,2760,41.67120289802551,12
-12957.0,-13922.0,-16157.0,2769,41.76774787902832,12
-13843.0,-13321.0,-16040.0,2777,41.835795879364014,12
-12486.0,-16400.0,-14438.0,2793,41.947529792785645,12
-12909.0,-14401.0,-15911.0,2793,41.947683811187744,12
-13260.0,-13784.0,-16159.0,2794,41.96769690513611,12
-13963.0,-13024.0,-16256.0,2795,41.99108099937439,12
-14178.0,-14231.0,-15300.0,2803,42.100549936294556,12
-13738.0,-14556.0,-15386.0,2804,42.11022400856018,12
-13052.0,-14300.0,-15937.0,2808,42.14871287345886,12
-13800.0,-14487.0,-15347.0,2814,42.206214904785156,12
-13223.0,-14268.0,-15859.0,2814,42.20624279975891,12
-13524.0,-14644.0,-15483.0,2814,42.20624780654907,12
-13510.0,-14610.0,-15568.0,2818,42.24443483352661,12
-13274.0,-14893.0,-15405.0,2821,42.26683282852173,12
-13660.0,-15637.0,-14652.0,2826,42.315624952316284,12
-14758.0,-15727.0,-13805.0,2911,42.99769377708435,12
-12803.0,-16345.0,-14335.0,2937,43.333948850631714,12
-14657.0,-15509.0,-14188.0,2938,43.351008892059326,12
-14607.0,-15729.0,-14065.0,2938,43.35102081298828,12
-13931.0,-15790.0,-14444.0,2939,43.36326599121094,12
-12993.0,-14800.0,-15631.0,2956,43.48364281654358,12
-14013.0,-15224.0,-14805.0,2958,43.49511480331421,12
-12402.0,-14964.0,-15811.0,2966,43.53161883354187,12
-13011.0,-14933.0,-15518.0,2972,43.59503388404846,12
-14019.0,-15274.0,-14710.0,2974,43.611987829208374,12
-12725.0,-15264.0,-15507.0,2988,43.73996686935425,12
-12458.0,-14982.0,-15796.0,2990,43.74916386604309,12
-12799.0,-15457.0,-15352.0,2992,43.759899854660034,12
-13460.0,-15440.0,-14996.0,2994,43.76841187477112,12
-12773.0,-16553.0,-14187.0,3128,44.85755395889282,12
-14711.0,-15169.0,-14338.0,3168,45.228511810302734,12
-13417.0,-15441.0,-14944.0,3212,45.487825870513916,12
-14336.0,-15402.0,-14373.0,3272,45.918842792510986,12
-13928.0,-15502.0,-14647.0,3300,46.08400082588196,12
-15947.0,-13579.0,-14401.0,3335,46.33775281906128,12
-14063.0,-11704.0,-16683.0,3398,46.744409799575806,13
-12583.0,-12609.0,-17074.0,3398,46.74451398849487,13
-12937.0,-11666.0,-17241.0,3399,46.79701089859009,13
-12686.0,-12336.0,-17131.0,3399,46.7970449924469,13
-13165.0,-11868.0,-17097.0,3399,46.79711699485779,13
-11753.0,-12917.0,-17197.0,3399,46.79721188545227,13
-14216.0,-11309.0,-16665.0,3401,46.91796278953552,13
-13175.0,-11664.0,-17133.0,3423,47.60624289512634,13
-11306.0,-15438.0,-15802.0,3444,48.08523488044739,13
-11094.0,-14799.0,-16368.0,3444,48.08524799346924,13
-11737.0,-14700.0,-16149.0,3444,48.085306882858276,13
-11193.0,-15459.0,-15724.0,3460,48.54692482948303,13
-11787.0,-14185.0,-16413.0,3461,48.576268911361694,13
-12034.0,-14082.0,-16453.0,3464,48.639835834503174,13
-11735.0,-15525.0,-15689.0,3486,49.024430990219116,13
-12877.0,-13369.0,-16507.0,3508,49.46549892425537,13
-12603.0,-14094.0,-16251.0,3508,49.46550488471985,13
-13681.0,-13172.0,-16191.0,3561,50.374852895736694,13
-12861.0,-14413.0,-15895.0,3582,50.650521993637085,13
-12752.0,-14021.0,-16249.0,3583,50.66706585884094,13
-13955.0,-15440.0,-14574.0,3607,50.90899682044983,13
-12842.0,-12935.0,-16691.0,3612,51.03349781036377,13
-13148.0,-12814.0,-16667.0,3613,51.0579788684845,13
-12041.0,-15528.0,-15589.0,3650,51.838634967803955,13
-12897.0,-14828.0,-15583.0,3671,52.138375997543335,13
-14025.0,-14569.0,-15167.0,3672,52.156363010406494,13
-14110.0,-14275.0,-15294.0,3678,52.236652851104736,13
-12674.0,-13319.0,-16626.0,3765,53.323030948638916,13
-14215.0,-12598.0,-16192.0,3773,53.49333596229553,13
-14801.0,-13159.0,-15453.0,3778,53.608574867248535,13
-14176.0,-12185.0,-16374.0,3787,53.75661087036133,13
-14843.0,-12953.0,-15513.0,3790,53.82209396362305,13
-12078.0,-14485.0,-16228.0,3836,54.50278091430664,13
-13554.0,-13056.0,-16346.0,3970,56.17424392700195,13
-15474.0,-12686.0,-15160.0,4034,57.26150584220886,13
-15106.0,-12959.0,-15346.0,4034,57.26153492927551,13
-14062.0,-13750.0,-15658.0,4148,58.65912199020386,13
-14074.0,-13683.0,-15669.0,4254,59.79388880729675,13
-14074.0,-13259.0,-15878.0,4443,61.21877479553223,13
-14253.0,-12103.0,-16385.0,4443,61.21878695487976,13
-14004.0,-13312.0,-15906.0,4459,61.591678857803345,13
-15804.0,-13608.0,-14427.0,4480,61.938944816589355,13
-14312.0,-14501.0,-15019.0,4482,61.97718381881714,13
-14706.0,-13626.0,-15360.0,4492,62.09444284439087,13
-15573.0,-12901.0,-15096.0,4492,62.0944550037384,13
-15205.0,-13174.0,-15282.0,4492,62.094483852386475,13
-14603.0,-13971.0,-15190.0,4493,62.11214780807495,13
-14184.0,-14086.0,-15386.0,4524,62.54341697692871,13
-12991.0,-14407.0,-15855.0,4537,62.67116379737854,13
-14452.0,-11888.0,-16489.0,4560,62.83950591087341,13
-13782.0,-12198.0,-16606.0,4561,62.864911794662476,13
-12653.0,-13483.0,-16620.0,4566,62.954375982284546,13
-13301.0,-13069.0,-16519.0,4569,62.98566293716431,13
-13931.0,-13835.0,-15694.0,4590,63.237305879592896,13
-13848.0,-14454.0,-15388.0,4592,63.25629687309265,13
-13962.0,-13052.0,-16163.0,4596,63.2784149646759,13
-14206.0,-12478.0,-16245.0,4597,63.28844594955444,13
-14496.0,-13087.0,-15833.0,4600,63.40906286239624,13
-12814.0,-14069.0,-16171.0,4637,63.702982902526855,13
-13284.0,-13576.0,-16280.0,4646,63.75041484832764,13
-13311.0,-14796.0,-15437.0,4671,63.913147926330566,13
-13236.0,-15217.0,-15219.0,4672,63.93751287460327,13
-14225.0,-13344.0,-15869.0,4674,63.98158288002014,13
-14011.0,-14261.0,-15373.0,4674,63.98161578178406,13
-13645.0,-13371.0,-16216.0,4674,63.981621980667114,13
-13980.0,-14270.0,-15372.0,4678,64.03803992271423,13
-12640.0,-14651.0,-15947.0,4690,64.16982698440552,13
-13260.0,-15783.0,-14766.0,4707,64.32572889328003,13
-12835.0,-15002.0,-15669.0,4727,64.45875978469849,13
-14813.0,-13694.0,-15275.0,4773,64.79484486579895,13
-14549.0,-15207.0,-14487.0,4817,65.07787799835205,13
-12773.0,-16189.0,-14612.0,4852,65.32228994369507,13
-13228.0,-14774.0,-15511.0,4927,66.00563597679138,13
-12234.0,-15252.0,-15759.0,4984,66.4602599143982,13
-14352.0,-16207.0,-13078.0,5142,67.5920729637146,13
-14776.0,-13865.0,-15157.0,5212,68.11048483848572,13
-14813.0,-13837.0,-15136.0,5343,68.96365284919739,13
-14203.0,-14113.0,-15341.0,5343,68.96367597579956,13
-14029.0,-14678.0,-15113.0,5343,68.96369194984436,13
-11969.0,-13551.0,-16704.0,5440,69.54098677635193,14
-13410.0,-11576.0,-17083.0,5441,69.58804488182068,14
-13175.0,-11786.0,-17034.0,5442,69.63210391998291,14
-11744.0,-12941.0,-17171.0,5442,69.6321439743042,14
-15068.0,-11140.0,-16087.0,5444,69.72182178497314,14
-14967.0,-11496.0,-16027.0,5445,69.75748181343079,14
-11886.0,-14170.0,-16398.0,5469,70.47530579566956,14
-12500.0,-13228.0,-16768.0,5469,70.47532296180725,14
-12317.0,-13432.0,-16745.0,5469,70.47533082962036,14
-12773.0,-11905.0,-17165.0,5479,70.68544387817383,14
-14125.0,-12196.0,-16362.0,5481,70.73775291442871,14
-12265.0,-15954.0,-15111.0,5558,72.25162887573242,14
-11952.0,-15400.0,-15694.0,5568,72.41466879844666,14
-11720.0,-14734.0,-16209.0,5569,72.43299078941345,14
-11765.0,-13874.0,-16669.0,5598,72.93206286430359,14
-12178.0,-14288.0,-16322.0,5598,72.9321608543396,14
-12841.0,-14259.0,-15983.0,5648,73.88239884376526,14
-11847.0,-13531.0,-16760.0,5749,75.04914999008179,14
-12965.0,-13018.0,-16644.0,5749,75.04921078681946,14
-11842.0,-14911.0,-16015.0,5802,75.85981297492981,14
-13758.0,-14689.0,-15250.0,5848,76.48223280906677,14
-12199.0,-13733.0,-16523.0,5948,77.77072501182556,14
-12511.0,-13989.0,-16296.0,5955,77.90275979042053,14
-15509.0,-11959.0,-15455.0,5991,78.51622200012207,14
-14838.0,-12789.0,-15651.0,6206,81.12058997154236,14
-15012.0,-12697.0,-15571.0,6206,81.120600938797,14
-13934.0,-12350.0,-16546.0,6207,81.14650988578796,14
-14107.0,-16360.0,-13156.0,6428,84.03373789787292,14
-13052.0,-15444.0,-15179.0,6450,84.27233481407166,14
-16121.0,-13596.0,-13849.0,6760,87.25446081161499,14
-15837.0,-13431.0,-14433.0,6760,87.25447177886963,14
-15330.0,-13926.0,-14658.0,6767,87.36210894584656,14
-13729.0,-13506.0,-15952.0,6770,87.40080189704895,14
-15882.0,-13730.0,-14178.0,6774,87.45015001296997,14
-15131.0,-13870.0,-14946.0,6776,87.47924995422363,14
-15830.0,-13349.0,-14482.0,6798,87.77212381362915,14
-14676.0,-13542.0,-15381.0,6798,87.7721529006958,14
-14987.0,-13804.0,-15089.0,6800,87.79219079017639,14
-15355.0,-14213.0,-14505.0,6802,87.80714797973633,14
-14113.0,-13672.0,-15696.0,6824,87.96436882019043,14
-13783.0,-12193.0,-16763.0,6904,88.66800093650818,14
-13349.0,-13337.0,-16293.0,6904,88.6681878566742,14
-14457.0,-13105.0,-15764.0,6906,88.7427728176117,14
-13997.0,-12923.0,-16192.0,6907,88.75796580314636,14
-12975.0,-12730.0,-16826.0,6916,88.90507793426514,14
-13850.0,-13538.0,-15902.0,6941,89.29024887084961,14
-13961.0,-13313.0,-15994.0,6946,89.33532691001892,14
-12805.0,-14093.0,-16145.0,7026,89.95752000808716,14
-12621.0,-13743.0,-16462.0,7065,90.15710878372192,14
-13383.0,-13825.0,-16076.0,7065,90.15711498260498,14
-14242.0,-12721.0,-16158.0,7072,90.26976490020752,14
-14118.0,-12891.0,-16165.0,7072,90.26981496810913,14
-13726.0,-13796.0,-15947.0,7076,90.325434923172,14
-13635.0,-14222.0,-15711.0,7078,90.3451988697052,14
-12951.0,-16451.0,-14055.0,7094,90.52479982376099,14
-12826.0,-15026.0,-15643.0,7170,91.05583000183105,14
-14694.0,-14067.0,-15145.0,7294,91.85434198379517,14
-12628.0,-15728.0,-15095.0,7432,92.90207982063293,14
-12539.0,-14889.0,-15811.0,7442,92.99181079864502,14
-15168.0,-13628.0,-14971.0,7634,94.15689086914062,14
-13853.0,-16571.0,-13061.0,7644,94.21417880058289,14
-14842.0,-12850.0,-15644.0,7838,95.50048589706421,14
-13839.0,-13733.0,-15842.0,7838,95.50051999092102,14
-14195.0,-13399.0,-15790.0,7838,95.50053691864014,14
-12153.0,-12916.0,-17011.0,7920,95.98232197761536,15
-14231.0,-11199.0,-16700.0,7920,95.98264288902283,15
-11136.0,-15338.0,-15924.0,8032,98.60657978057861,15
-11928.0,-16342.0,-14753.0,8050,99.14857387542725,15
-11102.0,-15455.0,-15736.0,8064,99.39137387275696,15
-12166.0,-14945.0,-15891.0,8076,99.58472800254822,15
-11828.0,-14645.0,-16124.0,8096,99.77903580665588,15
-12003.0,-14632.0,-16136.0,8101,99.87285590171814,15
-12812.0,-13092.0,-16710.0,8141,100.47859382629395,15
-12106.0,-14730.0,-16055.0,8146,100.59721493721008,15
-11877.0,-14472.0,-16290.0,8149,100.66487383842468,15
-12726.0,-12911.0,-16793.0,8316,102.68344187736511,15
-12821.0,-12548.0,-16889.0,8578,105.8729739189148,15
-11783.0,-15517.0,-15661.0,8712,107.82331681251526,15
-14881.0,-11938.0,-16004.0,8850,109.42098498344421,15
-14561.0,-12470.0,-15985.0,8965,110.93483090400696,15
-13239.0,-12705.0,-16707.0,9037,111.64321899414062,15
-12804.0,-13921.0,-16234.0,9079,112.0671899318695,15
-15910.0,-13656.0,-14187.0,9255,113.54260396957397,15
-13793.0,-12947.0,-16304.0,9368,115.05883693695068,15
-15307.0,-13228.0,-15103.0,9400,115.47566080093384,15
-15315.0,-14163.0,-14544.0,9422,115.73277497291565,15
-15109.0,-14621.0,-14430.0,9424,115.75448393821716,15
-14197.0,-11829.0,-16545.0,9591,117.057363986969,15
-13583.0,-13119.0,-16290.0,9592,117.07407784461975,15
-13229.0,-12753.0,-16642.0,9607,117.2889838218689,15
-12406.0,-13586.0,-16580.0,9610,117.32974195480347,15
-13800.0,-12500.0,-16545.0,9681,117.99940991401672,15
-13881.0,-13663.0,-15856.0,9786,118.85067582130432,15
-14022.0,-13723.0,-15659.0,9789,118.88791990280151,15
-13485.0,-14231.0,-15665.0,9791,118.90627598762512,15
-13730.0,-14645.0,-15272.0,9860,119.57323098182678,15
-14741.0,-13425.0,-15331.0,10004,120.32571291923523,15
-12678.0,-16532.0,-14216.0,10124,121.4105429649353,15
-14142.0,-13472.0,-15872.0,10576,123.91292381286621,15
-12336.0,-12859.0,-16953.0,10692,126.42479395866394,16
-13428.0,-11790.0,-16987.0,10712,126.7190887928009,16
-11796.0,-15422.0,-15706.0,10865,129.21353888511658,16
-13566.0,-12316.0,-16739.0,10911,130.01928091049194,16
-11641.0,-16189.0,-15004.0,10922,130.19189977645874,16
-12115.0,-14592.0,-16083.0,10924,130.23995780944824,16
-11935.0,-13974.0,-16547.0,10924,130.23998594284058,16
-11728.0,-14764.0,-16117.0,10924,130.23999190330505,16
-11737.0,-14740.0,-16143.0,10926,130.28603100776672,16
-12582.0,-13313.0,-16632.0,10926,130.28608083724976,16
-12132.0,-14624.0,-16077.0,10926,130.28612685203552,16
-14152.0,-12630.0,-16159.0,10954,130.68180394172668,16
-12003.0,-13463.0,-16777.0,11132,132.71872997283936,16
-12882.0,-12843.0,-16810.0,11132,132.71873593330383,16
-12313.0,-14869.0,-15876.0,11209,133.7017698287964,16
-12258.0,-15103.0,-15764.0,11538,137.1599519252777,16
-14416.0,-12919.0,-15860.0,12124,143.15179991722107,16
-14717.0,-13334.0,-15458.0,12202,144.0098009109497,16
-15447.0,-14291.0,-14403.0,12229,144.23998188972473,16
-14040.0,-14377.0,-15266.0,12268,144.58655285835266,16
-14625.0,-13220.0,-15706.0,12276,144.67587685585022,16
-13799.0,-12295.0,-16565.0,12398,145.53995895385742,16
-13432.0,-12718.0,-16599.0,12400,145.57944583892822,16
-14129.0,-13862.0,-15552.0,12612,147.34300184249878,16
-13094.0,-14312.0,-15850.0,12620,147.42902994155884,16
-12768.0,-14091.0,-16192.0,13106,150.6319398880005,16
-13430.0,-14391.0,-15634.0,13151,150.89541387557983,16
-11445.0,-13534.0,-16791.0,13230,151.81881880760193,17
-11920.0,-13120.0,-16894.0,13230,151.81887483596802,17
-11682.0,-13000.0,-17101.0,13235,151.95937085151672,17
-12561.0,-12380.0,-17134.0,13235,151.95942783355713,17
-11840.0,-13636.0,-16769.0,13306,153.63087797164917,17
-11921.0,-15277.0,-15800.0,13503,156.6428098678589,17
-12633.0,-12897.0,-16805.0,13548,157.2434527873993,17
-12791.0,-13973.0,-16202.0,13602,157.96795892715454,17
-14307.0,-11954.0,-16390.0,13771,159.51319694519043,17
-12231.0,-13345.0,-16800.0,13772,159.54999899864197,17
-12666.0,-13419.0,-16560.0,13898,161.05597400665283,17
-13638.0,-12717.0,-16492.0,14068,162.69959783554077,17
-15872.0,-15080.0,-12524.0,14226,164.21386289596558,17
-15303.0,-11775.0,-15750.0,14272,164.91121697425842,17
-15147.0,-12784.0,-15405.0,14366,165.82375288009644,17
-13802.0,-12685.0,-16329.0,14670,168.5640947818756,17
-14301.0,-12233.0,-16251.0,14670,168.56410098075867,17
-14769.0,-12423.0,-15852.0,14670,168.56410694122314,17
-14535.0,-12991.0,-15815.0,14696,168.85777187347412,17
-15134.0,-12738.0,-15500.0,14717,169.0343518257141,17
-14769.0,-13209.0,-15487.0,14734,169.22579884529114,17
-15469.0,-13540.0,-14919.0,14788,169.71334195137024,17
-14108.0,-12076.0,-16446.0,14945,170.6268219947815,17
-13963.0,-12397.0,-16508.0,14960,170.81137585639954,17
-13006.0,-13330.0,-16519.0,15100,171.87993097305298,17
-12479.0,-16138.0,-14750.0,15230,172.9443860054016,17
-12337.0,-13493.0,-16662.0,15744,178.81542992591858,18
-12395.0,-16739.0,-13800.0,15772,179.20071387290955,18
-11806.0,-16603.0,-14283.0,15772,179.20073080062866,18
-12545.0,-14811.0,-15819.0,16113,183.055517911911,18
-14310.0,-12263.0,-16188.0,16169,183.7220687866211,18
-12863.0,-13868.0,-16189.0,16272,184.61546683311462,18
-15081.0,-11969.0,-15858.0,16580,187.86468482017517,18
-14940.0,-11719.0,-16111.0,16580,187.86468982696533,18
-14640.0,-12368.0,-16038.0,16581,187.88060092926025,18
-15091.0,-12045.0,-15830.0,16581,187.88060688972473,18
-15156.0,-12902.0,-15330.0,16888,190.55728888511658,18
-12888.0,-13468.0,-16413.0,17222,193.33729481697083,18
-12537.0,-13785.0,-16464.0,17256,193.55346488952637,18
-14134.0,-13770.0,-15633.0,17322,194.18876695632935,18
-14589.0,-11220.0,-16367.0,17609,195.87874293327332,19
-15540.0,-11360.0,-15471.0,17694,197.88751077651978,19
-13638.0,-16763.0,-12361.0,17841,199.99540495872498,19
-15813.0,-13676.0,-14231.0,18858,209.9673478603363,19
-14852.0,-12590.0,-15793.0,18874,210.09378480911255,19
-13601.0,-11887.0,-16804.0,19401,214.40789985656738,20
-13465.0,-16794.0,-12460.0,19597,217.06030893325806,20
-12516.0,-13975.0,-16288.0,20311,223.60891795158386,20
-12620.0,-13166.0,-16770.0,20624,226.0493369102478,20
-13701.0,-12285.0,-16609.0,21570,235.25697588920593,21
-12157.0,-13355.0,-16824.0,22066,239.62382793426514,22
-15832.0,-13580.0,-14234.0,22586,244.15319085121155,22
-14077.0,-11945.0,-16541.0,24848,262.8445568084717,26
-12419.0,-12240.0,-17259.0,24887,263.22578287124634,27
