z1,z2,z3,node,time,depth
-51.0,-61.0,-61.0,1,0.003056049346923828,1
-43.0,-45.0,-68.0,1,0.003061056137084961,1
-61.0,-57.0,-56.0,2,0.005858182907104492,2
-57.0,-47.0,-66.0,5,0.013671159744262695,3
-63.0,-51.0,-56.0,14,0.03427314758300781,4
-59.0,-53.0,-63.0,14,0.03427410125732422,4
-61.0,-54.0,-59.0,51,0.09462809562683105,6
-55.0,-54.0,-62.0,398,0.394733190536499,10
-57.0,-57.0,-59.0,629,0.5201621055603027,12
-61.0,-52.0,-62.0,658,0.533851146697998,13
-59.0,-58.0,-57.0,708,0.5559530258178711,13
-63.0,-49.0,-59.0,722,0.5622270107269287,14
-41.0,-52.0,-64.0,724,0.5629251003265381,14
-45.0,-50.0,-64.0,728,0.5643761157989502,14
-55.0,-59.0,-61.0,736,0.5676920413970947,14
-62.0,-55.0,-57.0,742,0.569965124130249,14
