z1,z2,z3,node,time,depth
-83.0,-92.0,-123.0,1,0.013605117797851562,1
-95.0,-90.0,-115.0,1,0.013646125793457031,1
-102.0,-81.0,-101.0,1,0.013754129409790039,1
-76.0,-76.0,-129.0,2,0.027212142944335938,2
-88.0,-91.0,-122.0,2,0.027224063873291016,2
-88.0,-90.0,-123.0,2,0.027279138565063477,2
-91.0,-72.0,-123.0,2,0.02740001678466797,2
-99.0,-88.0,-99.0,3,0.04027819633483887,2
-95.0,-75.0,-119.0,4,0.05072307586669922,3
-86.0,-78.0,-125.0,6,0.07683801651000977,3
-96.0,-76.0,-116.0,10,0.11523818969726562,4
-102.0,-83.0,-98.0,10,0.11542320251464844,4
-72.0,-88.0,-124.0,14,0.1522810459136963,4
-97.0,-91.0,-103.0,20,0.20220017433166504,5
-101.0,-84.0,-101.0,22,0.21844005584716797,5
-91.0,-78.0,-121.0,24,0.2337779998779297,5
-88.0,-94.0,-106.0,27,0.2565460205078125,5
-93.0,-81.0,-117.0,28,0.26359105110168457,5
-86.0,-93.0,-113.0,31,0.2822082042694092,5
-90.0,-91.0,-116.0,33,0.2964911460876465,6
-90.0,-92.0,-115.0,35,0.3118011951446533,6
-87.0,-95.0,-109.0,53,0.4344041347503662,6
-76.0,-83.0,-126.0,58,0.46369218826293945,6
-90.0,-75.0,-123.0,66,0.5041570663452148,7
-98.0,-81.0,-109.0,80,0.589663028717041,7
-98.0,-88.0,-103.0,80,0.5896720886230469,7
-95.0,-79.0,-116.0,81,0.5951330661773682,7
-93.0,-92.0,-101.0,87,0.6296591758728027,7
-101.0,-86.0,-98.0,87,0.6296670436859131,7
-100.0,-76.0,-108.0,90,0.6513121128082275,7
-98.0,-77.0,-112.0,95,0.677638053894043,7
-76.0,-82.0,-127.0,97,0.689453125,7
-88.0,-95.0,-105.0,104,0.7295939922332764,7
-81.0,-80.0,-127.0,117,0.7983992099761963,7
-81.0,-81.0,-126.0,117,0.7984011173248291,7
-85.0,-95.0,-112.0,123,0.8259830474853516,7
-97.0,-87.0,-106.0,130,0.8542380332946777,8
-97.0,-80.0,-112.0,134,0.873143196105957,8
-97.0,-84.0,-109.0,162,1.015740156173706,8
-99.0,-79.0,-108.0,180,1.1050000190734863,8
-99.0,-78.0,-109.0,182,1.1143131256103516,8
-100.0,-82.0,-105.0,189,1.1478540897369385,8
-81.0,-96.0,-112.0,208,1.2444770336151123,8
-92.0,-93.0,-108.0,210,1.2548000812530518,8
-86.0,-94.0,-112.0,242,1.3961820602416992,8
-98.0,-82.0,-108.0,322,1.7207560539245605,9
-93.0,-93.0,-100.0,344,1.8104331493377686,9
-92.0,-94.0,-100.0,345,1.8201680183410645,9
-90.0,-81.0,-121.0,387,1.9893980026245117,9
-84.0,-97.0,-94.0,414,2.100059986114502,9
-77.0,-98.0,-101.0,744,3.284940004348755,10
-87.0,-96.0,-105.0,749,3.3045010566711426,10
-75.0,-95.0,-118.0,771,3.380671977996826,10
-75.0,-94.0,-119.0,771,3.380674123764038,10
-80.0,-93.0,-118.0,860,3.672452211380005,10
-79.0,-82.0,-124.0,979,4.016522169113159,11
-96.0,-83.0,-110.0,1064,4.295659065246582,11
-89.0,-95.0,-89.0,1122,4.470353126525879,11
-103.0,-74.0,-92.0,1159,4.582369089126587,11
-99.0,-85.0,-105.0,1198,4.70293116569519,11
-80.0,-97.0,-112.0,1273,4.933328151702881,11
-81.0,-94.0,-114.0,1310,5.045734167098999,11
-76.0,-99.0,-93.0,1640,5.9118170738220215,12
-96.0,-85.0,-107.0,1670,6.0004801750183105,12
-92.0,-82.0,-117.0,2138,7.264486074447632,12
-87.0,-93.0,-111.0,2307,7.599045991897583,13
-98.0,-74.0,-113.0,2543,8.122444152832031,13
-103.0,-69.0,-97.0,3381,9.913686037063599,14
-80.0,-96.0,-113.0,3559,10.240500211715698,14
-63.0,-99.0,-106.0,4018,11.02687406539917,15
-70.0,-99.0,-98.0,4914,12.390077114105225,16
-96.0,-73.0,-117.0,5050,12.56836199760437,16
-91.0,-75.0,-122.0,5388,13.06926417350769,16
-88.0,-76.0,-124.0,5646,13.47996711730957,17
-97.0,-77.0,-113.0,5862,13.736478090286255,17
-98.0,-78.0,-111.0,5934,13.827892065048218,17
-61.0,-98.0,-108.0,6000,13.90863299369812,17
-92.0,-79.0,-120.0,6370,14.34260106086731,18
-69.0,-99.0,-101.0,6385,14.359028100967407,18
-71.0,-98.0,-106.0,6703,14.717377185821533,18
-86.0,-75.0,-126.0,6798,14.81951904296875,18
-96.0,-92.0,-100.0,7488,15.550134181976318,20
-103.0,-78.0,-87.0,7520,15.5813570022583,20
-103.0,-72.0,-95.0,7550,15.612855195999146,20
-94.0,-91.0,-107.0,7792,15.857975006103516,21
-93.0,-76.0,-120.0,7794,15.859971046447754,21
-89.0,-94.0,-104.0,7812,15.877210140228271,21
-91.0,-94.0,-101.0,7824,15.888365983963013,21
-99.0,-89.0,-97.0,7826,15.890355110168457,21
-95.0,-76.0,-117.0,7828,15.8924560546875,21
-97.0,-88.0,-104.0,7842,15.904573202133179,21
-97.0,-81.0,-111.0,7844,15.906630992889404,21
-83.0,-80.0,-124.0,7856,15.91844916343689,21
-93.0,-78.0,-118.0,7860,15.921831130981445,21
-73.0,-98.0,-103.0,7872,15.93336820602417,21
-79.0,-96.0,-114.0,7874,15.934957027435303,21
-79.0,-97.0,-113.0,7884,15.943652153015137,21
-86.0,-96.0,-106.0,7890,15.948543071746826,21
-77.0,-82.0,-125.0,7898,15.956346988677979,21
-74.0,-84.0,-124.0,7900,15.958264112472534,21
-70.0,-93.0,-120.0,7906,15.963993072509766,21
-82.0,-93.0,-115.0,7910,15.96809720993042,21
-83.0,-93.0,-114.0,7914,15.971553087234497,21
-90.0,-78.0,-122.0,7922,15.978470087051392,21
-84.0,-95.0,-113.0,7946,16.00149917602539,21
-92.0,-83.0,-116.0,7956,16.011439085006714,21
-90.0,-83.0,-118.0,7960,16.015177011489868,21
-76.0,-79.0,-128.0,8024,16.07579803466797,22
-90.0,-84.0,-117.0,8036,16.08512306213379,22
-82.0,-80.0,-125.0,8086,16.126456022262573,23
