z1,z2,z3,node,time,depth
-76.0,-88.0,-79.0,1,0.003615856170654297,1
-69.0,-81.0,-86.0,8,0.024678945541381836,4
-75.0,-80.0,-80.0,30,0.07055401802062988,5
-56.0,-86.0,-82.0,41,0.08399796485900879,6
-55.0,-62.0,-91.0,43,0.08722400665283203,6
-66.0,-85.0,-82.0,56,0.10673403739929199,6
-66.0,-74.0,-87.0,93,0.14612388610839844,7
-68.0,-73.0,-87.0,94,0.14737701416015625,7
-75.0,-72.0,-81.0,197,0.24736404418945312,8
-72.0,-75.0,-81.0,265,0.3007700443267822,9
-63.0,-86.0,-80.0,444,0.4275319576263428,10
-58.0,-78.0,-89.0,478,0.4459388256072998,10
-71.0,-67.0,-82.0,495,0.4561479091644287,10
-69.0,-82.0,-81.0,686,0.5678908824920654,11
-78.0,-75.0,-74.0,1122,0.7950618267059326,13
-57.0,-69.0,-90.0,1138,0.8034989833831787,13
-58.0,-92.0,-71.0,1274,0.8682529926300049,13
-64.0,-92.0,-67.0,1280,0.8705348968505859,13
-58.0,-55.0,-90.0,1334,0.8959789276123047,14
-67.0,-65.0,-88.0,1338,0.8976528644561768,14
-62.0,-82.0,-83.0,1384,0.9177119731903076,14
-81.0,-67.0,-69.0,1401,0.925501823425293,14
-78.0,-73.0,-75.0,1436,0.940903902053833,14
-70.0,-67.0,-86.0,1448,0.946246862411499,15
-66.0,-72.0,-88.0,1480,0.9605858325958252,15
-77.0,-74.0,-79.0,1508,0.9724428653717041,15
-79.0,-74.0,-74.0,1510,0.9731638431549072,15
-76.0,-66.0,-80.0,1522,0.9784488677978516,15
-64.0,-80.0,-88.0,1560,0.9985129833221436,16
-63.0,-71.0,-89.0,1562,0.9993178844451904,16
-69.0,-59.0,-87.0,1568,1.001560926437378,16
-79.0,-80.0,-68.0,1590,1.0104670524597168,16
