z1,z2,z3,node,time,depth
-4500.0,-7749.0,-3702.0,1,0.04762697219848633,1
-3675.0,-7535.0,-4996.0,1,0.04763293266296387,1
-3945.0,-7685.0,-4523.0,1,0.047638893127441406,1
-3520.0,-5273.0,-7820.0,1,0.047644853591918945,1
-7497.0,-3590.0,-5375.0,1,0.047650814056396484,1
-7616.0,-5963.0,-2102.0,1,0.047657012939453125,1
-5131.0,-6638.0,-5831.0,1,0.04766201972961426,1
-4544.0,-4318.0,-7700.0,1,0.0476689338684082,1
-7290.0,-5258.0,-4910.0,1,0.04767489433288574,1
-7043.0,-6446.0,-3596.0,1,0.04768085479736328,1
-6327.0,-6469.0,-4838.0,1,0.047685861587524414,1
-7221.0,-3501.0,-5840.0,1,0.04769182205200195,1
-7722.0,-3847.0,-4677.0,1,0.047698020935058594,1
-7808.0,-4116.0,-4234.0,1,0.04770398139953613,1
-8009.0,-4387.0,-3133.0,1,0.04770994186401367,1
-7791.0,-4747.0,-3820.0,1,0.04771590232849121,1
-7760.0,-4775.0,-3905.0,1,0.04772186279296875,1
-7552.0,-4910.0,-4524.0,1,0.04772782325744629,1
-7692.0,-5159.0,-3694.0,1,0.04773402214050293,1
-7801.0,-5458.0,-2411.0,1,0.04773998260498047,1
-7139.0,-6474.0,-3108.0,1,0.04774594306945801,1
-7327.0,-6299.0,-2773.0,1,0.04775190353393555,1
-6477.0,-7083.0,-2935.0,1,0.047757863998413086,1
-4859.0,-5876.0,-6870.0,1,0.04776287078857422,1
-6351.0,-6050.0,-5321.0,1,0.04776883125305176,1
-5352.0,-7614.0,-2920.0,1,0.0477747917175293,1
-5534.0,-7445.0,-3917.0,1,0.04778099060058594,1
-5078.0,-7703.0,-3570.0,1,0.04778695106506348,1
-4523.0,-7639.0,-4391.0,1,0.04779195785522461,1
-4754.0,-7637.0,-4187.0,1,0.04779791831970215,1
-4358.0,-7540.0,-4872.0,1,0.04780387878417969,1
-3749.0,-5651.0,-7533.0,1,0.04780888557434082,1
-3340.0,-6206.0,-7140.0,1,0.047815799713134766,1
-4442.0,-5512.0,-7506.0,1,0.0478208065032959,1
-4088.0,-7390.0,-5345.0,1,0.04782700538635254,1
-3823.0,-6787.0,-6391.0,1,0.04783296585083008,1
-3445.0,-6515.0,-6767.0,1,0.04783892631530762,1
-2521.0,-6952.0,-6196.0,1,0.047844886779785156,1
-3190.0,-6900.0,-6268.0,1,0.047850847244262695,1
-4586.0,-3804.0,-7707.0,1,0.047856807708740234,1
-3627.0,-4536.0,-8038.0,1,0.04786181449890137,1
-5518.0,-3363.0,-7309.0,1,0.047868967056274414,1
-5080.0,-3581.0,-7533.0,1,0.04787397384643555,1
-5833.0,-5461.0,-6435.0,1,0.047879934310913086,1
-7340.0,-3948.0,-5677.0,1,0.047885894775390625,1
-6806.0,-4295.0,-6108.0,1,0.047891855239868164,1
-6926.0,-5072.0,-5581.0,1,0.0478978157043457,1
-6351.0,-4378.0,-6542.0,1,0.047902822494506836,1
-7049.0,-5836.0,-4639.0,1,0.04790902137756348,1
-6693.0,-6319.0,-4475.0,1,0.047914981842041016,1
-7985.0,-4685.0,-2875.0,1,0.047920942306518555,1
-7999.0,-4612.0,-3201.0,1,0.047926902770996094,1
-7430.0,-5507.0,-4080.0,1,0.04793286323547363,1
-7231.0,-6271.0,-3261.0,1,0.04793882369995117,1
-7573.0,-5719.0,-2998.0,1,0.047943830490112305,1
-6786.0,-6851.0,-3092.0,1,0.047949790954589844,1
-6670.0,-6945.0,-2666.0,1,0.047955989837646484,1
-6398.0,-6744.0,-4196.0,1,0.04796195030212402,1
-6159.0,-6589.0,-4832.0,1,0.04796791076660156,1
-6035.0,-7292.0,-3579.0,1,0.047972917556762695,1
-5282.0,-6961.0,-5214.0,1,0.047978878021240234,1
-4979.0,-7381.0,-4738.0,1,0.04798483848571777,1
-4586.0,-6946.0,-5894.0,1,0.04799079895019531,1
-6361.0,-7177.0,-2509.0,1,0.047995805740356445,1
-6147.0,-7284.0,-2652.0,1,0.048002004623413086,1
-5919.0,-7386.0,-3153.0,1,0.048007965087890625,1
-5705.0,-7493.0,-3296.0,1,0.048013925552368164,1
-5112.0,-7222.0,-4908.0,1,0.0480198860168457,1
-5147.0,-7156.0,-4997.0,1,0.04802584648132324,1
-3806.0,-6341.0,-6960.0,1,0.048030853271484375,1
-3935.0,-6099.0,-7159.0,1,0.048036813735961914,1
-3911.0,-6650.0,-6587.0,1,0.048043012619018555,1
-4040.0,-6408.0,-6786.0,1,0.048048973083496094,1
-6367.0,-3693.0,-6736.0,1,0.04805397987365723,1
-6373.0,-3493.0,-6758.0,1,0.048059940338134766,1
-6042.0,-3993.0,-7011.0,1,0.048065900802612305,1
-6924.0,-5408.0,-5273.0,1,0.048071861267089844,1
-5369.0,-5556.0,-6798.0,1,0.04807686805725098,1
-6566.0,-6624.0,-4202.0,1,0.048082828521728516,1
-5431.0,-5719.0,-6622.0,1,0.048088788986206055,1
-5856.0,-6177.0,-5696.0,1,0.048094987869262695,1
-5995.0,-6533.0,-5157.0,1,0.048100948333740234,1
-5692.0,-6848.0,-4934.0,1,0.04810595512390137,1
-5938.0,-3984.0,-7083.0,1,0.048111915588378906,1
-6248.0,-3246.0,-6899.0,1,0.048117876052856445,1
-6144.0,-3237.0,-6971.0,1,0.048123836517333984,1
-6195.0,-3500.0,-6927.0,1,0.04812979698181152,1
-6053.0,-5727.0,-5996.0,1,0.048134803771972656,1
-6683.0,-5986.0,-5002.0,1,0.0481410026550293,1
-6714.0,-5675.0,-5281.0,1,0.048146963119506836,1
-5797.0,-5068.0,-6718.0,1,0.048152923583984375,1
-5159.0,-5041.0,-7271.0,1,0.048158884048461914,1
-5494.0,-5255.0,-6883.0,1,0.04816484451293945,1
-6932.0,-6474.0,-3839.0,1,0.04817080497741699,1
-6203.0,-7172.0,-3585.0,1,0.04817700386047363,1
-6675.0,-6659.0,-3900.0,1,0.04818296432495117,1
-5543.0,-7253.0,-4312.0,1,0.048187971115112305,1
-5827.0,-6653.0,-5151.0,1,0.048193931579589844,1
-5955.0,-7104.0,-4079.0,1,0.04819989204406738,1
-5837.0,-7025.0,-4393.0,1,0.04820585250854492,1
-7056.0,-6190.0,-3718.0,2,0.10650396347045898,2
-7424.0,-5941.0,-2937.0,2,0.10650992393493652,2
-7202.0,-5455.0,-4518.0,2,0.10651588439941406,2
-7705.0,-5430.0,-2899.0,2,0.10653495788574219,2
-6538.0,-6986.0,-2735.0,2,0.10655379295349121,2
-6826.0,-5334.0,-5399.0,2,0.10661482810974121,2
-7520.0,-5935.0,-2590.0,2,0.1066279411315918,2
-7460.0,-6079.0,-2403.0,2,0.10664081573486328,2
-6211.0,-6735.0,-4389.0,2,0.10664701461791992,2
-6005.0,-6905.0,-4399.0,2,0.10665297508239746,2
-5450.0,-6841.0,-5220.0,2,0.106658935546875,2
-6585.0,-5912.0,-5128.0,2,0.10666489601135254,2
-6229.0,-6395.0,-4964.0,2,0.10667085647583008,2
-7104.0,-4498.0,-5595.0,2,0.10667800903320312,2
-7126.0,-3962.0,-5776.0,2,0.10668396949768066,2
-7344.0,-5600.0,-3897.0,2,0.1066899299621582,2
-7304.0,-5549.0,-4100.0,2,0.10669589042663574,2
-7443.0,-4877.0,-4789.0,2,0.10670781135559082,2
-7561.0,-4395.0,-4751.0,2,0.10671401023864746,2
-7579.0,-3785.0,-4973.0,2,0.1067209243774414,2
-7583.0,-3859.0,-4932.0,2,0.10673284530639648,2
-7414.0,-3885.0,-5318.0,2,0.10673880577087402,2
-7396.0,-4495.0,-5096.0,2,0.10674500465393066,2
-7418.0,-3959.0,-5277.0,2,0.1067509651184082,2
-6653.0,-6791.0,-3126.0,2,0.10675787925720215,2
-6910.0,-6567.0,-2971.0,2,0.10676383972167969,2
-5533.0,-6101.0,-6083.0,2,0.10679483413696289,2
-5506.0,-5950.0,-6268.0,2,0.10680079460144043,2
-6413.0,-4620.0,-6346.0,2,0.10689997673034668,2
-6885.0,-4031.0,-6111.0,2,0.10690593719482422,2
-6543.0,-3157.0,-6573.0,2,0.10691285133361816,2
-6662.0,-3604.0,-6410.0,2,0.1069188117980957,2
-7529.0,-5095.0,-4206.0,2,0.10692501068115234,2
-7583.0,-5126.0,-3959.0,2,0.10693693161010742,2
-5873.0,-7373.0,-3302.0,2,0.10698390007019043,2
-6468.0,-6550.0,-4328.0,2,0.10704588890075684,2
-6285.0,-7004.0,-3430.0,2,0.10705780982971191,2
-6322.0,-6927.0,-3581.0,2,0.10706496238708496,2
-5702.0,-7325.0,-3923.0,2,0.1070709228515625,2
-4775.0,-5272.0,-7161.0,3,0.1504969596862793,2
-4819.0,-6583.0,-6094.0,3,0.15056180953979492,2
-4612.0,-6251.0,-6538.0,3,0.15057802200317383,2
-7757.0,-4946.0,-3462.0,3,0.15060186386108398,2
-5465.0,-7064.0,-4720.0,3,0.15069890022277832,2
-4186.0,-7015.0,-5572.0,3,0.15071487426757812,2
-5954.0,-5778.0,-6012.0,3,0.1507558822631836,2
-6203.0,-4392.0,-6563.0,3,0.15076398849487305,2
-6966.0,-3874.0,-6064.0,3,0.1507718563079834,2
-6847.0,-3427.0,-6227.0,3,0.1507890224456787,2
-5654.0,-7383.0,-3640.0,3,0.15090084075927734,2
-5424.0,-5449.0,-6751.0,3,0.15095281600952148,2
-5949.0,-5172.0,-6449.0,3,0.1509687900543213,2
-5985.0,-5585.0,-6172.0,3,0.1509850025177002,2
-5639.0,-7195.0,-4264.0,3,0.1510028839111328,2
-4844.0,-7223.0,-4854.0,3,0.15102696418762207,2
-6252.0,-4985.0,-6284.0,3,0.15103483200073242,2
-6610.0,-4214.0,-6326.0,3,0.15105080604553223,2
-5258.0,-7286.0,-4325.0,3,0.15105891227722168,2
-5009.0,-7322.0,-4373.0,3,0.15106701850891113,2
-4790.0,-3307.0,-7585.0,4,0.20778179168701172,3
-6226.0,-3782.0,-6718.0,4,0.20781493186950684,3
-5637.0,-5150.0,-6755.0,4,0.2078227996826172,3
-5711.0,-7133.0,-4318.0,4,0.20788002014160156,3
-5079.0,-7619.0,-3835.0,4,0.20792889595031738,3
-5583.0,-5813.0,-6294.0,4,0.20802688598632812,3
-5923.0,-5422.0,-6348.0,4,0.20803499221801758,3
-4792.0,-5739.0,-6934.0,4,0.208176851272583,3
-4339.0,-5981.0,-7015.0,4,0.20818781852722168,3
-5575.0,-3512.0,-7245.0,4,0.20819401741027832,3
-5414.0,-4723.0,-7054.0,4,0.20819997787475586,3
-6335.0,-6264.0,-4987.0,4,0.20822882652282715,3
-6896.0,-6170.0,-4071.0,4,0.2082347869873047,3
-6596.0,-5933.0,-5004.0,4,0.20824098587036133,3
-7177.0,-5507.0,-4491.0,4,0.20826387405395508,3
-5209.0,-6103.0,-6298.0,4,0.20828700065612793,3
-4756.0,-6345.0,-6379.0,4,0.20829296112060547,3
-4585.0,-5407.0,-7378.0,4,0.208298921585083,3
-5364.0,-4350.0,-7190.0,4,0.20830392837524414,3
-5125.0,-4211.0,-7349.0,4,0.20830988883972168,3
-5315.0,-7036.0,-5003.0,4,0.20831584930419922,3
-6129.0,-6434.0,-4997.0,4,0.2083449363708496,3
-3813.0,-6877.0,-5962.0,5,0.2484738826751709,3
-3847.0,-5619.0,-7487.0,5,0.24848484992980957,3
-7514.0,-5270.0,-3642.0,5,0.2485179901123047,3
-6525.0,-6378.0,-4411.0,5,0.24852395057678223,3
-4526.0,-4271.0,-7709.0,5,0.24855780601501465,3
-4313.0,-5754.0,-7307.0,5,0.24856901168823242,3
-6607.0,-4867.0,-5915.0,5,0.24859094619750977,3
-7465.0,-4341.0,-4970.0,5,0.2485969066619873,3
-5908.0,-7155.0,-3913.0,5,0.24861383438110352,3
-7813.0,-4211.0,-4001.0,5,0.2486248016357422,3
-4311.0,-6433.0,-6511.0,5,0.2486588954925537,3
-4494.0,-6746.0,-6010.0,5,0.24866390228271484,3
-7295.0,-4396.0,-5233.0,5,0.24869799613952637,3
-4730.0,-6118.0,-6671.0,5,0.24873089790344238,3
-7142.0,-5921.0,-3801.0,5,0.24877595901489258,3
-5788.0,-6035.0,-5872.0,6,0.29555296897888184,3
-5328.0,-6188.0,-6131.0,6,0.29566478729248047,3
-5567.0,-5344.0,-6623.0,6,0.2956819534301758,3
-5078.0,-6985.0,-5161.0,6,0.2957148551940918,3
-7243.0,-4876.0,-5217.0,6,0.29572582244873047,3
-7475.0,-4126.0,-5194.0,6,0.2957489490509033,3
-6092.0,-5067.0,-6321.0,6,0.29577088356018066,3
-6343.0,-4814.0,-6214.0,6,0.2957758903503418,3
-7060.0,-5857.0,-4515.0,6,0.2958259582519531,3
-6799.0,-6188.0,-4498.0,6,0.29583191871643066,3
-6517.0,-6125.0,-4981.0,6,0.295853853225708,3
-6192.0,-6664.0,-4621.0,6,0.2958660125732422,3
-7199.0,-4037.0,-5659.0,6,0.2958710193634033,3
-6542.0,-4368.0,-6217.0,6,0.29587697982788086,3
-6066.0,-6808.0,-4515.0,6,0.29592084884643555,3
-5860.0,-6728.0,-4940.0,6,0.2959268093109131,3
-6234.0,-6688.0,-4521.0,6,0.2959318161010742,3
-6462.0,-6919.0,-3255.0,7,0.33081579208374023,3
-7574.0,-4374.0,-4705.0,7,0.33083200454711914,3
-7311.0,-5488.0,-4253.0,7,0.33086085319519043,3
-6020.0,-7128.0,-3899.0,7,0.33086585998535156,3
-6188.0,-7008.0,-3905.0,7,0.3308718204498291,3
-7192.0,-6048.0,-3557.0,7,0.33087682723999023,3
-6771.0,-6687.0,-3412.0,7,0.3308827877044678,3
-6123.0,-6984.0,-4085.0,7,0.3309049606323242,3
-7312.0,-4722.0,-5091.0,7,0.3309798240661621,3
-6685.0,-5650.0,-5310.0,7,0.33098483085632324,3
-5195.0,-6347.0,-5961.0,7,0.3310129642486572,3
-5515.0,-6598.0,-5414.0,7,0.33101892471313477,3
-6372.0,-5206.0,-6031.0,7,0.33102989196777344,3
-6288.0,-5378.0,-6001.0,7,0.331035852432251,3
-6829.0,-6282.0,-4275.0,7,0.3310689926147461,3
-6668.0,-4749.0,-5995.0,7,0.33107495307922363,3
-7142.0,-4777.0,-5354.0,7,0.33108091354370117,3
-7062.0,-4784.0,-5481.0,7,0.33109188079833984,3
-4993.0,-4242.0,-7393.0,8,0.39423584938049316,4
-5505.0,-5181.0,-6799.0,8,0.3942418098449707,4
-5266.0,-6025.0,-6307.0,8,0.3942530155181885,4
-6694.0,-5365.0,-5443.0,8,0.39429783821105957,4
-5726.0,-5872.0,-6048.0,8,0.3943037986755371,4
-6972.0,-4529.0,-5639.0,8,0.3943150043487549,4
-7079.0,-4691.0,-5460.0,8,0.3943209648132324,4
-4396.0,-7285.0,-5315.0,8,0.3943369388580322,4
-6477.0,-4732.0,-6172.0,8,0.394359827041626,4
-6281.0,-4651.0,-6390.0,8,0.3943657875061035,4
-5282.0,-4754.0,-7098.0,8,0.3943769931793213,4
-3800.0,-5202.0,-7718.0,8,0.39438796043395996,4
-4210.0,-6223.0,-6816.0,8,0.3943939208984375,4
-4757.0,-6420.0,-6270.0,8,0.39439988136291504,4
-5771.0,-7005.0,-4459.0,8,0.3944218158721924,4
-4792.0,-6913.0,-5595.0,8,0.394428014755249,4
-4627.0,-6587.0,-6180.0,8,0.39443302154541016,4
-5069.0,-6475.0,-6007.0,8,0.39444494247436523,4
-6464.0,-5964.0,-5048.0,8,0.3944718837738037,4
-6484.0,-5632.0,-5451.0,8,0.39447784423828125,4
-4029.0,-5580.0,-7431.0,8,0.3945739269256592,4
-4978.0,-5161.0,-7120.0,8,0.3945789337158203,4
-5603.0,-7125.0,-4453.0,8,0.39458489418029785,4
-5280.0,-7102.0,-4914.0,8,0.3945958614349365,4
-6697.0,-6520.0,-3731.0,8,0.3946239948272705,4
-6287.0,-6082.0,-5151.0,8,0.39464592933654785,4
-5447.0,-6490.0,-5599.0,8,0.394650936126709,4
-5962.0,-6621.0,-4791.0,8,0.39466285705566406,4
-6258.0,-6513.0,-4571.0,8,0.3946678638458252,4
-5521.0,-7351.0,-3958.0,8,0.39469099044799805,4
-5271.0,-7189.0,-4772.0,8,0.3947019577026367,4
-5630.0,-6685.0,-5110.0,8,0.39470696449279785,4
-5166.0,-6812.0,-5477.0,8,0.3947129249572754,4
-5439.0,-7069.0,-4778.0,8,0.3947179317474365,4
-4661.0,-7120.0,-5348.0,9,0.45098280906677246,4
-3818.0,-4920.0,-7647.0,9,0.4509999752044678,4
-6579.0,-6522.0,-4085.0,9,0.45110082626342773,4
-4148.0,-4895.0,-7584.0,9,0.4511568546295166,4
-4147.0,-5013.0,-7567.0,9,0.45116281509399414,4
-5701.0,-5492.0,-6479.0,10,0.49510979652404785,4
-6097.0,-6426.0,-5008.0,10,0.49513888359069824,4
-6121.0,-6007.0,-5491.0,10,0.4951779842376709,4
-5377.0,-6192.0,-6069.0,10,0.49518394470214844,4
-6106.0,-4105.0,-6837.0,10,0.49521684646606445,4
-4490.0,-4682.0,-7636.0,10,0.49523282051086426,4
-5923.0,-4866.0,-6622.0,10,0.49524497985839844,4
-5765.0,-6490.0,-5327.0,10,0.49527788162231445,4
-6453.0,-5943.0,-5172.0,10,0.4952888488769531,4
-6194.0,-6574.0,-4592.0,10,0.4952998161315918,4
-7101.0,-4155.0,-5641.0,10,0.49532198905944824,4
-5147.0,-7261.0,-4744.0,10,0.4953279495239258,4
-5488.0,-6928.0,-4915.0,10,0.4953439235687256,4
-6116.0,-3277.0,-6943.0,10,0.49537181854248047,4
-6431.0,-3805.0,-6562.0,10,0.49538397789001465,4
-6530.0,-3635.0,-6454.0,10,0.4953889846801758,4
-7033.0,-3764.0,-5850.0,10,0.4953949451446533,4
-5552.0,-4795.0,-7013.0,10,0.49539995193481445,4
-5910.0,-4024.0,-7055.0,10,0.495405912399292,4
-6235.0,-3724.0,-6780.0,10,0.4954109191894531,4
-6753.0,-4062.0,-6155.0,10,0.4954218864440918,4
-6475.0,-4898.0,-5959.0,10,0.4954338073730469,4
-6411.0,-3188.0,-6617.0,10,0.4954509735107422,4
-4835.0,-5266.0,-7248.0,10,0.49546194076538086,4
-5362.0,-5286.0,-6927.0,10,0.495466947555542,4
-6239.0,-6786.0,-4080.0,10,0.49547290802001953,4
-4206.0,-6124.0,-6884.0,11,0.5324788093566895,4
-5233.0,-5586.0,-6866.0,11,0.5325419902801514,4
-5221.0,-4455.0,-7318.0,11,0.5326359272003174,4
-5263.0,-3941.0,-7325.0,11,0.5327088832855225,4
-5757.0,-3718.0,-7151.0,11,0.5327138900756836,4
-6432.0,-6946.0,-3486.0,12,0.5704138278961182,4
-5476.0,-5980.0,-6135.0,12,0.5704538822174072,4
-4524.0,-6388.0,-6342.0,12,0.5704648494720459,4
-5463.0,-6574.0,-5512.0,12,0.5705699920654297,4
-4794.0,-7105.0,-5101.0,12,0.5705749988555908,4
-5930.0,-6841.0,-4571.0,12,0.5705859661102295,4
-6305.0,-6904.0,-3877.0,12,0.570591926574707,4
-6024.0,-6784.0,-4615.0,12,0.5706319808959961,4
-6239.0,-6777.0,-4332.0,12,0.5706369876861572,4
-6381.0,-6887.0,-3819.0,12,0.5706479549407959,4
-6834.0,-6617.0,-3354.0,13,0.6097278594970703,4
-7018.0,-6531.0,-2616.0,13,0.6097328662872314,4
-6830.0,-6706.0,-2951.0,13,0.6097438335418701,4
-6057.0,-6278.0,-5240.0,13,0.6098499298095703,4
-4697.0,-7076.0,-5222.0,13,0.6098668575286865,4
-6982.0,-6026.0,-3963.0,13,0.6099109649658203,4
-6623.0,-6706.0,-3682.0,13,0.609921932220459,4
-6723.0,-6645.0,-3597.0,13,0.6099278926849365,4
-5594.0,-5400.0,-6510.0,14,0.646852970123291,4
-7162.0,-3955.0,-5846.0,14,0.6470069885253906,4
-6286.0,-5714.0,-5693.0,14,0.6470229625701904,4
-6289.0,-5177.0,-6078.0,14,0.6470348834991455,4
-6647.0,-4406.0,-6120.0,14,0.6470458507537842,4
-6705.0,-4941.0,-5789.0,14,0.6470568180084229,4
-6712.0,-4654.0,-5950.0,14,0.647061824798584,4
-5394.0,-6894.0,-4976.0,15,0.674400806427002,4
-6311.0,-6473.0,-4571.0,15,0.674440860748291,4
-6041.0,-6861.0,-4273.0,15,0.6744468212127686,4
-6059.0,-6521.0,-4848.0,15,0.6744530200958252,4
-6329.0,-6133.0,-5146.0,15,0.6744639873504639,4
-5486.0,-6797.0,-5094.0,15,0.6744699478149414,4
-5722.0,-6169.0,-5755.0,15,0.674475908279419,4
-5756.0,-6409.0,-5392.0,15,0.6744809150695801,4
-7002.0,-3793.0,-5908.0,15,0.6744868755340576,4
-6806.0,-3712.0,-6126.0,15,0.6744928359985352,4
-6948.0,-4536.0,-5762.0,15,0.6744987964630127,4
-7246.0,-5327.0,-4489.0,16,0.7323048114776611,5
-5712.0,-5513.0,-6355.0,16,0.732353925704956,5
-7814.0,-5117.0,-2892.0,16,0.7323698997497559,5
-7388.0,-6087.0,-2640.0,16,0.7323868274688721,5
-7710.0,-5446.0,-2774.0,16,0.73260498046875,5
-4550.0,-6088.0,-6714.0,16,0.7326698303222656,5
-6247.0,-5488.0,-5731.0,16,0.73276686668396,5
-6266.0,-4980.0,-6133.0,16,0.7328228950500488,5
-4484.0,-7487.0,-4660.0,17,0.7830159664154053,5
-3682.0,-6964.0,-5921.0,17,0.7830448150634766,5
-6551.0,-6897.0,-2984.0,17,0.7830619812011719,5
-5183.0,-6765.0,-5444.0,17,0.7830958366394043,5
-4867.0,-5620.0,-6857.0,17,0.7831289768218994,5
-5743.0,-7265.0,-3749.0,17,0.7831628322601318,5
-5444.0,-7158.0,-4589.0,17,0.7831788063049316,5
-5612.0,-7038.0,-4595.0,17,0.7832188606262207,5
-5973.0,-7129.0,-3755.0,17,0.783240795135498,5
-6006.0,-7003.0,-3988.0,17,0.7832469940185547,5
-7609.0,-5436.0,-3246.0,17,0.7832748889923096,5
-5363.0,-6362.0,-5777.0,17,0.7833139896392822,5
-5644.0,-6040.0,-5899.0,17,0.7833189964294434,5
-5561.0,-6780.0,-5036.0,17,0.7833249568939209,5
-7523.0,-5592.0,-3242.0,17,0.7833688259124756,5
-7619.0,-5586.0,-2895.0,17,0.7834010124206543,5
-7364.0,-6085.0,-2750.0,17,0.783430814743042,5
-7117.0,-5973.0,-3774.0,17,0.7834429740905762,5
-6481.0,-6375.0,-4490.0,18,0.84014892578125,5
-6304.0,-6748.0,-4051.0,18,0.8401548862457275,5
-5534.0,-6941.0,-4740.0,18,0.840195894241333,5
-4973.0,-6731.0,-5637.0,18,0.8402488231658936,5
-5961.0,-6554.0,-4991.0,18,0.840364933013916,5
-4481.0,-6637.0,-6267.0,19,0.8711698055267334,5
-4678.0,-6187.0,-6567.0,19,0.8711869716644287,5
-6094.0,-6590.0,-4747.0,19,0.8711979389190674,5
-6291.0,-6140.0,-5047.0,19,0.8712430000305176,5
-4960.0,-6656.0,-5890.0,19,0.8712818622589111,5
-5533.0,-6380.0,-5644.0,19,0.8712868690490723,5
-5730.0,-5930.0,-5944.0,19,0.8713588714599609,5
-4374.0,-4836.0,-7611.0,20,0.916064977645874,5
-5104.0,-5828.0,-6667.0,20,0.9160809516906738,5
-5153.0,-3779.0,-7423.0,20,0.9162209033966064,5
-5359.0,-3032.0,-7311.0,20,0.9162259101867676,5
-5739.0,-6068.0,-5784.0,20,0.9162378311157227,5
-6073.0,-5668.0,-5773.0,20,0.9162929058074951,5
-5798.0,-5829.0,-5949.0,20,0.9162988662719727,5
-6708.0,-4064.0,-6125.0,20,0.9163157939910889,5
-5862.0,-6638.0,-4911.0,20,0.9164059162139893,5
-4482.0,-5907.0,-6887.0,21,0.9509749412536621,5
-5050.0,-6924.0,-5274.0,21,0.9509809017181396,5
-5286.0,-6296.0,-5935.0,21,0.9509859085083008,5
-6393.0,-6409.0,-4455.0,21,0.951030969619751,5
-5656.0,-6671.0,-5210.0,22,0.9805757999420166,5
-6484.0,-3611.0,-6579.0,22,0.9806368350982666,5
-6707.0,-4038.0,-6280.0,22,0.9806427955627441,5
-6781.0,-4022.0,-6183.0,22,0.9806489944458008,5
-6439.0,-3148.0,-6645.0,22,0.9806540012359619,5
-5834.0,-5260.0,-6512.0,22,0.9806928634643555,5
-6786.0,-4550.0,-5799.0,22,0.9807097911834717,5
-7022.0,-3953.0,-5848.0,22,0.9807209968566895,5
-6549.0,-5519.0,-5411.0,22,0.9807260036468506,5
-5985.0,-6037.0,-5559.0,22,0.9807319641113281,5
-6371.0,-5693.0,-5450.0,22,0.9807369709014893,5
-6366.0,-5615.0,-5549.0,22,0.9807429313659668,5
-5307.0,-4417.0,-7255.0,23,1.0066518783569336,5
-5271.0,-4828.0,-7182.0,23,1.0066578388214111,5
-5750.0,-6201.0,-5572.0,23,1.0066919326782227,5
-6100.0,-4528.0,-6680.0,23,1.006725788116455,5
-6519.0,-6859.0,-3219.0,24,1.0481159687042236,5
-6411.0,-6569.0,-4358.0,24,1.0481438636779785,5
-7318.0,-6184.0,-2994.0,24,1.0481669902801514,5
-6349.0,-6245.0,-4975.0,24,1.0481839179992676,5
-6579.0,-6449.0,-4364.0,24,1.0481948852539062,5
-6768.0,-6672.0,-3562.0,24,1.048205852508545,5
-6652.0,-6766.0,-3136.0,24,1.0482118129730225,5
-7623.0,-5253.0,-3692.0,24,1.048245906829834,5
-6945.0,-6299.0,-4001.0,24,1.0482728481292725,5
-5850.0,-6359.0,-5255.0,24,1.0483288764953613,5
-7142.0,-5849.0,-4301.0,24,1.0483958721160889,5
-7010.0,-6323.0,-3821.0,24,1.04840087890625,5
-5660.0,-6124.0,-5812.0,25,1.0900099277496338,5
-6389.0,-6214.0,-4921.0,25,1.0900208950042725,5
-6755.0,-6064.0,-4558.0,25,1.0901248455047607,5
-6087.0,-7266.0,-3159.0,26,1.1258869171142578,5
-6556.0,-6795.0,-3601.0,26,1.1259479522705078,5
-6388.0,-6915.0,-3595.0,26,1.125964879989624,5
-6734.0,-6678.0,-3439.0,26,1.126037836074829,5
-6606.0,-6329.0,-4295.0,26,1.1261157989501953,5
-5240.0,-7320.0,-4169.0,27,1.1517670154571533,5
-5907.0,-6841.0,-4651.0,27,1.151843786239624,5
-5598.0,-6905.0,-4890.0,27,1.1518778800964355,5
-6075.0,-6721.0,-4657.0,27,1.151904821395874,5
-5766.0,-6785.0,-4896.0,27,1.1519098281860352,5
-5619.0,-6638.0,-5264.0,27,1.1519157886505127,5
-5554.0,-5836.0,-6142.0,28,1.191584825515747,5
-6017.0,-4877.0,-6382.0,28,1.1916179656982422,5
-5866.0,-5891.0,-5879.0,28,1.191645860671997,5
-5992.0,-5929.0,-5725.0,28,1.1916518211364746,5
-6515.0,-6106.0,-4996.0,28,1.1916568279266357,5
-6377.0,-5255.0,-5884.0,28,1.191706895828247,5
-6183.0,-6170.0,-5315.0,28,1.1917119026184082,5
-6727.0,-5385.0,-5415.0,28,1.1917178630828857,5
-6849.0,-5588.0,-5104.0,28,1.1917228698730469,5
-6458.0,-6620.0,-4203.0,29,1.219390869140625,5
-5633.0,-6944.0,-4726.0,29,1.2194738388061523,5
-5683.0,-6478.0,-5420.0,29,1.2194960117340088,5
-6946.0,-4872.0,-5454.0,29,1.2195019721984863,5
-6843.0,-4487.0,-5902.0,29,1.2195188999176025,5
-6054.0,-6105.0,-5436.0,30,1.260118007659912,5
-5763.0,-5655.0,-6303.0,30,1.2601230144500732,5
-6600.0,-5133.0,-5784.0,30,1.2601509094238281,5
-6314.0,-4671.0,-6362.0,30,1.2601728439331055,5
-5664.0,-6506.0,-5274.0,31,1.2738759517669678,5
-5465.0,-5959.0,-6259.0,31,1.2738819122314453,5
-5438.0,-5808.0,-6444.0,31,1.2738869190216064,5
-5126.0,-5753.0,-6707.0,31,1.273892879486084,5
-5174.0,-6126.0,-6197.0,32,1.3245298862457275,6
-7085.0,-6093.0,-3718.0,32,1.324596881866455,6
-6342.0,-6300.0,-4691.0,32,1.3246819972991943,6
-6808.0,-6492.0,-3488.0,32,1.324692964553833,6
-7614.0,-5452.0,-3121.0,32,1.3246989250183105,6
-7512.0,-5414.0,-3481.0,32,1.3247039318084717,6
-7386.0,-5576.0,-3659.0,32,1.3247439861297607,6
-5779.0,-6426.0,-5280.0,32,1.3248558044433594,6
-7292.0,-6059.0,-3128.0,32,1.3248999118804932,6
-3415.0,-5920.0,-7185.0,33,1.423043966293335,6
-7391.0,-5818.0,-3162.0,33,1.4230499267578125,6
-6438.0,-6873.0,-3279.0,33,1.4231338500976562,6
-7244.0,-6015.0,-3383.0,33,1.4231398105621338,6
-5452.0,-3854.0,-7118.0,33,1.4232017993927002,6
-4621.0,-3631.0,-7537.0,33,1.423213005065918,6
-5990.0,-6910.0,-4196.0,33,1.423245906829834,6
-5823.0,-6209.0,-5518.0,33,1.4232628345489502,6
-6158.0,-6790.0,-4202.0,33,1.4233357906341553,6
-5085.0,-5382.0,-6922.0,33,1.4233579635620117,6
-5414.0,-5817.0,-6311.0,33,1.4233689308166504,6
-4463.0,-5738.0,-7001.0,33,1.423374891281128,6
-5976.0,-5976.0,-5580.0,34,1.4690608978271484,6
-7643.0,-4216.0,-4579.0,34,1.4690887928009033,6
-7651.0,-4742.0,-4170.0,34,1.4691119194030762,6
-6976.0,-6512.0,-2763.0,34,1.4691228866577148,6
-7424.0,-5619.0,-3467.0,34,1.4692919254302979,6
-6020.0,-5759.0,-5818.0,35,1.5046329498291016,6
-5736.0,-4584.0,-6720.0,35,1.504694938659668,6
-7576.0,-5313.0,-3471.0,35,1.5047118663787842,6
-5284.0,-5984.0,-6221.0,35,1.504755973815918,6
-5731.0,-5729.0,-6021.0,36,1.5434529781341553,6
-5130.0,-6055.0,-6375.0,36,1.5435538291931152,6
-5485.0,-6435.0,-5488.0,36,1.5435588359832764,6
-5586.0,-6138.0,-5768.0,36,1.5436148643493652,6
-4010.0,-5813.0,-7204.0,37,1.5766630172729492,6
-5406.0,-3836.0,-7197.0,37,1.5767219066619873,6
-5381.0,-7283.0,-4046.0,38,1.6079378128051758,6
-4665.0,-7155.0,-5198.0,39,1.6307029724121094,6
-5042.0,-6847.0,-5370.0,39,1.6307899951934814,6
-5521.0,-6866.0,-4993.0,39,1.6308298110961914,6
-7648.0,-4311.0,-4346.0,40,1.6695678234100342,6
-5215.0,-6753.0,-5399.0,40,1.6696360111236572,6
-5383.0,-6633.0,-5405.0,40,1.6696579456329346,6
-5353.0,-7091.0,-4734.0,41,1.6993370056152344,6
-5065.0,-6137.0,-6332.0,41,1.6995048522949219,6
-6456.0,-5406.0,-5557.0,42,1.7299108505249023,6
-6499.0,-4196.0,-6353.0,42,1.7299950122833252,6
-5618.0,-6232.0,-5616.0,43,1.7488479614257812,6
-5968.0,-4559.0,-6724.0,43,1.7488808631896973,6
-5779.0,-6207.0,-5569.0,44,1.7800137996673584,6
-5996.0,-4519.0,-6752.0,44,1.7800188064575195,6
-6905.0,-4039.0,-5884.0,44,1.7800250053405762,6
-6629.0,-3862.0,-6332.0,44,1.7800300121307373,6
-5682.0,-5100.0,-6661.0,44,1.7800748348236084,6
-6555.0,-3878.0,-6429.0,44,1.7800908088684082,6
-6263.0,-3684.0,-6808.0,44,1.7800970077514648,6
-6558.0,-3595.0,-6482.0,44,1.7801358699798584,6
-6346.0,-4680.0,-6207.0,44,1.780146837234497,6
-5944.0,-4556.0,-6779.0,45,1.8071589469909668,6
-4685.0,-6143.0,-6507.0,45,1.8071708679199219,6
-5194.0,-5895.0,-6531.0,45,1.807175874710083,6
-6331.0,-4075.0,-6599.0,45,1.8072278499603271,6
-7038.0,-3599.0,-5850.0,46,1.8338148593902588,6
-6394.0,-5671.0,-5538.0,46,1.8338818550109863,6
-6733.0,-3871.0,-6260.0,47,1.8486428260803223,6
-5667.0,-4795.0,-6757.0,47,1.848653793334961,6
-6105.0,-4577.0,-6533.0,47,1.8486599922180176,6
-6498.0,-4668.0,-6049.0,47,1.848714828491211,6
-6152.0,-6221.0,-5201.0,48,1.8951449394226074,6
-7466.0,-5593.0,-3603.0,48,1.895169973373413,6
-7562.0,-5621.0,-3115.0,48,1.8952608108520508,6
-6663.0,-6389.0,-4158.0,48,1.895310878753662,6
-6255.0,-6302.0,-4931.0,48,1.8953189849853516,6
-7464.0,-5746.0,-3200.0,48,1.8953278064727783,6
-6640.0,-6221.0,-4634.0,48,1.8953440189361572,6
-7746.0,-4848.0,-3579.0,48,1.8953778743743896,6
-6822.0,-6356.0,-4022.0,48,1.895460844039917,6
-7279.0,-6028.0,-3135.0,48,1.8954689502716064,6
-6729.0,-6516.0,-3703.0,48,1.8955349922180176,6
-6047.0,-5909.0,-5555.0,49,1.934842824935913,6
-6776.0,-5999.0,-4664.0,49,1.9348878860473633,6
-7495.0,-5294.0,-3848.0,49,1.934985876083374,6
-7431.0,-5128.0,-4103.0,50,1.9742858409881592,6
-6568.0,-6288.0,-4510.0,50,1.9744188785552979,6
-5713.0,-6269.0,-5500.0,50,1.974430799484253,6
-7357.0,-5301.0,-4154.0,50,1.9744369983673096,6
-7421.0,-5782.0,-3445.0,50,1.9744420051574707,6
-7233.0,-5957.0,-3780.0,50,1.9744479656219482,6
-6123.0,-7010.0,-3725.0,50,1.9744999408721924,6
-7533.0,-5652.0,-3202.0,51,2.0091497898101807,6
-6884.0,-6479.0,-3732.0,51,2.0091938972473145,6
-6407.0,-6657.0,-4338.0,51,2.0092499256134033,6
-5951.0,-6574.0,-4945.0,51,2.0092549324035645,6
-6098.0,-6721.0,-4577.0,51,2.009260892868042,6
-6773.0,-6507.0,-3975.0,51,2.009277820587158,6
-6993.0,-6257.0,-3895.0,51,2.009284019470215,6
-6958.0,-5933.0,-4379.0,51,2.009316921234131,6
-7104.0,-6229.0,-3652.0,51,2.009333848953247,6
-7271.0,-6000.0,-3588.0,51,2.009338855743408,6
-5652.0,-6254.0,-5514.0,52,2.0485618114471436,6
-4882.0,-6968.0,-5297.0,52,2.0486068725585938,6
-5296.0,-6737.0,-5350.0,52,2.0486178398132324,6
-6123.0,-7178.0,-3329.0,52,2.048712968826294,6
-6575.0,-6711.0,-3575.0,55,2.1147618293762207,6
-5799.0,-7112.0,-3946.0,55,2.1147727966308594,6
-7366.0,-3979.0,-5237.0,56,2.1418609619140625,6
-7170.0,-4481.0,-5437.0,56,2.14186692237854,6
-7013.0,-4256.0,-5757.0,56,2.141950845718384,6
-6130.0,-5304.0,-6017.0,56,2.1419789791107178,6
-7257.0,-4491.0,-5249.0,57,2.1666438579559326,6
-6994.0,-5605.0,-4797.0,57,2.166693925857544,6
-7035.0,-5305.0,-5041.0,57,2.166698932647705,6
-6513.0,-5858.0,-5176.0,57,2.1667098999023438,6
-6845.0,-5794.0,-4857.0,57,2.16672682762146,6
-6807.0,-5378.0,-5288.0,57,2.1667490005493164,6
-6929.0,-5581.0,-4977.0,57,2.166754961013794,6
-6377.0,-5631.0,-5545.0,58,2.1945369243621826,6
-6344.0,-5780.0,-5450.0,58,2.19454288482666,6
-6167.0,-5898.0,-5553.0,58,2.1945478916168213,6
-6210.0,-4662.0,-6434.0,60,2.222126007080078,6
-6426.0,-4463.0,-6177.0,60,2.222165822982788,6
-6085.0,-5775.0,-5741.0,62,2.2493669986724854,6
-6649.0,-5257.0,-5593.0,62,2.249377965927124,6
-6847.0,-4766.0,-5726.0,62,2.24941086769104,6
-6738.0,-4679.0,-5897.0,63,2.2602789402008057,6
-7313.0,-5969.0,-3180.0,64,2.31184983253479,7
-5342.0,-6732.0,-5308.0,64,2.3120858669281006,7
-5720.0,-6747.0,-4900.0,64,2.31209397315979,7
-4800.0,-6416.0,-6201.0,64,2.312222957611084,7
-4383.0,-6052.0,-6837.0,64,2.3122308254241943,7
-6137.0,-6855.0,-4096.0,64,2.312255859375,7
-7552.0,-5465.0,-3278.0,64,2.3123137950897217,7
-4854.0,-6757.0,-5740.0,65,2.3641839027404785,7
-4123.0,-6019.0,-6966.0,65,2.3641958236694336,7
-7482.0,-5570.0,-3312.0,65,2.364212989807129,7
-5113.0,-7159.0,-4807.0,65,2.364229917526245,7
-4682.0,-7132.0,-5115.0,65,2.3642690181732178,7
-4197.0,-6497.0,-6387.0,65,2.3642749786376953,7
-5833.0,-7322.0,-3505.0,65,2.3643360137939453,7
-5645.0,-6899.0,-4768.0,65,2.3643529415130615,7
-4285.0,-6360.0,-6583.0,65,2.364386796951294,7
-4044.0,-6449.0,-6460.0,65,2.364391803741455,7
-6107.0,-7233.0,-2855.0,65,2.364419937133789,7
-6919.0,-6558.0,-2198.0,65,2.36442494392395,7
-5977.0,-6835.0,-4449.0,65,2.364520788192749,7
-6416.0,-7001.0,-3012.0,65,2.3645880222320557,7
-6904.0,-6520.0,-3000.0,65,2.364593982696533,7
-6498.0,-6935.0,-2938.0,65,2.3645989894866943,7
-6520.0,-6807.0,-3205.0,66,2.4168288707733154,7
-6072.0,-6844.0,-4122.0,66,2.416834831237793,7
-7326.0,-5794.0,-3342.0,66,2.416857957839966,7
-7474.0,-5203.0,-3951.0,66,2.416862964630127,7
-7520.0,-5370.0,-3571.0,66,2.4168689250946045,7
-7332.0,-5545.0,-3906.0,66,2.4169528484344482,7
-6980.0,-5957.0,-4191.0,66,2.416963815689087,7
-6349.0,-6406.0,-4534.0,66,2.4169809818267822,7
-7834.0,-4712.0,-3546.0,68,2.504591941833496,7
-7737.0,-4960.0,-3587.0,68,2.5046308040618896,7
-6494.0,-6824.0,-3262.0,68,2.504647970199585,7
-5689.0,-7231.0,-3964.0,68,2.5046539306640625,7
-7498.0,-5464.0,-3489.0,68,2.50473690032959,7
-7804.0,-4310.0,-3909.0,68,2.504814863204956,7
-5911.0,-7145.0,-3755.0,68,2.5048818588256836,7
-5509.0,-7256.0,-4122.0,69,2.5373659133911133,7
-5486.0,-6932.0,-4904.0,69,2.537405014038086,7
-5001.0,-6297.0,-6176.0,69,2.5374159812927246,7
-5818.0,-6868.0,-4585.0,69,2.5375778675079346,7
-6287.0,-5608.0,-5677.0,70,2.5668528079986572,7
-6344.0,-5235.0,-5912.0,70,2.566990852355957,7
-7290.0,-4771.0,-5032.0,71,2.5871779918670654,7
-7388.0,-4646.0,-4947.0,71,2.587200880050659,7
-7455.0,-4671.0,-4687.0,71,2.5872058868408203,7
-7458.0,-5352.0,-3782.0,71,2.587211847305298,7
-4414.0,-6118.0,-6782.0,72,2.6414318084716797,7
-5534.0,-6179.0,-5721.0,72,2.641561985015869,7
-4340.0,-5573.0,-7187.0,72,2.641596794128418,7
-4987.0,-5842.0,-6536.0,72,2.6416828632354736,7
-6398.0,-4949.0,-6089.0,74,2.7018818855285645,7
-5844.0,-5482.0,-6311.0,74,2.7020328044891357,7
-6629.0,-5784.0,-5099.0,74,2.7020390033721924,7
-4414.0,-5695.0,-7060.0,75,2.723970890045166,7
-6176.0,-6297.0,-5123.0,75,2.724026918411255,7
-5361.0,-4877.0,-6969.0,75,2.724031925201416,7
-4751.0,-7045.0,-5413.0,76,2.770112991333008,7
-6136.0,-6902.0,-3981.0,77,2.7920289039611816,7
-5416.0,-6739.0,-5283.0,77,2.792099952697754,7
-4803.0,-6234.0,-6189.0,77,2.7921109199523926,7
-4948.0,-6904.0,-5326.0,79,2.828317880630493,7
-6000.0,-6647.0,-4703.0,79,2.8283228874206543,7
-5917.0,-6963.0,-4308.0,79,2.8283629417419434,7
-6309.0,-6583.0,-4464.0,79,2.828368902206421,7
-6420.0,-6555.0,-4221.0,79,2.828380823135376,7
-4389.0,-6437.0,-6383.0,80,2.8658030033111572,7
-4874.0,-7072.0,-5111.0,80,2.8658218383789062,7
-4659.0,-6049.0,-6681.0,80,2.8659839630126953,7
-4964.0,-4053.0,-7485.0,84,3.025251865386963,7
-5453.0,-6435.0,-5590.0,84,3.025369882583618,7
-5492.0,-5673.0,-6318.0,84,3.025380849838257,7
-5804.0,-5728.0,-6055.0,84,3.025398015975952,7
-6068.0,-5141.0,-6193.0,84,3.025430917739868,7
-6139.0,-5127.0,-6121.0,84,3.0254368782043457,7
-6622.0,-4451.0,-6017.0,84,3.0254478454589844,7
-5320.0,-6536.0,-5572.0,85,3.0482139587402344,7
-5044.0,-3992.0,-7460.0,85,3.048247814178467,7
-5973.0,-4608.0,-6577.0,87,3.0844438076019287,7
-6136.0,-5664.0,-5736.0,87,3.0845048427581787,7
-5304.0,-5777.0,-6448.0,88,3.1106269359588623,7
-4781.0,-5718.0,-7058.0,88,3.1106388568878174,7
-6236.0,-4410.0,-6485.0,88,3.110710859298706,7
-5713.0,-4351.0,-7095.0,88,3.110783815383911,7
-6128.0,-3951.0,-6841.0,88,3.1107900142669678,7
-4760.0,-5464.0,-7177.0,89,3.134070873260498,7
-5611.0,-6327.0,-5563.0,89,3.1340878009796143,7
-6269.0,-3484.0,-6830.0,89,3.1341888904571533,7
-5144.0,-6361.0,-5837.0,90,3.157248020172119,7
-5794.0,-5796.0,-5969.0,90,3.157270908355713,7
-4997.0,-6214.0,-6205.0,90,3.1573050022125244,7
-5459.0,-6284.0,-5696.0,90,3.157310962677002,7
-6180.0,-5452.0,-5860.0,90,3.1573657989501953,7
-6075.0,-5191.0,-6177.0,91,3.1776928901672363,7
-6948.0,-3969.0,-5945.0,91,3.1776978969573975,7
-6629.0,-4501.0,-6001.0,91,3.177703857421875,7
-6748.0,-3814.0,-6204.0,92,3.195823907852173,7
-6172.0,-5198.0,-6075.0,92,3.1958298683166504,7
-6435.0,-4084.0,-6527.0,92,3.1958518028259277,7
-5745.0,-4199.0,-7031.0,93,3.212714910507202,7
-7490.0,-4597.0,-4700.0,96,3.279188871383667,7
-7268.0,-5722.0,-3896.0,96,3.2795538902282715,7
-7498.0,-5123.0,-4291.0,96,3.279561996459961,7
-7355.0,-5621.0,-3846.0,96,3.2795698642730713,7
-7248.0,-5682.0,-4180.0,97,3.3230409622192383,7
-6971.0,-6167.0,-3962.0,97,3.3230698108673096,7
-6865.0,-6565.0,-3186.0,98,3.353731870651245,7
-7350.0,-5714.0,-3682.0,98,3.3538148403167725,7
-7198.0,-6148.0,-3486.0,99,3.3759679794311523,7
-5646.0,-6293.0,-5503.0,100,3.4089579582214355,7
-5348.0,-6597.0,-5459.0,100,3.409024953842163,7
-6558.0,-6514.0,-4258.0,101,3.4322879314422607,7
-6623.0,-6538.0,-4078.0,101,3.4322938919067383,7
-6257.0,-6688.0,-4441.0,101,3.4323890209198,7
-6089.0,-6808.0,-4435.0,101,3.4323949813842773,7
-6940.0,-6474.0,-3467.0,102,3.4624438285827637,7
-7099.0,-5981.0,-3959.0,102,3.462589979171753,7
-7375.0,-5276.0,-4238.0,103,3.4817028045654297,7
-6607.0,-6739.0,-3171.0,104,3.5131008625030518,7
-5364.0,-7322.0,-3974.0,104,3.513230800628662,7
-5050.0,-6848.0,-5303.0,104,3.5133309364318848,7
-4903.0,-6701.0,-5671.0,104,3.513335943222046,7
-5564.0,-7386.0,-3552.0,105,3.5370519161224365,7
-4984.0,-6682.0,-5613.0,105,3.5370848178863525,7
-5807.0,-7075.0,-4270.0,106,3.5592339038848877,7
-6491.0,-6771.0,-3781.0,106,3.5593008995056152,7
-4894.0,-6757.0,-5548.0,107,3.577195882797241,7
-5453.0,-6235.0,-5753.0,107,3.5772528648376465,7
-5206.0,-6812.0,-5285.0,107,3.5772619247436523,7
-5837.0,-6416.0,-5212.0,107,3.5772697925567627,7
-5889.0,-6398.0,-5234.0,108,3.6024057865142822,7
-6366.0,-6891.0,-3743.0,112,3.6759958267211914,7
-6913.0,-6069.0,-4395.0,112,3.67600679397583,7
-7126.0,-5265.0,-4772.0,112,3.6760239601135254,7
-6955.0,-5312.0,-5168.0,112,3.6760737895965576,7
-6978.0,-6093.0,-4215.0,112,3.6760799884796143,7
-6120.0,-6595.0,-4721.0,113,3.703403949737549,7
-5802.0,-5994.0,-5773.0,113,3.703449010848999,7
-6652.0,-5564.0,-5330.0,113,3.70345401763916,7
-7071.0,-4791.0,-5426.0,113,3.7034659385681152,7
-6322.0,-5617.0,-5586.0,114,3.7323718070983887,7
-7024.0,-4409.0,-5733.0,114,3.7324159145355225,7
-6583.0,-5286.0,-5603.0,114,3.7324438095092773,7
-6774.0,-5527.0,-5193.0,114,3.732455015182495,7
-6597.0,-5333.0,-5488.0,115,3.75256085395813,7
-6198.0,-5827.0,-5560.0,115,3.7526228427886963,7
-6448.0,-5522.0,-5548.0,115,3.752633810043335,7
-6686.0,-5449.0,-5387.0,118,3.8028268814086914,7
-5926.0,-5336.0,-6191.0,119,3.8150579929351807,7
-4856.0,-6125.0,-6448.0,120,3.8287148475646973,7
-5983.0,-5838.0,-5772.0,120,3.8287429809570312,7
-6261.0,-4927.0,-6232.0,122,3.8506019115448,7
-6104.0,-5267.0,-6143.0,122,3.850606918334961,7
-6365.0,-4278.0,-6395.0,123,3.861320972442627,7
-6303.0,-5551.0,-5626.0,125,3.8842339515686035,7
-6743.0,-4757.0,-5798.0,125,3.884244918823242,7
-6352.0,-5859.0,-5292.0,126,3.8944039344787598,7
-3665.0,-5317.0,-7618.0,128,3.949309825897217,8
-3894.0,-5695.0,-7331.0,128,3.9493179321289062,8
-3446.0,-5810.0,-7395.0,128,3.9494500160217285,8
-3217.0,-5432.0,-7682.0,128,3.9494588375091553,8
-3856.0,-4914.0,-7751.0,128,3.9494829177856445,8
-4321.0,-5764.0,-7079.0,128,3.9496889114379883,8
-3601.0,-6126.0,-7107.0,129,4.004306793212891,8
-4564.0,-7044.0,-5540.0,129,4.004401922225952,8
-5552.0,-6867.0,-4894.0,129,4.004480838775635,8
-4770.0,-6995.0,-5311.0,130,4.051807880401611,8
-5234.0,-6574.0,-5526.0,130,4.051903963088989,8
-5331.0,-6911.0,-4996.0,130,4.05200982093811,8
-6276.0,-6942.0,-3609.0,131,4.088941812515259,8
-4579.0,-4145.0,-7530.0,132,4.1298089027404785,8
-4916.0,-4591.0,-7285.0,132,4.129910945892334,8
-6090.0,-6058.0,-5377.0,133,4.164100885391235,8
-6363.0,-6315.0,-4678.0,135,4.214852809906006,8
-6690.0,-6340.0,-4081.0,135,4.2148590087890625,8
-4863.0,-6738.0,-5550.0,136,4.258497953414917,8
-4926.0,-5897.0,-6511.0,136,4.258636951446533,8
-7624.0,-4889.0,-3770.0,138,4.320979833602905,8
-5827.0,-6235.0,-5410.0,139,4.343752861022949,8
-5695.0,-6298.0,-5458.0,139,4.343807935714722,8
-7596.0,-4445.0,-4528.0,140,4.37297797203064,8
-6975.0,-4682.0,-5532.0,142,4.411405801773071,8
-4847.0,-6205.0,-6258.0,144,4.468542814254761,8
-4859.0,-5960.0,-6480.0,144,4.468576908111572,8
-4561.0,-6265.0,-6414.0,145,4.505160808563232,8
-5277.0,-6202.0,-6007.0,147,4.554107904434204,8
-6377.0,-5793.0,-5379.0,148,4.580120801925659,8
-6294.0,-4940.0,-6161.0,148,4.580265998840332,8
-5450.0,-4312.0,-7127.0,149,4.616726875305176,8
-6128.0,-4227.0,-6575.0,149,4.616776943206787,8
-7000.0,-4489.0,-5667.0,150,4.639899969100952,8
-6926.0,-4505.0,-5764.0,150,4.639941930770874,8
-6309.0,-4611.0,-6418.0,150,4.639952898025513,8
-6607.0,-5037.0,-5820.0,150,4.63995885848999,8
-6722.0,-5325.0,-5471.0,150,4.639969825744629,8
-6387.0,-6432.0,-4446.0,151,4.662683010101318,8
-6437.0,-5966.0,-5140.0,151,4.662719011306763,8
-6476.0,-5204.0,-5868.0,151,4.662724018096924,8
-4283.0,-6447.0,-6319.0,152,4.737195014953613,8
-4824.0,-7122.0,-5062.0,157,4.827133893966675,8
-6205.0,-6812.0,-4089.0,157,4.827183961868286,8
-6046.0,-6845.0,-4225.0,158,4.845508813858032,8
-4299.0,-6770.0,-5937.0,162,4.941326856613159,8
-4764.0,-6358.0,-6308.0,162,4.941426992416382,8
-5820.0,-6864.0,-4596.0,162,4.941431999206543,8
-5249.0,-6993.0,-5036.0,162,4.9414379596710205,8
-5417.0,-6873.0,-5042.0,162,4.941442966461182,8
-5972.0,-6937.0,-4221.0,162,4.941487789154053,8
-5138.0,-6068.0,-6304.0,166,5.042987823486328,8
-5711.0,-5792.0,-6058.0,166,5.043008804321289,8
-4713.0,-5109.0,-7337.0,170,5.128055810928345,8
-5146.0,-5129.0,-7097.0,170,5.128139019012451,8
-5064.0,-5590.0,-6883.0,171,5.143118858337402,8
-5945.0,-4886.0,-6529.0,171,5.143174886703491,8
-6303.0,-4115.0,-6571.0,172,5.165282964706421,8
-5701.0,-3723.0,-7101.0,176,5.225482940673828,8
-5618.0,-5196.0,-6539.0,176,5.2255659103393555,8
-5686.0,-4812.0,-6750.0,176,5.225571870803833,8
-5588.0,-5966.0,-5979.0,178,5.265918970108032,8
-5970.0,-4608.0,-6592.0,179,5.282099008560181,8
-6136.0,-4805.0,-6358.0,180,5.303321838378906,8
-6173.0,-4997.0,-6152.0,180,5.303326845169067,8
-6055.0,-5465.0,-5986.0,186,5.391857862472534,8
-6257.0,-4737.0,-6384.0,186,5.391912937164307,8
-5646.0,-4623.0,-6807.0,187,5.403426885604858,8
-7442.0,-5620.0,-3235.0,192,5.481994867324829,8
-7695.0,-4242.0,-4114.0,192,5.4820029735565186,8
-7367.0,-5857.0,-3008.0,192,5.482133865356445,8
-7301.0,-5573.0,-3991.0,192,5.482149839401245,8
-7489.0,-5398.0,-3656.0,192,5.482165813446045,8
-7425.0,-4917.0,-4365.0,192,5.482173919677734,8
-7651.0,-4817.0,-3802.0,192,5.482189893722534,8
-4917.0,-6036.0,-6404.0,192,5.482433795928955,8
-7137.0,-5152.0,-5153.0,194,5.55921483039856,8
-7235.0,-5027.0,-5068.0,194,5.559220790863037,8
-7369.0,-4402.0,-5130.0,194,5.559225797653198,8
-7159.0,-5992.0,-3627.0,194,5.559237957000732,8
-7219.0,-5515.0,-4486.0,194,5.559253931045532,8
-7121.0,-5640.0,-4571.0,194,5.559276819229126,8
-6582.0,-6149.0,-4801.0,194,5.559281826019287,8
-6860.0,-5971.0,-4554.0,194,5.559476852416992,8
-6906.0,-6143.0,-4142.0,194,5.55948281288147,8
-7037.0,-4165.0,-5684.0,195,5.59102201461792,8
-6349.0,-5771.0,-5501.0,195,5.591142892837524,8
-6090.0,-5403.0,-6013.0,195,5.591159820556641,8
-6406.0,-5398.0,-5736.0,195,5.591166019439697,8
-6694.0,-6007.0,-4878.0,195,5.5911948680877686,8
-6535.0,-6040.0,-5014.0,195,5.591200828552246,8
-7406.0,-6013.0,-2867.0,196,5.63555383682251,8
-7153.0,-6164.0,-3382.0,196,5.635694980621338,8
-6644.0,-6473.0,-4184.0,198,5.686319828033447,8
-6338.0,-6359.0,-4688.0,199,5.707369804382324,8
-6485.0,-6506.0,-4320.0,199,5.707376003265381,8
-6851.0,-6356.0,-3957.0,199,5.7073869705200195,8
-6826.0,-6407.0,-3899.0,200,5.739775896072388,8
-6761.0,-6383.0,-4079.0,200,5.73981499671936,8
-7302.0,-5070.0,-4312.0,200,5.739820957183838,8
-6375.0,-6383.0,-4612.0,200,5.739853858947754,8
-7074.0,-6450.0,-3288.0,200,5.739864826202393,8
-6732.0,-6226.0,-4304.0,200,5.739887952804565,8
-4815.0,-6838.0,-5475.0,202,5.783265829086304,8
-6108.0,-6880.0,-4103.0,204,5.819350957870483,8
-6430.0,-6383.0,-4484.0,204,5.819411993026733,8
-7359.0,-5764.0,-3656.0,205,5.837913990020752,8
-6980.0,-6507.0,-3244.0,206,5.857430934906006,8
-4811.0,-6798.0,-5553.0,208,5.89685583114624,8
-5173.0,-6461.0,-5641.0,209,5.916693925857544,8
-6314.0,-6770.0,-3921.0,212,5.981493949890137,8
-6298.0,-6676.0,-4212.0,212,5.9815778732299805,8
-6323.0,-6891.0,-3775.0,213,5.9993979930877686,8
-5474.0,-7082.0,-4476.0,216,6.041765928268433,8
-5215.0,-6680.0,-5409.0,216,6.04177188873291,8
-6072.0,-7119.0,-3662.0,219,6.085627794265747,8
-6409.0,-6284.0,-4820.0,224,6.14539098739624,8
-6077.0,-6348.0,-5139.0,224,6.145470857620239,8
-6497.0,-6346.0,-4594.0,224,6.1454758644104,8
-6290.0,-6740.0,-4197.0,225,6.168398857116699,8
-6324.0,-5865.0,-5406.0,225,6.1684489250183105,8
-6706.0,-6663.0,-3592.0,226,6.19459080696106,8
-6858.0,-5595.0,-5049.0,226,6.194597005844116,8
-6313.0,-5358.0,-5778.0,227,6.209558010101318,8
-6616.0,-5171.0,-5613.0,227,6.209563970565796,8
-7341.0,-4176.0,-5236.0,228,6.235135793685913,8
-7233.0,-4476.0,-5364.0,228,6.235158920288086,8
-6827.0,-4556.0,-5780.0,228,6.235219955444336,8
-7005.0,-4549.0,-5611.0,228,6.235248804092407,8
-7058.0,-4846.0,-5298.0,228,6.235281944274902,8
-7265.0,-4340.0,-5398.0,229,6.261047840118408,8
-6116.0,-5586.0,-5867.0,230,6.275973796844482,8
-5869.0,-6316.0,-5387.0,232,6.305600881576538,8
-5835.0,-5650.0,-6064.0,234,6.340467929840088,8
-6232.0,-5922.0,-5373.0,234,6.340479850769043,8
-6508.0,-5088.0,-5836.0,236,6.360764980316162,8
-6194.0,-6049.0,-5368.0,237,6.3730199337005615,8
-6434.0,-5210.0,-5743.0,238,6.380955934524536,8
-6492.0,-5745.0,-5412.0,238,6.380960941314697,8
-6845.0,-5102.0,-5418.0,239,6.388044834136963,8
-5745.0,-5895.0,-5901.0,240,6.402400016784668,8
-6268.0,-5197.0,-6103.0,242,6.418315887451172,8
-5985.0,-5029.0,-6446.0,243,6.425583839416504,8
-6077.0,-5831.0,-5582.0,245,6.4600419998168945,8
-6542.0,-4598.0,-6115.0,246,6.4716949462890625,8
-6346.0,-5444.0,-5758.0,248,6.485634803771973,8
-6379.0,-5295.0,-5853.0,248,6.485641956329346,8
-6844.0,-4527.0,-5834.0,249,6.49729585647583,8
-6473.0,-4457.0,-6248.0,249,6.497303009033203,8
-5688.0,-5503.0,-6432.0,249,6.497313976287842,8
-4296.0,-3530.0,-7759.0,256,6.639946937561035,9
-3363.0,-4690.0,-7924.0,256,6.640462875366211,9
-2776.0,-6567.0,-6695.0,257,6.685917854309082,9
-3322.0,-7105.0,-5803.0,257,6.685935020446777,9
-4547.0,-7540.0,-4215.0,257,6.685939788818359,9
-4822.0,-7413.0,-4505.0,257,6.685990810394287,9
-4261.0,-7203.0,-5402.0,257,6.6860129833221436,9
-3991.0,-7053.0,-5875.0,257,6.686157941818237,9
-2880.0,-6376.0,-6788.0,258,6.729147911071777,9
-4166.0,-6015.0,-6897.0,259,6.767301797866821,9
-4647.0,-6425.0,-6184.0,260,6.80556583404541,9
-5208.0,-6366.0,-5834.0,262,6.869475841522217,9
-5498.0,-6748.0,-5158.0,262,6.869520902633667,9
-5401.0,-6411.0,-5688.0,262,6.869571924209595,9
-5926.0,-6577.0,-4890.0,263,6.896453857421875,9
-6004.0,-6645.0,-4691.0,263,6.8964598178863525,9
-4781.0,-5963.0,-6456.0,267,7.029585838317871,9
-5511.0,-6154.0,-5781.0,267,7.029697895050049,9
-7441.0,-5352.0,-3856.0,268,7.062330007553101,9
-7045.0,-5981.0,-4011.0,269,7.086920976638794,9
-5393.0,-6900.0,-5030.0,274,7.22238302230835,9
-4985.0,-7412.0,-4264.0,275,7.24669885635376,9
-5247.0,-7499.0,-3841.0,275,7.246815919876099,9
-5598.0,-5961.0,-5988.0,279,7.331804990768433,9
-7325.0,-5053.0,-4424.0,282,7.39697790145874,9
-7362.0,-5036.0,-4385.0,283,7.418542861938477,9
-5658.0,-5694.0,-6217.0,285,7.450588941574097,9
-5536.0,-6244.0,-5570.0,290,7.586923837661743,9
-6056.0,-6060.0,-5345.0,296,7.73201584815979,9
-5544.0,-6122.0,-5959.0,296,7.732021808624268,9
-5497.0,-5513.0,-6477.0,297,7.757382869720459,9
-6405.0,-5692.0,-5414.0,298,7.783608913421631,9
-6472.0,-4776.0,-6038.0,298,7.783669948577881,9
-6609.0,-5029.0,-5661.0,298,7.783674955368042,9
-5810.0,-4690.0,-6629.0,299,7.801964998245239,9
-6452.0,-6157.0,-4660.0,300,7.82032585144043,9
-5385.0,-6223.0,-5763.0,300,7.8203699588775635,9
-7025.0,-4816.0,-5357.0,302,7.854050874710083,9
-4200.0,-6747.0,-5950.0,306,7.93638801574707,9
-5107.0,-6803.0,-5522.0,306,7.9364378452301025,9
-5699.0,-7137.0,-4011.0,313,8.046036958694458,9
-4598.0,-4136.0,-7490.0,320,8.139057874679565,9
-6222.0,-6798.0,-3935.0,326,8.298985004425049,9
-5616.0,-7379.0,-3843.0,326,8.299052953720093,9
-5459.0,-6208.0,-5780.0,327,8.313745021820068,9
-6037.0,-5275.0,-6056.0,332,8.424885988235474,9
-5285.0,-6215.0,-5936.0,334,8.454150915145874,9
-5161.0,-5927.0,-6353.0,334,8.454162836074829,9
-5459.0,-5623.0,-6397.0,334,8.454168796539307,9
-5500.0,-6133.0,-5905.0,334,8.454202890396118,9
-5473.0,-5982.0,-6090.0,334,8.454208850860596,9
-5740.0,-5831.0,-5949.0,338,8.540859937667847,9
-5673.0,-6513.0,-5194.0,338,8.540901899337769,9
-4869.0,-5932.0,-6571.0,340,8.573930978775024,9
-5258.0,-5300.0,-6830.0,340,8.573972940444946,9
-4348.0,-5544.0,-7091.0,340,8.573987007141113,9
-4206.0,-4809.0,-7619.0,341,8.592654943466187,9
-5133.0,-6184.0,-6137.0,341,8.592660903930664,9
-5602.0,-6343.0,-5450.0,342,8.606031894683838,9
-6125.0,-4768.0,-6428.0,346,8.665994882583618,9
-4623.0,-6504.0,-6209.0,352,8.737704992294312,9
-4844.0,-5376.0,-7015.0,353,8.760584831237793,9
-4965.0,-5571.0,-6896.0,353,8.76064682006836,9
-6117.0,-4096.0,-6653.0,355,8.80185580253601,9
-5611.0,-4833.0,-6811.0,356,8.819356918334961,9
-5010.0,-5159.0,-7165.0,356,8.819362878799438,9
-5574.0,-4641.0,-7017.0,356,8.819419860839844,9
-5594.0,-5213.0,-6528.0,358,8.853456020355225,9
-6283.0,-4762.0,-6331.0,362,8.911864995956421,9
-5380.0,-5733.0,-6498.0,363,8.924157857894897,9
-6018.0,-4540.0,-6682.0,363,8.924187898635864,9
-6027.0,-5409.0,-5997.0,365,8.953115940093994,9
-5899.0,-4122.0,-6909.0,368,8.980847835540771,9
-6034.0,-4310.0,-6683.0,368,8.980888843536377,9
-6007.0,-5306.0,-6043.0,368,8.980906009674072,9
-5833.0,-4992.0,-6523.0,369,9.002027988433838,9
-6425.0,-4228.0,-6405.0,372,9.045454978942871,9
-6122.0,-4549.0,-6610.0,373,9.05653190612793,9
-6382.0,-5073.0,-5924.0,374,9.069890022277832,9
-6830.0,-6192.0,-4190.0,388,9.296978950500488,9
-7084.0,-5369.0,-4725.0,388,9.297013998031616,9
-6895.0,-6216.0,-4010.0,388,9.297029972076416,9
-7166.0,-5732.0,-4058.0,388,9.297041893005371,9
-7068.0,-5857.0,-4143.0,388,9.297047853469849,9
-6503.0,-5766.0,-5288.0,388,9.297110795974731,9
-6869.0,-5616.0,-4925.0,388,9.297116994857788,9
-5774.0,-5676.0,-6179.0,388,9.29712200164795,9
-6454.0,-5494.0,-5571.0,388,9.297127962112427,9
-6611.0,-5154.0,-5660.0,388,9.29714584350586,9
-7021.0,-4044.0,-5828.0,389,9.350775957107544,9
-6367.0,-6160.0,-5008.0,390,9.375349998474121,9
-6924.0,-5616.0,-4797.0,391,9.444546937942505,9
-7341.0,-5989.0,-3047.0,392,9.473569869995117,9
-7133.0,-6124.0,-3666.0,396,9.552092790603638,9
-7177.0,-5830.0,-3941.0,399,9.589722871780396,9
-7262.0,-6275.0,-2953.0,400,9.618906021118164,9
-7120.0,-6299.0,-3504.0,402,9.662866830825806,9
-6334.0,-6451.0,-4412.0,402,9.662916898727417,9
-6473.0,-6784.0,-3883.0,412,9.817843914031982,9
-6409.0,-6321.0,-4646.0,412,9.817867994308472,9
-6464.0,-6571.0,-4214.0,413,9.831686019897461,9
-6043.0,-6447.0,-4931.0,424,10.009864807128906,9
-5925.0,-6752.0,-4760.0,424,10.009919881820679,9
-5381.0,-6333.0,-5819.0,424,10.009930849075317,9
-6249.0,-6746.0,-4101.0,425,10.03359580039978,9
-5776.0,-6890.0,-4512.0,435,10.159075021743774,9
-6397.0,-6828.0,-3737.0,436,10.172502994537354,9
-5880.0,-6307.0,-5281.0,438,10.197290897369385,9
-7004.0,-6024.0,-3881.0,449,10.315024852752686,9
-5999.0,-6018.0,-5547.0,450,10.332023859024048,9
-5735.0,-6676.0,-5018.0,450,10.332079887390137,9
-6225.0,-6716.0,-4377.0,450,10.332101821899414,9
-7127.0,-6024.0,-3737.0,452,10.36543583869934,9
-6909.0,-4247.0,-5829.0,452,10.365530014038086,9
-6449.0,-5961.0,-5070.0,454,10.399685859680176,9
-6981.0,-5913.0,-4234.0,454,10.399691820144653,9
-7013.0,-5443.0,-4922.0,454,10.39969801902771,9
-7275.0,-5433.0,-4346.0,454,10.39971399307251,9
-7242.0,-5582.0,-4251.0,454,10.399741888046265,9
-7056.0,-4156.0,-5644.0,457,10.457579851150513,9
-6815.0,-4225.0,-5979.0,457,10.457667827606201,9
-6755.0,-4600.0,-5769.0,457,10.457679986953735,9
-6867.0,-4749.0,-5644.0,458,10.475085973739624,9
-6356.0,-5857.0,-5223.0,458,10.475108861923218,9
-6681.0,-5161.0,-5518.0,459,10.490592956542969,9
-6393.0,-6596.0,-4383.0,464,10.544574975967407,9
-5903.0,-6556.0,-5024.0,464,10.54460883140564,9
-6238.0,-6542.0,-4599.0,465,10.562683820724487,9
-6153.0,-5539.0,-5860.0,470,10.623852014541626,9
-6251.0,-5414.0,-5775.0,470,10.623868942260742,9
-6160.0,-5809.0,-5731.0,472,10.64411997795105,9
-6407.0,-5245.0,-5745.0,474,10.661150932312012,9
-5318.0,-6211.0,-5900.0,480,10.696692943572998,9
-5976.0,-5162.0,-6281.0,484,10.731705904006958,9
-6561.0,-4359.0,-6177.0,496,10.804370880126953,9
-6577.0,-4466.0,-6176.0,497,10.811509847640991,9
-6007.0,-5049.0,-6353.0,498,10.824362993240356,9
-6298.0,-5473.0,-5725.0,508,10.875555992126465,9
-4056.0,-6036.0,-6948.0,512,10.933563947677612,10
-6229.0,-7218.0,-2578.0,512,10.93356990814209,10
-5685.0,-7059.0,-4379.0,512,10.933574914932251,10
-4582.0,-7683.0,-3628.0,512,10.933597803115845,10
-4720.0,-7665.0,-3687.0,512,10.933602809906006,10
-5521.0,-7003.0,-4704.0,512,10.933697938919067,10
-5353.0,-7123.0,-4698.0,512,10.933703899383545,10
-5787.0,-7427.0,-3222.0,512,10.933714866638184,10
-5955.0,-7307.0,-3228.0,512,10.933720827102661,10
-5434.0,-7548.0,-2846.0,512,10.933725833892822,10
-5160.0,-7637.0,-3496.0,512,10.9337317943573,10
-6219.0,-6789.0,-4022.0,512,10.933827877044678,10
-5853.0,-6939.0,-4385.0,512,10.933894872665405,10
-3542.0,-6852.0,-6237.0,513,10.994484901428223,10
-6841.0,-6616.0,-2791.0,513,10.994512796401978,10
-3437.0,-6543.0,-6610.0,513,10.994763851165771,10
-4633.0,-3976.0,-7514.0,514,11.047098875045776,10
-4379.0,-6965.0,-5655.0,514,11.047260999679565,10
-4552.0,-7263.0,-4978.0,514,11.047271966934204,10
-4677.0,-6963.0,-5437.0,518,11.196254968643188,10
-4369.0,-7068.0,-5467.0,518,11.196260929107666,10
-4729.0,-7143.0,-5059.0,519,11.223853826522827,10
-5622.0,-6706.0,-4984.0,526,11.424587965011597,10
-4446.0,-5944.0,-6795.0,533,11.631531000137329,10
-6847.0,-5626.0,-4757.0,538,11.750616788864136,10
-7723.0,-5033.0,-3261.0,547,11.952884912490845,10
-5218.0,-7510.0,-3820.0,548,11.987847805023193,10
-4702.0,-6761.0,-5634.0,548,11.98789381980896,10
-5251.0,-7384.0,-4053.0,548,11.987904787063599,10
-4817.0,-7532.0,-4258.0,549,12.013613939285278,10
-5356.0,-6677.0,-5289.0,550,12.036798000335693,10
-5333.0,-6233.0,-5857.0,552,12.08319091796875,10
-5536.0,-6742.0,-5066.0,553,12.10652780532837,10
-7626.0,-4847.0,-4165.0,562,12.270529985427856,10
-7346.0,-4961.0,-4402.0,566,12.330681800842285,10
-6443.0,-5236.0,-5690.0,574,12.430802822113037,10
-5593.0,-4674.0,-6825.0,593,12.917395830154419,10
-5347.0,-6441.0,-5633.0,593,12.917454957962036,10
-5770.0,-6313.0,-5401.0,594,12.943909883499146,10
-5938.0,-6193.0,-5407.0,594,12.943967819213867,10
-6144.0,-6023.0,-5397.0,594,12.943974018096924,10
-6186.0,-5552.0,-5789.0,594,12.943996906280518,10
-6438.0,-5000.0,-5886.0,596,13.039299011230469,10
-4719.0,-6745.0,-5767.0,611,13.255127906799316,10
-4982.0,-7043.0,-5209.0,612,13.270559787750244,10
-4341.0,-6971.0,-5551.0,613,13.282753944396973,10
-5187.0,-6415.0,-5648.0,619,13.365084886550903,10
-5784.0,-7259.0,-3849.0,651,13.847452878952026,10
-6858.0,-4560.0,-5668.0,652,13.879948854446411,10
-5993.0,-4791.0,-6411.0,655,13.944937944412231,10
-5623.0,-6703.0,-5032.0,658,14.000900983810425,10
-5699.0,-6278.0,-5407.0,658,14.00094485282898,10
-5230.0,-6521.0,-5607.0,666,14.094437837600708,10
-5024.0,-3586.0,-7483.0,668,14.131590843200684,10
-5708.0,-5293.0,-6438.0,676,14.265102863311768,10
-4264.0,-5983.0,-6851.0,679,14.300076961517334,10
-5215.0,-6227.0,-5945.0,680,14.312047958374023,10
-5767.0,-4153.0,-6953.0,684,14.35191297531128,10
-5990.0,-4580.0,-6654.0,687,14.39258599281311,10
-5072.0,-6168.0,-6191.0,698,14.506831884384155,10
-5345.0,-6532.0,-5593.0,701,14.560256958007812,10
-6165.0,-4143.0,-6635.0,702,14.58405089378357,10
-5656.0,-4690.0,-6787.0,703,14.60174298286438,10
-5844.0,-4908.0,-6516.0,712,14.715293884277344,10
-6660.0,-4333.0,-6029.0,718,14.798722982406616,10
-5996.0,-5068.0,-6367.0,720,14.817089796066284,10
-6636.0,-4442.0,-6017.0,720,14.817128896713257,10
-6288.0,-4840.0,-6232.0,721,14.82604694366455,10
-6392.0,-4849.0,-6160.0,738,14.9791100025177,10
-6142.0,-5416.0,-5922.0,742,15.006611824035645,10
-7475.0,-5471.0,-3330.0,760,15.144315004348755,10
-6967.0,-5491.0,-4840.0,768,15.3525710105896,10
-6038.0,-5730.0,-5860.0,770,15.409456968307495,10
-6423.0,-6182.0,-4937.0,770,15.409483909606934,10
-6539.0,-4895.0,-5996.0,771,15.431107997894287,10
-6546.0,-5795.0,-5275.0,771,15.43114686012268,10
-6414.0,-6269.0,-4795.0,771,15.43115782737732,10
-6756.0,-5528.0,-5267.0,772,15.457956790924072,10
-6987.0,-6013.0,-4163.0,772,15.457973957061768,10
-6526.0,-6127.0,-4872.0,772,15.458051919937134,10
-7227.0,-5364.0,-4635.0,772,15.45808482170105,10
-7217.0,-5052.0,-4984.0,772,15.458089828491211,10
-7170.0,-4670.0,-5291.0,772,15.45810079574585,10
-6528.0,-5364.0,-5523.0,774,15.510104894638062,10
-6297.0,-5735.0,-5569.0,774,15.510126829147339,10
-6558.0,-5766.0,-5160.0,774,15.5101318359375,10
-6402.0,-5916.0,-5189.0,774,15.510146856307983,10
-6456.0,-5253.0,-5650.0,774,15.510162830352783,10
-6608.0,-6119.0,-4658.0,790,15.785382986068726,10
-6207.0,-6503.0,-4606.0,794,15.870213985443115,10
-6274.0,-6479.0,-4603.0,806,16.046530961990356,10
-6667.0,-6440.0,-4035.0,816,16.164146900177002,10
-7066.0,-5321.0,-4751.0,821,16.203589916229248,10
-5548.0,-6673.0,-5203.0,840,16.504177808761597,10
-5757.0,-6872.0,-4754.0,841,16.51981496810913,10
-6409.0,-6648.0,-3969.0,846,16.6038179397583,10
-6229.0,-6948.0,-3731.0,857,16.70201587677002,10
-6623.0,-5376.0,-5487.0,882,17.013789892196655,10
-6510.0,-5382.0,-5552.0,882,17.013795852661133,10
-6459.0,-5446.0,-5527.0,883,17.032046794891357,10
-6518.0,-5569.0,-5381.0,884,17.054202795028687,10
-6176.0,-5900.0,-5444.0,884,17.05425786972046,10
-6026.0,-6169.0,-5362.0,885,17.073813915252686,10
-5701.0,-6436.0,-5381.0,886,17.088475942611694,10
-6519.0,-5389.0,-5497.0,890,17.149552822113037,10
-6716.0,-6045.0,-4621.0,894,17.192535877227783,10
-7256.0,-3659.0,-5710.0,896,17.220287799835205,10
-6941.0,-3714.0,-6073.0,896,17.22029995918274,10
-7070.0,-5070.0,-5157.0,900,17.288811922073364,10
-7109.0,-4926.0,-5259.0,900,17.28882598876953,10
-6673.0,-4798.0,-5848.0,906,17.354142904281616,10
-6451.0,-4985.0,-5933.0,907,17.362141847610474,10
-6072.0,-5610.0,-5790.0,909,17.37382483482361,10
-6350.0,-6195.0,-4984.0,913,17.41741180419922,10
-6201.0,-6252.0,-5068.0,913,17.417418003082275,10
-6018.0,-6259.0,-5303.0,914,17.435629844665527,10
-6102.0,-5274.0,-6062.0,927,17.54489493370056,10
-6630.0,-5291.0,-5525.0,930,17.564302921295166,10
-6736.0,-5139.0,-5462.0,930,17.564319849014282,10
-6052.0,-4743.0,-6478.0,960,17.76807188987732,10
-6552.0,-4492.0,-6012.0,972,17.842925786972046,10
-5992.0,-5118.0,-6268.0,974,17.856812953948975,10
-6860.0,-6606.0,-2337.0,996,18.000897884368896,11
-6237.0,-7043.0,-3175.0,996,18.001088857650757,11
-6923.0,-6550.0,-2717.0,997,18.051535844802856,11
-6344.0,-7023.0,-2969.0,998,18.09723401069641,11
-5902.0,-7232.0,-3613.0,998,18.097250938415527,11
-5324.0,-7584.0,-3357.0,999,18.137154817581177,11
-5150.0,-7429.0,-4117.0,999,18.137161016464233,11
-5703.0,-6898.0,-4474.0,999,18.137290000915527,11
-5371.0,-6962.0,-4793.0,999,18.137356996536255,11
-3445.0,-5857.0,-7330.0,1004,18.319761991500854,11
-4183.0,-5809.0,-7103.0,1005,18.35205578804016,11
-5529.0,-6506.0,-5310.0,1008,18.456450939178467,11
-5563.0,-6746.0,-4947.0,1008,18.45648980140686,11
-5293.0,-7134.0,-4649.0,1008,18.456523895263672,11
-4534.0,-7167.0,-4986.0,1009,18.487193822860718,11
-5291.0,-6874.0,-5041.0,1022,18.85475993156433,11
-3725.0,-5786.0,-7228.0,1036,19.206846952438354,11
-4347.0,-5532.0,-7102.0,1037,19.228174924850464,11
-7273.0,-5857.0,-3473.0,1045,19.360391855239868,11
-7705.0,-5464.0,-2758.0,1062,19.722060918807983,11
-7666.0,-5217.0,-3163.0,1063,19.74831485748291,11
-4643.0,-7253.0,-4844.0,1069,19.886417865753174,11
-5515.0,-6701.0,-5125.0,1073,19.949785947799683,11
-5148.0,-6444.0,-5808.0,1075,20.00158190727234,11
-5562.0,-6507.0,-5279.0,1075,20.001675844192505,11
-7339.0,-4868.0,-4861.0,1094,20.33779788017273,11
-6193.0,-6139.0,-5107.0,1110,20.5449538230896,11
-4711.0,-4495.0,-7419.0,1120,20.651911973953247,11
-4185.0,-5794.0,-7147.0,1120,20.65208601951599,11
-4547.0,-5905.0,-6743.0,1121,20.703706979751587,11
-6098.0,-5589.0,-5737.0,1146,21.290807008743286,11
-6215.0,-5535.0,-5851.0,1165,21.62044382095337,11
-4992.0,-7002.0,-5068.0,1184,21.84667992591858,11
-4544.0,-4500.0,-7426.0,1229,22.312641859054565,11
-4789.0,-4436.0,-7357.0,1229,22.312646865844727,11
-4319.0,-5651.0,-7241.0,1229,22.312652826309204,11
-5628.0,-5701.0,-6123.0,1270,23.127347946166992,11
-5690.0,-4592.0,-6722.0,1284,23.292572021484375,11
-6409.0,-5255.0,-5640.0,1294,23.49272894859314,11
-5639.0,-6273.0,-5557.0,1296,23.517676830291748,11
-4518.0,-6195.0,-6582.0,1342,23.902536869049072,11
-5219.0,-6315.0,-5823.0,1342,23.902548789978027,11
-4448.0,-5409.0,-7440.0,1343,23.92650580406189,11
-5219.0,-4574.0,-7269.0,1343,23.926517009735107,11
-4787.0,-5615.0,-6992.0,1343,23.926544904708862,11
-5321.0,-6199.0,-5942.0,1346,24.00018000602722,11
-5177.0,-6652.0,-5587.0,1346,24.000263929367065,11
-5216.0,-5890.0,-6315.0,1346,24.000268936157227,11
-5857.0,-4601.0,-6716.0,1374,24.33456587791443,11
-6169.0,-4422.0,-6459.0,1406,24.60672688484192,11
-6596.0,-4474.0,-6024.0,1412,24.675539016723633,11
-6043.0,-4867.0,-6372.0,1416,24.72087788581848,11
-5704.0,-4484.0,-6930.0,1416,24.72088384628296,11
-7534.0,-5563.0,-3139.0,1465,25.31867790222168,11
-7718.0,-4790.0,-3603.0,1465,25.318816900253296,11
-7345.0,-5017.0,-4534.0,1465,25.318821907043457,11
-6927.0,-4693.0,-5604.0,1476,25.56903100013733,11
-6853.0,-4866.0,-5655.0,1476,25.569041967391968,11
-7064.0,-4946.0,-5227.0,1476,25.569047927856445,11
-6299.0,-5399.0,-5877.0,1476,25.569058895111084,11
-6729.0,-5522.0,-5281.0,1476,25.569069862365723,11
-6860.0,-5609.0,-4980.0,1476,25.56909680366516,11
-6958.0,-5484.0,-4895.0,1476,25.569103002548218,11
-6148.0,-5266.0,-6060.0,1477,25.60030698776245,11
-6309.0,-5651.0,-5555.0,1478,25.619529962539673,11
-6851.0,-5202.0,-5347.0,1480,25.650627851486206,11
-6809.0,-5673.0,-4955.0,1480,25.6506450176239,11
-7093.0,-5708.0,-4610.0,1482,25.693553924560547,11
-6727.0,-5858.0,-4973.0,1482,25.69364285469055,11
-6901.0,-5890.0,-4651.0,1483,25.710232973098755,11
-5316.0,-7161.0,-4329.0,1596,27.20482301712036,11
-5499.0,-6401.0,-5486.0,1597,27.2236008644104,11
-5314.0,-6357.0,-5822.0,1598,27.238382816314697,11
-5685.0,-6899.0,-4576.0,1610,27.351454973220825,11
-7023.0,-4928.0,-5379.0,1666,27.80842685699463,11
-6958.0,-4775.0,-5553.0,1666,27.808448791503906,11
-6475.0,-6411.0,-4365.0,1668,27.848220825195312,11
-6340.0,-6345.0,-4641.0,1668,27.848225831985474,11
-6638.0,-6041.0,-4685.0,1668,27.84823179244995,11
-6209.0,-5751.0,-5539.0,1671,27.894685983657837,11
-7470.0,-4365.0,-4777.0,1687,28.08743381500244,11
-6919.0,-4169.0,-5813.0,1697,28.191988945007324,11
-5892.0,-6042.0,-5533.0,1728,28.462832927703857,11
-6072.0,-5846.0,-5679.0,1754,28.644937992095947,11
-6635.0,-5369.0,-5426.0,1756,28.65488290786743,11
-6102.0,-5392.0,-5943.0,1806,28.980008840560913,11
-5963.0,-5231.0,-6188.0,1818,29.11267399787903,11
-5124.0,-6849.0,-5276.0,1846,29.344202995300293,12
-5113.0,-7300.0,-4230.0,1847,29.385682821273804,12
-3412.0,-7068.0,-5870.0,1848,29.426875829696655,12
-5328.0,-7559.0,-3586.0,1848,29.426914930343628,12
-4308.0,-7422.0,-5119.0,1848,29.426925897598267,12
-4564.0,-7165.0,-5321.0,1848,29.42710280418396,12
-5637.0,-7327.0,-3743.0,1848,29.427140951156616,12
-5082.0,-7263.0,-4564.0,1848,29.427151918411255,12
-3947.0,-6701.0,-6168.0,1849,29.47810387611389,12
-3983.0,-7081.0,-5718.0,1849,29.478204011917114,12
-4683.0,-7522.0,-4520.0,1849,29.478293895721436,12
-5132.0,-6352.0,-5882.0,1874,30.234327793121338,12
-7323.0,-6063.0,-2820.0,1892,30.724699020385742,12
-5864.0,-6598.0,-4795.0,1894,30.77052593231201,12
-5166.0,-6623.0,-5591.0,1898,30.825938940048218,12
-5321.0,-6273.0,-5829.0,1899,30.839696884155273,12
-5135.0,-6435.0,-5862.0,1899,30.839701890945435,12
-5004.0,-7493.0,-4203.0,1976,32.336665868759155,12
-5313.0,-7261.0,-4360.0,1977,32.35479497909546,12
-4646.0,-6736.0,-5786.0,2166,35.07242393493652,12
-4020.0,-6639.0,-6033.0,2236,35.671703815460205,12
-4928.0,-4146.0,-7435.0,2244,35.88310384750366,12
-7618.0,-3909.0,-4709.0,2249,35.999431848526,12
-6054.0,-6871.0,-4147.0,2256,36.15854287147522,12
-5886.0,-6991.0,-4141.0,2256,36.15862584114075,12
-4891.0,-6299.0,-6094.0,2328,37.01061987876892,12
-4773.0,-4642.0,-7335.0,2366,37.526017904281616,12
-4892.0,-5658.0,-6717.0,2372,37.57818794250488,12
-4862.0,-5256.0,-7080.0,2372,37.57819390296936,12
-4794.0,-5962.0,-6624.0,2374,37.59382891654968,12
-4186.0,-5825.0,-7039.0,2378,37.613584995269775,12
-5560.0,-4661.0,-6870.0,2435,38.10293698310852,12
-6154.0,-3785.0,-6826.0,2446,38.26362085342407,12
-5721.0,-4129.0,-7078.0,2447,38.28289985656738,12
-6524.0,-3918.0,-6416.0,2452,38.34835481643677,12
-6166.0,-4183.0,-6567.0,2456,38.38001585006714,12
-5322.0,-4722.0,-7159.0,2460,38.41946482658386,12
-6550.0,-4378.0,-6191.0,2496,38.73977184295654,12
-6106.0,-5023.0,-6205.0,2504,38.79057693481445,12
-5815.0,-4291.0,-6807.0,2542,39.024977922439575,12
-7484.0,-5196.0,-3965.0,2608,39.62916088104248,12
-6625.0,-5513.0,-5353.0,2630,40.05190396308899,12
-6749.0,-4857.0,-5727.0,2630,40.05190992355347,12
-6560.0,-5430.0,-5468.0,2632,40.08768081665039,12
-6530.0,-5028.0,-5831.0,2632,40.08773183822632,12
-7103.0,-5693.0,-4442.0,2633,40.10639786720276,12
-6822.0,-5063.0,-5653.0,2633,40.106414794921875,12
-5872.0,-6077.0,-5450.0,2636,40.14971685409546,12
-6294.0,-5540.0,-5659.0,2636,40.149738788604736,12
-7291.0,-4879.0,-4933.0,2639,40.196820974349976,12
-6903.0,-5081.0,-5325.0,2640,40.21828579902649,12
-7209.0,-5417.0,-4506.0,2644,40.265713930130005,12
-7186.0,-5249.0,-4982.0,2645,40.27382183074951,12
-7296.0,-6058.0,-3029.0,2657,40.43268895149231,12
-6843.0,-6198.0,-4061.0,2705,41.128044843673706,12
-5169.0,-7205.0,-4502.0,2814,42.16991686820984,12
-6796.0,-5805.0,-4676.0,2896,42.814629793167114,12
-6758.0,-6015.0,-4611.0,2898,42.84910202026367,12
-6791.0,-5866.0,-4706.0,2898,42.84910798072815,12
-6033.0,-6372.0,-5062.0,2908,42.970752000808716,12
-6967.0,-4782.0,-5498.0,2928,43.15553379058838,12
-6865.0,-6170.0,-4084.0,2939,43.2295458316803,12
-7005.0,-4295.0,-5757.0,2951,43.35074782371521,12
-7159.0,-4616.0,-5334.0,2962,43.46795082092285,12
-5959.0,-5267.0,-6173.0,3112,44.41884088516235,12
-7814.0,-4085.0,-3841.0,3136,44.51637887954712,13
-7844.0,-4487.0,-3478.0,3136,44.51638388633728,13
-7599.0,-5683.0,-2543.0,3136,44.516412019729614,13
-7520.0,-5969.0,-2449.0,3136,44.51641798019409,13
-4406.0,-6392.0,-6322.0,3139,44.66656994819641,13
-4867.0,-7087.0,-5049.0,3140,44.71714401245117,13
-5406.0,-7518.0,-3283.0,3140,44.717182874679565,13
-4945.0,-7420.0,-4224.0,3141,44.7573618888855,13
-5410.0,-7493.0,-3512.0,3141,44.75748801231384,13
-5031.0,-7366.0,-4304.0,3144,44.86400890350342,13
-4863.0,-7486.0,-4298.0,3144,44.86402893066406,13
-3627.0,-6802.0,-6098.0,3158,45.33359694480896,13
-3315.0,-6731.0,-6400.0,3158,45.3336079120636,13
-3886.0,-6744.0,-6248.0,3159,45.36227989196777,13
-3116.0,-5764.0,-7410.0,3164,45.48820090293884,13
-4088.0,-5857.0,-7085.0,3164,45.48830199241638,13
-4845.0,-6843.0,-5443.0,3182,45.9621160030365,13
-3930.0,-6643.0,-6236.0,3187,46.03587293624878,13
-4858.0,-6084.0,-6337.0,3202,46.42155981063843,13
-5286.0,-6434.0,-5635.0,3224,46.87956690788269,13
-4938.0,-6754.0,-5536.0,3230,46.943835973739624,13
-4629.0,-4518.0,-7394.0,3265,47.61967396736145,13
-4868.0,-6422.0,-6010.0,3516,51.27078700065613,13
-5472.0,-5557.0,-6326.0,3516,51.270792961120605,13
-6201.0,-5223.0,-6046.0,3584,52.03930687904358,13
-4874.0,-6356.0,-6073.0,3619,52.33676099777222,13
-4932.0,-5603.0,-6718.0,3698,53.02969193458557,13
-5023.0,-6235.0,-6010.0,3700,53.07045292854309,13
-6176.0,-4030.0,-6626.0,3714,53.398661851882935,13
-7540.0,-3929.0,-4871.0,3721,53.56441688537598,13
-7375.0,-4029.0,-5216.0,3721,53.564432859420776,13
-5547.0,-6689.0,-5080.0,3737,53.87063694000244,13
-5382.0,-4255.0,-7157.0,3998,56.09843587875366,13
-6164.0,-3540.0,-6914.0,4014,56.26438593864441,13
-5795.0,-4113.0,-6981.0,4029,56.49991297721863,13
-6118.0,-4104.0,-6642.0,4030,56.51243996620178,13
-7333.0,-4937.0,-4611.0,4220,57.9970498085022,13
-6404.0,-4822.0,-6104.0,4237,58.257285833358765,13
-6185.0,-5877.0,-5492.0,4248,58.44086790084839,13
-6641.0,-5469.0,-5355.0,4248,58.440884828567505,13
-6435.0,-6002.0,-5169.0,4249,58.46229386329651,13
-6489.0,-5339.0,-5630.0,4250,58.478845834732056,13
-6876.0,-5483.0,-5136.0,4254,58.53105282783508,13
-6537.0,-5704.0,-5322.0,4254,58.53106379508972,13
-5953.0,-6134.0,-5391.0,4258,58.57889699935913,13
-6966.0,-5333.0,-5044.0,4266,58.66499590873718,13
-7612.0,-5366.0,-3296.0,4306,59.102959871292114,13
-5528.0,-6480.0,-5451.0,4509,61.03997993469238,13
-6616.0,-5106.0,-5616.0,4587,61.57456994056702,13
-7093.0,-5414.0,-4677.0,4590,61.603456020355225,13
-5904.0,-5966.0,-5673.0,4622,61.84588980674744,13
-7117.0,-3492.0,-5912.0,4670,62.18631601333618,13
-7043.0,-3508.0,-6009.0,4670,62.18633198738098,13
-6873.0,-4098.0,-5862.0,4670,62.18633794784546,13
-7236.0,-3939.0,-5749.0,4672,62.21509289741516,13
-6901.0,-4540.0,-5683.0,4672,62.21511483192444,13
-7164.0,-4570.0,-5362.0,4673,62.231669902801514,13
-5926.0,-6282.0,-5170.0,4732,62.72022581100464,13
-7829.0,-5022.0,-2521.0,4848,63.342779874801636,14
-7714.0,-5308.0,-2626.0,4848,63.34281396865845,14
-7620.0,-5528.0,-2165.0,4848,63.342819929122925,14
-7728.0,-5235.0,-2952.0,4848,63.34283089637756,14
-7540.0,-5410.0,-3287.0,4848,63.3428418636322,14
-7452.0,-5880.0,-2764.0,4848,63.34288787841797,14
-7344.0,-6173.0,-1977.0,4848,63.34289884567261,14
-7409.0,-5963.0,-2833.0,4849,63.39417386054993,14
-4142.0,-3633.0,-7736.0,4851,63.484336853027344,14
-3570.0,-7226.0,-5369.0,4862,63.856833934783936,14
-4203.0,-7113.0,-5492.0,4862,63.85690379142761,14
-4291.0,-6976.0,-5688.0,4862,63.85690879821777,14
-4773.0,-7495.0,-4407.0,4865,63.95282292366028,14
-4808.0,-7553.0,-4043.0,4865,63.95286798477173,14
-4421.0,-7435.0,-4943.0,4867,64.01775884628296,14
-4608.0,-7396.0,-4888.0,4867,64.0177869796753,14
-5318.0,-7309.0,-4123.0,4870,64.0915699005127,14
-3210.0,-6422.0,-6773.0,4886,64.53276586532593,14
-4702.0,-7113.0,-5065.0,4922,65.35678887367249,14
-7820.0,-4785.0,-3220.0,5141,68.65006184577942,14
-7596.0,-4511.0,-4328.0,5182,69.12027382850647,14
-7530.0,-4952.0,-4038.0,5209,69.48728585243225,14
-5895.0,-6059.0,-5445.0,5376,71.23040795326233,14
-6769.0,-4845.0,-5675.0,5430,71.71519780158997,14
-6036.0,-5331.0,-6014.0,5438,71.76081085205078,14
-6144.0,-4719.0,-6386.0,5438,71.76082801818848,14
-5021.0,-5925.0,-6396.0,5558,72.56947183609009,14
-4881.0,-5401.0,-6966.0,5562,72.66350078582764,14
-4537.0,-4517.0,-7499.0,5579,73.01885890960693,14
-5329.0,-4705.0,-7086.0,5950,76.08919095993042,14
-5030.0,-5214.0,-6982.0,5964,76.20324301719666,14
-7456.0,-5138.0,-3989.0,6130,77.54407000541687,14
-7299.0,-5103.0,-4315.0,6130,77.54408693313599,14
-7018.0,-6017.0,-3855.0,6158,78.02678990364075,14
-7050.0,-5910.0,-4014.0,6164,78.0947527885437,14
-6205.0,-6070.0,-5244.0,6171,78.18168091773987,14
-6313.0,-5458.0,-5616.0,6171,78.18170285224915,14
-6309.0,-5494.0,-5601.0,6185,78.31164288520813,14
-7292.0,-5107.0,-4492.0,6200,78.4276008605957,14
-7012.0,-5867.0,-4206.0,6212,78.57111287117004,14
-6881.0,-4089.0,-5863.0,6658,81.80609583854675,14
-7301.0,-4092.0,-5575.0,6660,81.82408690452576,14
-6977.0,-4704.0,-5482.0,6679,81.94061398506165,14
-3085.0,-6591.0,-6641.0,6802,82.69055080413818,15
-3718.0,-6478.0,-6764.0,6802,82.69081687927246,15
-3242.0,-6702.0,-6515.0,6803,82.72721481323242,15
-3986.0,-6824.0,-6041.0,6803,82.72726583480835,15
-4158.0,-6512.0,-6291.0,6812,83.06594586372375,15
-3724.0,-7139.0,-5568.0,6824,83.42175579071045,15
-3500.0,-6931.0,-6066.0,6824,83.42182898521423,15
-6172.0,-6844.0,-3911.0,6830,83.57964181900024,15
-4364.0,-7065.0,-5532.0,6832,83.6346960067749,15
-4917.0,-7164.0,-5045.0,6832,83.63470101356506,15
-4274.0,-6656.0,-6028.0,6853,84.08164596557617,15
-4573.0,-4443.0,-7516.0,6856,84.1209888458252,15
-3298.0,-6285.0,-6969.0,6857,84.14060688018799,15
-3403.0,-6594.0,-6596.0,6859,84.1692488193512,15
-4344.0,-6644.0,-6019.0,6929,85.3779308795929,15
-4898.0,-4544.0,-7294.0,7058,87.15558981895447,15
-3952.0,-7114.0,-5448.0,7178,88.61745500564575,15
-7663.0,-4536.0,-4068.0,7230,89.21297883987427,15
-5544.0,-6190.0,-5627.0,7412,90.93228578567505,15
-5730.0,-5960.0,-5926.0,7451,91.32454299926758,15
-5388.0,-6139.0,-5790.0,7622,92.59840989112854,15
-4597.0,-4050.0,-7497.0,7642,92.9556839466095,15
-7262.0,-4545.0,-5138.0,7720,93.78181481361389,15
-7427.0,-4445.0,-4793.0,7720,93.78184795379639,15
-5383.0,-4341.0,-7150.0,7964,95.324138879776,15
-5122.0,-5330.0,-6898.0,7964,95.32418489456177,15
-5279.0,-4990.0,-6987.0,7965,95.33941197395325,15
-6749.0,-4700.0,-5773.0,8232,97.68953084945679,15
-7344.0,-4515.0,-5056.0,8285,98.08373999595642,15
-7086.0,-5216.0,-5128.0,8312,98.31522583961487,15
-6728.0,-5613.0,-4974.0,8594,100.31247091293335,15
-7287.0,-4165.0,-5249.0,8720,101.02162599563599,15
-7649.0,-5217.0,-3237.0,8806,101.45791101455688,16
-7551.0,-5939.0,-2282.0,8812,101.6622109413147,16
-7800.0,-5190.0,-2566.0,8813,101.69851589202881,16
-4476.0,-7302.0,-5125.0,8848,102.70481991767883,16
-4589.0,-7315.0,-4949.0,8860,103.06874799728394,16
-3526.0,-5170.0,-7754.0,8922,104.15950679779053,16
-5313.0,-6770.0,-5223.0,9082,106.03478693962097,16
-3965.0,-6713.0,-6049.0,9227,107.64326786994934,16
-7594.0,-5458.0,-3142.0,9242,107.95884895324707,16
-4591.0,-5304.0,-7312.0,9460,109.90299081802368,16
-7125.0,-4238.0,-5449.0,9750,112.56315779685974,16
-5205.0,-4994.0,-7007.0,9920,113.62296485900879,16
-5331.0,-4483.0,-7101.0,9920,113.62297081947327,16
-7302.0,-5833.0,-3188.0,10092,114.81511998176575,16
-7251.0,-5612.0,-3918.0,10137,115.3797287940979,16
-7374.0,-4917.0,-4693.0,10264,116.42815685272217,16
-7115.0,-4250.0,-5595.0,10621,118.58601498603821,16
-7481.0,-5722.0,-2854.0,10700,119.33050894737244,17
-3926.0,-4290.0,-7759.0,10710,119.62118601799011,17
-3608.0,-6151.0,-7012.0,10710,119.62127494812012,17
-4854.0,-6825.0,-5408.0,10780,121.34609794616699,17
-7784.0,-5178.0,-2852.0,11157,125.84610891342163,17
-7325.0,-5838.0,-3155.0,11181,126.10544395446777,17
-7648.0,-4913.0,-3727.0,11258,126.67726397514343,17
-4476.0,-5435.0,-7195.0,11466,128.39660000801086,17
-7312.0,-4235.0,-5213.0,11568,129.60980701446533,17
-4944.0,-5399.0,-6946.0,11691,130.42325901985168,17
-7593.0,-4851.0,-4055.0,11852,131.51246690750122,17
-7448.0,-4901.0,-4596.0,11994,132.62689685821533,17
-7281.0,-5533.0,-4275.0,11994,132.62691378593445,17
-7013.0,-5010.0,-5202.0,12008,132.74459099769592,17
-6989.0,-5699.0,-4682.0,12024,132.82478284835815,17
-7302.0,-4320.0,-5134.0,12244,133.99751782417297,17
-5033.0,-7283.0,-4420.0,12365,135.97877883911133,18
-4851.0,-7402.0,-4526.0,12416,136.82776379585266,18
-4812.0,-6855.0,-5418.0,12426,136.98529601097107,18
-3452.0,-5707.0,-7329.0,12472,137.6267008781433,18
-7330.0,-5069.0,-4299.0,12657,139.57628178596497,18
-3737.0,-5909.0,-7211.0,12878,141.6052589416504,18
-4118.0,-5818.0,-7150.0,12878,141.6052758693695,18
-4874.0,-5964.0,-6410.0,13011,142.71883392333984,18
-7095.0,-4028.0,-5731.0,13436,145.9647560119629,18
-7455.0,-5945.0,-2629.0,13680,147.2041540145874,19
-3154.0,-6839.0,-6319.0,13703,147.75849080085754,19
-4845.0,-7497.0,-4066.0,13841,149.9791820049286,19
-3862.0,-4811.0,-7685.0,13882,150.5307137966156,19
-3633.0,-4433.0,-7972.0,13888,150.59712481498718,19
-3223.0,-5329.0,-7616.0,13888,150.59713101387024,19
-4695.0,-4546.0,-7349.0,13890,150.6257028579712,19
-4665.0,-4107.0,-7467.0,14091,152.52110195159912,19
-7745.0,-5022.0,-2993.0,14152,153.10689282417297,19
-7674.0,-5223.0,-3014.0,14154,153.13689994812012,19
-7637.0,-4815.0,-3844.0,14218,153.62060689926147,19
-7477.0,-4135.0,-4868.0,14457,155.60480785369873,19
-4605.0,-5193.0,-7394.0,14530,156.11340284347534,19
-7177.0,-5524.0,-4347.0,14762,157.4716968536377,19
-7489.0,-5728.0,-2705.0,14879,158.0527470111847,20
-3989.0,-6060.0,-6951.0,14922,158.95669078826904,20
-3806.0,-5099.0,-7652.0,15282,162.92920184135437,20
-3963.0,-4883.0,-7606.0,15283,162.93623399734497,20
-5188.0,-3353.0,-7364.0,15636,165.54103183746338,20
-7443.0,-5799.0,-2844.0,16378,171.8645589351654,21
-5257.0,-3788.0,-7351.0,16542,173.0172028541565,21
-5876.0,-4032.0,-6983.0,16646,173.64903283119202,21
-7783.0,-4855.0,-2901.0,17440,179.56147480010986,23
-4748.0,-5088.0,-7266.0,18269,185.6176187992096,24
-7850.0,-4880.0,-2641.0,19029,190.7826099395752,29
-7733.0,-4994.0,-3009.0,19074,191.02827191352844,30
-7635.0,-5290.0,-2911.0,19106,191.1806058883667,31
