z1,z2,z3,node,time,depth
-77.0,-45.0,-54.0,1,0.03577995300292969,1
-75.0,-54.0,-52.0,1,0.035787105560302734,1
-66.0,-67.0,-58.0,1,0.03579401969909668,1
-64.0,-69.0,-57.0,1,0.03579998016357422,1
-64.0,-70.0,-55.0,1,0.035807132720947266,1
-34.0,-60.0,-78.0,1,0.03581404685974121,1
-41.0,-54.0,-81.0,1,0.035820960998535156,1
-67.0,-63.0,-61.0,1,0.0358271598815918,1
-47.0,-64.0,-74.0,1,0.03583407402038574,1
-52.0,-64.0,-72.0,1,0.03584003448486328,1
-50.0,-62.0,-74.0,1,0.03584718704223633,1
-80.0,-31.0,-53.0,1,0.03585314750671387,1
-70.0,-46.0,-65.0,1,0.03586006164550781,1
-66.0,-71.0,-44.0,1,0.03586602210998535,1
-66.0,-72.0,-38.0,1,0.0358731746673584,1
-68.0,-68.0,-47.0,1,0.03587913513183594,1
-69.0,-64.0,-55.0,1,0.03588700294494629,1
-65.0,-73.0,-39.0,1,0.03589296340942383,1
-64.0,-74.0,-37.0,1,0.035900115966796875,1
-34.0,-81.0,-58.0,1,0.035906076431274414,1
-28.0,-83.0,-56.0,1,0.03591299057006836,1
-40.0,-65.0,-75.0,1,0.035919189453125,1
-32.0,-74.0,-68.0,1,0.035926103591918945,1
-28.0,-76.0,-66.0,1,0.035932064056396484,1
-48.0,-58.0,-77.0,1,0.03593802452087402,1
-45.0,-62.0,-76.0,1,0.03594613075256348,1
-45.0,-60.0,-77.0,1,0.035952091217041016,1
-45.0,-71.0,-68.0,1,0.03595900535583496,1
-51.0,-66.0,-71.0,1,0.0359649658203125,1
-59.0,-68.0,-65.0,1,0.03597211837768555,1
-55.0,-51.0,-76.0,1,0.035978078842163086,1
-68.0,-36.0,-68.0,1,0.03598499298095703,1
-70.0,-53.0,-63.0,1,0.03599095344543457,1
-73.0,-59.0,-51.0,1,0.03599810600280762,1
-72.0,-61.0,-50.0,1,0.036004066467285156,1
-71.0,-63.0,-48.0,1,0.0360109806060791,1
-50.0,-82.0,-36.0,1,0.03601717948913574,1
-47.0,-83.0,-38.0,1,0.03602409362792969,1
-58.0,-79.0,-34.0,1,0.03603100776672363,1
-35.0,-79.0,-61.0,1,0.03603696823120117,1
-43.0,-74.0,-65.0,1,0.03604316711425781,1
-34.0,-85.0,-46.0,1,0.03605008125305176,1
-33.0,-83.0,-53.0,1,0.0360560417175293,1
-54.0,-80.0,-38.0,1,0.03606295585632324,1
-59.0,-78.0,-36.0,1,0.03606915473937988,1
-43.0,-83.0,-45.0,1,0.03607511520385742,1
-34.0,-71.0,-71.0,1,0.03608202934265137,1
-39.0,-69.0,-72.0,1,0.036089181900024414,1
-34.0,-70.0,-72.0,1,0.03609609603881836,1
-61.0,-59.0,-69.0,1,0.0361020565032959,1
-50.0,-48.0,-78.0,1,0.036108970642089844,1
-47.0,-53.0,-79.0,1,0.03611612319946289,1
-58.0,-47.0,-75.0,1,0.036123037338256836,1
-67.0,-51.0,-67.0,1,0.036128997802734375,1
-61.0,-55.0,-71.0,1,0.03613615036010742,1
-59.0,-56.0,-72.0,1,0.03614306449890137,1
-56.0,-56.0,-74.0,1,0.036149024963378906,1
-70.0,-60.0,-58.0,1,0.03615617752075195,1
-70.0,-55.0,-62.0,1,0.03616213798522949,1
-73.0,-50.0,-60.0,1,0.03616809844970703,1
-41.0,-80.0,-56.0,1,0.03617501258850098,1
-63.0,-72.0,-50.0,1,0.03618216514587402,1
-58.0,-74.0,-52.0,1,0.03618812561035156,1
-53.0,-78.0,-47.0,1,0.0361940860748291,1
-58.0,-76.0,-45.0,1,0.03620100021362305,1
-53.0,-75.0,-56.0,1,0.036208152770996094,1
-50.0,-77.0,-54.0,1,0.03621411323547363,1
-51.0,-79.0,-47.0,1,0.03622102737426758,1
-58.0,-65.0,-68.0,1,0.03622698783874512,1
-56.0,-66.0,-69.0,1,0.036234140396118164,1
-67.0,-58.0,-65.0,1,0.0362401008605957,1
-65.0,-44.0,-70.0,1,0.03624701499938965,1
-61.0,-51.0,-72.0,1,0.03625297546386719,1
-65.0,-50.0,-69.0,1,0.036260128021240234,1
-59.0,-72.0,-57.0,1,0.03626608848571777,1
-54.0,-73.0,-60.0,1,0.03627204895019531,1
-49.0,-76.0,-58.0,1,0.03627896308898926,1
-49.0,-72.0,-65.0,1,0.0362851619720459,1
-42.0,-78.0,-59.0,1,0.036292076110839844,1
-53.0,-73.0,-61.0,1,0.03629803657531738,1
-60.0,-76.0,-41.0,2,0.0757591724395752,2
-60.0,-74.0,-48.0,2,0.07576513290405273,2
-42.0,-76.0,-62.0,2,0.07579898834228516,2
-46.0,-74.0,-63.0,2,0.07580399513244629,2
-50.0,-75.0,-59.0,2,0.07580995559692383,2
-65.0,-57.0,-67.0,2,0.07581615447998047,2
-70.0,-61.0,-56.0,2,0.07583904266357422,2
-45.0,-73.0,-65.0,2,0.07586216926574707,2
-54.0,-68.0,-67.0,2,0.07586812973022461,2
-49.0,-70.0,-67.0,2,0.07587313652038574,2
-70.0,-64.0,-50.0,2,0.07589602470397949,2
-65.0,-64.0,-62.0,2,0.07590198516845703,2
-56.0,-70.0,-63.0,2,0.07590699195861816,2
-61.0,-72.0,-53.0,2,0.07591414451599121,2
-61.0,-71.0,-55.0,2,0.07591915130615234,2
-67.0,-64.0,-59.0,2,0.07592511177062988,2
-64.0,-66.0,-60.0,2,0.07593107223510742,2
-60.0,-65.0,-66.0,2,0.07595396041870117,2
-55.0,-76.0,-50.0,2,0.07598304748535156,2
-51.0,-80.0,-43.0,2,0.0759880542755127,2
-51.0,-75.0,-58.0,2,0.07601714134216309,2
-56.0,-74.0,-55.0,2,0.07602310180664062,2
-35.0,-78.0,-62.0,2,0.0760800838470459,2
-45.0,-69.0,-70.0,2,0.07609200477600098,2
-43.0,-73.0,-66.0,2,0.07611417770385742,2
-38.0,-75.0,-65.0,2,0.07612013816833496,2
-56.0,-79.0,-36.0,3,0.10726499557495117,2
-46.0,-82.0,-42.0,3,0.10727715492248535,2
-47.0,-82.0,-41.0,3,0.10730695724487305,2
-75.0,-46.0,-55.0,3,0.10736298561096191,2
-73.0,-55.0,-53.0,3,0.10737395286560059,2
-69.0,-66.0,-47.0,3,0.10738611221313477,2
-51.0,-81.0,-38.0,3,0.10741996765136719,2
-55.0,-79.0,-39.0,3,0.10742616653442383,2
-53.0,-66.0,-70.0,3,0.10744810104370117,2
-40.0,-72.0,-68.0,3,0.10745906829833984,2
-46.0,-66.0,-72.0,3,0.10751605033874512,2
-63.0,-56.0,-69.0,3,0.10752701759338379,2
-61.0,-57.0,-70.0,3,0.10753297805786133,2
-72.0,-31.0,-63.0,4,0.144301176071167,3
-67.0,-37.0,-68.0,4,0.1444380283355713,3
-60.0,-41.0,-73.0,4,0.14444398880004883,3
-65.0,-62.0,-63.0,4,0.14449596405029297,3
-53.0,-61.0,-72.0,4,0.1446211338043213,3
-40.0,-68.0,-72.0,4,0.14462709426879883,3
-59.0,-58.0,-70.0,4,0.1447010040283203,3
-63.0,-46.0,-71.0,4,0.1447131633758545,3
-57.0,-59.0,-71.0,4,0.1447300910949707,3
-63.0,-64.0,-63.0,4,0.14473605155944824,3
-58.0,-51.0,-73.0,4,0.14475297927856445,3
-57.0,-53.0,-73.0,4,0.1447591781616211,3
-53.0,-57.0,-74.0,4,0.14476418495178223,3
-45.0,-79.0,-53.0,5,0.17326903343200684,3
-71.0,-40.0,-63.0,5,0.17329812049865723,3
-52.0,-74.0,-59.0,5,0.1733551025390625,3
-68.0,-61.0,-59.0,5,0.1733710765838623,3
-68.0,-54.0,-64.0,5,0.17338299751281738,3
-61.0,-68.0,-60.0,5,0.17354917526245117,3
-60.0,-70.0,-59.0,6,0.20536112785339355,3
-43.0,-77.0,-60.0,6,0.20539498329162598,3
-66.0,-69.0,-47.0,6,0.20540618896484375,3
-65.0,-60.0,-64.0,6,0.20541715621948242,3
-56.0,-69.0,-65.0,6,0.20546197891235352,3
-60.0,-68.0,-62.0,6,0.20546817779541016,3
-55.0,-74.0,-56.0,6,0.20552396774291992,3
-55.0,-72.0,-61.0,6,0.20553016662597656,3
-62.0,-50.0,-71.0,7,0.229079008102417,3
-67.0,-70.0,-42.0,7,0.22908401489257812,3
-48.0,-80.0,-46.0,7,0.22911310195922852,3
-56.0,-68.0,-66.0,7,0.2292189598083496,3
-46.0,-76.0,-60.0,7,0.22923612594604492,3
-62.0,-57.0,-69.0,7,0.2292649745941162,3
-56.0,-77.0,-45.0,7,0.22931599617004395,3
-65.0,-72.0,-42.0,7,0.22932696342468262,3
-78.0,-40.0,-51.0,8,0.27246904373168945,4
-73.0,-52.0,-56.0,8,0.2725181579589844,4
-43.0,-79.0,-56.0,8,0.27259302139282227,4
-76.0,-43.0,-56.0,8,0.2726430892944336,4
-71.0,-57.0,-55.0,8,0.27268409729003906,4
-68.0,-37.0,-67.0,8,0.27281618118286133,4
-45.0,-82.0,-45.0,8,0.272907018661499,4
-52.0,-76.0,-54.0,8,0.2729480266571045,4
-73.0,-39.0,-61.0,8,0.27295613288879395,4
-64.0,-46.0,-70.0,8,0.27303004264831543,4
-53.0,-79.0,-43.0,8,0.2731039524078369,4
-35.0,-82.0,-54.0,9,0.3050401210784912,4
-38.0,-83.0,-49.0,9,0.30504608154296875,4
-61.0,-75.0,-39.0,9,0.30506300926208496,4
-77.0,-39.0,-55.0,9,0.3051481246948242,4
-59.0,-77.0,-39.0,9,0.30516505241394043,4
-52.0,-80.0,-39.0,9,0.30517005920410156,4
-64.0,-52.0,-68.0,9,0.3051869869232178,4
-55.0,-78.0,-43.0,9,0.3052551746368408,4
-43.0,-78.0,-58.0,9,0.3053109645843506,4
-47.0,-69.0,-69.0,10,0.3393549919128418,4
-49.0,-64.0,-73.0,10,0.33935999870300293,4
-58.0,-62.0,-69.0,10,0.33939409255981445,4
-57.0,-58.0,-72.0,10,0.3394050598144531,4
-45.0,-68.0,-71.0,10,0.3395810127258301,4
-59.0,-64.0,-67.0,11,0.36261415481567383,4
-40.0,-76.0,-63.0,12,0.3954651355743408,4
-61.0,-62.0,-66.0,12,0.3955211639404297,4
-51.0,-74.0,-60.0,12,0.3956000804901123,4
-46.0,-70.0,-68.0,12,0.3956301212310791,4
-56.0,-61.0,-70.0,12,0.39573097229003906,4
-48.0,-74.0,-62.0,13,0.4223339557647705,4
-61.0,-64.0,-65.0,13,0.4223790168762207,4
-63.0,-61.0,-65.0,13,0.42243504524230957,4
-68.0,-66.0,-53.0,14,0.4445459842681885,4
-65.0,-69.0,-53.0,14,0.44455814361572266,4
-61.0,-69.0,-59.0,14,0.44459104537963867,4
-57.0,-66.0,-67.0,14,0.4445960521697998,4
-62.0,-66.0,-62.0,14,0.4446079730987549,4
-54.0,-71.0,-63.0,14,0.44464612007141113,4
-42.0,-70.0,-69.0,16,0.5006730556488037,5
-50.0,-80.0,-44.0,16,0.5007359981536865,5
-40.0,-75.0,-64.0,16,0.5007641315460205,5
-28.0,-66.0,-74.0,16,0.5007929801940918,5
-34.0,-68.0,-73.0,16,0.5007979869842529,5
-61.0,-60.0,-67.0,16,0.5009520053863525,5
-41.0,-79.0,-57.0,16,0.5010249614715576,5
-43.0,-76.0,-61.0,16,0.5010371208190918,5
-38.0,-79.0,-59.0,17,0.5406851768493652,5
-37.0,-78.0,-61.0,17,0.5407941341400146,5
-36.0,-71.0,-70.0,17,0.5408110618591309,5
-54.0,-76.0,-51.0,17,0.540863037109375,5
-63.0,-65.0,-61.0,18,0.5728709697723389,5
-62.0,-68.0,-58.0,18,0.5729050636291504,5
-68.0,-59.0,-60.0,18,0.5729730129241943,5
-62.0,-63.0,-64.0,18,0.5730180740356445,5
-42.0,-81.0,-51.0,19,0.5967400074005127,5
-45.0,-81.0,-48.0,19,0.5967509746551514,5
-47.0,-81.0,-45.0,19,0.5968360900878906,5
-47.0,-77.0,-57.0,19,0.5968589782714844,5
-52.0,-77.0,-51.0,19,0.5969719886779785,5
-68.0,-48.0,-65.0,20,0.6277420520782471,5
-65.0,-51.0,-68.0,20,0.6277530193328857,5
-51.0,-62.0,-73.0,20,0.6278550624847412,5
-44.0,-67.0,-72.0,20,0.6278891563415527,5
-40.0,-66.0,-73.0,21,0.6513121128082275,5
-47.0,-60.0,-76.0,21,0.6513180732727051,5
-51.0,-57.0,-75.0,21,0.6513819694519043,5
-50.0,-71.0,-65.0,23,0.6915571689605713,5
-47.0,-78.0,-53.0,23,0.6915671825408936,5
-49.0,-74.0,-61.0,24,0.7261641025543213,5
-43.0,-75.0,-63.0,24,0.726186990737915,5
-56.0,-78.0,-41.0,24,0.7262070178985596,5
-51.0,-71.0,-64.0,24,0.7262380123138428,5
-41.0,-77.0,-61.0,24,0.726294994354248,5
-48.0,-77.0,-55.0,24,0.7263021469116211,5
-45.0,-80.0,-49.0,25,0.7527680397033691,5
-57.0,-74.0,-53.0,25,0.7528660297393799,5
-50.0,-68.0,-69.0,26,0.7765481472015381,5
-54.0,-69.0,-66.0,26,0.7765891551971436,5
-47.0,-71.0,-67.0,27,0.7950940132141113,5
-52.0,-60.0,-74.0,27,0.7951991558074951,5
-59.0,-63.0,-68.0,27,0.7952051162719727,5
-69.0,-59.0,-59.0,28,0.8168470859527588,5
-57.0,-75.0,-48.0,28,0.8169100284576416,5
-62.0,-62.0,-65.0,30,0.849632978439331,5
-55.0,-75.0,-53.0,30,0.8496789932250977,5
-60.0,-73.0,-51.0,30,0.849708080291748,5
-59.0,-71.0,-58.0,30,0.8497140407562256,5
-55.0,-70.0,-64.0,30,0.8497250080108643,5
-64.0,-58.0,-66.0,30,0.8497540950775146,5
-65.0,-65.0,-59.0,30,0.8497769832611084,5
-63.0,-71.0,-53.0,31,0.861720085144043,5
-46.0,-78.0,-54.0,32,0.9028961658477783,6
-40.0,-84.0,-41.0,32,0.9029800891876221,6
-54.0,-77.0,-46.0,33,0.9428651332855225,6
-45.0,-83.0,-39.0,33,0.9428770542144775,6
-44.0,-80.0,-51.0,35,1.006782054901123,6
-47.0,-73.0,-63.0,35,1.0070099830627441,6
-74.0,-56.0,-50.0,36,1.0394699573516846,6
-74.0,-50.0,-57.0,36,1.0394749641418457,6
-72.0,-55.0,-57.0,36,1.0395920276641846,6
-63.0,-47.0,-70.0,36,1.0396041870117188,6
-39.0,-67.0,-73.0,41,1.1654679775238037,6
-45.0,-56.0,-78.0,41,1.165480136871338,6
-51.0,-55.0,-76.0,41,1.1655890941619873,6
-47.0,-62.0,-75.0,41,1.165600061416626,6
-47.0,-68.0,-70.0,42,1.187157154083252,6
-63.0,-59.0,-67.0,42,1.1871631145477295,6
-56.0,-75.0,-51.0,48,1.3124799728393555,6
-61.0,-74.0,-45.0,48,1.3124980926513672,6
-61.0,-73.0,-49.0,48,1.3125040531158447,6
-37.0,-76.0,-64.0,49,1.3395211696624756,6
-62.0,-73.0,-48.0,49,1.3395330905914307,6
-45.0,-75.0,-62.0,50,1.3711681365966797,6
-57.0,-67.0,-66.0,54,1.4466111660003662,6
-49.0,-59.0,-76.0,54,1.4466280937194824,6
-55.0,-62.0,-71.0,54,1.44663405418396,6
-52.0,-68.0,-68.0,55,1.4599010944366455,6
-54.0,-64.0,-71.0,55,1.459907054901123,6
-50.0,-73.0,-62.0,57,1.4993071556091309,6
-60.0,-66.0,-63.0,58,1.5176520347595215,6
-61.0,-70.0,-56.0,58,1.517721176147461,6
-67.0,-66.0,-54.0,59,1.5333499908447266,6
-66.0,-68.0,-52.0,59,1.5333609580993652,6
-65.0,-70.0,-48.0,59,1.5333781242370605,6
-59.0,-69.0,-61.0,60,1.5507981777191162,6
-56.0,-72.0,-58.0,60,1.5508451461791992,6
-57.0,-76.0,-46.0,60,1.550868034362793,6
-54.0,-79.0,-40.0,65,1.6588189601898193,7
-59.0,-75.0,-46.0,65,1.6589200496673584,7
-37.0,-73.0,-67.0,67,1.7212650775909424,7
-35.0,-77.0,-63.0,67,1.7213871479034424,7
-43.0,-81.0,-49.0,73,1.8880360126495361,7
-47.0,-79.0,-51.0,73,1.8880410194396973,7
-72.0,-57.0,-52.0,73,1.8880531787872314,7
-46.0,-79.0,-52.0,78,1.9983880519866943,7
-56.0,-76.0,-47.0,78,1.998500108718872,7
-51.0,-78.0,-49.0,78,1.9985060691833496,7
-68.0,-43.0,-66.0,81,2.0641441345214844,7
-55.0,-58.0,-73.0,84,2.1209871768951416,7
-50.0,-70.0,-66.0,88,2.194218158721924,7
-43.0,-72.0,-67.0,88,2.1942241191864014,7
-52.0,-70.0,-65.0,93,2.271886110305786,7
-44.0,-72.0,-66.0,97,2.351768970489502,7
-53.0,-74.0,-57.0,100,2.4185211658477783,7
-57.0,-69.0,-63.0,108,2.552945137023926,7
-51.0,-69.0,-67.0,109,2.5662930011749268,7
-60.0,-63.0,-67.0,111,2.5896410942077637,7
-69.0,-57.0,-60.0,114,2.649736166000366,7
-67.0,-67.0,-52.0,116,2.678819179534912,7
-51.0,-72.0,-63.0,121,2.746401071548462,7
-63.0,-67.0,-59.0,122,2.7587389945983887,7
-58.0,-71.0,-59.0,124,2.777083158493042,7
-58.0,-70.0,-61.0,125,2.785360097885132,7
-39.0,-79.0,-58.0,132,2.971925973892212,8
-39.0,-78.0,-60.0,132,2.9721219539642334,8
-30.0,-73.0,-69.0,133,2.996232032775879,8
-75.0,-50.0,-54.0,144,3.2625529766082764,8
-44.0,-78.0,-57.0,144,3.2625980377197266,8
-73.0,-51.0,-57.0,145,3.2881040573120117,8
-76.0,-46.0,-54.0,145,3.2881271839141846,8
-72.0,-52.0,-58.0,145,3.288149118423462,8
-71.0,-60.0,-51.0,148,3.363356113433838,8
-72.0,-56.0,-54.0,148,3.3633620738983154,8
-68.0,-58.0,-62.0,150,3.4027531147003174,8
-57.0,-73.0,-54.0,157,3.4996771812438965,8
-48.0,-61.0,-75.0,164,3.6444740295410156,8
-52.0,-72.0,-62.0,170,3.742530107498169,8
-49.0,-69.0,-68.0,172,3.776489019393921,8
-48.0,-71.0,-66.0,173,3.7886030673980713,8
-54.0,-60.0,-72.0,206,4.346429109573364,8
-67.0,-69.0,-44.0,219,4.511324167251587,8
-69.0,-62.0,-56.0,221,4.532271146774292,8
-52.0,-78.0,-48.0,226,4.578822135925293,8
-66.0,-70.0,-46.0,230,4.6213250160217285,8
-60.0,-71.0,-56.0,234,4.649209976196289,8
-56.0,-73.0,-57.0,240,4.682659149169922,8
-55.0,-80.0,-34.0,242,4.724447965621948,9
-52.0,-81.0,-36.0,242,4.724605083465576,9
-62.0,-75.0,-35.0,243,4.759153127670288,9
-36.0,-82.0,-53.0,250,4.96703314781189,9
-28.0,-77.0,-64.0,251,4.992372989654541,9
-39.0,-81.0,-52.0,251,4.992424011230469,9
-38.0,-70.0,-70.0,252,5.016354084014893,9
-38.0,-74.0,-66.0,252,5.01636004447937,9
-40.0,-82.0,-49.0,257,5.141164064407349,9
-47.0,-80.0,-48.0,257,5.141337156295776,9
-71.0,-56.0,-56.0,269,5.362812042236328,9
-74.0,-51.0,-53.0,269,5.36284613609314,9
-49.0,-78.0,-50.0,272,5.427973985671997,9
-71.0,-55.0,-59.0,276,5.511492013931274,9
-62.0,-67.0,-60.0,281,5.593142986297607,9
-60.0,-75.0,-43.0,286,5.658390998840332,9
-48.0,-79.0,-49.0,287,5.666128158569336,9
-42.0,-65.0,-74.0,292,5.728533983230591,9
-46.0,-67.0,-71.0,298,5.843414068222046,9
-55.0,-63.0,-70.0,306,5.965442180633545,9
-57.0,-78.0,-37.0,328,6.23389196395874,9
-64.0,-71.0,-49.0,340,6.45107102394104,9
-58.0,-75.0,-47.0,343,6.499904155731201,9
-46.0,-73.0,-64.0,348,6.586112022399902,9
-47.0,-75.0,-60.0,379,6.898355960845947,9
-65.0,-68.0,-54.0,390,7.0196380615234375,9
-51.0,-76.0,-55.0,404,7.141180992126465,9
-50.0,-76.0,-56.0,405,7.14893102645874,9
-78.0,-36.0,-53.0,424,7.292438983917236,10
-74.0,-36.0,-60.0,424,7.292726039886475,10
-76.0,-37.0,-57.0,425,7.330681085586548,10
-77.0,-36.0,-56.0,425,7.3306920528411865,10
-35.0,-80.0,-57.0,435,7.607413053512573,10
-34.0,-72.0,-69.0,435,7.607616186141968,10
-38.0,-71.0,-69.0,439,7.693243026733398,10
-37.0,-81.0,-55.0,446,7.853708982467651,10
-38.0,-81.0,-53.0,447,7.878322124481201,10
-36.0,-77.0,-62.0,447,7.878340005874634,10
-45.0,-78.0,-55.0,456,8.00974416732788,10
-43.0,-80.0,-53.0,456,8.009854078292847,10
-48.0,-81.0,-43.0,456,8.009952068328857,10
-48.0,-78.0,-51.0,456,8.009958028793335,10
-70.0,-62.0,-52.0,464,8.231388092041016,10
-44.0,-65.0,-73.0,495,8.629472970962524,10
-58.0,-57.0,-71.0,504,8.75845217704773,10
-64.0,-72.0,-43.0,530,9.047801971435547,10
-66.0,-59.0,-63.0,556,9.362142086029053,10
-72.0,-40.0,-61.0,630,10.005755186080933,11
-60.0,-77.0,-35.0,633,10.108395099639893,11
-42.0,-82.0,-46.0,657,10.640356063842773,11
-49.0,-80.0,-45.0,657,10.640436172485352,11
-48.0,-54.0,-78.0,708,11.381316184997559,11
-42.0,-55.0,-80.0,708,11.381396055221558,11
-49.0,-52.0,-78.0,708,11.38143515586853,11
-54.0,-53.0,-75.0,709,11.403239011764526,11
-41.0,-69.0,-71.0,710,11.414536952972412,11
-62.0,-58.0,-68.0,723,11.553402185440063,11
-66.0,-62.0,-62.0,812,12.352122068405151,11
-74.0,-45.0,-58.0,814,12.399249076843262,12
-57.0,-77.0,-41.0,824,12.695603132247925,12
-51.0,-50.0,-77.0,900,13.718233108520508,12
-39.0,-56.0,-79.0,901,13.740571975708008,12
-40.0,-63.0,-76.0,902,13.76196002960205,12
-52.0,-55.0,-75.0,902,13.76212215423584,12
-53.0,-59.0,-73.0,918,13.905687093734741,12
-53.0,-77.0,-49.0,948,14.217565059661865,12
-71.0,-31.0,-64.0,1014,14.753066062927246,13
-42.0,-63.0,-75.0,1108,16.15497398376465,13
-62.0,-74.0,-39.0,1193,17.07313299179077,14
-29.0,-80.0,-59.0,1475,20.82738995552063,16
-35.0,-59.0,-78.0,1520,21.342808961868286,16
-38.0,-82.0,-52.0,1606,22.55205798149109,17
-59.0,-50.0,-73.0,1628,22.80128312110901,17
-31.0,-84.0,-51.0,1686,23.5924551486969,18
-42.0,-80.0,-54.0,1714,23.886128187179565,18
-56.0,-49.0,-75.0,1735,24.109702110290527,18
-44.0,-77.0,-58.0,1808,25.05468511581421,19
-49.0,-82.0,-37.0,1862,25.678385019302368,20
-38.0,-84.0,-44.0,1869,25.774466037750244,20
-40.0,-83.0,-46.0,1946,26.588900089263916,21
-35.0,-84.0,-46.0,2046,27.496335983276367,23
-66.0,-38.0,-68.0,2227,28.87570309638977,28
