z1,z2,z3,node,time,depth
-5196.0,-4817.0,-2329.0,1,0.006385087966918945,1
-3545.0,-5299.0,-2857.0,1,0.006389141082763672,1
-4789.0,-4802.0,-4260.0,1,0.006392955780029297,1
-4479.0,-5253.0,-2772.0,1,0.006396055221557617,1
-5745.0,-2628.0,-3427.0,1,0.006400108337402344,1
-5522.0,-4317.0,-3321.0,1,0.006412982940673828,1
-4655.0,-2827.0,-5135.0,1,0.006417036056518555,1
-3316.0,-2135.0,-5525.0,1,0.006421089172363281,1
-4343.0,-4881.0,-4791.0,1,0.0064239501953125,1
-3689.0,-3392.0,-5276.0,1,0.0064280033111572266,1
-4399.0,-3573.0,-5169.0,1,0.006431102752685547,1
-5506.0,-2968.0,-3938.0,1,0.0064351558685302734,1
-5656.0,-2597.0,-3745.0,1,0.006438016891479492,1
-5546.0,-4265.0,-2700.0,1,0.006442070007324219,1
-5601.0,-3975.0,-2645.0,1,0.006445169448852539,1
-5072.0,-3809.0,-4427.0,1,0.006448984146118164,1
-5656.0,-3663.0,-3487.0,1,0.006453037261962891,1
-5372.0,-4688.0,-3514.0,1,0.006456136703491211,1
-5238.0,-2713.0,-4389.0,1,0.006459951400756836,1
-5388.0,-2342.0,-4196.0,1,0.006463050842285156,1
-4367.0,-4221.0,-4878.0,2,0.01301717758178711,2
-3513.0,-4208.0,-4885.0,2,0.013020992279052734,2
-5161.0,-2774.0,-4367.0,2,0.013028144836425781,2
-5605.0,-3872.0,-3065.0,2,0.013062000274658203,2
-4923.0,-4148.0,-4426.0,3,0.018187999725341797,2
-5423.0,-3333.0,-3966.0,3,0.018192052841186523,2
-5155.0,-3078.0,-4417.0,3,0.018195152282714844,2
-4068.0,-5107.0,-3266.0,4,0.026339054107666016,3
-5212.0,-4768.0,-1833.0,4,0.02634596824645996,3
-5243.0,-4718.0,-2940.0,4,0.026350021362304688,3
-3068.0,-4913.0,-4586.0,4,0.026357173919677734,3
-5076.0,-4396.0,-3852.0,4,0.026385068893432617,3
-5100.0,-3736.0,-3939.0,4,0.0264129638671875,3
-5410.0,-4582.0,-1967.0,4,0.02643108367919922,3
-5394.0,-4631.0,-2463.0,5,0.03215599060058594,3
-5474.0,-3616.0,-3647.0,5,0.032160043716430664,3
-5454.0,-4364.0,-2919.0,5,0.03216814994812012,3
-5450.0,-4467.0,-2499.0,5,0.03217196464538574,3
-4923.0,-3082.0,-4684.0,6,0.037017107009887695,3
-4720.0,-4910.0,-2531.0,8,0.046391963958740234,4
-3897.0,-4899.0,-4209.0,10,0.057440996170043945,4
-5391.0,-3981.0,-3675.0,10,0.05744814872741699,4
-4681.0,-4964.0,-3326.0,10,0.05745196342468262,4
-4872.0,-4357.0,-4004.0,10,0.05745506286621094,4
-5398.0,-4528.0,-2883.0,10,0.057459115982055664,4
-4456.0,-3186.0,-4818.0,10,0.0574800968170166,4
-5378.0,-4018.0,-3482.0,11,0.06119894981384277,4
-3541.0,-3001.0,-5332.0,12,0.06506705284118652,4
-4636.0,-3454.0,-4746.0,14,0.0704500675201416,4
-5165.0,-3361.0,-3792.0,18,0.08860397338867188,5
-5592.0,-3909.0,-2872.0,18,0.0886390209197998,5
-5588.0,-4012.0,-2452.0,18,0.08864212036132812,5
-5121.0,-3985.0,-3579.0,19,0.09242415428161621,5
-4593.0,-3513.0,-4670.0,20,0.09912610054016113,5
-4868.0,-4460.0,-3584.0,21,0.10328197479248047,5
-4432.0,-3846.0,-4731.0,22,0.10674309730529785,5
-5173.0,-2858.0,-4221.0,22,0.1067500114440918,5
-5390.0,-4102.0,-3336.0,22,0.10675406455993652,5
-3825.0,-2154.0,-5229.0,26,0.1164391040802002,5
-5414.0,-4479.0,-2387.0,36,0.15174007415771484,6
-4944.0,-4181.0,-3867.0,44,0.1770801544189453,6
-5154.0,-3485.0,-3832.0,44,0.17709016799926758,6
-4677.0,-5067.0,-2906.0,80,0.27653002738952637,7
-4813.0,-4750.0,-3639.0,88,0.2943589687347412,7
-5132.0,-3088.0,-4230.0,98,0.31693196296691895,7
-4741.0,-3516.0,-4456.0,98,0.316939115524292,7
-5524.0,-3448.0,-3502.0,114,0.3442411422729492,7
-3778.0,-2357.0,-5216.0,190,0.5126161575317383,8
-2622.0,-4931.0,-4004.0,212,0.5460050106048584,9
-5153.0,-3337.0,-3870.0,382,0.8380589485168457,10
