z1,z2,z3,node,time,depth
-8711.0,-7524.0,-8243.0,1,0.023308992385864258,1
-7954.0,-7269.0,-8812.0,1,0.023319005966186523,1
-7574.0,-8047.0,-8557.0,1,0.023338794708251953,1
-7313.0,-8114.0,-8641.0,1,0.023346900939941406,1
-6719.0,-9760.0,-5531.0,1,0.023355960845947266,1
-7939.0,-9661.0,-4870.0,1,0.023364782333374023,1
-7484.0,-9776.0,-5428.0,1,0.023373842239379883,1
-9295.0,-8582.0,-5712.0,1,0.023382902145385742,1
-9573.0,-7777.0,-4909.0,1,0.023391008377075195,1
-9721.0,-6720.0,-5302.0,1,0.023398876190185547,1
-8441.0,-8474.0,-7860.0,1,0.023407936096191406,1
-8963.0,-9192.0,-6023.0,1,0.023415803909301758,1
-8850.0,-8323.0,-7251.0,1,0.023424863815307617,1
-8915.0,-7319.0,-8129.0,1,0.023433923721313477,1
-6661.0,-7109.0,-9227.0,1,0.023442983627319336,1
-7134.0,-6672.0,-9207.0,1,0.023450851440429688,1
-4591.0,-4842.0,-9367.0,1,0.023460865020751953,1
-6046.0,-6316.0,-9345.0,1,0.02347087860107422,1
-7904.0,-8627.0,-8009.0,1,0.023478984832763672,1
-8554.0,-9343.0,-6632.0,1,0.02348780632019043,1
-9758.0,-5232.0,-6594.0,1,0.02349686622619629,1
-6864.0,-6096.0,-9290.0,1,0.02350592613220215,1
-7558.0,-6885.0,-9103.0,1,0.023514986038208008,1
-7471.0,-6524.0,-9141.0,1,0.02352285385131836,1
-8215.0,-7202.0,-8728.0,1,0.023530960083007812,1
-7977.0,-5499.0,-8927.0,1,0.02353978157043457,1
-7281.0,-5682.0,-9215.0,1,0.023549795150756836,1
-7544.0,-8484.0,-8280.0,1,0.02355790138244629,1
-7733.0,-8972.0,-7563.0,1,0.02356696128845215,1
-6873.0,-8800.0,-7852.0,1,0.023575782775878906,1
-7285.0,-9456.0,-6754.0,1,0.023584842681884766,1
-9454.0,-7702.0,-6293.0,1,0.02359485626220703,1
-9341.0,-6833.0,-7521.0,1,0.023604869842529297,1
-9602.0,-6645.0,-6686.0,1,0.02361583709716797,1
-7815.0,-5195.0,-9021.0,1,0.023624897003173828,1
-7819.0,-6818.0,-9019.0,1,0.023633956909179688,1
-7395.0,-6605.0,-9123.0,2,0.04964280128479004,2
-8185.0,-7639.0,-8451.0,2,0.0496668815612793,2
-8549.0,-8111.0,-7975.0,2,0.049690961837768555,2
-7554.0,-5262.0,-9105.0,2,0.04974794387817383,2
-8439.0,-8812.0,-7128.0,2,0.049771785736083984,2
-8151.0,-9473.0,-6012.0,2,0.04978799819946289,2
-6053.0,-3941.0,-9332.0,2,0.04981279373168945,2
-8090.0,-7793.0,-8435.0,3,0.07282590866088867,2
-8752.0,-7516.0,-7945.0,3,0.07294797897338867,2
-9182.0,-7713.0,-6940.0,4,0.09738492965698242,3
-8727.0,-7828.0,-7498.0,4,0.09739279747009277,3
-8869.0,-6205.0,-8151.0,4,0.09754681587219238,3
-6526.0,-9529.0,-5970.0,4,0.09756278991699219,3
-8292.0,-7762.0,-8019.0,4,0.0975959300994873,3
-7928.0,-7290.0,-8495.0,4,0.09760379791259766,3
-9161.0,-7365.0,-7336.0,5,0.12086200714111328,3
-9444.0,-6901.0,-6396.0,5,0.12090277671813965,3
-8127.0,-8795.0,-7628.0,6,0.1386568546295166,3
-6307.0,-6249.0,-9261.0,6,0.1386737823486328,3
-6922.0,-7042.0,-9143.0,6,0.13868188858032227,3
-8142.0,-8687.0,-7730.0,7,0.15836596488952637,3
-8930.0,-7233.0,-7468.0,7,0.15838193893432617,3
-6463.0,-9054.0,-7278.0,7,0.15842986106872559,3
-8149.0,-7398.0,-8471.0,7,0.158477783203125,3
-9042.0,-7851.0,-6864.0,8,0.18351483345031738,4
-8587.0,-7966.0,-7422.0,8,0.18357181549072266,4
-9201.0,-6971.0,-7445.0,8,0.18361997604370117,4
-7531.0,-4103.0,-9110.0,8,0.18362784385681152,4
-8554.0,-5425.0,-8280.0,8,0.18365192413330078,4
-9460.0,-6908.0,-6137.0,9,0.21394586563110352,4
-9563.0,-4742.0,-6733.0,9,0.21395397186279297,4
-7721.0,-4945.0,-9036.0,9,0.21409177780151367,4
-8246.0,-7995.0,-8050.0,10,0.24425196647644043,4
-7991.0,-5839.0,-8781.0,10,0.2442929744720459,4
-8158.0,-7693.0,-8220.0,10,0.24430084228515625,4
-8396.0,-6744.0,-8372.0,10,0.2443089485168457,4
-8412.0,-7737.0,-8113.0,10,0.2443249225616455,4
-8824.0,-8393.0,-7015.0,10,0.24436593055725098,4
-8953.0,-6963.0,-7675.0,10,0.24437379837036133,4
-8616.0,-7532.0,-7999.0,10,0.24438190460205078,4
-9111.0,-8135.0,-6416.0,10,0.24440693855285645,4
-8856.0,-8723.0,-6672.0,10,0.2444629669189453,4
-8949.0,-7492.0,-7443.0,10,0.24447083473205566,4
-8988.0,-6853.0,-7644.0,10,0.24449586868286133,4
-7931.0,-6110.0,-8817.0,11,0.27064990997314453,4
-9085.0,-8236.0,-6309.0,11,0.27068281173706055,4
-8679.0,-8668.0,-6805.0,11,0.2707560062408447,4
-8638.0,-8728.0,-6686.0,12,0.2939269542694092,4
-7510.0,-9187.0,-6869.0,12,0.293942928314209,4
-6372.0,-9192.0,-7062.0,12,0.2939598560333252,4
-7228.0,-7354.0,-8917.0,12,0.29398393630981445,4
-7001.0,-7038.0,-9074.0,12,0.2939929962158203,4
-8257.0,-7026.0,-8430.0,12,0.2940328121185303,4
-7006.0,-9316.0,-6888.0,12,0.2940409183502197,4
-7519.0,-8139.0,-8287.0,12,0.2940487861633301,4
-8025.0,-9127.0,-6658.0,12,0.29405689239501953,4
-7557.0,-6909.0,-9029.0,12,0.2940659523010254,4
-7818.0,-7926.0,-8417.0,12,0.294097900390625,4
-7929.0,-6363.0,-8920.0,13,0.31557798385620117,4
-7851.0,-7902.0,-8360.0,14,0.3365499973297119,4
-7641.0,-7870.0,-8510.0,15,0.35388684272766113,4
-8307.0,-6079.0,-8379.0,15,0.35398387908935547,4
-9049.0,-5897.0,-7615.0,16,0.37884998321533203,5
-9170.0,-7178.0,-7075.0,16,0.3788738250732422,5
-8577.0,-5269.0,-8245.0,16,0.378889799118042,5
-6085.0,-9636.0,-5705.0,17,0.4100677967071533,5
-6850.0,-9652.0,-5602.0,17,0.4101247787475586,5
-9117.0,-5470.0,-7574.0,18,0.4488189220428467,5
-9434.0,-5259.0,-6919.0,19,0.4776909351348877,5
-8469.0,-8163.0,-7669.0,20,0.5049607753753662,5
-8142.0,-8821.0,-6954.0,20,0.5050418376922607,5
-8313.0,-8476.0,-7400.0,20,0.5050578117370605,5
-8805.0,-8020.0,-7282.0,20,0.5051479339599609,5
-8487.0,-6161.0,-8296.0,21,0.5296099185943604,5
-9139.0,-8259.0,-5732.0,21,0.529634952545166,5
-8972.0,-7336.0,-7408.0,21,0.5296428203582764,5
-8387.0,-9352.0,-5197.0,21,0.5297079086303711,5
-8572.0,-8199.0,-7454.0,22,0.5543708801269531,5
-8602.0,-7762.0,-7731.0,22,0.5544028282165527,5
-8516.0,-7139.0,-8244.0,22,0.5544359683990479,5
-8457.0,-7480.0,-8350.0,23,0.5723128318786621,5
-6892.0,-7479.0,-8866.0,26,0.6279299259185791,5
-7314.0,-8055.0,-8509.0,28,0.661207914352417,5
-7296.0,-6976.0,-9113.0,28,0.6612398624420166,5
-8042.0,-8294.0,-7975.0,28,0.6612558364868164,5
-7500.0,-7221.0,-8935.0,28,0.6612730026245117,5
-7559.0,-6826.0,-8971.0,28,0.6613128185272217,5
-6740.0,-7105.0,-9158.0,29,0.6767339706420898,5
-7870.0,-7763.0,-8475.0,31,0.7041749954223633,5
-9452.0,-7951.0,-5631.0,32,0.7257897853851318,6
-9600.0,-6894.0,-6024.0,32,0.7258949279785156,6
-9047.0,-8577.0,-6077.0,33,0.7479209899902344,6
-9199.0,-7220.0,-6783.0,34,0.776425838470459,6
-8934.0,-7708.0,-7305.0,38,0.8792698383331299,6
-9339.0,-7082.0,-6859.0,38,0.8792858123779297,6
-9199.0,-7009.0,-6882.0,40,0.9262678623199463,6
-9086.0,-7956.0,-6458.0,41,0.9506158828735352,6
-8536.0,-8644.0,-7019.0,41,0.950631856918335,6
-8281.0,-7885.0,-8019.0,41,0.9506728649139404,6
-9134.0,-7918.0,-5869.0,41,0.9507138729095459,6
-8698.0,-8776.0,-6257.0,42,0.9715228080749512,6
-8633.0,-8555.0,-7053.0,42,0.9715309143066406,6
-8868.0,-8468.0,-6111.0,42,0.9716207981109619,6
-8474.0,-8702.0,-7097.0,43,0.9911868572235107,6
-8923.0,-7593.0,-7336.0,46,1.0461108684539795,6
-8270.0,-8819.0,-7414.0,54,1.1767938137054443,6
-6335.0,-5880.0,-9316.0,56,1.2039878368377686,6
-6132.0,-6893.0,-9253.0,56,1.203995943069458,6
-7188.0,-7376.0,-8893.0,56,1.2040038108825684,6
-7691.0,-7613.0,-8550.0,56,1.2040119171142578,6
-7226.0,-7753.0,-8679.0,58,1.2322909832000732,6
-9695.0,-6821.0,-5195.0,64,1.3130388259887695,7
-9351.0,-6812.0,-6746.0,64,1.3130788803100586,7
-9574.0,-6995.0,-5917.0,64,1.3131608963012695,7
-9650.0,-5712.0,-5398.0,65,1.3353779315948486,7
-9610.0,-6289.0,-6201.0,65,1.335385799407959,7
-8860.0,-8516.0,-6233.0,66,1.3590099811553955,7
-9195.0,-7520.0,-6470.0,67,1.3807528018951416,7
-8265.0,-6283.0,-8416.0,69,1.4704937934875488,7
-8919.0,-5895.0,-7701.0,74,1.562027931213379,7
-8747.0,-7647.0,-7461.0,78,1.64015793800354,7
-8570.0,-8349.0,-7122.0,80,1.6681389808654785,7
-8551.0,-8536.0,-7121.0,81,1.6932768821716309,7
-8302.0,-8936.0,-6739.0,84,1.7558698654174805,7
-8337.0,-8826.0,-6708.0,86,1.7923939228057861,7
-8757.0,-7372.0,-7714.0,94,1.9020137786865234,7
-6876.0,-9063.0,-7043.0,100,1.9856128692626953,7
-6971.0,-7475.0,-8797.0,102,2.0188519954681396,7
-7919.0,-8138.0,-7989.0,103,2.030202865600586,7
-7920.0,-9219.0,-6806.0,108,2.084517002105713,7
-7969.0,-8848.0,-7213.0,110,2.115837812423706,7
-6651.0,-9332.0,-6928.0,111,2.123106002807617,7
-7099.0,-8848.0,-7737.0,111,2.1231138706207275,7
-7471.0,-7583.0,-8590.0,113,2.155967950820923,7
-6741.0,-7046.0,-9026.0,114,2.168630838394165,7
-7051.0,-7298.0,-9010.0,115,2.182654857635498,7
-6594.0,-8660.0,-7986.0,118,2.2146658897399902,7
-7791.0,-8006.0,-8305.0,118,2.2146739959716797,7
-6784.0,-7898.0,-8667.0,118,2.21468186378479,7
-7287.0,-8135.0,-8324.0,118,2.214690923690796,7
-9011.0,-8058.0,-6494.0,130,2.370471954345703,8
-9382.0,-5764.0,-6762.0,150,2.7046329975128174,8
-9042.0,-7046.0,-7391.0,150,2.7047088146209717,8
-8883.0,-7926.0,-6810.0,155,2.808900833129883,8
-9051.0,-8066.0,-6489.0,159,2.855794906616211,8
-8506.0,-6289.0,-8273.0,164,2.9230048656463623,8
-7517.0,-9349.0,-6186.0,168,2.9834649562835693,8
-8668.0,-8445.0,-7022.0,170,3.0083518028259277,8
-8312.0,-7344.0,-8358.0,178,3.083021879196167,8
-8860.0,-8302.0,-6476.0,186,3.1732659339904785,8
-8541.0,-5580.0,-8245.0,193,3.2237958908081055,8
-7346.0,-7373.0,-8641.0,202,3.3258450031280518,8
-7449.0,-7309.0,-8809.0,204,3.346843957901001,8
-7527.0,-7346.0,-8752.0,205,3.35575795173645,8
-7280.0,-7191.0,-8975.0,229,3.595115900039673,8
-6697.0,-7537.0,-8705.0,230,3.6045989990234375,8
-7939.0,-8517.0,-7978.0,246,3.7075839042663574,8
-9631.0,-5261.0,-6003.0,254,3.7572999000549316,9
-9576.0,-6746.0,-6579.0,262,3.8849399089813232,9
-8765.0,-7592.0,-7443.0,327,4.44625186920166,9
-8781.0,-7415.0,-7481.0,327,4.446310997009277,9
-7959.0,-7539.0,-8475.0,351,4.667157888412476,9
-7699.0,-8108.0,-8029.0,416,5.126952886581421,9
-7768.0,-8862.0,-7532.0,421,5.179488897323608,9
-7085.0,-7440.0,-8725.0,452,5.398000955581665,9
-6088.0,-7415.0,-8877.0,458,5.434584856033325,9
-9389.0,-4615.0,-6986.0,489,5.560189962387085,10
-7692.0,-9498.0,-5247.0,619,6.397921800613403,10
-8121.0,-6952.0,-8743.0,651,6.583483934402466,10
-8037.0,-8877.0,-6908.0,742,7.009840965270996,10
-7089.0,-9063.0,-6903.0,760,7.094544887542725,10
-7342.0,-8083.0,-8380.0,816,7.350423812866211,10
-8903.0,-8358.0,-6080.0,1024,8.317328929901123,11
-9617.0,-5677.0,-5820.0,1291,9.290894985198975,12
-5673.0,-6347.0,-9266.0,2104,11.890654802322388,13
-9510.0,-5435.0,-6725.0,2161,12.033789873123169,14
-9124.0,-7811.0,-5905.0,2186,12.117217779159546,14
