z1,z2,z3,node,time,depth
6572.0,3925.0,1984.0,1,0.03424406051635742,1
2636.0,6519.0,3551.0,1,0.034249067306518555,1
6470.0,2924.0,2557.0,1,0.03425312042236328,1
6117.0,2021.0,3820.0,1,0.034256935119628906,1
2442.0,4799.0,5587.0,1,0.03426098823547363,1
2985.0,5697.0,3558.0,1,0.03426504135131836,1
3620.0,2490.0,6071.0,1,0.034269094467163086,1
5632.0,1754.0,4961.0,1,0.03427290916442871,1
6579.0,3351.0,2195.0,1,0.03427696228027344,1
6070.0,2337.0,3352.0,1,0.034281015396118164,1
2647.0,4153.0,5579.0,1,0.03429007530212402,1
3094.0,4915.0,4005.0,1,0.03429388999938965,1
3077.0,3338.0,5807.0,1,0.034297943115234375,1
6013.0,1810.0,4264.0,1,0.0343019962310791,1
5852.0,1773.0,4579.0,1,0.03430604934692383,1
5955.0,1746.0,4580.0,1,0.034310102462768555,1
4179.0,2478.0,5140.0,1,0.03431391716003418,1
3717.0,6346.0,2665.0,1,0.034329891204833984,1
4355.0,6108.0,2332.0,1,0.03433394432067871,1
5317.0,5416.0,1914.0,1,0.03434300422668457,1
5770.0,4812.0,1899.0,1,0.0343470573425293,1
6025.0,4696.0,1890.0,1,0.03435111045837402,1
6112.0,4470.0,1905.0,1,0.03435492515563965,1
6493.0,3135.0,2314.0,1,0.034358978271484375,1
5231.0,5200.0,2033.0,1,0.0343630313873291,1
5684.0,4596.0,2018.0,1,0.03436708450317383,1
4285.0,3911.0,3528.0,1,0.03437089920043945,1
3095.0,6364.0,3014.0,1,0.034375905990600586,1
6133.0,2974.0,2711.0,1,0.03437995910644531,1
5627.0,3149.0,2959.0,1,0.03438401222229004,1
3426.0,2657.0,6166.0,1,0.034388065338134766,1
3073.0,3772.0,5135.0,1,0.03439211845397949,1
3422.0,3091.0,5494.0,1,0.03439593315124512,1
4027.0,2685.0,5000.0,1,0.03440093994140625,1
2590.0,4675.0,4938.0,1,0.03440499305725098,1
2486.0,5067.0,4810.0,1,0.0344090461730957,1
5165.0,2034.0,4718.0,1,0.034416913986206055,1
4140.0,2272.0,5884.0,1,0.03442096710205078,1
4221.0,2272.0,5683.0,1,0.034429073333740234,1
3701.0,2490.0,5870.0,1,0.03443288803100586,1
5167.0,3694.0,2880.0,1,0.034436941146850586,1
4176.0,4693.0,3081.0,1,0.03444099426269531,1
5527.0,3855.0,2483.0,1,0.03444504737854004,1
2594.0,4241.0,5610.0,1,0.034449100494384766,1
2879.0,3535.0,6229.0,1,0.03445291519165039,1
3345.0,2657.0,6367.0,1,0.03445696830749512,1
2996.0,3338.0,6008.0,1,0.03446197509765625,1
2943.0,3426.0,6039.0,1,0.03446507453918457,1
3695.0,3374.0,4655.0,1,0.0344700813293457,1
2643.0,4587.0,4907.0,1,0.03447389602661133,1
3718.0,3585.0,4412.0,1,0.034477949142456055,1
5550.0,2555.0,3539.0,1,0.03448200225830078,1
4050.0,2896.0,4757.0,1,0.03448605537414551,1
2433.0,5155.0,4841.0,1,0.034490108489990234,1
2478.0,5550.0,4445.0,1,0.03449392318725586,1
4659.0,2209.0,4966.0,1,0.03450202941894531,1
3292.0,2745.0,6398.0,1,0.034509897232055664,1
3228.0,2854.0,6588.0,1,0.03451395034790039,1
2534.0,5369.0,4460.0,1,0.03451800346374512,1
2481.0,5457.0,4491.0,1,0.034522056579589844,1
2526.0,5852.0,4095.0,1,0.03452610969543457,1
5966.0,2126.0,3796.0,2,0.0677940845489502,2
5446.0,2344.0,3983.0,2,0.06780600547790527,2
4909.0,2468.0,4352.0,2,0.06781005859375,2
2714.0,4540.0,5299.0,2,0.06782197952270508,2
3276.0,3156.0,6238.0,2,0.06783008575439453,2
2927.0,3837.0,5879.0,2,0.06783294677734375,2
5493.0,2028.0,4451.0,2,0.06785392761230469,2
4577.0,3157.0,4007.0,2,0.06790590286254883,2
3762.0,3761.0,4375.0,2,0.06791806221008301,2
2710.0,4974.0,4627.0,2,0.06792211532592773,2
4094.0,3072.0,4720.0,2,0.06792593002319336,2
3604.0,2901.0,5911.0,2,0.06793808937072754,2
4600.0,3368.0,3764.0,2,0.06795406341552734,2
3785.0,3972.0,4132.0,2,0.06795811653137207,2
3609.0,4367.0,3965.0,2,0.06798601150512695,2
2980.0,3749.0,5848.0,2,0.06798911094665527,2
2976.0,4183.0,5176.0,2,0.0679929256439209,2
2800.0,4578.0,5009.0,2,0.06799697875976562,2
3144.0,3725.0,5527.0,2,0.06800103187561035,2
3140.0,4159.0,4855.0,2,0.06800508499145508,2
4704.0,2085.0,5982.0,2,0.0680088996887207,2
2964.0,4554.0,4688.0,2,0.06801295280456543,2
3586.0,4156.0,4208.0,2,0.06801700592041016,2
3493.0,3044.0,5886.0,2,0.06802892684936523,2
4502.0,2273.0,5423.0,2,0.06803703308105469,2
5251.0,3191.0,3359.0,3,0.09806609153747559,2
4888.0,5029.0,2547.0,3,0.09807801246643066,2
5084.0,2034.0,4919.0,3,0.09808611869812012,2
5212.0,2578.0,4021.0,3,0.0980980396270752,2
5588.0,3141.0,3205.0,3,0.09810209274291992,2
5143.0,4913.0,2538.0,3,0.09810590744018555,2
4435.0,5633.0,2562.0,3,0.09810996055603027,2
2937.0,5395.0,3908.0,3,0.098114013671875,2
2588.0,6217.0,3901.0,3,0.09811806678771973,2
4617.0,3222.0,3873.0,3,0.09816908836364746,2
4745.0,3366.0,3607.0,3,0.09817290306091309,2
5230.0,4687.0,2553.0,3,0.09817695617675781,2
4802.0,4813.0,2666.0,3,0.09818100929260254,2
5611.0,3352.0,2962.0,3,0.09818506240844727,2
4288.0,5721.0,2612.0,3,0.09818911552429199,2
4349.0,5417.0,2681.0,3,0.09819293022155762,2
3650.0,5959.0,2945.0,3,0.09819698333740234,2
3047.0,6062.0,3364.0,3,0.09820103645324707,2
4706.0,2753.0,4269.0,3,0.09825611114501953,2
4645.0,4072.0,3131.0,3,0.09826803207397461,2
3204.0,5582.0,3461.0,3,0.09827208518981934,2
3442.0,5930.0,3099.0,3,0.09827589988708496,2
4871.0,5039.0,2430.0,4,0.13564801216125488,3
5109.0,5387.0,2068.0,4,0.13578009605407715,3
4039.0,4784.0,3406.0,4,0.13579511642456055,3
2923.0,4842.0,4647.0,4,0.13579893112182617,3
3353.0,4027.0,4875.0,4,0.13580703735351562,3
4509.0,5612.0,2465.0,4,0.13582301139831543,3
3992.0,5931.0,2765.0,4,0.13582706451416016,3
4149.0,5451.0,2862.0,4,0.13583111763000488,3
5191.0,5215.0,2188.0,5,0.1675128936767578,3
5651.0,4670.0,2267.0,5,0.16751694679260254,3
5255.0,2941.0,3720.0,5,0.167525053024292,3
5105.0,4999.0,2307.0,5,0.16753411293029785,3
5565.0,4454.0,2386.0,5,0.16753697395324707,3
5655.0,3528.0,2925.0,5,0.16754603385925293,3
5678.0,3739.0,2682.0,5,0.16754889488220215,3
4569.0,5233.0,2537.0,5,0.1675570011138916,3
3880.0,6038.0,2631.0,5,0.16756105422973633,3
5052.0,2352.0,4703.0,5,0.16758489608764648,3
4502.0,6020.0,2282.0,5,0.16759300231933594,3
4416.0,5804.0,2401.0,5,0.16759705543518066,3
4712.0,4459.0,2851.0,5,0.16760492324829102,3
4352.0,4298.0,3248.0,5,0.1676321029663086,3
5318.0,3578.0,3079.0,5,0.16763591766357422,3
4812.0,3753.0,3327.0,5,0.16763997077941895,3
4655.0,2597.0,4757.0,5,0.16770410537719727,3
5105.0,3527.0,3210.0,6,0.19669198989868164,3
3352.0,3171.0,5511.0,6,0.19672703742980957,3
2922.0,3986.0,5283.0,6,0.1967310905456543,3
4178.0,3040.0,4491.0,6,0.1968069076538086,3
3554.0,4370.0,4084.0,6,0.19682598114013672,3
3486.0,5890.0,3300.0,6,0.19683504104614258,3
2981.0,5355.0,4109.0,6,0.19684600830078125,3
3457.0,3280.0,5183.0,6,0.1968541145324707,3
3027.0,4095.0,4955.0,6,0.19686198234558105,3
3664.0,5037.0,3540.0,6,0.1968700885772705,3
3507.0,5517.0,3443.0,6,0.19687390327453613,3
2477.0,5115.0,5042.0,6,0.19687795639038086,3
2634.0,4635.0,5139.0,6,0.19688200950622559,3
2530.0,5027.0,5011.0,6,0.1968860626220703,3
3138.0,4875.0,4206.0,6,0.19689011573791504,3
2687.0,4547.0,5108.0,6,0.19689393043518066,3
3745.0,2875.0,5490.0,7,0.22622299194335938,3
4215.0,3156.0,4468.0,7,0.2262430191040039,3
3826.0,2875.0,5289.0,7,0.22625112533569336,3
3341.0,3091.0,5695.0,7,0.22629094123840332,3
2992.0,3772.0,5336.0,7,0.22629499435424805,3
4262.0,3700.0,3771.0,7,0.2263031005859375,3
4622.0,3861.0,3374.0,7,0.22630691528320312,3
2699.0,4364.0,5390.0,7,0.22635412216186523,3
2875.0,3969.0,5557.0,7,0.22635793685913086,3
2939.0,3860.0,5367.0,7,0.22636198997497559,3
5972.0,2386.0,3716.0,8,0.27233409881591797,4
5949.0,1866.0,4434.0,8,0.2723379135131836,4
4568.0,5976.0,2352.0,8,0.2723419666290283,4
4715.0,5888.0,2302.0,8,0.2723500728607178,4
5168.0,5284.0,2287.0,8,0.2723860740661621,4
6042.0,3631.0,2538.0,8,0.27239394187927246,4
4789.0,6080.0,2238.0,8,0.272413969039917,4
5682.0,3470.0,2935.0,8,0.27246999740600586,4
4936.0,5992.0,2188.0,8,0.27251410484313965,4
5011.0,4543.0,2752.0,8,0.2725260257720947,4
4586.0,3108.0,4310.0,8,0.2725379467010498,4
5452.0,2604.0,3903.0,8,0.27255797386169434,4
5152.0,2023.0,5135.0,8,0.272568941116333,4
4963.0,2310.0,4856.0,8,0.27260899543762207,4
4485.0,2322.0,5586.0,8,0.27262091636657715,4
4811.0,2517.0,4716.0,8,0.27263689041137695,4
5099.0,3051.0,3763.0,8,0.2726449966430664,4
5022.0,2055.0,5236.0,9,0.30256009101867676,4
3582.0,5125.0,3746.0,9,0.3026881217956543,4
3472.0,4458.0,4290.0,9,0.30269908905029297,4
4595.0,5828.0,2346.0,9,0.30272698402404785,4
4387.0,5799.0,2500.0,9,0.3027310371398926,4
4714.0,5519.0,2333.0,9,0.3027470111846924,4
3918.0,3467.0,4553.0,10,0.33824610710144043,4
4559.0,3554.0,3740.0,10,0.33830904960632324,4
4636.0,4148.0,3160.0,10,0.33831310272216797,4
3313.0,3873.0,5047.0,10,0.3383760452270508,4
4162.0,3228.0,4591.0,10,0.3383910655975342,4
2812.0,6124.0,3718.0,11,0.36208105087280273,4
4056.0,5643.0,2798.0,11,0.3620939254760742,4
4745.0,4838.0,2704.0,11,0.3621048927307129,4
3271.0,5969.0,3181.0,11,0.3621089458465576,4
2702.0,5457.0,4262.0,11,0.36212897300720215,4
3161.0,5302.0,3725.0,11,0.3621330261230469,4
2657.0,5062.0,4658.0,11,0.3621408939361572,4
5204.0,2647.0,4056.0,12,0.39565491676330566,4
4155.0,2829.0,4734.0,12,0.39566707611083984,4
3137.0,4762.0,4411.0,12,0.3957231044769287,4
4538.0,3201.0,4094.0,12,0.39573097229003906,4
5044.0,3026.0,3846.0,12,0.3957390785217285,4
4661.0,2654.0,4486.0,12,0.3957550525665283,4
4684.0,2865.0,4243.0,12,0.39576196670532227,4
5131.0,2578.0,4222.0,13,0.41968607902526855,4
4333.0,2874.0,4671.0,13,0.41971397399902344,4
3528.0,3666.0,4905.0,13,0.41971802711486816,4
3447.0,3666.0,5106.0,13,0.41973400115966797,4
3877.0,2985.0,5264.0,13,0.4197409152984619,4
3098.0,4481.0,4677.0,13,0.41976094245910645,4
3984.0,3555.0,4312.0,13,0.41980504989624023,4
4594.0,3011.0,4116.0,13,0.4198570251464844,4
4238.0,3367.0,4225.0,14,0.4491689205169678,4
4078.0,3746.0,4015.0,14,0.4492959976196289,4
3873.0,3419.0,4592.0,15,0.466094970703125,4
3524.0,4100.0,4233.0,15,0.46612000465393066,4
3203.0,4604.0,4457.0,15,0.46615004539489746,4
3379.0,4209.0,4624.0,15,0.4661540985107422,4
3443.0,4100.0,4434.0,15,0.4661579132080078,4
4394.0,2254.0,6059.0,16,0.5071210861206055,5
4313.0,2254.0,6260.0,16,0.5071249008178711,5
5026.0,5920.0,2220.0,16,0.5072569847106934,5
4535.0,2680.0,4911.0,16,0.5072839260101318,5
5868.0,2175.0,4160.0,17,0.5455870628356934,5
4785.0,2085.0,5781.0,17,0.5457649230957031,5
5348.0,2393.0,4347.0,17,0.5457890033721924,5
5987.0,3310.0,2562.0,18,0.5745460987091064,5
6144.0,4051.0,2097.0,18,0.5745499134063721,5
5060.0,2823.0,3843.0,18,0.5745620727539062,5
4932.0,2679.0,4109.0,18,0.5746090412139893,5
5275.0,5160.0,2234.0,18,0.5746450424194336,5
5153.0,5347.0,2269.0,18,0.5746490955352783,5
6485.0,4151.0,1969.0,18,0.5746769905090332,5
6230.0,4267.0,1978.0,18,0.5746800899505615,5
6014.0,4711.0,1975.0,18,0.574700117111206,5
5097.0,2939.0,3820.0,19,0.6177361011505127,5
5504.0,3644.0,2726.0,19,0.6177399158477783,5
5144.0,3483.0,3123.0,19,0.617743968963623,5
6189.0,3976.0,2166.0,19,0.6177639961242676,5
6103.0,3760.0,2285.0,19,0.6177759170532227,5
2880.0,6280.0,3589.0,20,0.6510989665985107,5
3050.0,6472.0,3356.0,20,0.6511030197143555,5
2770.0,5613.0,4133.0,20,0.6511111259460449,5
3229.0,5458.0,3596.0,20,0.651123046875,5
2725.0,5218.0,4529.0,20,0.6511309146881104,5
3339.0,6125.0,3052.0,20,0.6511390209197998,5
4420.0,4454.0,3119.0,20,0.6511430740356445,5
3509.0,6317.0,2819.0,20,0.6511781215667725,5
3208.0,4315.0,4726.0,20,0.6512210369110107,5
2778.0,5130.0,4498.0,20,0.6512629985809326,5
3853.0,4128.0,4003.0,20,0.6512670516967773,5
3830.0,3917.0,4246.0,20,0.6512711048126221,5
5029.0,4688.0,2616.0,21,0.7174088954925537,5
5142.0,3973.0,2912.0,21,0.7174129486083984,5
4070.0,3260.0,4693.0,21,0.717473030090332,5
4001.0,5786.0,2856.0,22,0.7387919425964355,5
4773.0,3140.0,3989.0,22,0.7388389110565186,5
3591.0,4487.0,3953.0,22,0.7388429641723633,5
4274.0,4230.0,3549.0,22,0.738847017288208,5
3873.0,2986.0,5262.0,22,0.7388510704040527,5
2704.0,5107.0,4646.0,22,0.7388629913330078,5
3524.0,3667.0,4903.0,22,0.7388710975646973,5
2767.0,5729.0,4114.0,23,0.7588450908660889,5
4631.0,2948.0,4351.0,23,0.7588639259338379,5
3087.0,4247.0,4886.0,23,0.7589309215545654,5
3255.0,3582.0,5552.0,23,0.7589430809020996,5
4547.0,2467.0,4813.0,24,0.7875320911407471,5
4570.0,2678.0,4570.0,24,0.7876029014587402,5
4410.0,3057.0,4360.0,24,0.7876379489898682,5
2870.0,4575.0,4858.0,25,0.810420036315918,5
2980.0,5242.0,4314.0,25,0.8104240894317627,5
3312.0,3389.0,5574.0,25,0.8104839324951172,5
3376.0,3280.0,5384.0,25,0.8104870319366455,5
4578.0,2209.0,5167.0,25,0.8104910850524902,5
4711.0,2155.0,5321.0,25,0.8104948997497559,5
3806.0,2599.0,5542.0,25,0.8105459213256836,5
4286.0,2330.0,5368.0,25,0.8105580806732178,5
4205.0,2330.0,5569.0,25,0.8105740547180176,5
3801.0,2546.0,5774.0,25,0.8105781078338623,5
3725.0,2599.0,5743.0,25,0.8105859756469727,5
5348.0,2700.0,3863.0,26,0.8385899066925049,5
4401.0,3030.0,4542.0,26,0.8386099338531494,5
4813.0,3522.0,3478.0,26,0.8386220932006836,5
3397.0,4850.0,3987.0,26,0.8386619091033936,5
4774.0,2909.0,4140.0,26,0.838670015335083,5
4662.0,3167.0,3987.0,26,0.8386740684509277,5
4052.0,3711.0,4183.0,26,0.8386781215667725,5
4685.0,3378.0,3744.0,26,0.8387529850006104,5
4881.0,3488.0,3449.0,26,0.8387570381164551,5
4842.0,2875.0,4111.0,26,0.8387610912322998,5
3107.0,5576.0,3839.0,28,0.8872311115264893,5
2753.0,5254.0,4363.0,28,0.8872349262237549,5
3664.0,3460.0,4723.0,28,0.8872659206390381,5
4018.0,3782.0,4199.0,28,0.8873019218444824,5
3312.0,4263.0,4506.0,29,0.9054019451141357,5
3561.0,4065.0,4315.0,29,0.9054141044616699,5
3614.0,3374.0,4856.0,29,0.9054179191589355,5
3550.0,3483.0,5046.0,29,0.9054219722747803,5
3374.0,3878.0,4879.0,29,0.905426025390625,5
4521.0,4931.0,2887.0,30,0.9278090000152588,5
4128.0,4391.0,3431.0,30,0.927825927734375,5
3982.0,4915.0,3478.0,30,0.927833080291748,5
3716.0,3899.0,4495.0,30,0.9278650283813477,5
4442.0,4652.0,3063.0,31,0.9440040588378906,5
4151.0,6318.0,2571.0,33,1.0092060565948486,6
4769.0,2143.0,5667.0,33,1.0092620849609375,6
5117.0,1994.0,5513.0,34,1.0443689823150635,6
5005.0,2104.0,5399.0,35,1.073214054107666,6
5331.0,2299.0,4529.0,35,1.0732340812683105,6
5153.0,3434.0,3426.0,35,1.073396921157837,6
5836.0,2955.0,3071.0,36,1.1026289463043213,6
5476.0,2794.0,3468.0,36,1.102632999420166,6
5429.0,2250.0,4165.0,36,1.1026370525360107,6
5859.0,3166.0,2828.0,36,1.1026849746704102,6
6102.0,4123.0,2244.0,36,1.1026890277862549,6
6016.0,3907.0,2363.0,36,1.1026930809020996,6
5728.0,4556.0,2219.0,36,1.10270094871521,6
5499.0,3005.0,3225.0,36,1.1027450561523438,6
5435.0,1964.0,4767.0,37,1.133897066116333,6
5037.0,2612.0,4086.0,37,1.1339271068572998,6
5084.0,2296.0,4554.0,37,1.1340289115905762,6
3882.0,5264.0,3309.0,38,1.165126085281372,6
4107.0,4940.0,3277.0,38,1.1651298999786377,6
4668.0,3524.0,3635.0,38,1.1651339530944824,6
5212.0,3639.0,2994.0,38,1.1651740074157715,6
4937.0,3318.0,3610.0,38,1.165182113647461,6
5235.0,3850.0,2751.0,38,1.1651859283447266,6
5010.0,4174.0,2783.0,38,1.1651899814605713,6
4217.0,5607.0,2733.0,38,1.165234088897705,6
5743.0,3599.0,2682.0,39,1.184286117553711,6
5324.0,4435.0,2415.0,39,1.1843409538269043,6
5579.0,4319.0,2406.0,39,1.184345006942749,6
2835.0,5885.0,3985.0,40,1.2159159183502197,6
2888.0,5797.0,3954.0,40,1.2160000801086426,6
4880.0,3909.0,3198.0,41,1.240821123123169,6
2940.0,5805.0,3900.0,41,1.240860939025879,6
3399.0,5650.0,3363.0,41,1.2408640384674072,6
3607.0,5679.0,3209.0,41,1.2408719062805176,6
4798.0,4675.0,2732.0,41,1.2408759593963623,6
4245.0,5441.0,2876.0,41,1.240880012512207,6
4392.0,5353.0,2826.0,41,1.2408840656280518,6
4185.0,3439.0,4348.0,41,1.2408881187438965,6
4948.0,3875.0,3169.0,41,1.2408959865570068,6
4909.0,3262.0,3831.0,41,1.2409000396728516,6
4752.0,3765.0,3464.0,41,1.2409040927886963,6
3825.0,6181.0,2689.0,42,1.2719619274139404,6
4491.0,5165.0,2838.0,42,1.2719659805297852,6
2543.0,5013.0,5206.0,42,1.2720088958740234,6
4597.0,3535.0,3822.0,42,1.2720129489898682,6
4098.0,4625.0,3382.0,42,1.272017002105713,6
3348.0,4062.0,4736.0,42,1.2720251083374023,6
3415.0,4882.0,3786.0,42,1.272028923034668,6
2528.0,5502.0,4479.0,42,1.2720561027526855,6
2591.0,6124.0,3947.0,43,1.291888952255249,6
5119.0,3762.0,3155.0,43,1.2919130325317383,6
2911.0,4642.0,4719.0,43,1.291944980621338,6
3701.0,5154.0,3409.0,44,1.313823938369751,6
3094.0,4482.0,4675.0,44,1.313852071762085,6
3360.0,3691.0,5224.0,44,1.3138561248779297,6
2820.0,5641.0,4083.0,45,1.333909034729004,6
4731.0,2544.0,4788.0,45,1.3339691162109375,6
4322.0,2812.0,4891.0,45,1.3339760303497314,6
4614.0,2854.0,4533.0,46,1.3550000190734863,6
4329.0,4087.0,3491.0,46,1.3550119400024414,6
3901.0,3970.0,4150.0,46,1.3550240993499756,6
4684.0,3609.0,3593.0,46,1.355078935623169,6
3110.0,3239.0,6464.0,48,1.3985109329223633,6
3057.0,3327.0,6495.0,48,1.398514986038208,6
2708.0,4008.0,6136.0,48,1.3985190391540527,6
2763.0,3935.0,5985.0,48,1.3985230922698975,6
4095.0,2841.0,4871.0,48,1.398526906967163,6
4387.0,2846.0,4603.0,48,1.398550033569336,6
4118.0,3052.0,4628.0,48,1.3985579013824463,6
3380.0,2994.0,6094.0,48,1.3986101150512695,6
3112.0,3254.0,6344.0,48,1.3986139297485352,6
2765.0,4466.0,5186.0,48,1.3986179828643799,6
3769.0,2646.0,5741.0,48,1.3986220359802246,6
2497.0,4726.0,5436.0,48,1.3986380100250244,6
3420.0,3327.0,5382.0,48,1.3986461162567139,6
2990.0,4142.0,5154.0,48,1.3986499309539795,6
3031.0,3675.0,5735.0,48,1.3986539840698242,6
3095.0,4251.0,4826.0,50,1.4532499313354492,6
4314.0,3162.0,4333.0,50,1.4532968997955322,6
4246.0,3196.0,4362.0,50,1.4533050060272217,6
3942.0,2721.0,5384.0,50,1.453341007232666,6
3525.0,3436.0,5054.0,50,1.4533450603485107,6
4247.0,2634.0,5011.0,50,1.4533491134643555,6
4223.0,2985.0,4605.0,50,1.453352928161621,6
4515.0,2990.0,4337.0,50,1.4533569812774658,6
4291.0,2951.0,4576.0,50,1.4533610343933105,6
3874.0,2755.0,5413.0,50,1.4533650875091553,6
4315.0,2600.0,4982.0,50,1.4533929824829102,6
4391.0,2547.0,5013.0,50,1.4533970355987549,6
4018.0,2668.0,5415.0,50,1.4534049034118652,6
5021.0,2815.0,4089.0,50,1.45340895652771,6
5306.0,2234.0,4634.0,50,1.4534170627593994,6
4821.0,2425.0,4734.0,50,1.4534211158752441,6
4897.0,2372.0,4765.0,50,1.4534249305725098,6
5280.0,2734.0,3892.0,52,1.5049560070037842,6
5387.0,3313.0,3201.0,52,1.5049889087677002,6
4162.0,4378.0,3639.0,52,1.505012035369873,6
4558.0,3536.0,3935.0,52,1.5050280094146729,6
5319.0,3347.0,3230.0,52,1.5050320625305176,6
5082.0,3316.0,3453.0,53,1.5275390148162842,6
3376.0,5223.0,3844.0,53,1.527630090713501,6
3792.0,4718.0,3722.0,53,1.5276339054107666,6
4975.0,4187.0,3088.0,53,1.5276379585266113,6
2685.0,5024.0,4733.0,56,1.60036301612854,6
2525.0,6065.0,4345.0,56,1.6003711223602295,6
2596.0,5734.0,4266.0,56,1.6004109382629395,6
2543.0,5822.0,4297.0,56,1.6004149913787842,6
2700.0,5342.0,4394.0,56,1.600419044494629,6
2632.0,5112.0,4764.0,56,1.6004540920257568,6
3183.0,4439.0,4591.0,56,1.6004791259765625,6
3153.0,4738.0,4379.0,56,1.600517988204956,6
4104.0,4079.0,4005.0,57,1.622549057006836,6
3811.0,3372.0,4673.0,58,1.6419401168823242,6
3834.0,3583.0,4430.0,58,1.6419670581817627,6
3428.0,4261.0,4524.0,58,1.6419761180877686,6
3490.0,3876.0,4897.0,58,1.6419799327850342,6
3730.0,3372.0,4874.0,58,1.641983985900879,6
4188.0,3905.0,3906.0,58,1.6420269012451172,6
4055.0,3535.0,4258.0,59,1.6581029891967773,6
4207.0,3843.0,3829.0,60,1.6793949604034424,6
4050.0,4323.0,3732.0,60,1.679414987564087,6
4647.0,4462.0,3111.0,60,1.6794469356536865,6
4561.0,4165.0,3305.0,60,1.6794509887695312,6
3941.0,4204.0,3995.0,61,1.6950631141662598,6
4181.0,3700.0,3972.0,61,1.6950669288635254,6
3634.0,4767.0,3689.0,62,1.7115819454193115,6
3989.0,5256.0,3078.0,63,1.724764108657837,6
3879.0,4589.0,3622.0,63,1.7247869968414307,6
3832.0,5736.0,2981.0,63,1.7248148918151855,6
4227.0,5604.0,2716.0,63,1.7248189449310303,6
5337.0,2013.0,5131.0,69,1.9335100650787354,7
4924.0,2104.0,5600.0,70,1.9643700122833252,7
5269.0,2629.0,3955.0,72,2.0240120887756348,7
5567.0,3161.0,3096.0,72,2.024049997329712,7
5544.0,2950.0,3339.0,72,2.0240540504455566,7
5000.0,2835.0,3980.0,72,2.0240581035614014,7
4977.0,2624.0,4223.0,72,2.024061918258667,7
5368.0,4395.0,2616.0,73,2.092616081237793,7
5733.0,2361.0,3849.0,74,2.1253979206085205,7
6435.0,2576.0,3029.0,74,2.1254448890686035,7
5957.0,2400.0,3610.0,74,2.1254489421844482,7
6482.0,2260.0,3497.0,74,2.1254570484161377,7
5220.0,2418.0,4396.0,74,2.1255040168762207,7
5152.0,2452.0,4425.0,74,2.1255080699920654,7
5128.0,2979.0,3714.0,74,2.125515937805176,7
5686.0,2677.0,3381.0,74,2.1255829334259033,7
5105.0,2768.0,3957.0,74,2.125586986541748,7
5173.0,2734.0,3928.0,74,2.1255910396575928,7
5910.0,2716.0,3142.0,74,2.125622034072876,7
5470.0,3629.0,2862.0,74,2.1256260871887207,7
5695.0,3305.0,2830.0,74,2.1256299018859863,7
6039.0,3774.0,2485.0,75,2.1572530269622803,7
6028.0,4644.0,2004.0,76,2.182600975036621,7
5686.0,4986.0,1998.0,76,2.182605028152466,7
5233.0,5590.0,2013.0,76,2.182612895965576,7
5529.0,4245.0,2463.0,76,2.1826789379119873,7
4852.0,4341.0,2994.0,76,2.182682991027832,7
4962.0,5008.0,2450.0,76,2.1826870441436768,7
4670.0,5003.0,2718.0,76,2.1827139854431152,7
4443.0,3848.0,3667.0,77,2.205106019973755,7
4420.0,3637.0,3910.0,77,2.2051100730895996,7
4939.0,5195.0,2301.0,77,2.20511794090271,7
4602.0,4847.0,2847.0,78,2.2243130207061768,7
4492.0,4180.0,3391.0,78,2.224324941635132,7
3925.0,3854.0,4275.0,78,2.2243289947509766,7
4194.0,4046.0,3858.0,79,2.2409420013427734,7
4496.0,3157.0,4208.0,79,2.2409489154815674,7
4813.0,4994.0,2575.0,80,2.281095027923584,7
3769.0,5310.0,3280.0,80,2.2810990810394287,7
5288.0,4364.0,2653.0,81,2.310260057449341,7
4996.0,4359.0,2921.0,81,2.3102641105651855,7
4505.0,5287.0,2829.0,82,2.3374900817871094,7
4628.0,4552.0,3025.0,82,2.3375139236450195,7
3659.0,4643.0,3824.0,82,2.337538003921509,7
3592.0,3823.0,4774.0,82,2.3375930786132812,7
4925.0,3664.0,3412.0,83,2.3659911155700684,7
4306.0,5137.0,2945.0,83,2.3660099506378174,7
4184.0,5324.0,2980.0,83,2.366014003753662,7
4035.0,4120.0,3928.0,84,2.390038013458252,7
3584.0,3792.0,4830.0,84,2.3901100158691406,7
2638.0,6169.0,3935.0,85,2.4102210998535156,7
3875.0,4337.0,3865.0,85,2.410291910171509,7
3445.0,5152.0,3637.0,85,2.4102959632873535,7
2918.0,4877.0,4508.0,85,2.410306930541992,7
3555.0,5819.0,3093.0,85,2.410322904586792,7
4333.0,5434.0,2616.0,86,2.435631036758423,7
2907.0,5342.0,4236.0,86,2.4356629848480225,7
3360.0,4738.0,4221.0,86,2.435666084289551,7
4613.0,3937.0,3403.0,87,2.453160047531128,7
4485.0,3793.0,3669.0,87,2.4531679153442383,7
3770.0,5371.0,3175.0,87,2.453187942504883,7
3941.0,3678.0,4310.0,87,2.4531919956207275,7
4508.0,4004.0,3426.0,87,2.4532511234283447,7
3132.0,4642.0,4490.0,88,2.4752249717712402,7
3968.0,5264.0,3242.0,89,2.4955480098724365,7
3731.0,5424.0,3260.0,89,2.495579957962036,7
3621.0,4757.0,3804.0,89,2.4955999851226807,7
4051.0,3942.0,4032.0,89,2.4956040382385254,7
3893.0,4453.0,3785.0,93,2.5703110694885254,7
3946.0,4976.0,3342.0,93,2.570349931716919,7
4548.0,2972.0,4471.0,94,2.586695909500122,7
4143.0,3627.0,4247.0,94,2.586728096008301,7
3827.0,4409.0,3958.0,94,2.586759090423584,7
4222.0,3216.0,4454.0,95,2.601027011871338,7
4245.0,3427.0,4211.0,95,2.6010310649871826,7
4117.0,3283.0,4477.0,95,2.6010429859161377,7
3749.0,2441.0,6162.0,98,2.6857569217681885,7
3722.0,3151.0,5084.0,98,2.685823917388916,7
3356.0,4223.0,4707.0,98,2.6858279705047607,7
3830.0,2441.0,5961.0,98,2.6858439445495605,7
3699.0,2940.0,5327.0,98,2.68585205078125,7
3117.0,3732.0,5336.0,98,2.6858561038970947,7
3556.0,2599.0,6261.0,99,2.706501007080078,7
3207.0,3280.0,5902.0,99,2.706505060195923,7
3271.0,3171.0,5712.0,99,2.7065091133117676,7
4478.0,3237.0,4278.0,100,2.732322931289673,7
4021.0,3520.0,4394.0,101,2.7558300495147705,7
4312.0,2424.0,5294.0,102,2.773319959640503,7
4231.0,2424.0,5495.0,102,2.7733240127563477,7
3533.0,3920.0,4707.0,102,2.7733640670776367,7
4685.0,2303.0,4892.0,102,2.7733960151672363,7
3963.0,3105.0,4935.0,102,2.773404121398926,7
4792.0,2155.0,5120.0,102,2.773411989212036,7
4698.0,2822.0,4304.0,103,2.7935309410095215,7
3962.0,3484.0,4488.0,103,2.7935750484466553,7
4230.0,4344.0,3610.0,105,2.837991952896118,7
4970.0,4263.0,3013.0,105,2.8380188941955566,7
4954.0,3172.0,3719.0,106,2.856058120727539,7
4977.0,3383.0,3476.0,106,2.8561251163482666,7
4469.0,2996.0,4513.0,107,2.872896909713745,7
3663.0,4059.0,4536.0,107,2.8729050159454346,7
3568.0,4060.0,4434.0,110,2.934438943862915,7
3903.0,3555.0,4513.0,111,2.9488449096679688,7
4625.0,2753.0,4470.0,111,2.948852062225342,7
3706.0,3897.0,4549.0,112,2.9732649326324463,7
3141.0,3928.0,5006.0,114,3.0237181186676025,7
3101.0,3595.0,5718.0,114,3.0237419605255127,7
2752.0,4276.0,5359.0,114,3.0237550735473633,7
2711.0,4743.0,4778.0,114,3.0237860679626465,7
2997.0,4909.0,4383.0,114,3.0238230228424072,7
3490.0,3247.0,5365.0,114,3.0238349437713623,7
2654.0,5155.0,4612.0,115,3.0429039001464844,7
3656.0,3811.0,4682.0,118,3.092487096786499,7
3354.0,4700.0,4332.0,118,3.0924909114837646,7
3875.0,4326.0,3947.0,118,3.09254789352417,7
3760.0,4022.0,4238.0,118,3.0925519466400146,7
4164.0,3962.0,3896.0,119,3.105648994445801,7
4327.0,4348.0,3354.0,122,3.1484460830688477,7
4731.0,4288.0,3012.0,123,3.158078908920288,7
3777.0,5879.0,3039.0,124,3.175719976425171,7
3824.0,4732.0,3680.0,124,3.1757359504699707,7
3934.0,5399.0,3136.0,124,3.1757400035858154,7
3333.0,4788.0,4346.0,124,3.175766944885254,7
3970.0,4558.0,3642.0,125,3.1902639865875244,7
4080.0,5225.0,3098.0,125,3.190268039703369,7
4510.0,4808.0,2934.0,126,3.2066171169281006,7
3947.0,4745.0,3493.0,126,3.206624984741211,7
4057.0,5412.0,2949.0,126,3.2066569328308105,7
5146.0,4431.0,2757.0,140,3.579951047897339,8
5563.0,4511.0,2378.0,145,3.7137880325317383,8
5271.0,4506.0,2646.0,145,3.7139220237731934,8
5025.0,2466.0,4370.0,146,3.7526650428771973,8
5073.0,3327.0,3588.0,147,3.7696518898010254,8
5168.0,3030.0,3701.0,148,3.8002429008483887,8
5773.0,2412.0,3836.0,148,3.800300121307373,8
6211.0,2537.0,3268.0,148,3.8003079891204834,8
5145.0,2819.0,3944.0,148,3.800312042236328,8
5213.0,2785.0,3915.0,148,3.800316095352173,8
5726.0,2728.0,3368.0,148,3.800328016281128,8
5950.0,2767.0,3129.0,148,3.800333023071289,8
5763.0,3271.0,2801.0,148,3.800337076187134,8
5996.0,2932.0,3023.0,149,3.8351380825042725,8
5950.0,2282.0,3909.0,149,3.835141897201538,8
4875.0,3041.0,4050.0,150,3.902355909347534,8
5557.0,2394.0,3899.0,151,3.917386054992676,8
5604.0,2078.0,4367.0,151,3.9173901081085205,8
5546.0,2014.0,4683.0,151,3.917409896850586,8
5604.0,2938.0,3202.0,151,3.9174139499664307,8
5026.0,2232.0,4870.0,151,3.91742205619812,8
5411.0,3593.0,2956.0,151,3.917504072189331,8
4277.0,5132.0,3044.0,153,3.967622995376587,8
4485.0,5161.0,2890.0,153,3.9676311016082764,8
4399.0,4945.0,3009.0,153,3.967634916305542,8
4960.0,3529.0,3367.0,154,3.9917681217193604,8
5856.0,3510.0,2767.0,155,4.008328914642334,8
4987.0,3963.0,3026.0,155,4.008363962173462,8
5209.0,4131.0,2706.0,158,4.051108121871948,8
4642.0,3805.0,3590.0,158,4.051120042800903,8
4761.0,4372.0,2974.0,159,4.061808109283447,8
3162.0,4638.0,4546.0,165,4.217432975769043,8
4119.0,4098.0,3903.0,165,4.217437028884888,8
3689.0,4913.0,3675.0,165,4.217439889907837,8
4145.0,4133.0,3735.0,166,4.247291088104248,8
4381.0,3549.0,4053.0,166,4.247294902801514,8
4122.0,3922.0,3978.0,166,4.247335910797119,8
3017.0,5223.0,4261.0,166,4.247415065765381,8
4358.0,3338.0,4296.0,166,4.247431039810181,8
4857.0,3698.0,3441.0,167,4.266141891479492,8
4014.0,5132.0,3213.0,167,4.266170024871826,8
3869.0,6141.0,2890.0,168,4.288845062255859,8
3139.0,6324.0,3215.0,168,4.288861036300659,8
3569.0,5509.0,3443.0,168,4.288865089416504,8
2570.0,5812.0,4296.0,168,4.288899898529053,8
2664.0,6386.0,3696.0,168,4.288916110992432,8
3008.0,4514.0,4889.0,168,4.288919925689697,8
2578.0,5329.0,4661.0,168,4.28896689414978,8
2672.0,5903.0,4061.0,168,4.288970947265625,8
3029.0,5657.0,3759.0,168,4.28897500038147,8
3459.0,4842.0,3987.0,168,4.288986921310425,8
3985.0,5004.0,3321.0,170,4.334686994552612,8
3975.0,5360.0,3186.0,171,4.352139949798584,8
3611.0,5846.0,3048.0,172,4.378051042556763,8
3725.0,4365.0,3983.0,174,4.413428068161011,8
4034.0,3465.0,4571.0,174,4.413451910018921,8
4153.0,4482.0,3324.0,174,4.41346001625061,8
3702.0,4154.0,4226.0,174,4.413527011871338,8
4046.0,3611.0,4287.0,175,4.4307639598846436,8
4069.0,3822.0,4044.0,175,4.430768013000488,8
3510.0,4487.0,4154.0,176,4.447739124298096,8
3114.0,4758.0,4422.0,176,4.44775390625,8
4285.0,3478.0,4198.0,186,4.607002019882202,8
4928.0,4203.0,3050.0,187,4.623344898223877,8
4282.0,3543.0,4188.0,187,4.623368978500366,8
3766.0,3327.0,5047.0,190,4.657334089279175,8
2989.0,4373.0,5003.0,191,4.664865016937256,8
3501.0,2906.0,5991.0,194,4.752949953079224,8
3152.0,3587.0,5632.0,194,4.753045082092285,8
3020.0,3672.0,5924.0,194,4.7531280517578125,8
3544.0,2970.0,5773.0,195,4.779541015625,8
3870.0,3165.0,4903.0,195,4.779592990875244,8
3195.0,3651.0,5414.0,195,4.779655933380127,8
2939.0,3540.0,6152.0,196,4.809269905090332,8
3084.0,3431.0,5761.0,196,4.809273958206177,8
3003.0,3431.0,5962.0,196,4.809323072433472,8
2654.0,4246.0,5533.0,196,4.809325933456421,8
3288.0,2859.0,6511.0,196,4.80933403968811,8
3352.0,2750.0,6321.0,196,4.809350967407227,8
3433.0,2750.0,6120.0,196,4.8093860149383545,8
3916.0,3001.0,5236.0,196,4.809406042098999,8
3675.0,3119.0,5349.0,196,4.809417963027954,8
3822.0,3031.0,5299.0,196,4.809422016143799,8
3375.0,3382.0,5268.0,198,4.848726034164429,8
4144.0,2449.0,5518.0,198,4.848750114440918,8
3485.0,4049.0,4724.0,198,4.848773956298828,8
3882.0,2794.0,5391.0,199,4.86660099029541,8
4466.0,2467.0,5014.0,199,4.866611957550049,8
3946.0,2685.0,5201.0,199,4.866621017456055,8
3644.0,3574.0,4851.0,199,4.866631984710693,8
2946.0,4522.0,4889.0,201,4.909014940261841,8
4323.0,2581.0,5042.0,201,4.909061908721924,8
3601.0,3383.0,5085.0,201,4.909090042114258,8
4562.0,2674.0,4805.0,202,4.9350810050964355,8
4585.0,2885.0,4562.0,202,4.935164928436279,8
3571.0,3682.0,4873.0,202,4.9351890087127686,8
3998.0,3309.0,4637.0,203,4.956927061080933,8
3834.0,3333.0,4958.0,203,4.956970930099487,8
4220.0,3477.0,4317.0,204,4.979743957519531,8
4468.0,3309.0,4240.0,205,4.993832111358643,8
3882.0,2546.0,5573.0,206,5.006000995635986,8
4255.0,2425.0,5171.0,206,5.006005048751831,8
3452.0,3227.0,5415.0,206,5.006009101867676,8
3533.0,3227.0,5214.0,206,5.006012916564941,8
3103.0,4042.0,4986.0,206,5.0060529708862305,8
4002.0,3535.0,4475.0,207,5.0170769691467285,8
4098.0,2478.0,5341.0,207,5.017081022262573,8
4218.0,3091.0,4478.0,207,5.017086029052734,8
5094.0,3671.0,3262.0,209,5.058765888214111,8
3800.0,5159.0,3382.0,211,5.095405101776123,8
4437.0,3491.0,4019.0,212,5.1124279499053955,8
4790.0,3311.0,3721.0,215,5.1545491218566895,8
4858.0,3277.0,3692.0,215,5.154552936553955,8
4289.0,3477.0,4200.0,220,5.248753070831299,8
3489.0,4312.0,4399.0,221,5.260044097900391,8
4839.0,2699.0,4423.0,222,5.27324104309082,8
4094.0,4222.0,3768.0,222,5.273261070251465,8
4490.0,3380.0,4064.0,222,5.27326512336731,8
4060.0,4195.0,3836.0,222,5.273268938064575,8
4529.0,3810.0,3604.0,223,5.286672115325928,8
3088.0,4016.0,5037.0,228,5.4056079387664795,8
2658.0,4831.0,4809.0,228,5.405611991882324,8
3857.0,3259.0,4982.0,228,5.405623912811279,8
3403.0,4232.0,4526.0,228,5.405640125274658,8
3111.0,4227.0,4794.0,228,5.405643939971924,8
3020.0,3860.0,5166.0,230,5.433686017990112,8
3477.0,3556.0,4930.0,230,5.433690071105957,8
3043.0,4071.0,4923.0,230,5.433697938919067,8
3047.0,4371.0,4702.0,230,5.433710098266602,8
3865.0,3050.0,5142.0,231,5.456017971038818,8
2941.0,3857.0,5427.0,231,5.456049919128418,8
2928.0,3881.0,5526.0,231,5.456053018569946,8
3281.0,4349.0,4574.0,231,5.456080913543701,8
4171.0,3533.0,4276.0,234,5.506830930709839,8
3879.0,3528.0,4544.0,234,5.506850957870483,8
3902.0,3739.0,4301.0,234,5.506863117218018,8
3677.0,4063.0,4333.0,234,5.506870985031128,8
3654.0,3852.0,4576.0,234,5.506875038146973,8
3786.0,3741.0,4283.0,238,5.56350302696228,8
3763.0,3530.0,4526.0,238,5.563513994216919,8
3538.0,3854.0,4558.0,238,5.563529968261719,8
4235.0,3378.0,4441.0,241,5.603904962539673,8
4249.0,4280.0,3655.0,242,5.6292219161987305,8
4353.0,4067.0,3399.0,246,5.668741941452026,8
4105.0,4180.0,3674.0,246,5.668761968612671,8
4330.0,3856.0,3642.0,246,5.668766021728516,8
3592.0,4256.0,4104.0,250,5.714910984039307,8
3702.0,4923.0,3560.0,250,5.714925050735474,8
3162.0,5071.0,3876.0,250,5.714936971664429,8
3272.0,5738.0,3332.0,250,5.714966058731079,8
3720.0,5064.0,3495.0,251,5.7275919914245605,8
3921.0,5026.0,3448.0,254,5.7988340854644775,8
5385.0,2627.0,3973.0,288,6.654033899307251,9
5292.0,2840.0,3712.0,289,6.675060987472534,9
5171.0,3260.0,3552.0,292,6.752737998962402,9
4604.0,2934.0,4436.0,294,6.792757034301758,9
6201.0,3130.0,2582.0,296,6.84172511100769,9
6073.0,3526.0,2443.0,297,6.870582103729248,9
5964.0,3099.0,2805.0,297,6.870594024658203,9
5771.0,3754.0,2559.0,297,6.870598077774048,9
5672.0,3094.0,3073.0,297,6.870650053024292,9
5740.0,3060.0,3044.0,297,6.870657920837402,9
5857.0,3970.0,2440.0,297,6.870704889297485,9
5336.0,2416.0,4414.0,297,6.87072491645813,9
5903.0,2598.0,3441.0,299,6.934814929962158,9
5196.0,2945.0,3685.0,299,6.934859037399292,9
5397.0,2773.0,3689.0,299,6.934863090515137,9
5420.0,2984.0,3446.0,299,6.934922933578491,9
5669.0,3586.0,2785.0,300,6.962747097015381,9
5086.0,3167.0,3613.0,300,6.9627509117126465,9
4982.0,2956.0,4057.0,300,6.962790012359619,9
5201.0,3471.0,3322.0,301,6.983083963394165,9
5003.0,2296.0,4755.0,303,7.011486053466797,9
4647.0,4792.0,2961.0,304,7.038919925689697,9
5053.0,3316.0,3628.0,308,7.1158130168914795,9
5070.0,3688.0,3258.0,308,7.115900039672852,9
5879.0,3721.0,2524.0,310,7.154443025588989,9
5811.0,3755.0,2553.0,310,7.154446125030518,9
5788.0,3544.0,2796.0,310,7.154458045959473,9
5392.0,4591.0,2286.0,310,7.154469966888428,9
5282.0,4365.0,2651.0,310,7.1544740200042725,9
5613.0,4071.0,2364.0,311,7.169073104858398,9
5207.0,4749.0,2458.0,311,7.1691060066223145,9
5121.0,4533.0,2577.0,311,7.16911506652832,9
4999.0,4720.0,2612.0,311,7.169119119644165,9
4012.0,4310.0,3974.0,312,7.192812919616699,9
4579.0,4636.0,3090.0,314,7.219986915588379,9
4716.0,3366.0,3782.0,318,7.260126113891602,9
4693.0,3155.0,4025.0,318,7.260129928588867,9
4898.0,5827.0,2285.0,320,7.295819997787476,9
2882.0,5930.0,3973.0,320,7.295919895172119,9
4294.0,5991.0,2436.0,321,7.3244030475616455,9
4869.0,5200.0,2386.0,321,7.324454069137573,9
4124.0,5799.0,2669.0,321,7.324460983276367,9
3694.0,6216.0,2833.0,321,7.324465036392212,9
3855.0,5607.0,3086.0,321,7.324472904205322,9
4577.0,5195.0,2654.0,321,7.324521064758301,9
3200.0,4798.0,4361.0,329,7.5184009075164795,9
4037.0,4864.0,3437.0,329,7.518472909927368,9
3829.0,4835.0,3591.0,329,7.518480062484741,9
2840.0,5229.0,4488.0,330,7.5391130447387695,9
4187.0,4064.0,3874.0,330,7.539156913757324,9
3859.0,5105.0,3442.0,330,7.539210081100464,9
4421.0,3600.0,4040.0,332,7.5826640129089355,9
3969.0,4126.0,4021.0,334,7.619942903518677,9
4397.0,4243.0,3362.0,334,7.619976043701172,9
3946.0,3915.0,4264.0,334,7.620049953460693,9
3447.0,4806.0,4097.0,335,7.637296915054321,9
4313.0,3583.0,4082.0,335,7.637341022491455,9
3378.0,6237.0,3014.0,338,7.694485902786255,9
2956.0,5037.0,4323.0,338,7.694504022598267,9
3525.0,5549.0,3242.0,338,7.6945319175720215,9
3764.0,4201.0,4145.0,338,7.694551944732666,9
2644.0,6036.0,3916.0,339,7.711381912231445,9
4481.0,5185.0,2938.0,341,7.750777006149292,9
3682.0,4992.0,3619.0,343,7.782112121582031,9
3424.0,4009.0,4767.0,343,7.782141923904419,9
2619.0,5991.0,4092.0,344,7.804809093475342,9
4223.0,5208.0,2981.0,345,7.8274431228637695,9
4501.0,3490.0,4056.0,346,7.843410968780518,9
4926.0,4417.0,2909.0,347,7.855055093765259,9
3427.0,4511.0,4274.0,352,7.915401935577393,9
3620.0,5154.0,3610.0,353,7.929229974746704,9
4726.0,2596.0,4686.0,358,7.990530014038086,9
3650.0,3847.0,4644.0,364,8.076719045639038,9
3250.0,4826.0,4311.0,365,8.08846402168274,9
4009.0,4095.0,4104.0,369,8.149460077285767,9
4789.0,3542.0,3570.0,373,8.210547924041748,9
4509.0,5039.0,2783.0,374,8.2221839427948,9
4394.0,4735.0,3074.0,374,8.222187995910645,9
3338.0,3558.0,5432.0,382,8.300726890563965,9
4013.0,3072.0,4921.0,382,8.30075192451477,9
3282.0,4147.0,4886.0,389,8.466624021530151,9
2495.0,4711.0,5556.0,390,8.491876125335693,9
2761.0,3920.0,6105.0,390,8.491899013519287,9
2489.0,4844.0,5575.0,390,8.491934061050415,9
2960.0,4212.0,5239.0,390,8.49195408821106,9
2927.0,3911.0,5664.0,390,8.491957902908325,9
3377.0,2922.0,6096.0,392,8.550870895385742,9
3296.0,2922.0,6297.0,392,8.550874948501587,9
3821.0,3299.0,5046.0,392,8.550894975662231,9
3845.0,3242.0,5056.0,392,8.550906896591187,9
3232.0,3031.0,6487.0,392,8.55091905593872,9
3172.0,3026.0,6564.0,394,8.601286888122559,9
3236.0,2917.0,6374.0,394,8.601294994354248,9
3373.0,2745.0,6197.0,394,8.601330995559692,9
3317.0,2917.0,6173.0,394,8.601335048675537,9
3396.0,2956.0,5954.0,394,8.601340055465698,9
3340.0,3128.0,5930.0,394,8.601344108581543,9
3462.0,3838.0,4967.0,396,8.689152002334595,9
4196.0,2395.0,5873.0,396,8.689191102981567,9
4603.0,2590.0,4802.0,398,8.71939992904663,9
4522.0,2590.0,5003.0,398,8.719423055648804,9
4800.0,2409.0,4882.0,400,8.747986078262329,9
4448.0,2546.0,5136.0,401,8.76349401473999,9
3376.0,3707.0,5117.0,403,8.79894495010376,9
3711.0,4050.0,4541.0,403,8.798975944519043,9
3639.0,3648.0,4844.0,405,8.843740940093994,9
5084.0,3077.0,3833.0,406,8.866940975189209,9
4038.0,3360.0,4624.0,406,8.866945028305054,9
4331.0,3002.0,4563.0,406,8.866952896118164,9
4407.0,2949.0,4594.0,406,8.866969108581543,9
4354.0,3213.0,4320.0,406,8.866980075836182,9
4286.0,3247.0,4349.0,406,8.866983890533447,9
4263.0,3036.0,4592.0,406,8.867019891738892,9
4388.0,2371.0,5325.0,410,8.932753086090088,9
4761.0,2250.0,4923.0,410,8.932756900787354,9
4039.0,3052.0,4966.0,410,8.932765007019043,9
4604.0,2303.0,5093.0,411,8.941843032836914,9
4724.0,2916.0,4230.0,411,8.941847085952759,9
4675.0,2611.0,4547.0,413,8.965883016586304,9
3605.0,2880.0,5909.0,414,8.974483966827393,9
3264.0,3935.0,4937.0,415,8.981749057769775,9
4010.0,3864.0,4255.0,427,9.161890029907227,9
3332.0,4792.0,4302.0,427,9.161921977996826,9
4588.0,3846.0,3510.0,429,9.191193103790283,9
4659.0,3659.0,3699.0,442,9.394881010055542,9
4787.0,3803.0,3433.0,444,9.414865016937256,9
3791.0,4210.0,4066.0,447,9.443331956863403,9
3537.0,4761.0,4067.0,452,9.541423082351685,9
3251.0,4595.0,4462.0,452,9.54142689704895,9
2821.0,5410.0,4234.0,452,9.54145097732544,9
2764.0,5822.0,4068.0,453,9.56066107749939,9
2480.0,5200.0,4829.0,454,9.580050945281982,9
2908.0,4735.0,4673.0,454,9.5801100730896,9
2705.0,4876.0,4797.0,454,9.58011794090271,9
2746.0,4409.0,5378.0,454,9.580121994018555,9
2950.0,4836.0,4541.0,455,9.602016925811768,9
2828.0,5023.0,4576.0,455,9.602029085159302,9
2881.0,4935.0,4545.0,456,9.615519046783447,9
3427.0,4094.0,4611.0,457,9.625690937042236,9
2986.0,3905.0,5355.0,458,9.638672113418579,9
3067.0,3905.0,5154.0,458,9.638675928115845,9
2637.0,4720.0,4926.0,458,9.63867998123169,9
3563.0,3853.0,4736.0,459,9.650357007980347,9
3835.0,3349.0,4930.0,459,9.650384902954102,9
3991.0,4324.0,3965.0,465,9.735263109207153,9
4165.0,3694.0,4149.0,466,9.748358964920044,9
3380.0,4419.0,4377.0,474,9.834261894226074,9
3987.0,3818.0,4278.0,480,9.897386074066162,9
4163.0,3423.0,4445.0,480,9.8973970413208,9
4275.0,3999.0,3700.0,484,9.939134120941162,9
5236.0,4526.0,2680.0,486,9.960889101028442,9
2984.0,5910.0,3808.0,498,10.073194980621338,9
3540.0,5292.0,3489.0,498,10.073199033737183,9
3332.0,5263.0,3643.0,498,10.073203086853027,9
4080.0,5144.0,3173.0,499,10.086798906326294,9
3566.0,4537.0,4059.0,500,10.095171928405762,9
3136.0,5352.0,3831.0,500,10.095184087753296,9
3485.0,4537.0,4260.0,500,10.09520411491394,9
4117.0,4937.0,3260.0,503,10.129859924316406,9
4285.0,5132.0,2966.0,504,10.138683080673218,9
4680.0,5000.0,2701.0,504,10.138686895370483,9
6307.0,3506.0,2508.0,568,11.58242392539978,10
5945.0,3382.0,2709.0,569,11.61368989944458,10
4958.0,3023.0,3879.0,582,11.867919921875,10
6020.0,2875.0,3033.0,584,11.91464900970459,10
6521.0,2792.0,2910.0,584,11.914689064025879,10
6517.0,2608.0,3025.0,585,11.947761058807373,10
6428.0,2458.0,3328.0,585,11.947797060012817,10
6269.0,3096.0,2553.0,585,11.947813987731934,10
6246.0,2885.0,2796.0,585,11.947818040847778,10
6178.0,2919.0,2825.0,585,11.947822093963623,10
5393.0,3035.0,3442.0,589,12.072747945785522,10
5634.0,2804.0,3466.0,590,12.096511125564575,10
5444.0,2457.0,4157.0,591,12.119499921798706,10
5204.0,3428.0,3443.0,591,12.119604110717773,10
6180.0,2658.0,3179.0,592,12.14185094833374,10
5597.0,2239.0,4007.0,592,12.141875982284546,10
5908.0,2062.0,4112.0,593,12.16002106666565,10
5388.0,2280.0,4299.0,593,12.160079956054688,10
5100.0,2874.0,3830.0,598,12.28684401512146,10
5077.0,2663.0,4073.0,598,12.286884069442749,10
5124.0,2347.0,4541.0,598,12.28690791130066,10
4844.0,3267.0,3840.0,599,12.297147989273071,10
4939.0,4797.0,2693.0,600,12.323823928833008,10
5244.0,3429.0,3437.0,610,12.513619899749756,10
5046.0,3745.0,3248.0,611,12.52465009689331,10
5369.0,4380.0,2529.0,612,12.5416259765625,10
5661.0,4385.0,2261.0,612,12.541637897491455,10
5167.0,4915.0,2318.0,613,12.554867029190063,10
5562.0,4783.0,2053.0,613,12.554871082305908,10
4829.0,4528.0,2845.0,614,12.565330028533936,10
4638.0,5981.0,2332.0,632,12.75495195388794,10
3792.0,6190.0,2819.0,632,12.754973888397217,10
5044.0,3770.0,3196.0,656,13.251773118972778,10
4689.0,4248.0,3094.0,656,13.251805067062378,10
4477.0,3444.0,4080.0,658,13.29132604598999,10
3295.0,4866.0,4308.0,666,13.409868001937866,10
2994.0,4824.0,4539.0,678,13.58791995048523,10
4163.0,5911.0,2631.0,680,13.614759922027588,10
4002.0,4907.0,3421.0,680,13.614795923233032,10
4793.0,4889.0,2695.0,681,13.639787912368774,10
4599.0,3605.0,3727.0,686,13.720233917236328,10
3694.0,4637.0,3861.0,688,13.745243072509766,10
3050.0,4851.0,4494.0,691,13.781812906265259,10
2525.0,5417.0,4692.0,692,13.793575048446655,10
3266.0,4164.0,4821.0,694,13.809286117553711,10
3554.0,5842.0,3181.0,697,13.84384298324585,10
3970.0,3942.0,4233.0,707,13.958836078643799,10
2848.0,5508.0,4228.0,720,14.105320930480957,10
3964.0,3303.0,4886.0,752,14.501354932785034,10
3930.0,3096.0,5041.0,756,14.526480913162231,10
3443.0,3538.0,5139.0,768,14.741146087646484,10
4019.0,2919.0,5146.0,769,14.761972904205322,10
2755.0,4053.0,6124.0,770,14.785977125167847,10
3521.0,3516.0,5131.0,777,14.904846906661987,10
3668.0,3026.0,5395.0,778,14.925065040588379,10
3554.0,3049.0,5718.0,779,14.93915605545044,10
3618.0,2940.0,5528.0,779,14.939167976379395,10
3047.0,3637.0,5595.0,780,14.961712121963501,10
3817.0,2488.0,5888.0,784,15.028708934783936,10
3736.0,2488.0,6089.0,784,15.02874493598938,10
4167.0,2660.0,5275.0,785,15.039562940597534,10
4063.0,2449.0,5719.0,785,15.039566993713379,10
3724.0,2701.0,5627.0,785,15.039607048034668,10
4062.0,2683.0,5219.0,786,15.053597927093506,10
4143.0,2683.0,5018.0,786,15.053601026535034,10
4031.0,3261.0,4806.0,792,15.127607107162476,10
4753.0,2459.0,4763.0,792,15.12762188911438,10
3163.0,4217.0,4797.0,793,15.143529891967773,10
3346.0,4006.0,4905.0,801,15.283729076385498,10
4137.0,3518.0,4412.0,802,15.30353593826294,10
4114.0,3307.0,4655.0,802,15.303544044494629,10
4430.0,3160.0,4351.0,802,15.303617000579834,10
4527.0,3345.0,4146.0,804,15.334250926971436,10
4820.0,2987.0,4085.0,804,15.33427906036377,10
4752.0,3021.0,4114.0,804,15.334283113479614,10
4630.0,2740.0,4554.0,810,15.434715032577515,10
5181.0,2436.0,4299.0,811,15.447426080703735,10
3856.0,3011.0,5210.0,814,15.472290992736816,10
3937.0,3011.0,5009.0,814,15.472295045852661,10
3507.0,3826.0,4781.0,814,15.472299098968506,10
4174.0,2425.0,5372.0,815,15.541220903396606,10
4294.0,3038.0,4509.0,816,15.553350925445557,10
4271.0,2827.0,4752.0,816,15.553406000137329,10
3750.0,2771.0,5518.0,818,15.570455074310303,10
3669.0,2771.0,5719.0,818,15.570458889007568,10
3411.0,4540.0,4337.0,843,15.878767013549805,10
5035.0,3635.0,3356.0,878,16.397867918014526,10
3901.0,4877.0,3522.0,881,16.423700094223022,10
2696.0,5592.0,4438.0,896,16.641091108322144,10
3130.0,4527.0,4622.0,897,16.652141094207764,10
2910.0,4385.0,5057.0,899,16.683640003204346,10
3380.0,4021.0,4769.0,901,16.711611032485962,10
3265.0,3571.0,5397.0,902,16.725712060928345,10
3507.0,3940.0,4626.0,902,16.725730895996094,10
3349.0,4505.0,4445.0,903,16.745481967926025,10
3789.0,3103.0,5111.0,906,16.77681303024292,10
3596.0,3758.0,4865.0,906,16.77686095237732,10
3396.0,3556.0,5131.0,907,16.78425908088684,10
3366.0,3263.0,5470.0,912,16.834700107574463,10
3285.0,3263.0,5671.0,912,16.83470392227173,10
3234.0,3348.0,5762.0,912,16.834716081619263,10
3496.0,4417.0,4395.0,922,16.968281984329224,10
4311.0,3601.0,4170.0,926,17.001476049423218,10
4384.0,3534.0,4111.0,948,17.1826810836792,10
4402.0,3675.0,4046.0,949,17.187397956848145,10
4697.0,4536.0,3054.0,962,17.275599002838135,10
3970.0,4477.0,3717.0,977,17.390480995178223,10
3957.0,5879.0,2977.0,978,17.401808977127075,10
3477.0,5247.0,3592.0,978,17.40182089805603,10
3563.0,5544.0,3398.0,978,17.40183711051941,10
3553.0,4767.0,3890.0,980,17.421996116638184,10
4570.0,4333.0,3245.0,986,17.465579986572266,10
5246.0,1945.0,5604.0,1026,18.081461906433105,11
5354.0,2510.0,4286.0,1068,19.114279985427856,11
5069.0,3743.0,3244.0,1069,19.13479709625244,11
5541.0,3442.0,3051.0,1108,19.930175065994263,11
5093.0,3683.0,3319.0,1109,19.94530200958252,11
4526.0,3357.0,4203.0,1118,20.052982091903687,11
5501.0,3516.0,3095.0,1120,20.092139959335327,11
5849.0,2359.0,3867.0,1120,20.09219002723694,11
6026.0,2714.0,3160.0,1120,20.092201948165894,11
5802.0,2675.0,3399.0,1120,20.09225106239319,11
5997.0,2451.0,3597.0,1121,20.179872035980225,11
6036.0,2983.0,3010.0,1121,20.179879903793335,11
5863.0,4169.0,2318.0,1122,20.209228992462158,11
5976.0,3454.0,2614.0,1122,20.209233045578003,11
5852.0,4046.0,2365.0,1123,20.246185064315796,11
5447.0,3418.0,3105.0,1127,20.337620973587036,11
4920.0,3143.0,3976.0,1127,20.337636947631836,11
5533.0,2079.0,4438.0,1136,20.521969079971313,11
5637.0,2290.0,3994.0,1136,20.522032022476196,11
5551.0,1962.0,4785.0,1136,20.522083044052124,11
5475.0,2015.0,4754.0,1136,20.522090911865234,11
5590.0,2606.0,3526.0,1138,20.556786060333252,11
5486.0,2395.0,3970.0,1138,20.55684494972229,11
5428.0,2331.0,4286.0,1138,20.556864976882935,11
5066.0,2283.0,4857.0,1146,20.68591594696045,11
5176.0,2821.0,3861.0,1148,20.705981969833374,11
5153.0,2610.0,4104.0,1148,20.706012964248657,11
5200.0,2294.0,4572.0,1148,20.706028938293457,11
5043.0,2347.0,4742.0,1149,20.716713905334473,11
5973.0,4420.0,2163.0,1174,21.10846996307373,11
5887.0,4204.0,2282.0,1174,21.108489990234375,11
5144.0,4704.0,2561.0,1175,21.120872020721436,11
5539.0,4572.0,2296.0,1175,21.12087607383728,11
5939.0,4480.0,2009.0,1176,21.13141894340515,11
5403.0,4714.0,2239.0,1176,21.131422996520996,11
5301.0,4224.0,2658.0,1196,21.3233540058136,11
4069.0,5942.0,2727.0,1212,21.456813097000122,11
4499.0,5127.0,2955.0,1212,21.456865072250366,11
4147.0,5531.0,2893.0,1213,21.481744050979614,11
3939.0,5502.0,3047.0,1213,21.48174810409546,11
4955.0,5416.0,2267.0,1215,21.53607702255249,11
4085.0,4169.0,3919.0,1242,22.034287929534912,11
4008.0,3962.0,4183.0,1243,22.041924953460693,11
3238.0,4585.0,4577.0,1250,22.172096014022827,11
4255.0,4292.0,3626.0,1252,22.204374074935913,11
4014.0,4734.0,3605.0,1253,22.235508918762207,11
4037.0,4945.0,3362.0,1253,22.23551297187805,11
4353.0,3634.0,4069.0,1261,22.348517894744873,11
2919.0,6392.0,3551.0,1276,22.537112951278687,11
3251.0,4906.0,4107.0,1277,22.543735027313232,11
3074.0,5221.0,4144.0,1281,22.585901021957397,11
3484.0,4556.0,4235.0,1286,22.672645092010498,11
2986.0,5307.0,4174.0,1294,22.783397912979126,11
2958.0,4687.0,4707.0,1296,22.796998977661133,11
4624.0,5033.0,2761.0,1299,22.838252067565918,11
3422.0,4180.0,4529.0,1324,23.156827926635742,11
2934.0,4853.0,4476.0,1324,23.15683603286743,11
4127.0,4582.0,3556.0,1352,23.42467999458313,11
3858.0,4597.0,3786.0,1353,23.430712938308716,11
3348.0,4736.0,4294.0,1380,23.721765995025635,11
4486.0,4828.0,3026.0,1416,24.1803081035614,11
3792.0,2857.0,5498.0,1463,24.784588098526,11
4503.0,2844.0,4621.0,1464,24.796195030212402,11
3706.0,3189.0,5224.0,1472,24.914130926132202,11
3087.0,4031.0,5124.0,1478,25.016125917434692,11
2983.0,3820.0,5568.0,1478,25.016138076782227,11
3289.0,2829.0,6343.0,1483,25.103161096572876,11
3370.0,2829.0,6142.0,1483,25.103184938430786,11
3294.0,2742.0,6458.0,1483,25.103260040283203,11
3281.0,2766.0,6557.0,1483,25.103264093399048,11
3225.0,2938.0,6533.0,1483,25.103267908096313,11
3238.0,2914.0,6434.0,1483,25.103271007537842,11
2934.0,3806.0,6024.0,1486,25.15553593635559,11
3895.0,3164.0,5081.0,1494,25.257440090179443,11
3564.0,2662.0,6047.0,1496,25.276675939559937,11
3668.0,2873.0,5603.0,1496,25.27667999267578,11
3645.0,2662.0,5846.0,1496,25.276684045791626,11
4022.0,2958.0,5043.0,1512,25.443175077438354,11
3649.0,3079.0,5445.0,1512,25.443210124969482,11
3593.0,3402.0,5025.0,1513,25.457111120224,11
3239.0,4164.0,4828.0,1514,25.478250980377197,11
3611.0,3733.0,4860.0,1528,25.70636510848999,11
4860.0,3038.0,4072.0,1532,25.765192985534668,11
4800.0,2863.0,4261.0,1546,25.923564910888672,11
4777.0,2652.0,4504.0,1546,25.923619985580444,11
3689.0,3201.0,5327.0,1554,25.973814964294434,11
4078.0,3482.0,4506.0,1557,25.997616052627563,11
3503.0,3526.0,5002.0,1559,26.012739896774292,11
4195.0,2880.0,4721.0,1560,26.02085590362549,11
3796.0,3367.0,4991.0,1560,26.020879983901978,11
5296.0,3136.0,3473.0,1570,26.13096594810486,11
5134.0,4124.0,3011.0,1581,26.25855302810669,11
3690.0,4492.0,3926.0,1604,26.500806093215942,11
4597.0,3966.0,3475.0,1606,26.5209219455719,11
4120.0,3677.0,4154.0,1612,26.576415061950684,11
3487.0,4060.0,4635.0,1646,27.013742923736572,11
4013.0,4222.0,3969.0,1662,27.146099090576172,11
4722.0,3155.0,3850.0,1664,27.159235954284668,11
2996.0,5218.0,4282.0,1683,27.415791988372803,11
2747.0,5387.0,4382.0,1686,27.463844060897827,11
3269.0,4736.0,4397.0,1688,27.4859459400177,11
2875.0,5068.0,4564.0,1691,27.52274990081787,11
3550.0,3790.0,4875.0,1692,27.533551931381226,11
3311.0,4120.0,4773.0,1700,27.614640951156616,11
2916.0,4252.0,5038.0,1700,27.61466097831726,11
3708.0,3103.0,5312.0,1707,27.68681812286377,11
2874.0,4560.0,4908.0,1709,27.69713592529297,11
3336.0,3562.0,5258.0,1712,27.727207899093628,11
3159.0,4069.0,4941.0,1721,27.796780109405518,11
3462.0,3932.0,4833.0,1774,28.3224880695343,11
3941.0,3575.0,4463.0,1780,28.356245040893555,11
4029.0,4258.0,3949.0,1818,28.559653997421265,11
4002.0,5555.0,3007.0,1828,28.647200107574463,11
3892.0,4888.0,3551.0,1830,28.662856101989746,11
3872.0,5115.0,3327.0,1836,28.710505962371826,11
3506.0,5540.0,3531.0,1840,28.737327098846436,11
4657.0,4789.0,2944.0,1852,28.7966730594635,11
5070.0,2162.0,5084.0,1897,29.464720964431763,12
5443.0,2041.0,4682.0,1897,29.464725017547607,12
5228.0,1970.0,5166.0,1900,29.5623140335083,12
5223.0,2022.0,5064.0,1901,29.5838520526886,12
5142.0,2022.0,5265.0,1901,29.583856105804443,12
4850.0,2143.0,5466.0,1901,29.583872079849243,12
4850.0,5776.0,2307.0,1936,30.31859302520752,12
5348.0,2250.0,4366.0,2027,32.09980797767639,12
4500.0,2723.0,4880.0,2034,32.18919610977173,12
4828.0,2468.0,4553.0,2042,32.29909300804138,12
5433.0,3086.0,3429.0,2053,32.463696002960205,12
6293.0,2569.0,3264.0,2054,32.4949209690094,12
6488.0,4099.0,2083.0,2054,32.49492907524109,12
6495.0,3525.0,2294.0,2054,32.49496793746948,12
6540.0,2819.0,2782.0,2054,32.495009899139404,12
5479.0,3749.0,2827.0,2062,32.72340703010559,12
5289.0,2732.0,3946.0,2065,32.762068033218384,12
5470.0,3121.0,3378.0,2071,32.947169065475464,12
4880.0,3092.0,3989.0,2081,33.1384060382843,12
5217.0,2242.0,4708.0,2084,33.19245409965515,12
5666.0,2553.0,3557.0,2086,33.21937894821167,12
5562.0,2342.0,4001.0,2086,33.219383001327515,12
5334.0,2999.0,3536.0,2088,33.24787402153015,12
5142.0,2230.0,4888.0,2100,33.428210973739624,12
5119.0,2294.0,4773.0,2105,33.47211289405823,12
4335.0,4660.0,3294.0,2134,33.89845895767212,12
5916.0,4269.0,2252.0,2152,34.078999042510986,12
6118.0,4309.0,2032.0,2154,34.0928909778595,12
5975.0,4195.0,2163.0,2154,34.09291100502014,12
5381.0,4379.0,2530.0,2158,34.11120390892029,12
5157.0,4340.0,2769.0,2158,34.11121201515198,12
3969.0,5772.0,2898.0,2213,34.618804931640625,12
3799.0,5580.0,3131.0,2213,34.61880898475647,12
3867.0,5546.0,3102.0,2213,34.618813037872314,12
4790.0,4783.0,2818.0,2214,34.65110111236572,12
5273.0,4449.0,2654.0,2214,34.651148080825806,12
5341.0,4415.0,2625.0,2214,34.65115189552307,12
5045.0,5739.0,2235.0,2216,34.7134530544281,12
3064.0,5296.0,4103.0,2256,35.46162700653076,12
3178.0,4614.0,4514.0,2306,36.108412981033325,12
2855.0,5359.0,4308.0,2326,36.32230591773987,12
3285.0,4544.0,4536.0,2326,36.32231402397156,12
2965.0,6026.0,3764.0,2326,36.32234501838684,12
3361.0,5573.0,3563.0,2328,36.33846306800842,12
3032.0,6212.0,3458.0,2328,36.33847093582153,12
3715.0,5514.0,3233.0,2332,36.388641119003296,12
4255.0,5366.0,2917.0,2333,36.397711992263794,12
2910.0,5245.0,4465.0,2334,36.411662101745605,12
4224.0,3656.0,4224.0,2354,36.682092905044556,12
4495.0,3575.0,4007.0,2354,36.6820969581604,12
3968.0,3300.0,4878.0,2354,36.682141065597534,12
4154.0,4092.0,3940.0,2396,37.188451051712036,12
2744.0,5894.0,4088.0,2430,37.56183409690857,12
2814.0,5774.0,4102.0,2430,37.56185007095337,12
3633.0,4924.0,3779.0,2446,37.69702410697937,12
4165.0,4111.0,3812.0,2582,39.11379909515381,12
4519.0,3603.0,3904.0,2588,39.14762997627258,12
3499.0,2891.0,6111.0,2637,39.658446073532104,12
3712.0,3332.0,5114.0,2644,39.75934600830078,12
4061.0,2651.0,5473.0,2644,39.759373903274536,12
3250.0,3225.0,6260.0,2662,40.02609610557556,12
2930.0,4511.0,5027.0,2665,40.05464291572571,12
2919.0,3929.0,5758.0,2675,40.24077296257019,12
3036.0,3732.0,5537.0,2677,40.27753710746765,12
2972.0,3841.0,5727.0,2677,40.27760291099548,12
2985.0,3817.0,5628.0,2677,40.27760696411133,12
4120.0,2445.0,5814.0,2680,40.324398040771484,12
4192.0,2400.0,5810.0,2681,40.33844590187073,12
3734.0,2938.0,5546.0,2684,40.4084210395813,12
3815.0,2938.0,5345.0,2684,40.408448934555054,12
2987.0,3718.0,5993.0,2688,40.467113971710205,12
4076.0,2381.0,6074.0,2703,40.75413489341736,12
3680.0,2660.0,6065.0,2704,40.763654947280884,12
3262.0,3551.0,5697.0,2708,40.79276990890503,12
4092.0,3333.0,4583.0,2712,40.82374596595764,12
5238.0,2268.0,4663.0,2728,40.980968952178955,12
4528.0,2783.0,4795.0,2731,41.02906799316406,12
3669.0,4042.0,4549.0,2732,41.04204297065735,12
3300.0,3760.0,5086.0,2736,41.08227896690369,12
3332.0,4091.0,4808.0,2736,41.082294940948486,12
3669.0,3349.0,5056.0,2744,41.20283794403076,12
4936.0,2985.0,4103.0,2770,41.592768907547,12
4701.0,2705.0,4473.0,2802,41.90156102180481,12
3854.0,3217.0,5062.0,2810,41.95079207420349,12
3340.0,3882.0,4968.0,2815,41.97730112075806,12
3852.0,2845.0,5361.0,2821,42.0271270275116,12
3986.0,3133.0,4894.0,2824,42.0479850769043,12
5364.0,3102.0,3444.0,2836,42.15394902229309,12
5140.0,4455.0,2780.0,2855,42.34846091270447,12
3927.0,4332.0,3908.0,2890,42.649133920669556,12
4513.0,3011.0,4317.0,2960,43.31267690658569,12
4513.0,3408.0,4023.0,2980,43.444847106933594,12
4641.0,3155.0,4051.0,2981,43.45475101470947,12
2815.0,5543.0,4253.0,3000,43.6606810092926,12
3089.0,4808.0,4528.0,3008,43.7670419216156,12
3177.0,4572.0,4610.0,3009,43.77446389198303,12
3462.0,3918.0,4854.0,3020,43.89450192451477,12
2863.0,4340.0,5069.0,3030,44.025800943374634,12
2886.0,4551.0,4826.0,3030,44.02582502365112,12
3281.0,4419.0,4561.0,3030,44.02582907676697,12
3360.0,3396.0,5489.0,3046,44.22004508972168,12
3279.0,3396.0,5690.0,3046,44.22005295753479,12
3394.0,3762.0,4983.0,3048,44.23181700706482,12
3332.0,3665.0,5321.0,3049,44.23568296432495,12
3659.0,3183.0,5378.0,3056,44.28669595718384,12
3583.0,3460.0,4924.0,3068,44.38419008255005,12
3762.0,4448.0,3871.0,3232,45.356241941452026,12
3367.0,4580.0,4136.0,3232,45.35625910758972,12
3678.0,4553.0,3910.0,3233,45.36733603477478,12
3788.0,5220.0,3366.0,3238,45.39903998374939,12
3401.0,4835.0,4037.0,3250,45.45321202278137,12
3841.0,6063.0,2929.0,3356,46.94422912597656,13
5126.0,2266.0,4792.0,3485,49.282959938049316,13
6277.0,3579.0,2311.0,3536,49.96155095100403,13
5985.0,3574.0,2579.0,3536,49.96161389350891,13
6399.0,3935.0,2088.0,3537,49.9852409362793,13
5928.0,4495.0,2094.0,3538,50.017110109329224,13
5989.0,3700.0,2542.0,3550,50.28711295127869,13
5312.0,2943.0,3703.0,3551,50.29779291152954,13
5845.0,2534.0,3757.0,3569,50.56241297721863,13
6059.0,1957.0,4136.0,3582,50.78139591217041,13
5579.0,2226.0,4310.0,3582,50.78143000602722,13
5609.0,2026.0,4469.0,3583,50.80292010307312,13
5374.0,3050.0,3523.0,3590,50.88583493232727,13
5492.0,2491.0,3855.0,3592,50.90237092971802,13
5382.0,2453.0,4173.0,3593,50.911792039871216,13
4956.0,2612.0,4287.0,3624,51.252641916275024,13
6095.0,4098.0,2275.0,3690,51.91039800643921,13
5952.0,3984.0,2406.0,3690,51.91041803359985,13
5660.0,4586.0,2264.0,3694,51.935513973236084,13
5574.0,4370.0,2383.0,3694,51.93551802635193,13
5647.0,4475.0,2277.0,3695,51.946784019470215,13
5063.0,3483.0,3324.0,3748,52.25027108192444,13
5120.0,3150.0,3577.0,3749,52.25736093521118,13
4699.0,5677.0,2401.0,3768,52.54210901260376,13
5037.0,4650.0,2733.0,3769,52.56577205657959,13
5105.0,4616.0,2704.0,3769,52.56580901145935,13
5107.0,5389.0,2287.0,3772,52.63835310935974,13
2948.0,5322.0,4265.0,3828,53.64537000656128,13
4956.0,4358.0,2927.0,3870,54.05953502655029,13
3348.0,4806.0,4281.0,3890,54.35220289230347,13
2943.0,5231.0,4329.0,3945,54.901679039001465,13
2573.0,6367.0,3995.0,3946,54.91024208068848,13
3792.0,5659.0,3075.0,3973,55.15011191368103,13
4546.0,5022.0,2780.0,4017,55.59011507034302,13
3717.0,4848.0,3618.0,4065,56.22353196144104,13
3443.0,3667.0,5104.0,4158,57.029540061950684,13
3336.0,3161.0,6161.0,4218,57.58069896697998,13
3006.0,4247.0,5087.0,4350,58.74878406524658,13
3110.0,4458.0,4643.0,4350,58.74878811836243,13
3681.0,3761.0,4576.0,4350,58.74880790710449,13
3150.0,3572.0,5752.0,4391,59.13532304763794,13
3303.0,3137.0,6229.0,4418,59.45153212547302,13
2872.0,3984.0,5815.0,4434,59.63806891441345,13
2907.0,4300.0,5270.0,4434,59.63807702064514,13
2901.0,3906.0,5901.0,4434,59.63808488845825,13
2864.0,4214.0,5488.0,4455,59.96886897087097,13
3587.0,3026.0,5596.0,4469,60.25445199012756,13
3838.0,3149.0,5102.0,4470,60.26482391357422,13
2641.0,4286.0,5598.0,4480,60.39586091041565,13
2932.0,3447.0,6198.0,4480,60.395864963531494,13
2945.0,3423.0,6099.0,4480,60.39586901664734,13
3024.0,3426.0,5838.0,4481,60.40661597251892,13
4084.0,2444.0,5860.0,4494,60.56597304344177,13
4165.0,2444.0,5659.0,4494,60.56598091125488,13
3991.0,2494.0,5723.0,4500,60.6139760017395,13
3920.0,2998.0,5228.0,4542,60.94660711288452,13
3213.0,4709.0,4442.0,4621,61.83058500289917,13
4141.0,2439.0,5759.0,4654,62.079484939575195,13
3992.0,3000.0,5094.0,4660,62.11624598503113,13
4023.0,3308.0,4815.0,4669,62.161288022994995,13
4074.0,2829.0,4935.0,4674,62.19322991371155,13
4096.0,2603.0,5395.0,4682,62.23475503921509,13
4265.0,2775.0,4946.0,4683,62.24146008491516,13
4034.0,2587.0,5531.0,4683,62.2414710521698,13
5241.0,3279.0,3531.0,4702,62.42937994003296,13
5173.0,3123.0,3660.0,4862,63.61718392372131,13
5228.0,2980.0,3602.0,4863,63.626152992248535,13
4623.0,2878.0,4524.0,4880,63.73310399055481,13
4792.0,3050.0,4075.0,4881,63.73963403701782,13
2883.0,5509.0,4224.0,4897,63.84629511833191,13
3032.0,4733.0,4626.0,4926,64.14432692527771,13
2895.0,4929.0,4679.0,4927,64.15694093704224,13
2773.0,4842.0,4768.0,4930,64.20491909980774,13
3203.0,4027.0,4996.0,4936,64.26221990585327,13
3084.0,4340.0,4840.0,4981,64.5824990272522,13
3313.0,3351.0,5501.0,4994,64.6516261100769,13
3232.0,3351.0,5702.0,4994,64.65164995193481,13
4003.0,4007.0,4129.0,5094,65.17686891555786,13
3516.0,4334.0,4379.0,5202,65.65602898597717,13
5499.0,2220.0,4439.0,5282,66.29994797706604,14
5469.0,2135.0,4608.0,5283,66.3122820854187,14
5275.0,1968.0,5419.0,5292,66.56129097938538,14
5395.0,2794.0,3669.0,5490,69.37803602218628,14
6067.0,2559.0,3501.0,5530,69.70873999595642,14
6053.0,3540.0,2550.0,5546,70.07800006866455,14
5460.0,3035.0,3433.0,5566,70.46162509918213,14
5513.0,2771.0,3707.0,5573,70.5217170715332,14
5899.0,2336.0,3926.0,5586,70.68120694160461,14
5713.0,2237.0,4025.0,5622,71.18774104118347,14
5917.0,3418.0,2708.0,5630,71.27794408798218,14
5532.0,2542.0,3842.0,5634,71.40381193161011,14
5422.0,2504.0,4160.0,5635,71.41289210319519,14
5324.0,2389.0,4489.0,5638,71.4385199546814,14
5107.0,2507.0,4311.0,5686,71.90886092185974,14
5506.0,4034.0,2706.0,5716,72.2695701122284,14
5452.0,4116.0,2597.0,5782,72.66737008094788,14
5105.0,3920.0,3150.0,5826,72.90951895713806,14
3957.0,5959.0,2938.0,5866,73.3717610836029,14
3959.0,5275.0,3271.0,5949,74.64308404922485,14
2947.0,6259.0,3696.0,6074,75.82795000076294,14
2927.0,5909.0,3916.0,6130,76.29021191596985,14
4310.0,5223.0,2859.0,6233,77.3544340133667,14
4665.0,4745.0,2961.0,6233,77.35447406768799,14
3072.0,5387.0,4077.0,6240,77.41713500022888,14
3203.0,5739.0,3551.0,6344,78.2358169555664,14
4248.0,4087.0,3692.0,6594,80.22722792625427,14
3598.0,3785.0,4696.0,6628,80.50264501571655,14
3193.0,3215.0,6344.0,6716,81.32193303108215,14
2954.0,3818.0,5870.0,6720,81.3728129863739,14
2796.0,4236.0,5560.0,6720,81.37282109260559,14
2925.0,3896.0,5784.0,6721,81.38351106643677,14
3420.0,2790.0,6185.0,6776,82.06346893310547,14
3283.0,2962.0,6362.0,6776,82.06348490715027,14
3339.0,2790.0,6386.0,6776,82.0634880065918,14
3219.0,3071.0,6552.0,6776,82.06349205970764,14
3275.0,2899.0,6576.0,6776,82.06349611282349,14
3512.0,2954.0,5972.0,6784,82.16947507858276,14
3071.0,3471.0,5826.0,6802,82.38131308555603,14
2990.0,3471.0,6027.0,6802,82.38132095336914,14
2926.0,3580.0,6217.0,6802,82.38132500648499,14
3163.0,3635.0,5613.0,6804,82.39654493331909,14
4549.0,2740.0,4755.0,7026,84.19230389595032,14
4498.0,2825.0,4846.0,7026,84.192312002182,14
4580.0,2654.0,4687.0,7040,84.29403400421143,14
4602.0,2428.0,5147.0,7046,84.33752703666687,14
4540.0,2412.0,5283.0,7047,84.34951400756836,14
4576.0,2334.0,5221.0,7052,84.36942291259766,14
4190.0,2827.0,4953.0,7080,84.49789500236511,14
4225.0,2724.0,4959.0,7088,84.55261611938477,14
4010.0,2938.0,5125.0,7089,84.55769896507263,14
3859.0,4366.0,3937.0,7192,85.27066993713379,14
5030.0,3788.0,3324.0,7208,85.35800504684448,14
2832.0,5978.0,3939.0,7350,86.14652299880981,14
3325.0,4114.0,4907.0,7405,86.61735606193542,14
3305.0,4253.0,4792.0,7406,86.63130903244019,14
3258.0,4208.0,4804.0,7422,86.73720502853394,14
2950.0,4507.0,4939.0,7526,87.3127338886261,14
4062.0,5080.0,3318.0,7682,88.01593494415283,14
3453.0,4877.0,3942.0,7697,88.11720895767212,14
3958.0,5412.0,3133.0,7704,88.136225938797,14
3511.0,5502.0,3493.0,7722,88.19463205337524,14
5686.0,1922.0,4954.0,7784,88.7247269153595,15
5818.0,3592.0,2777.0,7886,90.24705505371094,15
5452.0,2461.0,3922.0,8026,91.84236812591553,15
6019.0,2596.0,3459.0,8094,92.65426397323608,15
5943.0,2649.0,3428.0,8094,92.65426802635193,15
6034.0,3825.0,2462.0,8095,92.67478489875793,15
5852.0,2652.0,3458.0,8154,93.44062805175781,15
5854.0,2781.0,3349.0,8218,94.09853506088257,15
5543.0,2437.0,3838.0,8234,94.24347591400146,15
5049.0,2443.0,4627.0,8280,94.68102312088013,15
5072.0,2610.0,4305.0,8290,94.76403093338013,15
5147.0,2558.0,4298.0,8292,94.77898001670837,15
4445.0,5327.0,2750.0,8308,94.90564894676208,15
4422.0,5116.0,2993.0,8308,94.90566492080688,15
5826.0,4304.0,2300.0,8393,95.63958191871643,15
4147.0,5612.0,2818.0,8504,96.44903707504272,15
4785.0,5893.0,2282.0,8508,96.52349090576172,15
3894.0,5719.0,3048.0,8910,100.2300660610199,15
4110.0,5388.0,3074.0,8911,100.24406909942627,15
3924.0,5998.0,2832.0,8926,100.45907306671143,15
4212.0,5349.0,2976.0,8926,100.45907711982727,15
3042.0,5334.0,4129.0,9002,101.11476612091064,15
5295.0,3367.0,3322.0,9274,102.88945889472961,15
4497.0,3005.0,4494.0,9432,103.9999840259552,15
4463.0,3462.0,4208.0,9792,106.80491089820862,15
5082.0,2159.0,4973.0,9820,106.95215201377869,15
4731.0,2549.0,4711.0,9838,107.06690812110901,15
4516.0,2763.0,4877.0,9839,107.07239007949829,15
4539.0,2754.0,4806.0,9852,107.13664889335632,15
4514.0,2318.0,5357.0,9854,107.15691208839417,15
4594.0,2611.0,4748.0,9880,107.2547299861908,15
4341.0,2722.0,4977.0,9886,107.29395198822021,15
3002.0,4549.0,4844.0,10262,109.50785708427429,15
3770.0,3047.0,5265.0,10289,109.68214201927185,15
4172.0,5747.0,2774.0,10472,110.27055096626282,15
4640.0,2194.0,6172.0,10747,113.05636596679688,16
4944.0,2466.0,4571.0,10854,113.91167402267456,16
6435.0,3650.0,2242.0,10918,114.79283905029297,16
6363.0,3795.0,2192.0,10919,114.81730008125305,16
5206.0,4907.0,2526.0,10935,115.07107901573181,16
6110.0,1903.0,4119.0,11072,116.3563621044159,16
5760.0,2235.0,4278.0,11073,116.3650290966034,16
6012.0,2273.0,3668.0,11086,116.47405195236206,16
6075.0,2910.0,3027.0,11086,116.4740800857544,16
5902.0,2235.0,3986.0,11087,116.49146699905396,16
5583.0,2488.0,3825.0,11094,116.55206394195557,16
5624.0,5336.0,1946.0,11259,117.64853191375732,16
5538.0,5120.0,2065.0,11259,117.64853501319885,16
6061.0,4411.0,2044.0,11280,117.79845690727234,16
5082.0,4788.0,2550.0,11400,118.59727311134338,16
4846.0,4989.0,2629.0,11406,118.6870789527893,16
3989.0,4506.0,3645.0,11976,123.40430212020874,16
3501.0,5179.0,3592.0,11976,123.40430998802185,16
3008.0,4244.0,5147.0,12148,124.26189398765564,16
3476.0,4004.0,4810.0,12682,127.66504311561584,16
4829.0,2406.0,4794.0,12706,127.86453700065613,16
5020.0,2143.0,5109.0,12828,128.48910689353943,16
5100.0,2436.0,4500.0,12840,128.5468180179596,16
4745.0,2506.0,4772.0,12896,128.77452611923218,16
4530.0,2720.0,4938.0,12897,128.78056812286377,16
2784.0,4337.0,5330.0,13264,130.6433389186859,16
3848.0,4745.0,3677.0,13457,131.30776405334473,16
3291.0,4658.0,4411.0,13462,131.33008289337158,16
4988.0,4332.0,2995.0,13706,133.7910189628601,17
6412.0,2860.0,2873.0,13890,135.44626998901367,17
5198.0,4424.0,2768.0,13919,135.8853199481964,17
5912.0,3571.0,2676.0,13956,136.32930493354797,17
5901.0,2465.0,3817.0,14072,137.2013599872589,17
6052.0,2699.0,3270.0,14086,137.29617595672607,17
6110.0,2763.0,2954.0,14088,137.31555604934692,17
5523.0,2938.0,3403.0,14156,137.72292304039001,17
4840.0,5195.0,2485.0,14186,137.856938123703,17
5437.0,4310.0,2652.0,14403,139.10958290100098,17
4124.0,5401.0,3061.0,14410,139.19727396965027,17
5201.0,4511.0,2731.0,14412,139.21316695213318,17
4714.0,4849.0,2831.0,14588,140.82876706123352,17
4377.0,5394.0,2817.0,14866,142.82617902755737,17
3144.0,3315.0,6315.0,15394,145.5232229232788,17
2844.0,3896.0,5985.0,15406,145.69680404663086,17
3364.0,2962.0,6161.0,15500,146.25268006324768,17
5251.0,2331.0,4524.0,15820,147.63721299171448,17
2722.0,5311.0,4483.0,16138,148.97415494918823,17
2840.0,4330.0,5313.0,16200,149.25908207893372,17
5379.0,2788.0,3846.0,16616,152.00904512405396,18
5630.0,2172.0,4293.0,16966,154.90422010421753,18
5410.0,2153.0,4706.0,16969,154.92694997787476,18
5844.0,2171.0,4302.0,16976,154.98414206504822,18
5674.0,2833.0,3427.0,17058,155.41068696975708,18
5160.0,4799.0,2531.0,17298,156.64200806617737,18
2822.0,5968.0,4006.0,17564,158.74328589439392,18
4030.0,5217.0,3128.0,17838,160.52532696723938,18
4077.0,4560.0,3599.0,17838,160.52533888816833,18
2840.0,5991.0,3863.0,17910,160.80788707733154,18
2795.0,5596.0,4259.0,18096,161.61620807647705,18
2851.0,3989.0,5939.0,18206,162.21735501289368,18
5788.0,1882.0,4769.0,19050,165.59421801567078,19
6412.0,3439.0,2485.0,19354,167.91345500946045,19
6087.0,3813.0,2408.0,19404,168.46657991409302,19
5920.0,4012.0,2336.0,19405,168.48377895355225,19
6063.0,2219.0,3651.0,19586,169.69604110717773,19
5659.0,2435.0,3856.0,19594,169.72680592536926,19
5533.0,5158.0,2103.0,19766,170.47227907180786,19
5349.0,4898.0,2383.0,19884,171.0560851097107,19
4724.0,5176.0,2664.0,19904,171.20480394363403,19
4747.0,5387.0,2421.0,19904,171.20480704307556,19
3200.0,3308.0,6298.0,20676,175.85921001434326,19
6377.0,2512.0,3345.0,21506,179.49130511283875,20
6435.0,3071.0,2630.0,21568,179.98332810401917,20
6521.0,3866.0,2123.0,21584,180.09341192245483,20
5737.0,2024.0,4521.0,21762,181.34348607063293,20
5847.0,1959.0,4639.0,21762,181.34348893165588,20
5706.0,2119.0,4324.0,21774,181.38913202285767,20
5539.0,2175.0,4323.0,21780,181.41000890731812,20
5429.0,2137.0,4641.0,21781,181.4232199192047,20
4025.0,5799.0,2853.0,22060,182.58100605010986,20
4423.0,5757.0,2584.0,22392,184.6905710697174,20
2795.0,3996.0,5956.0,22714,186.21293997764587,20
5729.0,1847.0,4816.0,23116,187.64891695976257,21
6578.0,3764.0,2111.0,23327,188.98211693763733,21
5636.0,4490.0,2362.0,23385,189.40424704551697,21
5679.0,1960.0,4837.0,23460,189.8867540359497,21
5590.0,2121.0,4306.0,23492,189.9979169368744,21
5619.0,5374.0,1984.0,23623,190.45942497253418,21
4239.0,6134.0,2494.0,23662,190.64851593971252,21
5297.0,5074.0,2273.0,23756,191.34374690055847,21
4637.0,4720.0,2965.0,23854,191.94763493537903,21
5466.0,1903.0,5336.0,24454,194.4665400981903,22
5549.0,1879.0,5216.0,24454,194.46654391288757,22
5356.0,1968.0,5218.0,24454,194.46657609939575,22
6472.0,3314.0,2537.0,24606,195.20463299751282,22
6549.0,3714.0,2227.0,24632,195.33337092399597,22
6418.0,3396.0,2428.0,24682,195.61066889762878,22
5300.0,4650.0,2564.0,24699,195.76127409934998,22
5930.0,1935.0,4519.0,24770,196.26504397392273,22
5303.0,4913.0,2400.0,25000,197.31524991989136,22
4767.0,5147.0,2630.0,25180,198.11243295669556,22
5549.0,1960.0,5014.0,25460,199.20465898513794,23
5568.0,1863.0,5151.0,25461,199.21703910827637,23
6022.0,4238.0,2132.0,26337,203.1711790561676,24
