z1,z2,z3,node,time,depth
-7347.0,-4720.0,-7953.0,1,0.041487932205200195,1
-8694.0,-9304.0,-4771.0,1,0.04154396057128906,1
-10995.0,-6108.0,-4507.0,1,0.041586875915527344,1
-9412.0,-5342.0,-6947.0,1,0.04162001609802246,1
-10630.0,-7246.0,-5289.0,1,0.041651010513305664,1
-10180.0,-7511.0,-5642.0,1,0.04165387153625488,1
-9635.0,-8021.0,-5661.0,1,0.041795969009399414,1
-8958.0,-8300.0,-5818.0,1,0.04199504852294922,1
-8659.0,-8200.0,-6056.0,1,0.04200100898742676,1
-8168.0,-7843.0,-6488.0,1,0.0420079231262207,1
-8675.0,-8006.0,-6174.0,1,0.04201102256774902,1
-9663.0,-8582.0,-4959.0,1,0.04208493232727051,1
-7604.0,-6078.0,-7498.0,2,0.07142090797424316,2
-7182.0,-6904.0,-7149.0,2,0.07154107093811035,2
-7442.0,-6803.0,-7174.0,2,0.07168889045715332,2
-9538.0,-8894.0,-4514.0,3,0.09783601760864258,2
-10472.0,-7949.0,-4604.0,3,0.09784698486328125,2
-10139.0,-6889.0,-5721.0,3,0.09794187545776367,2
-8974.0,-8106.0,-5936.0,3,0.09803104400634766,2
-9689.0,-7154.0,-6074.0,3,0.098114013671875,2
-9519.0,-7596.0,-5917.0,3,0.09811592102050781,2
-8666.0,-8743.0,-5473.0,3,0.09821605682373047,2
-10413.0,-7458.0,-5074.0,4,0.1245570182800293,3
-8986.0,-8861.0,-5116.0,4,0.12465906143188477,3
-9920.0,-7916.0,-5206.0,4,0.12494206428527832,3
-9336.0,-7921.0,-5899.0,5,0.15155291557312012,3
-8829.0,-7758.0,-6213.0,5,0.1516869068145752,3
-7620.0,-5884.0,-7616.0,6,0.17487502098083496,3
-7198.0,-6710.0,-7267.0,6,0.17491888999938965,3
-7458.0,-6609.0,-7292.0,6,0.17494606971740723,3
-6514.0,-5292.0,-7990.0,7,0.19858789443969727,3
-9012.0,-7433.0,-6231.0,7,0.19867706298828125,3
-8467.0,-7943.0,-6250.0,7,0.19879388809204102,3
-9242.0,-5784.0,-6790.0,9,0.24703192710876465,4
-9156.0,-8419.0,-5273.0,10,0.2719559669494629,4
-9128.0,-7858.0,-5975.0,10,0.27230310440063477,4
-8181.0,-6519.0,-7018.0,11,0.29947805404663086,4
-9002.0,-8667.0,-5234.0,12,0.3223440647125244,4
-8751.0,-5427.0,-7222.0,12,0.32236695289611816,4
-7191.0,-5013.0,-7833.0,13,0.34395408630371094,4
-9144.0,-7664.0,-6093.0,13,0.34401702880859375,4
-8845.0,-7564.0,-6331.0,13,0.3441290855407715,4
-7690.0,-6162.0,-7450.0,14,0.3655819892883301,4
-7276.0,-9353.0,-4857.0,15,0.3858630657196045,4
-7793.0,-6851.0,-7049.0,16,0.4060518741607666,5
-7955.0,-6126.0,-7373.0,16,0.40615105628967285,5
-9408.0,-8035.0,-5465.0,19,0.4722568988800049,5
-10456.0,-8143.0,-4486.0,23,0.5553970336914062,5
-9025.0,-6109.0,-6761.0,23,0.5554630756378174,5
-8532.0,-6567.0,-6893.0,23,0.5556480884552002,5
-9630.0,-8718.0,-4526.0,26,0.6164638996124268,5
-9788.0,-6841.0,-5846.0,26,0.6166760921478271,5
-7520.0,-6604.0,-7293.0,29,0.6731610298156738,5
-8075.0,-7867.0,-6491.0,29,0.6734049320220947,5
-9919.0,-8085.0,-4873.0,30,0.6904070377349854,5
-9089.0,-7015.0,-6391.0,31,0.7076919078826904,5
-8242.0,-6079.0,-7236.0,33,0.743798017501831,6
-7374.0,-4774.0,-7791.0,34,0.7630100250244141,6
-8607.0,-8252.0,-5943.0,37,0.8248450756072998,6
-8635.0,-8813.0,-5241.0,37,0.824908971786499,6
-9868.0,-7968.0,-5093.0,37,0.825005054473877,6
-9479.0,-8403.0,-4984.0,37,0.8250210285186768,6
-8111.0,-6241.0,-7184.0,38,0.8428399562835693,6
-7949.0,-6966.0,-6860.0,38,0.8429780006408691,6
-8777.0,-7810.0,-6100.0,41,0.9025728702545166,6
-8281.0,-5799.0,-7341.0,42,0.9199528694152832,6
-8119.0,-6524.0,-7017.0,42,0.920090913772583,6
-11022.0,-6162.0,-4345.0,44,0.9596660137176514,6
-10085.0,-7756.0,-5308.0,45,0.9767820835113525,6
-9614.0,-8912.0,-4408.0,46,0.9943258762359619,6
-8736.0,-7782.0,-6216.0,46,0.9944429397583008,6
-8272.0,-6668.0,-6868.0,47,1.009545087814331,6
-7021.0,-5455.0,-7676.0,51,1.0805659294128418,6
-9338.0,-7106.0,-6199.0,52,1.0992670059204102,6
-8752.0,-7588.0,-6334.0,53,1.1172449588775635,6
-8197.0,-6325.0,-7136.0,53,1.1172840595245361,6
-9669.0,-7655.0,-5662.0,54,1.1336040496826172,6
-7430.0,-6263.0,-7425.0,56,1.1676390171051025,6
-8953.0,-8997.0,-4683.0,58,1.2028110027313232,6
-7255.0,-9743.0,-4017.0,59,1.218245029449463,6
-7449.0,-7478.0,-6819.0,61,1.2497389316558838,6
-7871.0,-6652.0,-7168.0,61,1.249795913696289,6
-7611.0,-6753.0,-7143.0,61,1.2499580383300781,6
-8919.0,-7457.0,-6234.0,63,1.2821509838104248,6
-7533.0,-6952.0,-7024.0,66,1.3318769931793213,7
-8042.0,-6942.0,-6857.0,70,1.3987650871276855,7
-8195.0,-7086.0,-6708.0,73,1.450314998626709,7
-9309.0,-6454.0,-6312.0,73,1.4503750801086426,7
-7689.0,-7067.0,-6835.0,74,1.4680728912353516,7
-9451.0,-7842.0,-5686.0,75,1.4850471019744873,7
-8462.0,-6289.0,-7059.0,76,1.5066709518432617,7
-8300.0,-7014.0,-6735.0,76,1.5066730976104736,7
-8749.0,-6242.0,-6922.0,76,1.5067648887634277,7
-7770.0,-8213.0,-5965.0,79,1.5540220737457275,7
-8365.0,-6644.0,-6865.0,81,1.589318037033081,7
-9621.0,-7400.0,-5843.0,83,1.623311996459961,7
-8632.0,-5847.0,-7216.0,84,1.6405339241027832,7
-8470.0,-6572.0,-6892.0,84,1.6405360698699951,7
-8919.0,-5800.0,-7079.0,84,1.6406280994415283,7
-10657.0,-7300.0,-5127.0,88,1.7046570777893066,7
-9386.0,-6036.0,-6472.0,88,1.7046968936920166,7
-10156.0,-8124.0,-4827.0,89,1.7221629619598389,7
-9312.0,-8534.0,-5084.0,89,1.7221698760986328,7
-10128.0,-7563.0,-5529.0,89,1.7221860885620117,7
-9284.0,-7973.0,-5786.0,89,1.722264051437378,7
-10279.0,-7198.0,-5414.0,90,1.7384569644927979,7
-9786.0,-7656.0,-5546.0,90,1.7384920120239258,7
-9586.0,-8351.0,-5110.0,93,1.7831459045410156,7
-9653.0,-7849.0,-5544.0,94,1.7971808910369873,7
-9580.0,-7372.0,-5959.0,95,1.8106980323791504,7
-7549.0,-6758.0,-7142.0,96,1.8280930519104004,7
-9467.0,-7648.0,-5804.0,99,1.8779780864715576,7
-8623.0,-8058.0,-6061.0,99,1.8780560493469238,7
-7971.0,-5932.0,-7491.0,100,1.894049882888794,7
-7809.0,-6657.0,-7167.0,100,1.8940520286560059,7
-8258.0,-5885.0,-7354.0,100,1.8941450119018555,7
-9602.0,-8157.0,-5228.0,107,2.006042003631592,7
-9051.0,-7688.0,-6096.0,111,2.0662338733673096,7
-8245.0,-7425.0,-6648.0,112,2.0825870037078857,7
-7087.0,-6415.0,-7455.0,112,2.0827250480651855,7
-8116.0,-7895.0,-6375.0,113,2.1004018783569336,7
-8661.0,-7385.0,-6356.0,113,2.1004090309143066,7
-8925.0,-8436.0,-5385.0,117,2.158519983291626,7
-9075.0,-8495.0,-5130.0,118,2.1744589805603027,7
-7042.0,-7589.0,-6668.0,119,2.188349962234497,7
-7619.0,-7036.0,-6976.0,121,2.2191619873046875,7
-8041.0,-6210.0,-7325.0,121,2.2192630767822266,7
-7781.0,-6311.0,-7300.0,121,2.2193779945373535,7
-8992.0,-7934.0,-5819.0,122,2.234220027923584,7
-8495.0,-8504.0,-5548.0,124,2.265299081802368,7
-9841.0,-8149.0,-4864.0,126,2.2937800884246826,7
-8374.0,-7967.0,-6253.0,127,2.308773994445801,7
-8393.0,-6990.0,-6732.0,131,2.3691229820251465,8
-7820.0,-6905.0,-6887.0,133,2.3995089530944824,8
-7741.0,-6903.0,-6936.0,142,2.54225492477417,8
-8040.0,-7115.0,-6710.0,145,2.5871379375457764,8
-8327.0,-7068.0,-6573.0,145,2.5871949195861816,8
-9503.0,-7790.0,-5799.0,147,2.6181728839874268,8
-8482.0,-7039.0,-6571.0,147,2.618319034576416,8
-8248.0,-7066.0,-6622.0,154,2.727407932281494,8
-8697.0,-6294.0,-6809.0,154,2.7274858951568604,8
-7566.0,-7479.0,-6703.0,157,2.774770975112915,8
-8210.0,-6673.0,-6867.0,161,2.8342158794403076,8
-8497.0,-6626.0,-6730.0,161,2.834273099899292,8
-9673.0,-7348.0,-5956.0,163,2.865511894226074,8
-8652.0,-6597.0,-6728.0,163,2.86565899848938,8
-8627.0,-5887.0,-7095.0,165,2.896888017654419,8
-10700.0,-6158.0,-4890.0,168,2.943819999694824,8
-8580.0,-5899.0,-7103.0,170,2.975778102874756,8
-8867.0,-5852.0,-6966.0,170,2.97586989402771,8
-7736.0,-7037.0,-6860.0,173,3.021327018737793,8
-7898.0,-6312.0,-7184.0,173,3.021461009979248,8
-9035.0,-7882.0,-5978.0,191,3.280014991760254,8
-7836.0,-6711.0,-7005.0,193,3.309796094894409,8
-7966.0,-5972.0,-7370.0,195,3.340146064758301,8
-7919.0,-5984.0,-7378.0,202,3.447340965270996,8
-7757.0,-6709.0,-7054.0,202,3.4473540782928467,8
-8206.0,-5937.0,-7241.0,202,3.4474329948425293,8
-7582.0,-7285.0,-6821.0,205,3.4928460121154785,8
-8793.0,-7616.0,-6218.0,209,3.5502190589904785,8
-9041.0,-5915.0,-6879.0,219,3.6951229572296143,8
-8126.0,-7199.0,-6662.0,219,3.6951348781585693,8
-8548.0,-6373.0,-7011.0,219,3.695188045501709,8
-8288.0,-6474.0,-6986.0,219,3.6952600479125977,8
-9596.0,-7178.0,-6077.0,222,3.7402350902557373,8
-10046.0,-6913.0,-5724.0,222,3.74023699760437,8
-7268.0,-6988.0,-7101.0,227,3.8167269229888916,8
-7075.0,-7122.0,-7135.0,229,3.8464488983154297,8
-7237.0,-6397.0,-7459.0,229,3.8465518951416016,8
-7660.0,-8889.0,-5311.0,247,4.086989879608154,8
-8544.0,-7525.0,-6410.0,251,4.153904914855957,8
-7264.0,-8107.0,-6270.0,253,4.184455871582031,8
-9510.0,-8333.0,-5216.0,254,4.198829889297485,8
-8842.0,-6218.0,-6919.0,259,4.26332688331604,9
-8420.0,-7044.0,-6570.0,261,4.288981914520264,9
-7782.0,-7043.0,-6832.0,274,4.461728096008301,9
-8204.0,-6217.0,-7181.0,281,4.555787086486816,9
-9335.0,-5760.0,-6787.0,281,4.555804967880249,9
-9005.0,-5499.0,-7006.0,283,4.584042072296143,9
-6287.0,-6055.0,-7534.0,287,4.643532991409302,9
-7123.0,-9063.0,-5253.0,302,4.859447956085205,9
-9152.0,-7742.0,-5924.0,303,4.87350606918335,9
-9901.0,-7577.0,-5333.0,318,5.0775980949401855,9
-9322.0,-7300.0,-6081.0,335,5.308818101882935,9
-10519.0,-5772.0,-5292.0,342,5.421576976776123,9
-10208.0,-8072.0,-4940.0,355,5.588406085968018,9
-9829.0,-7463.0,-5767.0,359,5.646913051605225,9
-10194.0,-6203.0,-5712.0,365,5.7215540409088135,9
-10578.0,-7298.0,-5176.0,366,5.735177993774414,9
-7759.0,-7345.0,-6669.0,372,5.813076019287109,9
-9911.0,-8653.0,-4505.0,383,5.980488061904907,9
-9168.0,-7548.0,-6042.0,399,6.206538915634155,9
-7775.0,-7151.0,-6787.0,428,6.596865892410278,9
-9927.0,-8459.0,-4623.0,447,6.864104986190796,9
-8193.0,-7477.0,-6535.0,454,6.9582359790802,9
-5837.0,-4304.0,-8065.0,456,6.985733985900879,9
-7098.0,-7430.0,-6944.0,468,7.1354660987854,9
-7260.0,-6705.0,-7268.0,468,7.135581016540527,9
-7904.0,-9404.0,-4149.0,477,7.24031400680542,9
-9211.0,-8233.0,-5454.0,477,7.240406036376953,9
-7425.0,-8494.0,-5992.0,479,7.264755010604858,9
-7612.0,-8916.0,-5280.0,490,7.398483037948608,9
-8555.0,-6265.0,-7056.0,515,7.708749055862427,10
-8133.0,-7091.0,-6707.0,521,7.875027894973755,10
-6209.0,-6119.0,-7525.0,573,8.518537998199463,10
-7306.0,-7580.0,-6678.0,583,8.650151014328003,10
-9435.0,-8089.0,-5303.0,588,8.709174871444702,10
-8687.0,-8761.0,-5354.0,591,8.745896100997925,10
-7476.0,-7138.0,-6835.0,647,9.444875955581665,10
-8308.0,-5853.0,-7179.0,657,9.564749956130981,10
-10597.0,-5708.0,-5301.0,686,9.938997983932495,10
-10112.0,-7810.0,-5146.0,708,10.20413088798523,10
-9364.0,-8482.0,-5197.0,711,10.240463018417358,10
-9229.0,-7324.0,-6084.0,750,10.717633962631226,10
-7647.0,-5938.0,-7454.0,777,11.028496980667114,10
-8703.0,-8567.0,-5472.0,791,11.196790933609009,10
-6576.0,-5973.0,-7518.0,805,11.386857986450195,10
-9695.0,-6865.0,-5849.0,855,12.024487018585205,10
-9245.0,-7130.0,-6202.0,862,12.104481935501099,10
-5692.0,-6456.0,-7482.0,899,12.548233032226562,10
-6815.0,-7223.0,-7110.0,899,12.548311948776245,10
-7093.0,-7912.0,-6509.0,939,13.080141067504883,10
-8568.0,-7409.0,-6359.0,942,13.11472487449646,10
-9239.0,-8794.0,-4752.0,953,13.236536026000977,10
-7283.0,-8853.0,-5540.0,959,13.304512023925781,10
-7342.0,-8043.0,-6279.0,983,13.580341100692749,10
-7582.0,-8953.0,-5302.0,1013,14.034943103790283,10
-7234.0,-8717.0,-5742.0,1021,14.130858898162842,10
-9234.0,-8220.0,-5392.0,1021,14.13087797164917,10
-7546.0,-7100.0,-6856.0,1119,15.200898885726929,11
-8675.0,-5958.0,-7026.0,1121,15.221136093139648,11
-8341.0,-7042.0,-6619.0,1125,15.262698888778687,11
-8886.0,-6532.0,-6600.0,1125,15.262701988220215,11
-10103.0,-5776.0,-5929.0,1344,17.765947103500366,11
-9047.0,-6128.0,-6721.0,1347,17.79774498939514,11
-8969.0,-6192.0,-6712.0,1353,17.86384105682373,11
-10508.0,-5478.0,-5333.0,1356,17.902220010757446,11
-10671.0,-5992.0,-5197.0,1456,19.08539390563965,11
-9836.0,-5771.0,-6119.0,1456,19.085429906845093,11
-9063.0,-8443.0,-5276.0,1530,19.86108088493347,11
-7090.0,-7844.0,-6544.0,1801,22.965929985046387,11
-7353.0,-7766.0,-6576.0,1803,22.98775601387024,11
-6906.0,-7307.0,-6951.0,1811,23.07623600959778,11
-8738.0,-6967.0,-6516.0,1819,23.174192905426025,11
-7101.0,-7110.0,-7031.0,1827,23.25874400138855,11
-7465.0,-7117.0,-6866.0,1875,23.781030893325806,11
-7130.0,-8420.0,-6060.0,1875,23.781051874160767,11
-7387.0,-7181.0,-6857.0,1879,23.835834980010986,11
-6965.0,-8007.0,-6508.0,1879,23.835859060287476,11
-7503.0,-8430.0,-6001.0,1899,24.042918920516968,11
-8222.0,-8787.0,-5564.0,1913,24.186135053634644,11
-6352.0,-6017.0,-7666.0,1927,24.36857795715332,11
-7482.0,-8308.0,-6181.0,1957,24.695761919021606,11
-7257.0,-7355.0,-6826.0,1989,25.140362977981567,11
-9094.0,-8938.0,-4605.0,2028,25.561230897903442,11
-8402.0,-8528.0,-5551.0,2032,25.611983060836792,11
-7399.0,-7556.0,-6675.0,2129,26.584980010986328,12
-7821.0,-6730.0,-7024.0,2153,26.8382830619812,12
-8527.0,-6674.0,-6674.0,2289,28.290546894073486,12
-7912.0,-6814.0,-6865.0,2293,28.33971405029297,12
-7581.0,-8201.0,-6112.0,2350,28.950960874557495,12
-7844.0,-7038.0,-6833.0,2387,29.328250885009766,12
-9180.0,-8303.0,-5222.0,2413,29.66169500350952,12
-9537.0,-6372.0,-6325.0,2421,29.743721961975098,12
-9459.0,-6436.0,-6316.0,2433,29.86142897605896,12
-9407.0,-6488.0,-6203.0,2451,30.163676977157593,12
-9485.0,-6424.0,-6212.0,2457,30.230931043624878,12
-8793.0,-6556.0,-6603.0,2464,30.307337045669556,12
-7599.0,-8309.0,-6065.0,2505,30.770034074783325,12
-8455.0,-6985.0,-6733.0,2521,30.93500304222107,12
-8488.0,-7005.0,-6455.0,2522,30.94518208503723,12
-9529.0,-6404.0,-6102.0,2577,31.527180910110474,12
-9145.0,-6139.0,-6596.0,2639,32.17284393310547,12
-8014.0,-6596.0,-6990.0,2639,32.17287588119507,12
-9707.0,-5930.0,-6482.0,2671,32.52840995788574,12
-9629.0,-5994.0,-6473.0,2685,32.68672800064087,12
-9655.0,-5982.0,-6369.0,2709,32.95648002624512,12
-8963.0,-6114.0,-6760.0,2716,33.047333002090454,12
-9204.0,-6395.0,-6517.0,2727,33.18059206008911,12
-8625.0,-6543.0,-6890.0,2775,33.71025609970093,12
-9652.0,-6302.0,-6282.0,2829,34.26064491271973,12
-8521.0,-6759.0,-6676.0,2829,34.260677099227905,12
-9857.0,-8024.0,-5065.0,2853,34.52439594268799,12
-10504.0,-5732.0,-5304.0,2892,34.94727087020874,12
-10102.0,-6037.0,-5929.0,2893,34.95681309700012,12
-9815.0,-6084.0,-6066.0,2893,34.95684003829956,12
-9132.0,-6706.0,-6576.0,2901,35.07452607154846,12
-9327.0,-6001.0,-6622.0,2902,35.08661699295044,12
-9249.0,-6065.0,-6613.0,2916,35.229588985443115,12
-7495.0,-9233.0,-4948.0,2976,35.93628406524658,12
-8049.0,-7617.0,-6502.0,3115,37.38227701187134,12
-7860.0,-6844.0,-6951.0,3139,37.64066004753113,12
-8471.0,-6791.0,-6851.0,3277,39.19526290893555,12
-8219.0,-7175.0,-6659.0,3459,41.2595648765564,12
-9544.0,-7230.0,-5964.0,3526,41.97708606719971,12
-6823.0,-6866.0,-7161.0,3544,42.16061806678772,12
-6661.0,-7591.0,-6837.0,3552,42.25799798965454,12
-6893.0,-7159.0,-7119.0,3553,42.268900871276855,12
-7263.0,-6385.0,-7355.0,3622,43.026484966278076,12
-7108.0,-7952.0,-6497.0,3635,43.184908866882324,12
-8276.0,-8775.0,-5253.0,3674,43.6274049282074,12
-6834.0,-9318.0,-5223.0,3722,44.114681005477905,12
-7361.0,-8789.0,-5549.0,3753,44.44211292266846,12
-7542.0,-7454.0,-6816.0,3809,45.02495002746582,12
-8960.0,-7485.0,-6118.0,3940,46.606586933135986,12
-7678.0,-8673.0,-5651.0,4024,47.516578912734985,12
-9037.0,-5513.0,-6965.0,4082,48.054243087768555,13
-7931.0,-6647.0,-7045.0,4212,49.34637904167175,13
-8503.0,-7045.0,-6443.0,4249,49.72595000267029,13
-7659.0,-7455.0,-6700.0,4249,49.726011991500854,13
-6481.0,-5311.0,-7870.0,4459,51.96874809265137,13
-7682.0,-7763.0,-6509.0,4679,54.14640402793884,13
-8104.0,-6937.0,-6858.0,4853,55.98227095603943,13
-8105.0,-6910.0,-6771.0,4901,56.59034299850464,13
-7586.0,-7055.0,-6856.0,4986,57.425299882888794,13
-9653.0,-6041.0,-6282.0,5006,57.61292099952698,13
-7852.0,-7321.0,-6666.0,5131,58.85414004325867,13
-9769.0,-6369.0,-5973.0,5182,59.384926080703735,13
-9180.0,-6766.0,-6286.0,5213,59.68775486946106,13
-8336.0,-7176.0,-6543.0,5213,59.68781805038452,13
-9811.0,-6324.0,-5989.0,5267,60.252115964889526,13
-10031.0,-6046.0,-5792.0,5290,60.52031993865967,13
-8274.0,-6495.0,-7015.0,5313,60.78093409538269,13
-9159.0,-6760.0,-6414.0,5409,61.861900091171265,13
-10796.0,-6933.0,-4115.0,5418,61.94548797607422,13
-10718.0,-6997.0,-4106.0,5444,62.1926589012146,13
-10605.0,-7352.0,-5014.0,5514,62.88629102706909,13
-8770.0,-6364.0,-6742.0,5527,63.01890301704407,13
-8781.0,-6658.0,-6701.0,5551,63.26357698440552,13
-9833.0,-6660.0,-5772.0,5600,63.75639510154724,13
-9885.0,-6608.0,-5885.0,5600,63.75641107559204,13
-8782.0,-6631.0,-6614.0,5607,63.82544708251953,13
-10002.0,-6303.0,-5974.0,5615,63.91521406173706,13
-9876.0,-6131.0,-6038.0,5615,63.91522789001465,13
-10721.0,-6384.0,-4830.0,5644,64.19896507263184,13
-7743.0,-8824.0,-5387.0,5698,64.7257399559021,13
-8498.0,-6845.0,-6689.0,5993,67.83194208145142,13
-7698.0,-7569.0,-6627.0,6063,68.52591109275818,13
-8519.0,-6851.0,-6561.0,6145,69.36956691741943,13
-7675.0,-7261.0,-6818.0,6145,69.3696300983429,13
-8120.0,-6743.0,-6976.0,6241,70.39413189888,13
-8121.0,-6716.0,-6889.0,6289,70.93934798240662,13
-7868.0,-7127.0,-6784.0,6361,71.75171399116516,13
-8279.0,-6007.0,-7174.0,6375,71.88966989517212,13
-8290.0,-6301.0,-7133.0,6395,72.09003591537476,13
-8051.0,-6943.0,-6740.0,6683,75.01844787597656,13
-7342.0,-6387.0,-7306.0,6775,75.93879699707031,13
-7180.0,-7112.0,-6982.0,6783,76.01498508453369,13
-7102.0,-7176.0,-6973.0,6787,76.05587387084961,13
-7191.0,-7406.0,-6941.0,6833,76.525554895401,13
-7083.0,-6765.0,-7186.0,6880,77.15616703033447,13
-7602.0,-6286.0,-7331.0,6881,77.164479970932,13
-6192.0,-5566.0,-7840.0,6881,77.1645040512085,13
-7315.0,-6333.0,-7468.0,6881,77.16450595855713,13
-7613.0,-6580.0,-7290.0,6897,77.32395601272583,13
-7082.0,-8909.0,-5662.0,7016,78.54433298110962,13
-7015.0,-7976.0,-6500.0,7045,78.82564187049866,13
-6935.0,-8617.0,-5980.0,7065,79.03318691253662,13
-6977.0,-9253.0,-5095.0,7067,79.0507218837738,13
-7741.0,-8254.0,-6039.0,7100,79.40439701080322,13
-8250.0,-9348.0,-4862.0,7172,80.14676809310913,13
-6092.0,-6118.0,-7641.0,7220,80.66510605812073,13
-7192.0,-7379.0,-6854.0,7223,80.69469094276428,13
-7452.0,-7158.0,-6906.0,7225,80.71629691123962,13
-7374.0,-7222.0,-6897.0,7423,82.93930387496948,13
-9066.0,-8377.0,-5307.0,7567,84.43844604492188,13
-9250.0,-8738.0,-4780.0,7586,84.62615489959717,13
-7328.0,-8598.0,-5689.0,7588,84.65666103363037,13
-8263.0,-6862.0,-6740.0,7985,88.58315587043762,14
-7634.0,-4673.0,-7816.0,8174,90.39481806755066,14
-8790.0,-6270.0,-6806.0,8196,90.59594202041626,14
-6956.0,-7505.0,-6716.0,8459,93.35121893882751,14
-7395.0,-8588.0,-5827.0,8562,94.31750297546387,14
-8430.0,-7091.0,-6458.0,8692,95.53018808364868,14
-8286.0,-7170.0,-6549.0,8729,95.96528005599976,14
-9282.0,-6400.0,-6474.0,8785,96.68410992622375,14
-9088.0,-7144.0,-6138.0,8817,96.99679708480835,14
-8770.0,-7025.0,-6426.0,8885,97.71718406677246,14
-7915.0,-8069.0,-6112.0,9000,98.8717589378357,14
-9452.0,-5958.0,-6631.0,9549,105.83868098258972,14
-9929.0,-5747.0,-6116.0,9549,105.83869791030884,14
-9897.0,-5766.0,-6104.0,9557,105.94988107681274,14
-9162.0,-6440.0,-6501.0,9558,105.9620099067688,14
-9258.0,-6702.0,-6295.0,9581,106.29117703437805,14
-9819.0,-5830.0,-6095.0,9601,106.55483889579773,14
-8940.0,-6583.0,-6583.0,9647,107.19295191764832,14
-8008.0,-6229.0,-7205.0,9757,108.84499597549438,14
-10029.0,-6357.0,-5812.0,9949,111.67612099647522,14
-9107.0,-6812.0,-6301.0,10060,113.90584087371826,14
-8963.0,-6891.0,-6392.0,10105,114.6043438911438,14
-8692.0,-6428.0,-6733.0,10240,116.55641007423401,14
-10764.0,-6449.0,-4689.0,10274,117.01910495758057,14
-9614.0,-5954.0,-6485.0,10304,117.47574400901794,14
-8847.0,-6607.0,-6586.0,10363,118.26934504508972,14
-7299.0,-8868.0,-5478.0,10466,119.6047580242157,14
-8266.0,-7297.0,-6493.0,10479,119.82028603553772,14
-8684.0,-7834.0,-6103.0,10532,120.6002550125122,14
-8559.0,-6621.0,-6731.0,10604,121.84636187553406,14
-9528.0,-7424.0,-5846.0,10704,123.36027693748474,14
-7857.0,-7494.0,-6509.0,10851,125.90439105033875,14
-7699.0,-7542.0,-6540.0,10981,127.75061297416687,14
-8224.0,-7040.0,-6658.0,11127,129.84010791778564,14
-8279.0,-6668.0,-6858.0,11239,131.44023609161377,14
-8186.0,-6692.0,-6861.0,11493,136.11096286773682,14
-8282.0,-7103.0,-6611.0,11759,139.72387194633484,14
-8700.0,-7640.0,-6221.0,11810,140.39148497581482,14
-9161.0,-5945.0,-6714.0,11925,141.83239603042603,14
-8874.0,-5992.0,-6851.0,11925,141.832417011261,14
-9134.0,-5891.0,-6876.0,11927,141.86910104751587,14
-8641.0,-6349.0,-7008.0,11951,142.2002079486847,14
-8581.0,-7203.0,-6373.0,12003,142.92297792434692,14
-9637.0,-7206.0,-5961.0,12208,146.03348207473755,14
-7374.0,-6368.0,-7318.0,12277,146.9266459941864,14
-6925.0,-7140.0,-7131.0,12289,147.06924986839294,14
-7347.0,-6314.0,-7480.0,12451,149.22836995124817,14
-5887.0,-6259.0,-7562.0,12464,149.35740494728088,14
-7424.0,-7712.0,-6544.0,12466,149.37544298171997,14
-6114.0,-5630.0,-7831.0,12498,149.78517699241638,14
-7524.0,-6350.0,-7322.0,12498,149.78519892692566,14
-7023.0,-7174.0,-7022.0,12499,149.80159306526184,14
-6695.0,-7657.0,-6645.0,12511,150.10934400558472,14
-7775.0,-6940.0,-6925.0,12533,150.39150094985962,14
-6638.0,-8953.0,-5753.0,12652,152.57379293441772,14
-7043.0,-7943.0,-6517.0,12653,152.5841028690338,14
-7605.0,-7382.0,-6768.0,12665,152.736820936203,14
-7574.0,-8376.0,-5969.0,12676,152.8766360282898,14
-7052.0,-8484.0,-6051.0,12703,153.24690294265747,14
-7496.0,-8440.0,-5960.0,12703,153.24698495864868,14
-8023.0,-7919.0,-6378.0,12720,153.4926199913025,14
-6484.0,-9243.0,-5261.0,12736,153.71950602531433,14
-7664.0,-6856.0,-6975.0,12776,154.26510190963745,14
-7023.0,-9174.0,-5198.0,12891,155.80181002616882,14
-7964.0,-6628.0,-7165.0,12965,156.79564809799194,14
-7490.0,-7506.0,-6703.0,12972,157.01963901519775,14
-6658.0,-5544.0,-7672.0,13036,157.95579600334167,14
-8068.0,-6264.0,-7163.0,13036,157.95581889152527,14
-7567.0,-7088.0,-6863.0,13037,157.97060298919678,14
-7691.0,-6135.0,-7363.0,13039,157.99298906326294,14
-6488.0,-5986.0,-7515.0,13118,159.10265707969666,14
-7898.0,-6706.0,-7006.0,13118,159.10267400741577,14
-7397.0,-7530.0,-6706.0,13119,159.11590099334717,14
-7904.0,-7482.0,-6530.0,13131,159.26990509033203,14
-9037.0,-7067.0,-6278.0,13366,162.67352604866028,14
-8867.0,-7509.0,-6121.0,13486,165.0719120502472,14
-7490.0,-7640.0,-6516.0,14395,175.95857095718384,15
-7521.0,-4749.0,-7766.0,14406,176.06416487693787,15
-7808.0,-4702.0,-7629.0,14410,176.11167287826538,15
-7185.0,-5445.0,-7629.0,14432,176.41608810424805,15
-9048.0,-5807.0,-6924.0,14449,176.59217596054077,15
-7968.0,-6274.0,-7205.0,14653,178.87298703193665,15
-8046.0,-6210.0,-7214.0,14673,179.06994009017944,15
-9277.0,-6473.0,-6300.0,14897,181.59614396095276,15
-7474.0,-9111.0,-5128.0,15040,183.2358739376068,15
-9250.0,-6419.0,-6462.0,15393,187.63174104690552,15
-8627.0,-6993.0,-6472.0,15453,188.3569610118866,15
-9172.0,-6483.0,-6453.0,15453,188.356999874115,15
-8553.0,-6373.0,-6900.0,15659,191.00470089912415,15
-9263.0,-6567.0,-6294.0,15687,191.35442900657654,15
-8948.0,-6527.0,-6601.0,15815,193.00014805793762,15
-8403.0,-7037.0,-6620.0,15826,193.15508389472961,15
-9447.0,-6031.0,-6457.0,16115,196.34543991088867,15
-8875.0,-6487.0,-6638.0,16593,202.16767501831055,15
-9420.0,-5977.0,-6619.0,16593,202.16771292686462,15
-8797.0,-6551.0,-6629.0,16661,202.96032309532166,15
-9342.0,-6041.0,-6610.0,16661,202.96036195755005,15
-9839.0,-5789.0,-6110.0,16713,203.67429399490356,15
-9713.0,-5617.0,-6174.0,16713,203.6742980480194,15
-9762.0,-5487.0,-6223.0,16824,205.0785789489746,15
-8645.0,-5995.0,-7048.0,16857,205.43589997291565,15
-8723.0,-5931.0,-7057.0,16885,205.77444291114807,15
-9433.0,-6125.0,-6451.0,16917,206.1265959739685,15
-9118.0,-6085.0,-6758.0,17049,207.64710903167725,15
-8573.0,-6595.0,-6777.0,17064,207.84443497657776,15
-9825.0,-7857.0,-5283.0,17293,210.81004905700684,15
-9813.0,-7710.0,-5384.0,17294,210.81898188591003,15
-9365.0,-6349.0,-6419.0,17389,211.83903908729553,15
-10154.0,-7765.0,-5162.0,17523,213.567715883255,15
-10841.0,-6895.0,-4160.0,17524,213.58013486862183,15
-9359.0,-5982.0,-6634.0,17760,216.467679977417,15
-9625.0,-6248.0,-6444.0,17763,216.49180006980896,15
-9718.0,-6348.0,-5992.0,17765,216.51018595695496,15
-9080.0,-6758.0,-6463.0,17778,216.69873905181885,15
-9201.0,-8239.0,-5272.0,17933,218.64707803726196,15
-8248.0,-7189.0,-6540.0,18025,219.60785603523254,15
-7844.0,-8123.0,-6144.0,18049,219.84521794319153,15
-8480.0,-6619.0,-6780.0,18260,222.47518301010132,15
-9467.0,-8697.0,-4596.0,18462,224.96679997444153,15
-7714.0,-7462.0,-6555.0,18619,227.07751893997192,15
-7264.0,-4985.0,-7748.0,19120,233.1424160003662,15
-8214.0,-6572.0,-6913.0,19145,233.3721740245819,15
-8136.0,-6636.0,-6904.0,19203,233.92749905586243,15
-8062.0,-6016.0,-7332.0,19371,235.53551197052002,15
-8964.0,-6333.0,-6719.0,19537,237.46689701080322,15
-8419.0,-6843.0,-6738.0,19554,237.6833050251007,15
-7860.0,-7929.0,-6262.0,20011,242.8425750732422,15
-8668.0,-6403.0,-6846.0,20305,246.34630799293518,15
-8381.0,-6450.0,-6983.0,20305,246.34631609916687,15
-8589.0,-6401.0,-6895.0,20314,246.4390048980713,15
-8496.0,-6425.0,-6898.0,20376,247.10792994499207,15
-7035.0,-6467.0,-7342.0,20951,253.56467509269714,15
-6609.0,-7643.0,-6724.0,20974,253.9759430885315,15
-6965.0,-6258.0,-7506.0,21088,255.02894687652588,15
-6980.0,-7756.0,-6635.0,21115,255.27050590515137,15
-7587.0,-7274.0,-6815.0,21353,257.54120206832886,15
-7455.0,-8457.0,-5970.0,21380,257.7907829284668,15
-7183.0,-8208.0,-6419.0,21381,257.7994270324707,15
-6780.0,-8345.0,-6098.0,21422,258.2091689109802,15
-6733.0,-8319.0,-6253.0,21452,258.5621340274811,15
-6997.0,-9056.0,-5471.0,21473,258.8274579048157,15
-6702.0,-8409.0,-6089.0,21474,258.84112095832825,15
-7379.0,-8573.0,-5889.0,21520,259.4206020832062,15
-7260.0,-7790.0,-6579.0,21577,259.9865400791168,15
-7682.0,-6964.0,-6928.0,21583,260.05230498313904,15
-9159.0,-8285.0,-5341.0,21708,261.49500799179077,15
-7991.0,-6682.0,-7003.0,21851,263.12619495391846,15
-7704.0,-6729.0,-7140.0,21851,263.12620186805725,15
-7912.0,-6680.0,-7052.0,21860,263.2138240337372,15
-7614.0,-6553.0,-7203.0,21861,263.22620606422424,15
-7989.0,-6262.0,-7212.0,21950,264.55077290534973,15
-7819.0,-6704.0,-7055.0,22060,265.7087481021881,15
-7679.0,-6529.0,-7175.0,22291,268.48274087905884,15
-7764.0,-7445.0,-6547.0,23139,276.9551570415497,16
-8186.0,-6619.0,-6896.0,23243,277.8748850822449,16
-7737.0,-7391.0,-6709.0,23291,278.31692910194397,16
-8673.0,-6403.0,-6735.0,23501,280.1776340007782,16
-7624.0,-7036.0,-6865.0,23661,281.74380803108215,16
-7742.0,-4957.0,-7706.0,23777,282.75044107437134,16
-8854.0,-4345.0,-7176.0,23779,282.76897406578064,16
-8728.0,-4173.0,-7240.0,23779,282.76899790763855,16
-8646.0,-6349.0,-6897.0,23843,283.33749890327454,16
-8448.0,-5668.0,-7241.0,24061,285.56013798713684,16
-7746.0,-8254.0,-5928.0,24965,293.68068289756775,16
-7668.0,-8318.0,-5919.0,25013,294.1228699684143,16
-8693.0,-6782.0,-6582.0,25143,295.52267503738403,16
-8244.0,-7554.0,-6395.0,25195,296.0140759944916,16
-8615.0,-6846.0,-6573.0,25217,296.2005970478058,16
-8192.0,-7606.0,-6282.0,25367,297.58865904808044,16
-8955.0,-5831.0,-6927.0,25409,297.99950408935547,16
-7644.0,-7415.0,-6712.0,25579,299.8004410266876,16
-7677.0,-8245.0,-6074.0,25585,299.8499300479889,16
-8146.0,-5108.0,-7413.0,26761,310.89137291908264,16
-8863.0,-6340.0,-6739.0,26803,311.2489628791809,16
-10057.0,-6075.0,-5758.0,26844,311.59974193573,16
-8414.0,-7112.0,-6552.0,26869,311.8335380554199,16
-8785.0,-6404.0,-6730.0,26899,312.1027750968933,16
-9290.0,-6093.0,-6497.0,27051,313.715234041214,16
-9368.0,-6029.0,-6506.0,27081,313.9910099506378,16
-8362.0,-7164.0,-6439.0,27093,314.0954399108887,16
-9125.0,-5389.0,-7084.0,27139,314.50183486938477,16
-9602.0,-5178.0,-6569.0,27139,314.50184202194214,16
-9462.0,-5734.0,-6580.0,27199,315.04648303985596,16
-9730.0,-5506.0,-6211.0,27241,315.4277460575104,16
-9540.0,-5670.0,-6589.0,27249,315.4997980594635,16
-7814.0,-6973.0,-6869.0,27359,316.53128004074097,16
-10813.0,-6468.0,-4467.0,27830,320.9793429374695,16
-10760.0,-6952.0,-4122.0,28114,323.7444350719452,16
-10318.0,-7399.0,-5151.0,28187,324.453017950058,16
-9303.0,-6522.0,-6294.0,28279,325.2576720714569,16
-9348.0,-6684.0,-6085.0,28287,325.3273780345917,16
-9950.0,-6355.0,-5861.0,28599,328.3695809841156,16
-9536.0,-6018.0,-6476.0,28712,329.39709997177124,16
-10814.0,-6841.0,-4322.0,28744,329.6736810207367,16
-9924.0,-6367.0,-5965.0,28779,329.9747760295868,16
-9798.0,-6195.0,-6029.0,28779,329.9748020172119,16
-10012.0,-8187.0,-4577.0,29463,336.4294400215149,16
-7485.0,-5193.0,-7688.0,30427,345.34344387054443,16
-7753.0,-7197.0,-6827.0,30503,346.0941550731659,16
-7701.0,-7249.0,-6714.0,30655,347.6728570461273,16
-8464.0,-5474.0,-7359.0,30685,347.9457058906555,16
-7693.0,-8051.0,-6192.0,30859,349.5800940990448,16
-9123.0,-5597.0,-6917.0,31919,359.58905601501465,16
-6543.0,-7084.0,-7157.0,32694,366.9218900203705,16
-6465.0,-7148.0,-7148.0,32708,367.0424199104309,16
-6841.0,-7331.0,-6979.0,32929,369.00467705726624,16
-7153.0,-7058.0,-7144.0,33107,370.8904490470886,16
-7186.0,-7888.0,-6506.0,33113,370.94335293769836,16
-7263.0,-6505.0,-7328.0,33137,371.14966797828674,16
-7328.0,-6481.0,-7300.0,33193,371.66388607025146,16
-6883.0,-8669.0,-5867.0,33693,376.3715920448303,16
-7116.0,-8975.0,-5470.0,33711,376.5254690647125,16
-7231.0,-8905.0,-5427.0,34029,379.3816339969635,16
-7795.0,-6813.0,-6981.0,34223,381.2989389896393,16
-7717.0,-6877.0,-6972.0,34745,386.3078119754791,16
-7624.0,-6901.0,-6975.0,34931,388.0335519313812,16
-7182.0,-5434.0,-7707.0,35839,395.57309889793396,17
-8567.0,-4392.0,-7313.0,36529,401.36891293525696,17
-7392.0,-4882.0,-7744.0,36545,401.504380941391,17
-8650.0,-4237.0,-7231.0,36677,402.6676380634308,17
-8776.0,-4409.0,-7167.0,36677,402.66764307022095,17
-7548.0,-8559.0,-5674.0,37674,411.4608209133148,17
-7859.0,-5155.0,-7550.0,40373,435.3378429412842,17
-10231.0,-6104.0,-5571.0,40504,436.68079805374146,17
-8284.0,-7228.0,-6430.0,40815,439.34270310401917,17
-8081.0,-4716.0,-7419.0,40923,440.2552709579468,17
-9939.0,-5523.0,-6065.0,40997,441.14493894577026,17
-10017.0,-5459.0,-6074.0,41063,441.69724202156067,17
-10313.0,-5148.0,-5691.0,41122,442.21235394477844,17
-8872.0,-6807.0,-6551.0,41583,446.32367300987244,17
-9742.0,-6404.0,-5949.0,41601,446.46610403060913,17
-10010.0,-5800.0,-5932.0,42741,456.9015998840332,17
-9804.0,-5790.0,-6107.0,42743,456.915647983551,17
-10479.0,-6092.0,-5459.0,42747,456.9492828845978,17
-10353.0,-5920.0,-5523.0,42747,456.94929695129395,17
-10312.0,-5832.0,-5566.0,42775,457.2011179924011,17
-9275.0,-6173.0,-6482.0,42837,457.7238440513611,17
-10837.0,-6916.0,-4105.0,42998,459.11371898651123,17
-10929.0,-6796.0,-4158.0,42999,459.1218008995056,17
-9340.0,-6149.0,-6454.0,43087,460.1288719177246,17
-9110.0,-6887.0,-6236.0,43715,465.77532505989075,17
-9960.0,-8239.0,-4464.0,44027,468.48179507255554,17
-10404.0,-8195.0,-4373.0,44027,468.481812953949,17
-7225.0,-5294.0,-7663.0,44231,470.22041606903076,17
-6874.0,-5246.0,-7788.0,44435,471.89688205718994,17
-6425.0,-6018.0,-7601.0,44459,472.08905506134033,17
-8211.0,-6892.0,-6826.0,44651,473.69242000579834,17
-7198.0,-5240.0,-7825.0,45293,479.8252320289612,17
-6499.0,-5730.0,-7674.0,45393,480.6550340652466,17
-7146.0,-5292.0,-7712.0,45549,481.97685408592224,17
-7478.0,-4966.0,-7696.0,47271,497.5352249145508,17
-10420.0,-8001.0,-4491.0,48001,504.3161299228668,17
-6748.0,-5651.0,-7627.0,48701,510.22196793556213,17
-6803.0,-6983.0,-7182.0,48747,510.5946750640869,17
-6725.0,-7047.0,-7173.0,48835,511.3002030849457,17
-7340.0,-6087.0,-7488.0,48923,512.0707719326019,17
-6748.0,-7355.0,-6982.0,49221,514.7916738986969,17
-6833.0,-8013.0,-6484.0,49232,514.885880947113,17
-7131.0,-8260.0,-6306.0,49240,514.9416990280151,17
-7170.0,-6529.0,-7331.0,49265,515.1303989887238,17
-6887.0,-7780.0,-6638.0,49273,515.1925940513611,17
-6755.0,-8077.0,-6475.0,49382,516.0923988819122,17
-7441.0,-9012.0,-5380.0,49436,516.5142240524292,17
-6925.0,-9305.0,-4982.0,49565,517.8133409023285,17
-9187.0,-8846.0,-4639.0,49821,519.9509389400482,17
-6801.0,-5245.0,-7853.0,50165,523.0262959003448,17
-7269.0,-6961.0,-7014.0,50315,524.2498269081116,17
-7420.0,-8593.0,-5667.0,51167,532.0721158981323,17
-9160.0,-6155.0,-6545.0,51520,534.6873650550842,18
-6832.0,-5359.0,-7745.0,52107,538.8003180027008,18
-8802.0,-6270.0,-6757.0,52379,541.0298800468445,18
-7848.0,-6219.0,-7242.0,52734,543.5577709674835,18
-9179.0,-5528.0,-6819.0,53228,547.629163980484,18
-6831.0,-5386.0,-7832.0,53341,548.8016290664673,18
-6669.0,-6111.0,-7508.0,53345,548.8363928794861,18
-8588.0,-6974.0,-6476.0,53722,551.425882101059,18
-7317.0,-8652.0,-5818.0,54119,554.8924839496613,18
-7352.0,-9371.0,-4751.0,54165,555.2618210315704,18
-8525.0,-5940.0,-7085.0,56858,577.2995419502258,18
-7508.0,-5107.0,-7675.0,58067,587.5183489322662,18
-10327.0,-5872.0,-5554.0,58205,588.564640045166,18
-10201.0,-5700.0,-5618.0,58205,588.5646460056305,18
-10405.0,-5808.0,-5563.0,58299,589.2879049777985,18
-10279.0,-5636.0,-5627.0,58299,589.2879118919373,18
-10221.0,-6257.0,-5550.0,58889,594.228600025177,18
-9477.0,-6551.0,-6107.0,59925,603.3381149768829,18
-10427.0,-6144.0,-5346.0,60303,606.7010889053345,18
-8814.0,-6492.0,-6653.0,60401,607.5078868865967,18
-9275.0,-6053.0,-6509.0,60451,607.9091439247131,18
-8782.0,-6511.0,-6641.0,60465,608.0354449748993,18
-9776.0,-6651.0,-5869.0,60486,608.2103281021118,18
-9698.0,-6715.0,-5860.0,60546,608.7496659755707,18
-10772.0,-6886.0,-4306.0,60590,609.3575320243835,18
-10737.0,-6896.0,-4420.0,60591,609.3664700984955,18
-6426.0,-5991.0,-7514.0,62097,621.7954180240631,18
-7372.0,-5269.0,-7638.0,63241,631.1712470054626,18
-7659.0,-5222.0,-7501.0,63243,631.1805610656738,18
-6848.0,-5165.0,-7863.0,63259,631.2761149406433,18
-6847.0,-5192.0,-7950.0,63687,634.8440799713135,18
-6685.0,-5917.0,-7626.0,63691,634.8765559196472,18
-8153.0,-6577.0,-6928.0,64125,638.5005829334259,18
-8121.0,-6596.0,-6916.0,64173,638.8913629055023,18
-8030.0,-6402.0,-7108.0,64395,640.4889590740204,18
-8323.0,-6135.0,-7085.0,65533,650.4051818847656,18
-8291.0,-6154.0,-7073.0,65601,650.9965169429779,18
-9282.0,-6614.0,-6214.0,65659,651.7306818962097,18
-6823.0,-7193.0,-7121.0,66604,659.4956030845642,18
-6826.0,-8295.0,-6250.0,66849,661.4841260910034,18
-7146.0,-6430.0,-7350.0,66982,662.4442451000214,18
-7003.0,-6606.0,-7303.0,66983,662.4477488994598,18
-7353.0,-6681.0,-7265.0,66983,662.4477519989014,18
-6873.0,-7192.0,-7018.0,67037,662.8751480579376,18
-6841.0,-7211.0,-7006.0,67049,662.9753110408783,18
-6763.0,-7275.0,-6997.0,67093,663.294725894928,18
-7295.0,-6366.0,-7367.0,67377,665.6765260696411,18
-7185.0,-6449.0,-7346.0,67467,666.3585870265961,18
-7345.0,-7483.0,-6743.0,67845,669.3315360546112,18
-5975.0,-6663.0,-7316.0,67946,670.3885970115662,18
-7327.0,-8625.0,-5776.0,68384,673.6441938877106,18
-7689.0,-8306.0,-5926.0,68557,675.2571220397949,18
-7646.0,-6414.0,-7242.0,69129,679.9367640018463,18
-7224.0,-7240.0,-6893.0,69155,680.1337559223175,18
-7192.0,-7259.0,-6881.0,69219,680.6397559642792,18
-7614.0,-6433.0,-7230.0,69233,680.7442450523376,18
-6918.0,-5443.0,-7697.0,69352,681.705717086792,18
-6748.0,-5885.0,-7540.0,69536,683.1475009918213,18
-9238.0,-6091.0,-6554.0,70660,692.239618062973,19
-8512.0,-5957.0,-7138.0,70671,692.307797908783,19
-8580.0,-7004.0,-6465.0,72964,708.3559930324554,19
-7655.0,-8170.0,-6087.0,73551,712.9869709014893,19
-8044.0,-5161.0,-7403.0,76772,737.7636520862579,19
-10316.0,-5578.0,-5595.0,77203,741.0167379379272,19
-8002.0,-4622.0,-7456.0,77600,744.3332669734955,19
-10139.0,-5119.0,-5878.0,77943,746.9800629615784,19
-9951.0,-6421.0,-5803.0,78727,753.4225509166718,19
-10370.0,-7347.0,-5264.0,78778,753.8249568939209,19
-10830.0,-6262.0,-4607.0,79489,759.6078290939331,19
-10295.0,-6395.0,-5370.0,80063,764.3796229362488,19
-10349.0,-6208.0,-5337.0,80351,766.8699669837952,19
-9168.0,-8597.0,-4834.0,80735,769.7666170597076,19
-7671.0,-7976.0,-6205.0,82597,784.2160558700562,19
-7383.0,-5246.0,-7678.0,83300,789.8071839809418,19
-6686.0,-5890.0,-7539.0,83492,791.0414628982544,19
-5506.0,-6843.0,-7197.0,86895,817.7794740200043,19
-5428.0,-6907.0,-7188.0,86923,817.9770550727844,19
-7655.0,-6885.0,-6962.0,86992,818.4527070522308,19
-7515.0,-7041.0,-6900.0,86993,818.4566400051117,19
-7164.0,-7813.0,-6519.0,87243,820.3600599765778,19
-6720.0,-7857.0,-6610.0,87243,820.3600668907166,19
-6068.0,-6639.0,-7313.0,87414,821.4981100559235,19
-6030.0,-6291.0,-7516.0,87738,823.7765820026398,19
-6490.0,-5813.0,-7662.0,87818,824.3998589515686,19
-7313.0,-8816.0,-5518.0,88411,828.9602389335632,19
-7519.0,-8948.0,-5389.0,88443,829.4154260158539,19
-6870.0,-8521.0,-6035.0,88513,829.8452188968658,19
-7218.0,-8757.0,-5595.0,89237,835.3415448665619,19
-7370.0,-7937.0,-6284.0,90339,844.1499960422516,19
-8074.0,-4850.0,-7445.0,91617,853.6078810691833,20
-7675.0,-4976.0,-7575.0,93388,864.7360270023346,20
-6319.0,-6036.0,-7546.0,93426,864.9715490341187,20
-8542.0,-7107.0,-6413.0,93777,866.9675869941711,20
-7417.0,-8346.0,-6049.0,94199,870.1982769966125,20
-7339.0,-8410.0,-6040.0,94239,870.4631159305573,20
-7460.0,-8587.0,-5690.0,94455,872.2198419570923,20
-8852.0,-6509.0,-6632.0,96458,885.9243109226227,20
-8635.0,-5857.0,-7106.0,96916,889.0781140327454,20
-8476.0,-4733.0,-7265.0,97039,890.2197940349579,20
-9152.0,-5443.0,-6922.0,97040,890.2284660339355,20
-10166.0,-5173.0,-5716.0,97222,891.3624300956726,20
-10148.0,-5302.0,-5791.0,97223,891.3696360588074,20
-8977.0,-6162.0,-6723.0,97790,895.3703758716583,20
-8508.0,-4513.0,-7344.0,98446,900.0738139152527,20
-8497.0,-4536.0,-7304.0,98449,900.0811929702759,20
-7810.0,-4886.0,-7555.0,98452,900.0963299274445,20
-8323.0,-4507.0,-7491.0,98453,900.1076099872589,20
-8352.0,-4697.0,-7418.0,98468,900.2245440483093,20
-10162.0,-3994.0,-5861.0,98773,902.3798949718475,20
-8067.0,-4623.0,-7453.0,98807,902.6962320804596,20
-10737.0,-7326.0,-3734.0,99801,910.0015618801117,20
-8700.0,-6398.0,-6744.0,100652,916.6970028877258,20
-9399.0,-6615.0,-6098.0,100833,917.9073948860168,20
-10401.0,-6156.0,-5450.0,101717,924.4744219779968,20
-10275.0,-5984.0,-5514.0,101717,924.4744288921356,20
-10205.0,-6287.0,-5428.0,101729,924.5552520751953,20
-10803.0,-6208.0,-4769.0,101731,924.5669538974762,20
-8712.0,-9040.0,-4139.0,102681,931.6847989559174,20
-10219.0,-7858.0,-4828.0,102807,932.5383560657501,20
-8191.0,-6594.0,-6907.0,103032,934.2970790863037,20
-7974.0,-5942.0,-7381.0,103250,935.5451109409332,20
-7847.0,-4598.0,-7619.0,104768,945.9100730419159,20
-7836.0,-4621.0,-7579.0,104771,945.9179620742798,20
-7662.0,-4592.0,-7766.0,104777,946.0280809402466,20
-8039.0,-6483.0,-7019.0,105050,948.1772439479828,20
-10235.0,-7664.0,-4946.0,107551,966.362706899643,20
-6834.0,-8265.0,-6261.0,108052,969.6579079627991,20
-6988.0,-7897.0,-6534.0,108096,969.9174249172211,20
-6848.0,-8053.0,-6472.0,108097,969.9214110374451,20
-5640.0,-6508.0,-7369.0,108436,972.3617959022522,20
-7532.0,-6320.0,-7333.0,108658,973.7764818668365,20
-6887.0,-6322.0,-7497.0,108911,975.6699769496918,20
-5952.0,-6355.0,-7507.0,108924,975.7704699039459,20
-6567.0,-5395.0,-7822.0,109104,976.9398241043091,20
-6910.0,-6630.0,-7306.0,109473,979.7449278831482,20
-6627.0,-7881.0,-6613.0,109595,980.5376350879669,20
-6520.0,-8446.0,-6073.0,109699,981.1539800167084,20
-6397.0,-5837.0,-7665.0,109738,981.4207570552826,20
-6792.0,-8585.0,-6026.0,110034,983.6774599552155,20
-6442.0,-8510.0,-6064.0,110075,983.9242699146271,20
-6353.0,-8854.0,-5763.0,110208,984.8056199550629,20
-7467.0,-9130.0,-5107.0,110905,989.7004859447479,20
-7354.0,-6654.0,-7178.0,111133,991.1349120140076,20
-6326.0,-6711.0,-7191.0,111686,995.1969459056854,20
-8286.0,-7083.0,-6601.0,113854,1008.9165329933167,21
-7764.0,-6880.0,-6927.0,113960,1009.4246530532837,21
-8212.0,-3130.0,-7538.0,114203,1010.5888049602509,21
-8786.0,-6193.0,-6959.0,114302,1011.051057100296,21
-8708.0,-6257.0,-6950.0,114422,1011.9776721000671,21
-9467.0,-6406.0,-6327.0,116426,1024.7316930294037,21
-8533.0,-5910.0,-7096.0,117936,1034.1918759346008,21
-9637.0,-5964.0,-6484.0,118646,1038.6116750240326,21
-8873.0,-6176.0,-6730.0,119094,1041.3623740673065,21
-9167.0,-5859.0,-6641.0,119112,1041.4588248729706,21
-9591.0,-6340.0,-6135.0,119164,1041.8237988948822,21
-8639.0,-4650.0,-7281.0,119435,1043.848356962204,21
-8526.0,-4726.0,-7231.0,119445,1043.906089067459,21
-9312.0,-8202.0,-5280.0,122726,1066.9448878765106,21
-10045.0,-7829.0,-5015.0,123767,1074.4547290802002,21
-7036.0,-5965.0,-7501.0,125347,1083.8862969875336,21
-7978.0,-4735.0,-7556.0,125619,1085.6553790569305,21
-7546.0,-4973.0,-7630.0,125691,1086.074779033661,21
-8563.0,-7095.0,-6420.0,127603,1098.6261849403381,21
-6050.0,-6501.0,-7455.0,128422,1104.2692549228668,21
-6677.0,-7549.0,-6692.0,128547,1104.8973710536957,21
-6472.0,-5675.0,-7804.0,129368,1109.8552920818329,21
-6997.0,-7868.0,-6547.0,130803,1119.3718678951263,21
-7236.0,-8541.0,-5935.0,130917,1120.0366640090942,21
-7963.0,-6956.0,-6737.0,132867,1132.504842042923,21
-7490.0,-5109.0,-7620.0,133932,1139.032751083374,22
-8813.0,-6247.0,-6797.0,134612,1142.1613810062408,22
-8735.0,-6311.0,-6788.0,134618,1142.195795059204,22
-8658.0,-4207.0,-7242.0,134972,1143.646625995636,22
-7862.0,-3055.0,-7576.0,135005,1143.8611690998077,22
-7083.0,-5498.0,-7619.0,135044,1144.2783200740814,22
-7085.0,-9001.0,-5401.0,136046,1149.410926103592,22
-8848.0,-6873.0,-6501.0,137036,1155.3014929294586,22
-8879.0,-5852.0,-6917.0,138313,1162.1968019008636,22
-8812.0,-5893.0,-6948.0,138506,1163.1657400131226,22
-9018.0,-6431.0,-6658.0,138944,1165.486559867859,22
-9500.0,-5679.0,-6567.0,138978,1165.6566579341888,22
-9784.0,-5492.0,-6188.0,139294,1167.1609148979187,22
-8020.0,-5117.0,-7455.0,139652,1169.4414730072021,22
-9988.0,-5762.0,-6011.0,139768,1170.0147891044617,22
-9980.0,-5792.0,-6000.0,139892,1170.749312877655,22
-10058.0,-5728.0,-6009.0,140066,1171.9686501026154,22
-9410.0,-6592.0,-6138.0,141802,1182.2911670207977,22
-9895.0,-5786.0,-6014.0,141932,1183.0089280605316,22
-9257.0,-6035.0,-6624.0,142060,1183.7232310771942,22
-9544.0,-5988.0,-6487.0,142068,1183.776449918747,22
-9418.0,-5997.0,-6529.0,142076,1183.832612991333,22
-8925.0,-6455.0,-6661.0,142118,1184.0707139968872,22
-9672.0,-6316.0,-6129.0,142204,1184.8460478782654,22
-10734.0,-6466.0,-4516.0,142377,1185.8044979572296,22
-10786.0,-6414.0,-4629.0,142620,1187.1841778755188,22
-8773.0,-9037.0,-3680.0,142841,1188.7050158977509,22
-8406.0,-7141.0,-6555.0,143060,1189.992301940918,22
-7780.0,-8809.0,-5272.0,143287,1191.3210499286652,22
-8734.0,-9130.0,-3758.0,143750,1194.1593101024628,22
-8357.0,-6516.0,-6933.0,145060,1201.078840970993,22
-7359.0,-5202.0,-7730.0,145408,1203.0196540355682,22
-6583.0,-5970.0,-7616.0,145460,1203.2799990177155,22
-8883.0,-6073.0,-6762.0,145860,1205.6528248786926,22
-8264.0,-6540.0,-6936.0,145872,1205.7238988876343,22
-9053.0,-5631.0,-6919.0,146758,1210.5531270503998,22
-8927.0,-5640.0,-6961.0,146800,1210.7793679237366,22
-8434.0,-6098.0,-7093.0,146908,1211.4033648967743,22
-9293.0,-6591.0,-6254.0,147056,1212.461100101471,22
-5576.0,-6721.0,-7261.0,147808,1216.770180940628,22
-5840.0,-6270.0,-7555.0,147820,1216.8171110153198,22
-6984.0,-7155.0,-7026.0,148394,1219.8905100822449,22
-6310.0,-6073.0,-7520.0,148737,1221.9341950416565,22
-6262.0,-5444.0,-7904.0,148740,1221.945722103119,22
-7406.0,-6329.0,-7375.0,148892,1222.7057049274445,22
-5934.0,-5486.0,-7856.0,148909,1222.7943830490112,22
-7915.0,-6784.0,-6987.0,149284,1224.9956359863281,22
-7116.0,-7801.0,-6566.0,149788,1228.0393810272217,22
-7745.0,-7226.0,-6830.0,150084,1229.6155889034271,22
-7119.0,-8894.0,-5547.0,150663,1233.2054090499878,22
-7400.0,-7634.0,-6641.0,150854,1234.208106994629,22
-7822.0,-6808.0,-6990.0,150890,1234.4280591011047,22
-7757.0,-6377.0,-7250.0,151536,1238.0461540222168,22
-7335.0,-7203.0,-6901.0,151622,1238.5075709819794,22
-8520.0,-5927.0,-7149.0,153094,1247.1379189491272,23
-7407.0,-7526.0,-6686.0,153424,1248.6631479263306,23
-7829.0,-6700.0,-7035.0,153562,1249.2726531028748,23
-8511.0,-7015.0,-6454.0,153608,1249.4411571025848,23
-9229.0,-7400.0,-5918.0,153978,1251.160984992981,23
-8784.0,-4379.0,-7178.0,154132,1251.6854770183563,23
-9198.0,-5475.0,-6870.0,154184,1251.9267270565033,23
-9190.0,-5505.0,-6859.0,154388,1252.7500710487366,23
-8108.0,-6118.0,-7267.0,154552,1253.751848936081,23
-8186.0,-6054.0,-7276.0,154580,1253.8940930366516,23
-7314.0,-7550.0,-6689.0,154682,1254.2522649765015,23
-7487.0,-8224.0,-6113.0,155100,1256.4618709087372,23
-7529.0,-8957.0,-5310.0,155112,1256.5158820152283,23
-6937.0,-9187.0,-5328.0,155218,1257.0351541042328,23
-7824.0,-8569.0,-5609.0,155234,1257.107871055603,23
-9360.0,-6499.0,-6196.0,155628,1259.0428080558777,23
-9736.0,-7563.0,-5604.0,155682,1259.4960079193115,23
-8356.0,-7048.0,-6613.0,155776,1260.0104351043701,23
-9309.0,-8098.0,-5345.0,155926,1260.7836589813232,23
-9854.0,-7588.0,-5326.0,155930,1260.8139119148254,23
-9180.0,-6453.0,-6464.0,156054,1261.3723158836365,23
-8918.0,-6839.0,-6499.0,156076,1261.4494190216064,23
-9018.0,-7178.0,-6140.0,156116,1261.6590700149536,23
-8840.0,-6903.0,-6490.0,156144,1261.7765100002289,23
-9341.0,-6415.0,-6369.0,156316,1262.8740820884705,23
-8489.0,-6855.0,-6615.0,156330,1262.9468870162964,23
-8567.0,-6791.0,-6624.0,156350,1263.0504140853882,23
-8693.0,-6217.0,-6962.0,156356,1263.0811710357666,23
-7739.0,-8153.0,-6127.0,156496,1263.7515759468079,23
-7484.0,-7108.0,-6846.0,156750,1264.7962219715118,23
-9722.0,-6380.0,-5966.0,156918,1265.687910079956,23
-8063.0,-4608.0,-7466.0,157133,1266.7390789985657,23
-9243.0,-6104.0,-6490.0,157298,1267.5175020694733,23
-9906.0,-7121.0,-5761.0,157398,1268.3285729885101,23
-8526.0,-6606.0,-6770.0,157520,1268.915734052658,23
-9827.0,-5800.0,-6106.0,157692,1269.6266930103302,23
-8805.0,-6521.0,-6640.0,157694,1269.6381850242615,23
-9350.0,-6011.0,-6621.0,157698,1269.6580119132996,23
-9792.0,-5462.0,-6199.0,157722,1269.7235078811646,23
-9088.0,-6397.0,-6656.0,157762,1269.8629350662231,23
-9695.0,-6326.0,-6128.0,157832,1270.2135770320892,23
-10242.0,-6081.0,-5611.0,157844,1270.277766942978,23
-9765.0,-6292.0,-6126.0,157846,1270.2900989055634,23
-9188.0,-6736.0,-6297.0,157858,1270.3659620285034,23
-9714.0,-5526.0,-6190.0,157890,1270.4838979244232,23
-9010.0,-6461.0,-6647.0,157910,1270.540915966034,23
-9687.0,-6356.0,-6117.0,157964,1270.889741897583,23
-9492.0,-5709.0,-6556.0,158048,1271.458568096161,23
-9298.0,-6063.0,-6508.0,158166,1272.1154479980469,23
-8099.0,-4604.0,-7465.0,158343,1272.9486720561981,23
-9947.0,-5493.0,-6076.0,158396,1273.1659409999847,23
-9470.0,-5704.0,-6591.0,158398,1273.176423072815,23
-9511.0,-5973.0,-6526.0,158436,1273.3657228946686,23
-8659.0,-6413.0,-6772.0,158474,1273.5657279491425,23
-8785.0,-5839.0,-7110.0,158512,1273.811980009079,23
-9795.0,-5786.0,-6147.0,158526,1274.1023530960083,23
-8737.0,-6349.0,-6781.0,158588,1274.4086759090424,23
-8863.0,-5775.0,-7119.0,158672,1274.8136820793152,23
-10047.0,-5751.0,-5969.0,158698,1274.9592509269714,23
-9873.0,-5722.0,-6156.0,158700,1274.969253063202,23
-7906.0,-6282.0,-7195.0,158874,1275.8565289974213,23
-10170.0,-8172.0,-4790.0,159436,1278.8161489963531,23
-9871.0,-8072.0,-5028.0,159474,1279.0464339256287,23
-9191.0,-8936.0,-3550.0,159568,1279.6194939613342,23
-9033.0,-6769.0,-6456.0,159740,1280.7265710830688,23
-9710.0,-6664.0,-5926.0,159782,1280.977089881897,23
-9986.0,-7819.0,-5188.0,159994,1281.9778599739075,23
-10531.0,-7309.0,-5169.0,160008,1282.0585589408875,23
-10663.0,-7714.0,-4658.0,160042,1282.2293190956116,23
-10364.0,-7614.0,-4896.0,160060,1282.3692200183868,23
-9819.0,-8124.0,-4915.0,160080,1282.5777640342712,23
-9418.0,-6562.0,-6149.0,160204,1283.5234670639038,23
-10190.0,-6374.0,-5549.0,160384,1284.4850080013275,23
-9780.0,-5746.0,-6159.0,160418,1284.655485868454,23
-9965.0,-5752.0,-6012.0,160430,1284.719223022461,23
-9717.0,-6662.0,-5911.0,160530,1285.2707529067993,23
-8995.0,-6421.0,-6659.0,160648,1286.173553943634,23
-9787.0,-6628.0,-5909.0,160666,1286.273178100586,23
-9713.0,-6585.0,-6064.0,160678,1286.337296962738,23
-9709.0,-6692.0,-5900.0,160726,1286.5784509181976,23
-9887.0,-5816.0,-6003.0,160900,1287.5830700397491,23
-9410.0,-6027.0,-6518.0,160952,1287.881798028946,23
-9594.0,-6380.0,-6120.0,160964,1287.9617729187012,23
-8917.0,-6485.0,-6650.0,160994,1288.1489510536194,23
-9444.0,-8607.0,-4769.0,161168,1289.2771980762482,23
-7890.0,-9540.0,-4015.0,161220,1289.5806419849396,23
-8307.0,-7204.0,-6435.0,161354,1290.3203930854797,23
-8354.0,-7193.0,-6442.0,161450,1290.833960056305,23
-10156.0,-7792.0,-5023.0,162016,1294.0685548782349,23
-10230.0,-7835.0,-4868.0,162030,1294.1484110355377,23
-9781.0,-8607.0,-4681.0,162046,1294.2872068881989,23
-10203.0,-7781.0,-5030.0,162112,1294.9511330127716,23
-9611.0,-8302.0,-5042.0,162186,1295.412514925003,23
-7722.0,-7432.0,-6566.0,162326,1296.0310389995575,23
-8144.0,-6606.0,-6915.0,163278,1300.8142719268799,23
-8427.0,-6482.0,-6931.0,163312,1300.9153640270233,23
-8349.0,-6546.0,-6922.0,163398,1301.29385304451,23
-6373.0,-5739.0,-7716.0,163614,1302.2969009876251,23
-8006.0,-6468.0,-7058.0,163686,1302.6127989292145,23
-8850.0,-6058.0,-6801.0,163694,1302.649260044098,23
-7998.0,-6498.0,-7047.0,163724,1302.7934620380402,23
-8124.0,-5924.0,-7385.0,163744,1302.9436120986938,23
-8076.0,-6434.0,-7056.0,163782,1303.3319129943848,23
-8202.0,-5860.0,-7394.0,163806,1303.4610838890076,23
-7983.0,-6458.0,-7059.0,163886,1303.8530769348145,23
-8334.0,-6506.0,-6934.0,163992,1304.3504889011383,23
-8256.0,-6570.0,-6925.0,164042,1304.6203470230103,23
-8504.0,-6064.0,-7091.0,164874,1308.877599954605,23
-9214.0,-6589.0,-6303.0,164932,1309.3894128799438,23
-8721.0,-7047.0,-6435.0,164978,1309.6402859687805,23
-8426.0,-6128.0,-7082.0,165130,1310.3762068748474,23
-10172.0,-7598.0,-5141.0,165360,1311.583839893341,23
-10246.0,-7641.0,-4986.0,165366,1311.6197550296783,23
-9797.0,-8413.0,-4799.0,165380,1311.7322030067444,23
-10219.0,-7587.0,-5148.0,165418,1312.2439670562744,23
-9627.0,-8108.0,-5160.0,165462,1312.5594549179077,23
-8418.0,-8099.0,-6072.0,165762,1313.760978937149,23
-6446.0,-8830.0,-5760.0,165850,1314.1684029102325,23
-7240.0,-6407.0,-7349.0,166180,1315.8996670246124,23
-7138.0,-6460.0,-7339.0,166186,1315.9284620285034,23
-7441.0,-7662.0,-6525.0,166312,1316.5014128684998,23
-7245.0,-6367.0,-7470.0,166406,1316.9705040454865,23
-7476.0,-6295.0,-7373.0,166722,1318.6191329956055,23
-7623.0,-6981.0,-6901.0,166828,1319.0979928970337,23
-7248.0,-7796.0,-6559.0,166836,1319.1380290985107,23
-7863.0,-6836.0,-6874.0,166954,1319.7149620056152,23
-7229.0,-9625.0,-4290.0,167084,1320.6264998912811,23
-6902.0,-8502.0,-6047.0,167605,1323.444951057434,23
-7075.0,-8992.0,-5480.0,167661,1323.7187070846558,23
-7693.0,-7278.0,-6717.0,167742,1324.1143810749054,23
-7108.0,-7831.0,-6555.0,167858,1324.6500589847565,23
-7155.0,-7820.0,-6562.0,167940,1325.0481638908386,23
-6797.0,-8810.0,-5672.0,168211,1326.63094496727,23
-6856.0,-9076.0,-5445.0,168376,1327.3822059631348,23
-9071.0,-8848.0,-4778.0,168684,1329.1155500411987,23
-7382.0,-7192.0,-6908.0,169278,1332.0871839523315,23
-7405.0,-7169.0,-6899.0,169340,1332.3727850914001,23
-7827.0,-6343.0,-7248.0,169368,1332.5108239650726,23
-8214.0,-6884.0,-6749.0,169508,1333.2056319713593,23
-7622.0,-8152.0,-6243.0,169658,1333.9911580085754,23
-8121.0,-6908.0,-6752.0,169794,1334.8010749816895,23
-7327.0,-7233.0,-6890.0,169912,1335.3689739704132,23
-7749.0,-6407.0,-7239.0,169940,1335.5162379741669,23
-7407.0,-7931.0,-6317.0,170146,1336.8485000133514,23
-9120.0,-8692.0,-4956.0,170312,1338.6817030906677,23
-8950.0,-8387.0,-5317.0,170424,1339.3204760551453,23
-9230.0,-6121.0,-6543.0,170542,1339.7650759220123,24
-8340.0,-6044.0,-7130.0,170604,1340.0083470344543,24
-8705.0,-5933.0,-7002.0,170638,1340.123398065567,24
-8743.0,-6281.0,-6799.0,171100,1341.9063160419464,24
-8294.0,-7053.0,-6612.0,171128,1342.035024881363,24
-7694.0,-6914.0,-6929.0,171176,1342.1898310184479,24
-9013.0,-5469.0,-7017.0,171298,1342.5850920677185,24
-7983.0,-4651.0,-7488.0,171386,1342.916316986084,24
-8716.0,-6227.0,-6961.0,171454,1343.2251460552216,24
-8935.0,-5533.0,-7008.0,171500,1343.5932829380035,24
-8116.0,-6088.0,-7278.0,171658,1344.232794046402,24
-7077.0,-9031.0,-5390.0,172256,1346.863473892212,24
-7700.0,-8134.0,-6131.0,172464,1347.8042449951172,24
-9427.0,-6458.0,-6165.0,172564,1348.3208360671997,24
-8189.0,-4780.0,-7402.0,173717,1353.320373058319,24
-9345.0,-6051.0,-6500.0,173836,1354.0776450634003,24
-8793.0,-5809.0,-7121.0,174670,1357.5608730316162,24
-9803.0,-5756.0,-6158.0,174730,1357.811058998108,24
-9260.0,-6045.0,-6514.0,175852,1363.4987518787384,24
-10372.0,-6185.0,-5328.0,176044,1364.320168018341,24
-9710.0,-5780.0,-6161.0,176354,1366.012789964676,24
-9602.0,-6350.0,-6131.0,176476,1366.563903093338,24
-8926.0,-9039.0,-3463.0,176976,1369.0578939914703,24
-8132.0,-5894.0,-7396.0,178966,1377.5892179012299,24
-9222.0,-6228.0,-6496.0,179714,1380.8643140792847,24
-7248.0,-6377.0,-7360.0,180756,1384.971060037613,24
-7772.0,-7280.0,-6668.0,181872,1389.902986049652,24
-6423.0,-8732.0,-5827.0,182402,1392.326171875,24
-7715.0,-5166.0,-7537.0,184640,1401.8941020965576,25
-9361.0,-8046.0,-5458.0,185834,1405.8643729686737,25
-7007.0,-9065.0,-5392.0,185910,1406.1802098751068,25
-7521.0,-8987.0,-5299.0,185936,1406.2607369422913,25
-7211.0,-9400.0,-4873.0,185946,1406.3006460666656,25
-7746.0,-9551.0,-4002.0,185988,1406.4670190811157,25
-7692.0,-8164.0,-6120.0,186148,1407.1378309726715,25
-9368.0,-6469.0,-6207.0,186240,1407.4727618694305,25
-9333.0,-6445.0,-6358.0,186642,1409.0815980434418,25
-9411.0,-6381.0,-6367.0,186660,1409.1489460468292,25
-8820.0,-5863.0,-6959.0,187136,1410.776277065277,25
-8881.0,-6146.0,-6741.0,187448,1411.8323979377747,25
-9162.0,-5894.0,-6640.0,187676,1412.593369960785,25
-9503.0,-6003.0,-6515.0,188020,1414.0199129581451,25
-9581.0,-5939.0,-6524.0,188158,1414.5835540294647,25
-9947.0,-5219.0,-6140.0,188189,1414.6785700321198,25
-10038.0,-7767.0,-5301.0,188592,1416.208174943924,25
-10871.0,-6830.0,-4111.0,188664,1416.5524809360504,25
-10738.0,-6979.0,-3985.0,189022,1418.0727400779724,25
-9362.0,-6537.0,-6189.0,189200,1419.04336810112,25
-9759.0,-6617.0,-5927.0,189390,1419.7498080730438,25
-9488.0,-5963.0,-6527.0,189430,1419.9110100269318,25
-8038.0,-9354.0,-4088.0,189812,1421.5754809379578,25
-9309.0,-8961.0,-3272.0,189820,1421.6183359622955,25
-7960.0,-9418.0,-4079.0,189846,1421.7660510540009,25
-8030.0,-9384.0,-4077.0,189858,1421.8267800807953,25
-7503.0,-9203.0,-4959.0,189994,1422.4537620544434,25
-7425.0,-9267.0,-4950.0,190102,1422.8390970230103,25
-9943.0,-7882.0,-5005.0,190448,1424.3423819541931,25
-10288.0,-8197.0,-4512.0,190490,1424.5629539489746,25
-7708.0,-7970.0,-6238.0,191124,1426.9236459732056,25
-7257.0,-5255.0,-7720.0,191550,1428.329148054123,25
-8920.0,-6024.0,-6799.0,191730,1429.1905798912048,25
-8997.0,-5606.0,-6959.0,192298,1431.2155680656433,25
-10304.0,-8003.0,-4630.0,192700,1432.5554518699646,25
-5436.0,-6877.0,-7199.0,192792,1432.8528730869293,25
-7110.0,-7146.0,-6984.0,192810,1432.9005808830261,25
-6516.0,-8708.0,-5824.0,193004,1433.7152910232544,25
-7201.0,-7807.0,-6552.0,193092,1434.0696609020233,25
-6771.0,-7245.0,-7008.0,193230,1434.543391942978,25
-6976.0,-7185.0,-7015.0,193316,1434.8521049022675,25
-5998.0,-6222.0,-7570.0,193522,1435.5802359580994,25
-5711.0,-4313.0,-8107.0,193612,1435.940896987915,25
-7193.0,-6419.0,-7357.0,193632,1436.1836469173431,25
-7398.0,-6359.0,-7364.0,193788,1436.7247819900513,25
-7377.0,-9439.0,-4363.0,193958,1437.232176065445,25
-7299.0,-9503.0,-4354.0,193982,1437.3574578762054,25
-7369.0,-9469.0,-4352.0,193996,1437.4247450828552,25
-7527.0,-8387.0,-5962.0,194240,1438.540787935257,25
-6842.0,-9288.0,-5234.0,194248,1438.5680630207062,25
-6903.0,-7891.0,-6548.0,194310,1438.8124549388885,25
-6895.0,-7921.0,-6537.0,194616,1439.8501300811768,25
-6764.0,-9352.0,-5225.0,194750,1440.3660888671875,25
-7143.0,-9029.0,-5308.0,195068,1441.710228919983,25
-9017.0,-8541.0,-5000.0,195518,1443.644217967987,25
-7865.0,-6691.0,-7045.0,195652,1444.096713066101,25
-7784.0,-7427.0,-6567.0,196034,1445.6441268920898,25
-7748.0,-8551.0,-5715.0,196370,1446.7099568843842,25
-7772.0,-4958.0,-7584.0,197275,1449.5983970165253,26
-7451.0,-9021.0,-5301.0,197660,1451.120008945465,26
-8623.0,-4708.0,-7240.0,199189,1456.476147890091,26
-8449.0,-4679.0,-7427.0,199195,1456.4898118972778,26
-8221.0,-4560.0,-7481.0,199224,1456.5793170928955,26
-10848.0,-7289.0,-3742.0,199946,1459.3065810203552,26
-10807.0,-7318.0,-3669.0,200298,1460.8449370861053,26
-8619.0,-9307.0,-3563.0,200965,1463.342073917389,26
-7872.0,-8542.0,-5640.0,201288,1464.8041520118713,26
-7646.0,-8062.0,-6185.0,201870,1467.0128588676453,26
-7962.0,-4793.0,-7515.0,202305,1468.3604209423065,26
-7788.0,-4764.0,-7702.0,202309,1468.370707988739,26
-6211.0,-6463.0,-7360.0,203726,1473.0308110713959,26
-6208.0,-6453.0,-7470.0,204000,1474.045758008957,26
-5858.0,-6378.0,-7508.0,204012,1474.0851628780365,26
-6633.0,-5637.0,-7709.0,204058,1474.20303606987,26
-6156.0,-6505.0,-7357.0,204116,1474.4248769283295,26
-7046.0,-7923.0,-6502.0,204680,1476.5927550792694,26
-7281.0,-8505.0,-5979.0,204940,1477.3578078746796,26
-7211.0,-8627.0,-5915.0,205208,1478.4473559856415,26
-7347.0,-9476.0,-4385.0,205622,1480.1009039878845,26
-7438.0,-7999.0,-6261.0,205926,1481.0829210281372,26
-7345.0,-8023.0,-6264.0,206066,1481.5214910507202,26
-7360.0,-8063.0,-6252.0,206216,1482.0075640678406,26
-8442.0,-5991.0,-7140.0,206514,1483.077120065689,27
-7880.0,-3550.0,-7575.0,206908,1483.9932880401611,27
-7589.0,-8171.0,-6123.0,207334,1485.3989760875702,27
-7381.0,-9143.0,-5237.0,207393,1485.6100749969482,27
-7588.0,-8709.0,-5565.0,207402,1485.6550569534302,27
-8623.0,-6816.0,-6584.0,207728,1486.573441028595,27
-9137.0,-6145.0,-6546.0,207786,1486.8607609272003,27
-7936.0,-4877.0,-7513.0,208326,1488.2136180400848,27
-8793.0,-6374.0,-6741.0,208336,1488.2336559295654,27
-9599.0,-6310.0,-6146.0,208386,1488.3538310527802,27
-9521.0,-6374.0,-6137.0,208442,1488.5070209503174,27
-8634.0,-4685.0,-7280.0,208592,1489.0950911045074,27
-7298.0,-4876.0,-7775.0,208608,1489.1342279911041,27
-8142.0,-4466.0,-7518.0,208610,1489.1407558918,27
-9715.0,-6308.0,-6007.0,208824,1489.7807750701904,27
-10882.0,-6807.0,-4151.0,209230,1490.893187046051,27
-9252.0,-6075.0,-6503.0,209450,1491.7935750484467,27
-10796.0,-7341.0,-3629.0,209518,1491.987962961197,27
-8488.0,-9461.0,-3356.0,210120,1493.7684490680695,27
-7498.0,-9456.0,-4184.0,210144,1493.8584640026093,27
-7802.0,-8576.0,-5642.0,210292,1494.2711889743805,27
-9332.0,-9051.0,-3099.0,210522,1494.90372300148,27
-6215.0,-5787.0,-7701.0,210722,1495.3987109661102,27
-7275.0,-4962.0,-7788.0,211044,1496.4011878967285,27
-7973.0,-4770.0,-7555.0,211170,1496.7078530788422,27
-6637.0,-4961.0,-8050.0,211196,1496.7869350910187,27
-6475.0,-5686.0,-7726.0,211248,1496.980714082718,27
-5538.0,-6824.0,-7209.0,212049,1499.0012860298157,27
-6890.0,-8786.0,-5669.0,212217,1499.4927430152893,27
-6109.0,-6516.0,-7350.0,212352,1499.8944730758667,27
-5766.0,-6742.0,-7222.0,212587,1500.6497220993042,27
-6531.0,-5690.0,-7699.0,212632,1500.7740700244904,27
-5688.0,-6806.0,-7213.0,212729,1501.0491800308228,27
-7827.0,-9546.0,-3631.0,212880,1501.4452328681946,27
-6837.0,-9541.0,-4459.0,212906,1501.5254700183868,27
-6741.0,-8289.0,-6264.0,213052,1501.973776102066,27
-7415.0,-8874.0,-5462.0,213348,1502.8811240196228,27
-7141.0,-8661.0,-5917.0,213366,1502.9442210197449,27
-7345.0,-8996.0,-5398.0,213580,1503.4703118801117,27
-7389.0,-9120.0,-5111.0,213820,1504.1645059585571,27
-6672.0,-5507.0,-7674.0,213974,1504.6418659687042,27
-9966.0,-5491.0,-6012.0,215936,1509.1516618728638,28
-10748.0,-7303.0,-3774.0,216560,1510.6204679012299,28
-10844.0,-4954.0,-4677.0,216961,1511.5394990444183,28
-10721.0,-7249.0,-3936.0,217044,1511.693542957306,28
-11102.0,-5758.0,-3638.0,217087,1511.7796139717102,28
-11154.0,-5706.0,-3751.0,217167,1511.9686210155487,28
-6657.0,-5681.0,-7657.0,218996,1515.8270289897919,28
-7005.0,-7838.0,-6558.0,219324,1516.5802009105682,28
-6585.0,-8334.0,-6111.0,219474,1516.8656690120697,28
-7017.0,-9038.0,-5350.0,219700,1517.2918100357056,28
-7193.0,-8843.0,-5575.0,219774,1517.446918964386,28
-7115.0,-8907.0,-5566.0,219844,1517.6282360553741,28
-7670.0,-5011.0,-7574.0,220664,1519.357008934021,29
-7325.0,-8622.0,-5829.0,220774,1519.797024011612,29
-10357.0,-5847.0,-5530.0,221486,1521.3245089054108,29
-8347.0,-4732.0,-7417.0,221578,1521.5168678760529,29
-10121.0,-5248.0,-5953.0,221713,1521.8536870479584,29
-9729.0,-6662.0,-5862.0,221816,1522.1528930664062,29
-10797.0,-6391.0,-4669.0,222412,1523.4400029182434,29
-6208.0,-6126.0,-7510.0,223920,1526.3990819454193,29
-5696.0,-6776.0,-7224.0,223956,1526.4660620689392,29
-6961.0,-8517.0,-5942.0,224246,1526.8862309455872,29
-7013.0,-8465.0,-6055.0,224248,1526.8885629177094,29
-6655.0,-8420.0,-6082.0,224378,1527.053365945816,29
-7099.0,-8789.0,-5612.0,225228,1528.3514370918274,30
-10922.0,-7332.0,-3587.0,225834,1529.2738208770752,30
-10859.0,-7266.0,-3782.0,225852,1529.4162299633026,30
-10473.0,-8104.0,-3400.0,225882,1529.4630119800568,30
-10895.0,-7278.0,-3749.0,226120,1529.8207490444183,30
-8371.0,-9319.0,-3888.0,226264,1530.0019478797913,30
-6988.0,-5009.0,-7925.0,226648,1530.607528924942,30
-5998.0,-6553.0,-7342.0,227132,1531.4943959712982,30
-6538.0,-5420.0,-7727.0,227200,1531.5715749263763,30
-6100.0,-6169.0,-7580.0,227214,1531.5905559062958,30
-5960.0,-6325.0,-7518.0,227218,1531.5960240364075,30
-6420.0,-5727.0,-7691.0,227246,1531.6359050273895,30
-7710.0,-9404.0,-4163.0,227346,1531.7661170959473,30
-6971.0,-8918.0,-5553.0,227550,1532.0294110774994,30
-6775.0,-8355.0,-6072.0,227600,1532.0925378799438,30
-7175.0,-9253.0,-5034.0,227662,1532.1661689281464,30
-7263.0,-8721.0,-5639.0,227700,1532.2114369869232,30
-7417.0,-9354.0,-4449.0,227760,1532.284509897232,30
-7854.0,-9393.0,-4176.0,227798,1532.3335559368134,30
-8410.0,-6010.0,-7128.0,228110,1532.7663159370422,31
-8697.0,-5963.0,-6991.0,228114,1532.769653081894,31
-8271.0,-6832.0,-6751.0,228122,1532.7756009101868,31
-7667.0,-7425.0,-6711.0,228124,1532.7836139202118,31
-8193.0,-6896.0,-6742.0,228126,1532.787062883377,31
-7498.0,-7610.0,-6527.0,228136,1532.7937240600586,31
-7686.0,-6944.0,-6918.0,228146,1532.8005640506744,31
-7532.0,-4726.0,-7806.0,228166,1532.8125128746033,31
-6217.0,-6089.0,-7536.0,228200,1532.8330628871918,31
-7842.0,-6848.0,-6867.0,228204,1532.8373959064484,31
-7920.0,-6784.0,-6876.0,228208,1532.8404970169067,31
-7552.0,-8320.0,-6058.0,228270,1532.9306180477142,31
-7630.0,-8256.0,-6067.0,228276,1532.935294866562,31
-7622.0,-8286.0,-6056.0,228280,1533.0477349758148,31
-8720.0,-6271.0,-6800.0,228292,1533.0583140850067,31
-8778.0,-6995.0,-6437.0,228336,1533.0839340686798,31
-8174.0,-7588.0,-6397.0,228338,1533.0871229171753,31
-8700.0,-7059.0,-6428.0,228344,1533.0913500785828,31
-9415.0,-6458.0,-6214.0,228352,1533.1022539138794,31
-9271.0,-6537.0,-6305.0,228364,1533.1121530532837,31
-7574.0,-7449.0,-6714.0,228368,1533.117793083191,31
-9714.0,-6410.0,-5955.0,228404,1533.1477670669556,31
-8890.0,-5829.0,-6957.0,228420,1533.1576070785522,31
-8948.0,-6553.0,-6594.0,228452,1533.1749448776245,31
-8344.0,-7146.0,-6554.0,228454,1533.1781170368195,31
-8870.0,-6617.0,-6585.0,228460,1533.182916879654,31
-10826.0,-6557.0,-4362.0,228468,1533.1886010169983,31
-9880.0,-6058.0,-6045.0,228480,1533.1963539123535,31
-8292.0,-7198.0,-6441.0,228484,1533.2062530517578,31
-8537.0,-4703.0,-7271.0,228502,1533.216980934143,31
-9134.0,-6429.0,-6519.0,228522,1533.2288880348206,31
-9363.0,-6159.0,-6453.0,228530,1533.23432803154,31
-9441.0,-6095.0,-6462.0,228546,1533.2442700862885,31
-10324.0,-5125.0,-5731.0,228564,1533.257287979126,31
-10132.0,-5225.0,-5993.0,228566,1533.265587091446,31
-9847.0,-5336.0,-6246.0,228586,1533.2788960933685,31
-9655.0,-5436.0,-6508.0,228592,1533.2840349674225,31
-7744.0,-7007.0,-6871.0,228596,1533.2880580425262,31
-10484.0,-7754.0,-3480.0,228638,1533.3123888969421,31
-10725.0,-6897.0,-4299.0,228644,1533.3213639259338,31
-10715.0,-7662.0,-4771.0,228652,1533.3307030200958,31
-10035.0,-8526.0,-3293.0,228658,1533.3405480384827,31
-10484.0,-8081.0,-3440.0,228660,1533.3483679294586,31
-8893.0,-6925.0,-6394.0,228676,1533.360405921936,31
-10849.0,-6865.0,-4171.0,228682,1533.3657310009003,31
-9856.0,-6637.0,-5763.0,228684,1533.3704109191895,31
-10771.0,-6929.0,-4162.0,228692,1533.3754920959473,31
-10733.0,-7275.0,-3824.0,228720,1533.3986339569092,31
-10888.0,-6624.0,-4251.0,228722,1533.401293039322,31
-11080.0,-6524.0,-3989.0,228724,1533.4045960903168,31
-9895.0,-6396.0,-5843.0,228738,1533.4134879112244,31
-9488.0,-6528.0,-6147.0,228740,1533.415489912033,31
-8251.0,-7170.0,-6557.0,228742,1533.4245290756226,31
-10729.0,-6354.0,-4841.0,228760,1533.435317993164,31
-10780.0,-6856.0,-4317.0,228766,1533.4403929710388,31
-10306.0,-6372.0,-5410.0,228768,1533.4428050518036,31
-10353.0,-6101.0,-5501.0,228774,1533.4474229812622,31
-10822.0,-6811.0,-4333.0,228782,1533.4535989761353,31
-9348.0,-6119.0,-6465.0,228790,1533.4592719078064,31
-8855.0,-6577.0,-6597.0,228792,1533.4677710533142,31
-9829.0,-6583.0,-5925.0,228796,1533.472284078598,31
-10457.0,-8027.0,-3602.0,228812,1533.482383966446,31
-10906.0,-7255.0,-3789.0,228816,1533.485398054123,31
-10722.0,-6902.0,-4187.0,228822,1533.4923729896545,31
-10780.0,-7264.0,-3831.0,228830,1533.5021550655365,31
-10744.0,-6875.0,-4324.0,228860,1533.5208389759064,31
-10855.0,-6753.0,-4313.0,228862,1533.523498058319,31
-10832.0,-7212.0,-3944.0,228866,1533.5279350280762,31
-9751.0,-6647.0,-5916.0,228872,1533.5338170528412,31
-10345.0,-6131.0,-5490.0,228882,1533.5405609607697,31
-10275.0,-6165.0,-5492.0,228892,1533.5518219470978,31
-7942.0,-9412.0,-4093.0,228914,1533.5652658939362,31
-8449.0,-9329.0,-3884.0,228916,1533.5679659843445,31
-9139.0,-8983.0,-3593.0,228918,1533.5706949234009,31
-8937.0,-9017.0,-4938.0,228922,1533.5749208927155,31
-8121.0,-9371.0,-3836.0,228926,1533.586874961853,31
-8811.0,-9025.0,-3545.0,228928,1533.5896608829498,31
-9359.0,-8191.0,-5287.0,228930,1533.5917420387268,31
-7932.0,-8019.0,-6093.0,228942,1533.600172996521,31
-7798.0,-8815.0,-5258.0,228960,1533.613352060318,31
-7710.0,-8843.0,-5274.0,228964,1533.61727309227,31
-7526.0,-8566.0,-5707.0,228968,1533.6277289390564,31
-7562.0,-8955.0,-5214.0,228978,1533.6349229812622,31
-8909.0,-8456.0,-5640.0,228980,1533.6370329856873,31
-9250.0,-6731.0,-6298.0,228982,1533.641273021698,31
-10272.0,-7790.0,-4884.0,229004,1533.6548080444336,31
-9293.0,-8919.0,-3627.0,229016,1533.6685049533844,31
-9983.0,-8573.0,-3336.0,229018,1533.6711599826813,31
-9753.0,-8046.0,-5383.0,229024,1533.6760020256042,31
-9727.0,-8300.0,-4903.0,229028,1533.6828939914703,31
-9162.0,-9073.0,-3420.0,229032,1533.6912059783936,31
-8472.0,-9419.0,-3711.0,229034,1533.6954770088196,31
-9779.0,-8248.0,-5016.0,229038,1533.7005689144135,31
-7787.0,-7528.0,-6511.0,229044,1533.7062330245972,31
-7638.0,-8092.0,-6174.0,229086,1533.730870962143,31
-8287.0,-6638.0,-6869.0,229108,1533.7484030723572,31
-7683.0,-7231.0,-6829.0,229112,1533.752942085266,31
-6584.0,-5943.0,-7529.0,229116,1533.756679058075,31
-8209.0,-6702.0,-6860.0,229120,1533.759882926941,31
-7631.0,-7283.0,-6716.0,229124,1533.7633218765259,31
-6724.0,-3831.0,-7991.0,229126,1533.7653539180756,31
-6563.0,-4050.0,-8064.0,229130,1533.7684888839722,31
-6437.0,-3878.0,-8128.0,229132,1533.770807981491,31
-7876.0,-4788.0,-7546.0,229142,1533.7824158668518,31
-7590.0,-7255.0,-6832.0,229180,1533.8045620918274,31
-8194.0,-6662.0,-6872.0,229194,1533.818547964096,31
-9266.0,-6537.0,-6416.0,229250,1533.8499290943146,31
-8604.0,-7180.0,-6364.0,229264,1533.8654201030731,31
-10288.0,-7596.0,-5002.0,229284,1533.8769738674164,31
-9769.0,-7852.0,-5501.0,229288,1533.8820168972015,31
-9743.0,-8106.0,-5021.0,229290,1533.8856809139252,31
-9795.0,-8054.0,-5134.0,229296,1533.889797925949,31
-5700.0,-6426.0,-7493.0,229300,1533.893814086914,31
-7061.0,-7963.0,-6490.0,229328,1533.9153048992157,31
-7139.0,-7899.0,-6499.0,229330,1533.9178259372711,31
-7131.0,-7929.0,-6488.0,229334,1533.9214329719543,31
-7493.0,-7610.0,-6638.0,229342,1533.927757024765,31
-6914.0,-7277.0,-6962.0,229356,1533.9373960494995,31
-5966.0,-6692.0,-7303.0,229360,1533.941174030304,31
-6998.0,-6616.0,-7277.0,229364,1533.944226026535,31
-6836.0,-7341.0,-6953.0,229370,1533.948343038559,31
-6122.0,-5600.0,-7842.0,229396,1533.9630489349365,31
-6549.0,-5397.0,-7767.0,229398,1533.9711248874664,31
-6759.0,-5628.0,-7667.0,229400,1533.973846912384,31
-6046.0,-6851.0,-7186.0,229402,1533.9776599407196,31
-6310.0,-6400.0,-7480.0,229404,1533.9809548854828,31
-7083.0,-7092.0,-7146.0,229408,1533.986191034317,31
-6258.0,-6452.0,-7367.0,229426,1534.0038080215454,31
-7031.0,-7144.0,-7033.0,229430,1534.0083510875702,31
-6388.0,-5866.0,-7652.0,229438,1534.0146679878235,31
-6226.0,-6591.0,-7328.0,229440,1534.0167970657349,31
-7336.0,-6451.0,-7311.0,229444,1534.0207779407501,31
-5850.0,-6408.0,-7497.0,229448,1534.0245480537415,31
-6765.0,-7535.0,-6709.0,229450,1534.0317239761353,31
-7258.0,-6515.0,-7302.0,229454,1534.0361189842224,31
-7483.0,-7137.0,-6839.0,229460,1534.0405480861664,31
-6868.0,-8331.0,-6069.0,229464,1534.0443370342255,31
-7553.0,-7103.0,-6837.0,229466,1534.0471448898315,31
-6465.0,-5448.0,-7812.0,229468,1534.0495569705963,31
-7281.0,-9497.0,-4368.0,229474,1534.0540978908539,31
-7788.0,-9414.0,-4159.0,229476,1534.0563859939575,31
-7512.0,-9404.0,-4224.0,229478,1534.063805103302,31
-8276.0,-9102.0,-5213.0,229480,1534.067353963852,31
-7244.0,-8511.0,-5946.0,229492,1534.0821840763092,31
-7659.0,-8792.0,-5451.0,229494,1534.0894711017609,31
-7349.0,-9205.0,-5025.0,229498,1534.0934109687805,31
-7335.0,-8595.0,-5787.0,229500,1534.096184015274,31
-7387.0,-8543.0,-5900.0,229502,1534.0992970466614,31
-5873.0,-6716.0,-7306.0,229508,1534.1051449775696,31
-7323.0,-8052.0,-6481.0,229518,1534.1135630607605,31
-7271.0,-8104.0,-6368.0,229520,1534.1260070800781,31
-6973.0,-7977.0,-6519.0,229522,1534.128900051117,31
-6800.0,-8555.0,-6037.0,229528,1534.1344809532166,31
-7215.0,-8836.0,-5542.0,229532,1534.145075082779,31
-7083.0,-8431.0,-6053.0,229536,1534.1485369205475,31
-7219.0,-8597.0,-5926.0,229542,1534.1548810005188,31
-6943.0,-8587.0,-5991.0,229544,1534.158303976059,31
-6733.0,-8356.0,-6091.0,229546,1534.1630311012268,31
-6133.0,-6615.0,-7331.0,229550,1534.1719059944153,31
-7504.0,-8410.0,-5971.0,229552,1534.1753931045532,31
-7060.0,-8454.0,-6062.0,229554,1534.1784000396729,31
-6968.0,-7987.0,-6493.0,229564,1534.1884369850159,31
-6953.0,-8547.0,-5931.0,229572,1534.1937909126282,31
-7005.0,-8495.0,-6044.0,229574,1534.2003750801086,31
-7581.0,-8856.0,-5442.0,229576,1534.2037019729614,31
-7137.0,-8900.0,-5533.0,229578,1534.2065620422363,31
-6926.0,-8954.0,-5509.0,229586,1534.2129139900208,31
-7049.0,-8928.0,-5549.0,229590,1534.216413974762,31
-7257.0,-8659.0,-5778.0,229592,1534.2190160751343,31
-6813.0,-8703.0,-5869.0,229594,1534.2213480472565,31
-7271.0,-9269.0,-5016.0,229596,1534.2291209697723,31
-7309.0,-8607.0,-5891.0,229598,1534.2330498695374,31
-6865.0,-8651.0,-5982.0,229600,1534.2358889579773,31
-7038.0,-7953.0,-6491.0,229604,1534.2394590377808,31
-7460.0,-7127.0,-6840.0,229606,1534.2416610717773,31
-6728.0,-8366.0,-6065.0,229610,1534.2448410987854,31
-7341.0,-9235.0,-5014.0,229622,1534.2522990703583,31
-6725.0,-8386.0,-6080.0,229626,1534.2553899288177,31
-7253.0,-9263.0,-5030.0,229634,1534.261792898178,31
-7201.0,-9391.0,-4952.0,229638,1534.2704479694366,31
-6901.0,-9040.0,-5489.0,229644,1534.2758219242096,31
-8248.0,-8541.0,-5915.0,229646,1534.2782170772552,31
-7050.0,-7559.0,-6679.0,229650,1534.2929220199585,31
-7433.0,-8464.0,-6003.0,229656,1534.2974090576172,31
-7637.0,-8799.0,-5484.0,229666,1534.3064370155334,31
-9043.0,-8287.0,-5480.0,229674,1534.3129539489746,31
-8325.0,-8123.0,-6075.0,229678,1534.3178000450134,31
-7255.0,-8751.0,-5628.0,229680,1534.325366973877,31
-7559.0,-8863.0,-5475.0,229682,1534.3284549713135,31
-7629.0,-8829.0,-5473.0,229686,1534.333298921585,31
-7185.0,-8873.0,-5564.0,229688,1534.3361959457397,31
-9201.0,-8894.0,-4602.0,229696,1534.342549085617,31
-7762.0,-9660.0,-3808.0,229698,1534.3446068763733,31
-7227.0,-9509.0,-4679.0,229704,1534.349366903305,31
-7319.0,-9242.0,-5047.0,229706,1534.357990026474,31
-6739.0,-5914.0,-7527.0,229730,1534.37508893013,31
-7265.0,-7325.0,-6837.0,229740,1534.381607055664,31
-7687.0,-6499.0,-7186.0,229742,1534.3848209381104,31
-6816.0,-5496.0,-7687.0,229752,1534.3916471004486,31
-7632.0,-6871.0,-6986.0,229768,1534.4073679447174,31
-6646.0,-5938.0,-7530.0,229770,1534.4104480743408,31
-7272.0,-8077.0,-6281.0,229772,1534.4128630161285,31
-7857.0,-7493.0,-6523.0,229782,1534.4196000099182,31
-7686.0,-8643.0,-5662.0,229790,1534.4252779483795,31
-7242.0,-8687.0,-5753.0,229792,1534.4342830181122,31
-9242.0,-8190.0,-5403.0,229806,1534.4448158740997,31
-7430.0,-8029.0,-6250.0,229826,1534.4569840431213,31
-7608.0,-8707.0,-5653.0,229844,1534.4673430919647,31
-7164.0,-8751.0,-5744.0,229846,1534.47128200531,31
-8715.0,-9025.0,-3772.0,229850,1534.476058959961,31
-9164.0,-8254.0,-5394.0,229852,1534.4780728816986,31
-7849.0,-7523.0,-6512.0,229858,1534.4885020256042,31
-10045.0,-8484.0,-4345.0,229862,1534.4926369190216,31
-9092.0,-8131.0,-5658.0,229866,1534.4971280097961,31
-7337.0,-8053.0,-6253.0,229870,1534.501426935196,31
-9368.0,-8589.0,-4875.0,229876,1534.5058720111847,31
-9118.0,-8333.0,-5291.0,229880,1534.5095949172974,31
