z1,z2,z3,node,time,depth
1512.0,2196.0,2275.0,1,0.019479036331176758,1
1554.0,2504.0,1829.0,1,0.019483089447021484,1
1590.0,3556.0,1613.0,1,0.019488096237182617,1
1988.0,2827.0,1226.0,1,0.019491910934448242,1
2384.0,3202.0,1107.0,1,0.019496917724609375,1
2197.0,2581.0,1168.0,1,0.0195009708404541,1
903.0,2971.0,3734.0,1,0.019505023956298828,1
1324.0,2005.0,3057.0,1,0.019509077072143555,1
1137.0,2297.0,3618.0,1,0.019514083862304688,1
926.0,2734.0,3444.0,1,0.019518136978149414,1
1156.0,3233.0,2216.0,1,0.019523143768310547,1
1114.0,2925.0,2662.0,1,0.019527912139892578,1
1763.0,2258.0,1771.0,1,0.019531965255737305,1
3888.0,2596.0,878.0,1,0.019536972045898438,1
2593.0,2956.0,1049.0,1,0.019541025161743164,1
5243.0,986.0,3706.0,1,0.01954507827758789,1
5540.0,1142.0,2939.0,1,0.019550085067749023,1
4830.0,1524.0,1659.0,1,0.01955413818359375,1
3901.0,1724.0,1466.0,1,0.019559144973754883,1
4043.0,1541.0,1777.0,1,0.019562959671020508,1
3956.0,1224.0,2859.0,1,0.01956796646118164,1
2529.0,1629.0,2217.0,1,0.019572019577026367,1
2547.0,1352.0,2941.0,1,0.019576072692871094,1
1885.0,2224.0,1707.0,1,0.019581079483032227,1
4688.0,1707.0,1348.0,1,0.019585132598876953,1
3986.0,2380.0,968.0,1,0.019590139389038086,1
4456.0,1003.0,3824.0,1,0.01959395408630371,1
4253.0,1380.0,2092.0,1,0.019598007202148438,1
4333.0,1141.0,3126.0,1,0.01960301399230957,1
5040.0,1363.0,1974.0,1,0.019607067108154297,1
4630.0,1297.0,2359.0,1,0.01961207389831543,1
4743.0,1207.0,2741.0,1,0.019616127014160156,1
3413.0,1392.0,2330.0,1,0.01962113380432129,1
2861.0,1434.0,2468.0,1,0.019626140594482422,1
2090.0,1376.0,3503.0,1,0.019629955291748047,1
2278.0,1567.0,2721.0,1,0.019634008407592773,1
2425.0,1386.0,3005.0,1,0.019639015197753906,1
4281.0,962.0,4229.0,1,0.019643068313598633,1
4024.0,986.0,4744.0,1,0.01964712142944336,1
2818.0,1194.0,3999.0,1,0.019652128219604492,1
3195.0,1111.0,4266.0,1,0.019655942916870117,1
2212.0,1342.0,3439.0,1,0.019659996032714844,1
3203.0,1553.0,2015.0,1,0.019665002822875977,1
3061.0,1736.0,1704.0,1,0.019669055938720703,1
2651.0,1595.0,2153.0,1,0.019674062728881836,1
3615.0,2798.0,870.0,1,0.019678115844726562,1
3246.0,2876.0,906.0,1,0.019683122634887695,1
3037.0,2569.0,930.0,1,0.01968693733215332,1
3298.0,1193.0,3402.0,1,0.019690990447998047,1
2800.0,1321.0,2919.0,1,0.019695043563842773,1
4833.0,920.0,4091.0,1,0.0196990966796875,1
1777.0,3624.0,1518.0,2,0.03971409797668457,2
1930.0,1857.0,3617.0,2,0.03972196578979492,2
2696.0,1228.0,4063.0,2,0.039730072021484375,2
1113.0,2802.0,3349.0,2,0.03975391387939453,2
1343.0,3301.0,2121.0,2,0.03975796699523926,2
1301.0,2993.0,2567.0,2,0.039762020111083984,2
2725.0,2212.0,1469.0,2,0.03977012634277344,2
2456.0,2745.0,1132.0,2,0.03977394104003906,2
2144.0,2388.0,1671.0,2,0.03980612754821777,2
3491.0,1583.0,1915.0,2,0.039849042892456055,2
3701.0,1422.0,2230.0,2,0.039856910705566406,2
2910.0,1759.0,2117.0,2,0.03987312316894531,2
3904.0,1045.0,3962.0,2,0.039880990982055664,2
3705.0,1162.0,3363.0,2,0.03988909721374512,2
3153.0,1204.0,3501.0,2,0.03989291191101074,2
3194.0,1427.0,2682.0,2,0.03989696502685547,2
3387.0,1340.0,2703.0,2,0.039916038513183594,2
3404.0,1266.0,2997.0,2,0.03992009162902832,2
3990.0,1536.0,1897.0,3,0.05579996109008789,2
3146.0,2392.0,1206.0,3,0.05581998825073242,2
3738.0,1130.0,3700.0,3,0.05583596229553223,2
4200.0,1375.0,2212.0,3,0.05584001541137695,2
3848.0,1719.0,1586.0,3,0.055848121643066406,2
3792.0,1216.0,3079.0,3,0.05589699745178223,2
3790.0,1309.0,2597.0,3,0.05590105056762695,2
4290.0,1088.0,3562.0,3,0.05590510368347168,2
2406.0,2888.0,1144.0,3,0.05592513084411621,2
2775.0,2810.0,1108.0,3,0.055928945541381836,2
3041.0,1217.0,3917.0,3,0.05593299865722656,2
4123.0,1302.0,2811.0,5,0.0904850959777832,3
4533.0,1368.0,2426.0,5,0.09048891067504883,3
1283.0,3049.0,2588.0,5,0.09050107002258301,3
3746.0,1385.0,2544.0,5,0.09052491188049316,3
4420.0,1458.0,2044.0,5,0.09056997299194336,3
1303.0,3052.0,2500.0,6,0.10575413703918457,3
1046.0,3076.0,3015.0,6,0.10575699806213379,3
2935.0,1757.0,1980.0,6,0.10579299926757812,3
2525.0,1616.0,2429.0,6,0.10581803321838379,3
2403.0,1650.0,2493.0,6,0.10582208633422852,3
2233.0,2430.0,1600.0,6,0.10585403442382812,3
1701.0,2323.0,2113.0,6,0.10586214065551758,3
1325.0,2488.0,2836.0,7,0.11924004554748535,3
1073.0,3218.0,2973.0,7,0.11927199363708496,3
1096.0,2981.0,2683.0,7,0.11927604675292969,3
3580.0,1470.0,2282.0,7,0.11929202079772949,3
2777.0,1450.0,2924.0,7,0.11931514739990234,3
2400.0,1533.0,2657.0,7,0.11931896209716797,3
3030.0,1419.0,2902.0,7,0.11933207511901855,3
2653.0,1502.0,2635.0,7,0.11933612823486328,3
3747.0,1069.0,4128.0,8,0.1393439769744873,4
4576.0,944.0,4606.0,8,0.1394181251525879,4
3370.0,1152.0,3861.0,8,0.13943791389465332,4
4925.0,1164.0,3046.0,9,0.15573406219482422,4
3781.0,1183.0,3264.0,9,0.15577411651611328,4
4138.0,1181.0,3164.0,9,0.1557779312133789,4
2828.0,2815.0,988.0,10,0.16930508613586426,4
4415.0,1909.0,1340.0,10,0.16935300827026367,4
3628.0,1926.0,1458.0,10,0.16936492919921875,4
3240.0,1521.0,2419.0,10,0.1693730354309082,4
2926.0,2599.0,1078.0,10,0.16939210891723633,4
2637.0,1961.0,2109.0,10,0.1694319248199463,4
2474.0,2150.0,1973.0,10,0.16944003105163574,4
1552.0,3055.0,2063.0,11,0.1794440746307373,4
2827.0,1320.0,3332.0,12,0.19831299781799316,4
3162.0,1330.0,2834.0,12,0.19832110404968262,4
3913.0,1171.0,3295.0,12,0.19834113121032715,4
3415.0,1299.0,2812.0,12,0.19834494590759277,4
3587.0,1304.0,2801.0,13,0.21159696578979492,4
4085.0,1176.0,3284.0,13,0.21160101890563965,4
2159.0,2107.0,2088.0,13,0.21161699295043945,4
1528.0,3683.0,1731.0,14,0.22690510749816895,4
2437.0,2182.0,1569.0,14,0.22691702842712402,4
2186.0,2120.0,2073.0,14,0.22696399688720703,4
2086.0,2611.0,1316.0,14,0.2270040512084961,4
1946.0,2519.0,1672.0,14,0.22700810432434082,4
1676.0,2470.0,1765.0,15,0.2382500171661377,4
3028.0,1512.0,2420.0,15,0.23830199241638184,4
3530.0,1121.0,3768.0,18,0.29337096214294434,5
3579.0,1456.0,2294.0,18,0.29338693618774414,5
4078.0,1339.0,2497.0,18,0.29339098930358887,5
3031.0,1238.0,3565.0,18,0.29340696334838867,5
3282.0,1300.0,3061.0,18,0.2934150695800781,5
1235.0,2768.0,3285.0,19,0.3043849468231201,5
2052.0,1823.0,3553.0,19,0.30439305305480957,5
3647.0,1069.0,4477.0,19,0.3044090270996094,5
3594.0,2813.0,920.0,22,0.3403921127319336,5
2804.0,2682.0,1146.0,22,0.3404510021209717,5
4128.0,2197.0,1279.0,23,0.34883809089660645,5
3277.0,2170.0,1331.0,23,0.348858118057251,5
3199.0,2397.0,1086.0,23,0.3488619327545166,5
2873.0,1884.0,2098.0,24,0.3689401149749756,5
3539.0,1247.0,3101.0,24,0.36899709701538086,5
1758.0,1674.0,3841.0,26,0.39875102043151855,5
1271.0,2596.0,3452.0,26,0.39880895614624023,5
1568.0,1891.0,4396.0,26,0.39881300926208496,5
1845.0,2025.0,2561.0,27,0.41057395935058594,5
2098.0,1994.0,2539.0,27,0.41057801246643066,5
1446.0,1971.0,2993.0,27,0.4105849266052246,5
2375.0,2309.0,1687.0,28,0.42830491065979004,5
3438.0,1653.0,1971.0,28,0.4283130168914795,5
2999.0,1863.0,1822.0,28,0.4283170700073242,5
3141.0,1680.0,2133.0,28,0.42832112312316895,5
1727.0,3767.0,1530.0,28,0.4283449649810791,5
1926.0,2954.0,1344.0,28,0.42834901809692383,5
2135.0,2708.0,1286.0,28,0.4283730983734131,5
2024.0,2738.0,1434.0,28,0.4283769130706787,5
2256.0,1831.0,2209.0,30,0.44988203048706055,5
1946.0,1865.0,3059.0,30,0.4498860836029053,5
2378.0,1797.0,2145.0,30,0.44991397857666016,5
2262.0,2141.0,1974.0,31,0.4608900547027588,5
1887.0,2131.0,2189.0,31,0.46091294288635254,5
2011.0,2079.0,2478.0,31,0.4609410762786865,5
1634.0,2162.0,2211.0,31,0.46094512939453125,5
4082.0,1079.0,3630.0,32,0.48319005966186523,6
4753.0,1159.0,3057.0,33,0.49925994873046875,6
4199.0,1027.0,4339.0,33,0.4992680549621582,6
4174.0,1323.0,2585.0,36,0.5497839450836182,6
4016.0,1215.0,3228.0,36,0.5498189926147461,6
3320.0,1900.0,1668.0,44,0.6428570747375488,6
3868.0,1500.0,2182.0,45,0.6528129577636719,6
2618.0,2573.0,1288.0,46,0.6602299213409424,6
2603.0,2246.0,1533.0,47,0.668956995010376,6
2711.0,2065.0,1950.0,51,0.7328159809112549,6
2061.0,1949.0,2886.0,51,0.7328479290008545,6
2146.0,1674.0,3008.0,52,0.7476050853729248,6
1716.0,2121.0,2601.0,54,0.770643949508667,6
1444.0,2347.0,2628.0,54,0.770672082901001,6
1838.0,2087.0,2537.0,54,0.7706799507141113,6
1723.0,2059.0,2625.0,55,0.779742956161499,6
1548.0,3248.0,2059.0,58,0.8108670711517334,6
2068.0,1831.0,2995.0,60,0.8282439708709717,6
1278.0,3199.0,2152.0,62,0.8453390598297119,6
1236.0,2891.0,2598.0,62,0.8453431129455566,6
1218.0,2947.0,2619.0,62,0.8453631401062012,6
4002.0,1318.0,2596.0,67,0.9193670749664307,7
3525.0,1103.0,4541.0,75,1.0197551250457764,7
3782.0,1079.0,4026.0,75,1.0197639465332031,7
1914.0,3835.0,1435.0,82,1.0943191051483154,7
3369.0,1617.0,1979.0,90,1.1731700897216797,7
1880.0,1640.0,3777.0,104,1.332517147064209,7
2919.0,1251.0,3981.0,105,1.3410379886627197,7
2739.0,1468.0,2532.0,107,1.3620290756225586,7
3176.0,1227.0,3466.0,107,1.3620340824127197,7
1023.0,3313.0,3305.0,108,1.370574951171875,7
2037.0,2141.0,2152.0,111,1.3918910026550293,7
1737.0,3437.0,1673.0,114,1.4192390441894531,7
2297.0,2536.0,1442.0,115,1.4277911186218262,7
2439.0,2089.0,2051.0,116,1.4360620975494385,7
2088.0,1784.0,3276.0,122,1.4800310134887695,7
1415.0,3410.0,2069.0,124,1.4940290451049805,7
1365.0,2987.0,2158.0,126,1.5058059692382812,7
1494.0,2252.0,2296.0,127,1.5097451210021973,7
2164.0,1993.0,2819.0,142,1.721764087677002,8
1465.0,3267.0,2057.0,167,1.9724760055541992,8
2966.0,2510.0,1302.0,177,2.0549919605255127,8
2975.0,2696.0,1048.0,187,2.121134042739868,8
3156.0,1416.0,2845.0,198,2.2543580532073975,8
1811.0,1788.0,3838.0,206,2.3287129402160645,8
1259.0,2263.0,3554.0,214,2.4428179264068604,8
1827.0,2081.0,2582.0,219,2.4822981357574463,8
1705.0,2115.0,2646.0,221,2.4939260482788086,8
1505.0,3920.0,2021.0,228,2.554487943649292,8
1799.0,3310.0,1555.0,230,2.568556070327759,8
2359.0,2409.0,1324.0,231,2.577333927154541,8
2788.0,1938.0,1696.0,231,2.5773539543151855,8
2930.0,1755.0,2007.0,231,2.5773861408233643,8
2228.0,2428.0,1627.0,231,2.57738995552063,8
1487.0,2953.0,2094.0,248,2.6897051334381104,8
1616.0,2218.0,2232.0,249,2.6941869258880615,8
1367.0,2796.0,2390.0,251,2.7044811248779297,8
1307.0,2544.0,2857.0,251,2.704486131668091,8
4578.0,1118.0,3462.0,276,2.9643959999084473,9
3222.0,2116.0,1578.0,326,3.365593910217285,9
2025.0,1634.0,4000.0,377,3.755635976791382,9
1900.0,1593.0,4058.0,382,3.7937440872192383,9
1689.0,1822.0,3902.0,383,3.7982230186462402,9
1257.0,2639.0,3189.0,394,3.8867111206054688,9
2726.0,2065.0,1814.0,416,4.035218000411987,9
2963.0,1952.0,1614.0,422,4.078516006469727,9
2690.0,2154.0,1606.0,422,4.078520059585571,9
2712.0,1890.0,2118.0,425,4.093364000320435,9
2260.0,1623.0,2742.0,451,4.24581503868103,9
1489.0,2762.0,2326.0,457,4.279273986816406,9
1429.0,2510.0,2793.0,457,4.279278039932251,9
1091.0,3162.0,2952.0,460,4.290601968765259,9
1133.0,3470.0,2506.0,460,4.290610074996948,9
1487.0,2842.0,2295.0,460,4.290621995925903,9
2766.0,2942.0,1106.0,521,4.772542953491211,10
3566.0,2053.0,1576.0,521,4.772555112838745,10
3457.0,2111.0,1585.0,556,5.041914939880371,10
3215.0,2297.0,1449.0,579,5.155288934707642,10
3140.0,1594.0,2322.0,601,5.308125972747803,10
2652.0,1279.0,3737.0,620,5.4268670082092285,10
2529.0,1408.0,2962.0,635,5.588989973068237,10
2407.0,1442.0,3026.0,641,5.629511117935181,10
1777.0,1974.0,2988.0,644,5.65244197845459,10
1886.0,1908.0,3291.0,645,5.658339023590088,10
2868.0,1882.0,2125.0,680,5.857306957244873,10
2199.0,2488.0,1650.0,685,5.888015985488892,10
2382.0,1589.0,2678.0,715,6.0398030281066895,10
1427.0,2590.0,2762.0,753,6.219933032989502,10
5130.0,1076.0,3324.0,761,6.258863925933838,11
3135.0,1260.0,3522.0,817,6.731282949447632,11
3137.0,2524.0,1204.0,891,7.150394916534424,11
2983.0,1282.0,3732.0,940,7.428048133850098,11
2987.0,1289.0,3239.0,964,7.558773994445801,11
3240.0,1258.0,3217.0,964,7.5587780475616455,11
3238.0,1351.0,2735.0,964,7.55878210067749,11
3575.0,1921.0,1578.0,1005,7.740559101104736,11
3477.0,2137.0,1488.0,1005,7.740579128265381,11
1688.0,3340.0,1703.0,1040,7.958132982254028,11
1921.0,3165.0,1692.0,1040,7.958137035369873,11
3369.0,1396.0,2724.0,1191,8.785176992416382,12
4590.0,1923.0,1258.0,1240,9.031323909759521,12
3803.0,1940.0,1376.0,1240,9.03134799003601,12
3334.0,1335.0,2823.0,1360,9.633976936340332,12
1048.0,2700.0,3380.0,1394,9.74885892868042,12
1626.0,3467.0,1821.0,1433,9.964194059371948,12
4317.0,2125.0,1250.0,1610,10.779492139816284,13
3530.0,2142.0,1368.0,1610,10.77949595451355,13
4202.0,1282.0,2694.0,1684,11.069884061813354,13
2543.0,1345.0,3434.0,1738,11.357306957244873,13
1185.0,2911.0,3297.0,1815,11.626220941543579,13
3512.0,1177.0,3789.0,2007,12.501953125,14
4278.0,1641.0,1733.0,2075,12.81204104423523,14
3981.0,1668.0,1895.0,2498,14.43791913986206,15
3839.0,1851.0,1584.0,2500,14.44525694847107,15
