z1,z2,z3,node,time,depth
8102.0,10659.0,10770.0,1,0.026207923889160156,1
11323.0,7459.0,10299.0,1,0.026211977005004883,1
11648.0,7797.0,9650.0,1,0.0262148380279541,1
11815.0,8081.0,9290.0,1,0.026217937469482422,1
9784.0,8614.0,11169.0,1,0.026221036911010742,1
8151.0,10619.0,10100.0,1,0.026227951049804688,1
7726.0,11434.0,10002.0,1,0.026230812072753906,1
8298.0,11615.0,9457.0,1,0.026233911514282227,1
10943.0,10576.0,8338.0,1,0.026237010955810547,1
9192.0,11289.0,8903.0,1,0.026239871978759766,1
8899.0,11081.0,9169.0,1,0.026243925094604492,1
11210.0,7512.0,10099.0,1,0.026247024536132812,1
11395.0,8324.0,9280.0,1,0.02624988555908203,1
11377.0,7796.0,9739.0,1,0.02625298500061035,1
10802.0,8046.0,9827.0,1,0.02625894546508789,1
10421.0,7997.0,10426.0,1,0.02626180648803711,1
9272.0,9196.0,10403.0,1,0.02627086639404297,1
8498.0,10031.0,10372.0,1,0.02627396583557129,1
11793.0,9462.0,8574.0,1,0.026276826858520508,1
10163.0,10965.0,8452.0,1,0.026279926300048828,1
8063.0,10960.0,9924.0,1,0.02628302574157715,1
11833.0,8609.0,8831.0,1,0.026285886764526367,1
9385.0,9160.0,9858.0,1,0.026288986206054688,1
10006.0,8678.0,9723.0,1,0.026294946670532227,1
9632.0,8771.0,10858.0,1,0.026297807693481445,1
9550.0,8857.0,10907.0,1,0.026300907135009766,1
8631.0,9872.0,10885.0,1,0.026304960250854492,1
10819.0,10175.0,8412.0,1,0.02631402015686035,1
8248.0,11335.0,9569.0,1,0.02631998062133789,1
9529.0,10815.0,8825.0,1,0.02632904052734375,1
10860.0,9746.0,8556.0,1,0.026345014572143555,1
9183.0,9760.0,9615.0,1,0.026350975036621094,1
10406.0,8687.0,9476.0,1,0.026362895965576172,1
8924.0,9536.0,11028.0,1,0.02636885643005371,1
8873.0,9594.0,10733.0,1,0.02637195587158203,1
8986.0,9558.0,10188.0,2,0.05870699882507324,2
9730.0,8670.0,11167.0,2,0.0587158203125,2
11272.0,9664.0,8676.0,2,0.05871891975402832,2
8744.0,9836.0,10340.0,2,0.05872297286987305,2
8833.0,10942.0,9528.0,2,0.05875086784362793,2
11957.0,9010.0,8757.0,2,0.05876493453979492,2
9416.0,10242.0,9229.0,2,0.058786869049072266,2
10825.0,10032.0,8686.0,2,0.0588068962097168,2
8593.0,10757.0,9835.0,2,0.05882000923156738,2
12072.0,9327.0,8715.0,2,0.0588228702545166,2
11728.0,9455.0,8700.0,2,0.05882692337036133,2
10139.0,9938.0,8945.0,2,0.05884194374084473,2
8813.0,10685.0,9619.0,2,0.058844804763793945,2
8835.0,10479.0,9683.0,2,0.058847904205322266,2
11157.0,9347.0,8718.0,2,0.058851003646850586,2
11834.0,9033.0,8718.0,3,0.08373188972473145,2
8957.0,10634.0,9370.0,3,0.08376288414001465,2
11816.0,8505.0,9177.0,3,0.08378100395202637,2
9045.0,10293.0,9546.0,3,0.08380293846130371,2
9911.0,10328.0,8862.0,3,0.08380603790283203,2
11518.0,8662.0,9190.0,3,0.08382391929626465,2
10800.0,8954.0,9343.0,3,0.08383584022521973,2
8891.0,9885.0,10338.0,4,0.11060690879821777,3
9745.0,8735.0,10313.0,4,0.11061286926269531,3
10004.0,8942.0,9645.0,4,0.11064887046813965,3
9415.0,10516.0,9251.0,4,0.11065793037414551,3
10292.0,10186.0,8906.0,4,0.11066102981567383,3
10737.0,8627.0,9417.0,5,0.1255629062652588,3
10502.0,8277.0,10269.0,5,0.1255660057067871,3
9037.0,9500.0,10483.0,5,0.12557482719421387,3
10095.0,8393.0,10796.0,5,0.1255810260772705,3
9713.0,8762.0,10596.0,5,0.12558388710021973,3
10804.0,10513.0,8695.0,5,0.12563300132751465,3
8219.0,10538.0,10118.0,6,0.14617300033569336,3
11667.0,8749.0,9078.0,6,0.14618492126464844,3
10845.0,9396.0,8914.0,6,0.14618802070617676,3
10581.0,9229.0,9244.0,6,0.14619088172912598,3
9271.0,9364.0,10653.0,6,0.14620685577392578,3
9368.0,9263.0,10317.0,6,0.1462099552154541,3
9113.0,10212.0,9564.0,6,0.14621400833129883,3
10010.0,10032.0,9094.0,7,0.16187691688537598,3
8771.0,10187.0,9953.0,7,0.1618959903717041,3
9343.0,10368.0,9408.0,7,0.16190481185913086,3
11775.0,8934.0,9033.0,7,0.1619110107421875,3
10784.0,9197.0,9125.0,7,0.16192102432250977,3
10778.0,7814.0,10700.0,8,0.18411898612976074,4
9782.0,8926.0,10292.0,8,0.18412184715270996,4
10346.0,8180.0,10759.0,8,0.18413782119750977,4
10799.0,8530.0,9456.0,8,0.18419599533081055,4
10082.0,10019.0,9069.0,8,0.18420195579528809,4
10181.0,8528.0,9962.0,8,0.18422389030456543,4
10719.0,9062.0,9167.0,8,0.1842329502105713,4
10534.0,7944.0,10626.0,9,0.19990181922912598,4
10959.0,9289.0,8985.0,9,0.19992494583129883,4
10739.0,9818.0,8896.0,9,0.1999518871307373,4
10512.0,9657.0,8995.0,9,0.19996094703674316,4
10237.0,9424.0,9259.0,9,0.19996380805969238,4
8671.0,10414.0,10249.0,9,0.19997382164001465,4
8762.0,10364.0,9881.0,10,0.21088600158691406,4
10515.0,10310.0,8862.0,10,0.2109079360961914,4
8985.0,10027.0,10005.0,11,0.22773289680480957,4
9487.0,9827.0,9425.0,11,0.22774195671081543,4
9172.0,10005.0,9605.0,11,0.22774481773376465,4
10852.0,8944.0,9375.0,11,0.22776293754577637,4
10423.0,9840.0,8926.0,11,0.2277660369873047,4
8648.0,10501.0,10083.0,11,0.22777199745178223,4
9150.0,10301.0,9503.0,11,0.2277848720550537,4
9465.0,10796.0,9139.0,11,0.22780585289001465,4
9632.0,9811.0,9550.0,12,0.24267101287841797,4
9372.0,11359.0,8881.0,12,0.2426738739013672,4
10343.0,11035.0,8430.0,12,0.2426919937133789,4
9628.0,11028.0,8774.0,12,0.24269485473632812,4
9870.0,10757.0,8718.0,12,0.24270081520080566,4
8635.0,11141.0,9379.0,13,0.2566859722137451,4
11917.0,9863.0,8500.0,13,0.25669193267822266,4
9270.0,9460.0,10325.0,13,0.2567009925842285,4
11958.0,9434.0,8644.0,13,0.25672197341918945,4
11725.0,8952.0,9030.0,13,0.25672483444213867,4
10179.0,9484.0,9413.0,13,0.256727933883667,4
8742.0,9942.0,10438.0,13,0.25673699378967285,4
8352.0,10379.0,10631.0,13,0.2567429542541504,4
8284.0,10460.0,10613.0,13,0.2567470073699951,4
10984.0,10147.0,8482.0,13,0.25674986839294434,4
9685.0,10393.0,9019.0,13,0.25676488876342773,4
9617.0,10474.0,9001.0,13,0.25676798820495605,4
10751.0,9665.0,8868.0,13,0.2567708492279053,4
10068.0,8564.0,10507.0,14,0.26935696601867676,4
11584.0,8860.0,9164.0,14,0.26940298080444336,4
11140.0,9243.0,9064.0,15,0.28005194664001465,4
10485.0,9743.0,8965.0,17,0.31730198860168457,5
11948.0,8926.0,8789.0,17,0.3173379898071289,5
11001.0,7943.0,10335.0,17,0.3173408508300781,5
11664.0,9024.0,8808.0,17,0.3173558712005615,5
11648.0,8312.0,9479.0,17,0.3173708915710449,5
10352.0,8350.0,10036.0,18,0.330657958984375,5
9236.0,9389.0,10793.0,18,0.3307039737701416,5
9548.0,9076.0,10577.0,18,0.3307068347930908,5
9763.0,9263.0,9854.0,19,0.3450038433074951,5
9930.0,9547.0,9494.0,19,0.34501004219055176,5
10439.0,8525.0,9967.0,19,0.34502196311950684,5
10368.0,9832.0,9045.0,19,0.34504103660583496,5
9476.0,9424.0,9758.0,20,0.35814380645751953,5
10903.0,9346.0,9113.0,20,0.35814690589904785,5
9238.0,9504.0,9863.0,20,0.35817790031433105,5
8963.0,9790.0,10611.0,20,0.3581838607788086,5
10172.0,9397.0,9419.0,20,0.3581960201263428,5
9859.0,9388.0,9582.0,20,0.358198881149292,5
10116.0,9109.0,9552.0,21,0.36855387687683105,5
8941.0,10165.0,10226.0,22,0.3803839683532715,5
9245.0,10868.0,9355.0,22,0.380389928817749,5
9487.0,10590.0,9203.0,22,0.38039684295654297,5
9824.0,10116.0,9125.0,22,0.38041186332702637,5
9771.0,9729.0,9406.0,23,0.39421987533569336,5
10384.0,10606.0,8574.0,24,0.4081559181213379,5
10566.0,10698.0,8554.0,25,0.41800785064697266,5
10611.0,9548.0,8965.0,25,0.4180419445037842,5
7855.0,11299.0,10288.0,26,0.4291269779205322,5
10309.0,10426.0,8711.0,26,0.42922496795654297,5
9930.0,10483.0,8838.0,27,0.44271397590637207,5
9070.0,10212.0,9827.0,28,0.4556248188018799,5
10117.0,9533.0,9439.0,28,0.4556739330291748,5
10738.0,9051.0,9304.0,28,0.4556758403778076,5
9452.0,9054.0,10915.0,31,0.4829368591308594,5
10394.0,8855.0,9648.0,32,0.4982309341430664,6
10647.0,8197.0,10186.0,33,0.5073368549346924,6
10534.0,8250.0,9986.0,33,0.5073399543762207,6
11139.0,8819.0,9177.0,33,0.5073459148406982,6
11305.0,8577.0,9431.0,34,0.5281188488006592,6
10564.0,9581.0,9139.0,34,0.5281248092651367,6
10161.0,9857.0,9243.0,34,0.528127908706665,6
9942.0,9649.0,9459.0,37,0.5638518333435059,6
10201.0,9548.0,9405.0,38,0.5743279457092285,6
9912.0,9019.0,9953.0,39,0.5823688507080078,6
9866.0,9337.0,9761.0,40,0.5928540229797363,6
9709.0,9906.0,9372.0,40,0.5928568840026855,6
9806.0,10155.0,9232.0,40,0.592871904373169,6
10405.0,9879.0,9033.0,41,0.6055049896240234,6
9784.0,10361.0,9168.0,41,0.6055078506469727,6
10803.0,8825.0,9391.0,42,0.6134588718414307,6
10182.0,9307.0,9526.0,42,0.6134679317474365,6
9420.0,9098.0,10453.0,43,0.6235740184783936,6
10387.0,9351.0,9492.0,43,0.6235928535461426,6
9802.0,10322.0,9061.0,45,0.6440298557281494,6
9150.0,10211.0,9541.0,46,0.654973030090332,6
8930.0,10283.0,9757.0,47,0.6621840000152588,6
8721.0,11613.0,9281.0,48,0.6764638423919678,6
9896.0,9978.0,9220.0,49,0.6875879764556885,6
11626.0,9178.0,8934.0,50,0.6941540241241455,6
10570.0,9977.0,8821.0,50,0.6941759586334229,6
7988.0,11140.0,10801.0,52,0.717059850692749,6
10806.0,9409.0,9116.0,53,0.7253680229187012,6
10218.0,10709.0,8700.0,54,0.7382698059082031,6
9742.0,11569.0,8718.0,54,0.7382729053497314,6
9364.0,11088.0,8984.0,54,0.7382910251617432,6
9027.0,11562.0,9062.0,54,0.7383058071136475,6
8771.0,11893.0,9169.0,54,0.7383089065551758,6
8723.0,10800.0,9555.0,54,0.7383120059967041,6
9985.0,10227.0,9086.0,54,0.7383179664611816,6
8620.0,11108.0,9448.0,55,0.7483358383178711,6
9753.0,9633.0,9731.0,56,0.7594268321990967,6
10744.0,9497.0,9159.0,57,0.7679159641265869,6
9964.0,9886.0,9273.0,57,0.7679188251495361,6
9525.0,9043.0,10981.0,60,0.792104959487915,6
11228.0,8040.0,9640.0,64,0.8278059959411621,7
11533.0,7995.0,9521.0,65,0.8411228656768799,7
11761.0,7744.0,9850.0,65,0.8411259651184082,7
11226.0,9061.0,9063.0,65,0.8411469459533691,7
10891.0,7761.0,10900.0,65,0.841156005859375,7
10990.0,9063.0,9078.0,66,0.8511109352111816,7
11580.0,9132.0,8973.0,69,0.8996758460998535,7
11219.0,9208.0,9030.0,70,0.9124448299407959,7
11094.0,9016.0,9272.0,71,0.9259898662567139,7
10241.0,8280.0,10483.0,76,0.9724400043487549,7
9565.0,9018.0,10370.0,76,0.9724459648132324,7
10479.0,8200.0,10378.0,76,0.9724729061126709,7
10350.0,9304.0,9504.0,78,0.9918680191040039,7
9764.0,9650.0,9620.0,80,1.0052239894866943,7
9471.0,9986.0,9477.0,80,1.0052399635314941,7
9018.0,9942.0,9933.0,81,1.0125608444213867,7
9260.0,9664.0,9781.0,81,1.012584924697876,7
9844.0,9543.0,9697.0,83,1.0312018394470215,7
10072.0,8876.0,9697.0,84,1.038774013519287,7
9451.0,9358.0,9832.0,84,1.0387768745422363,7
9826.0,9015.0,10156.0,86,1.0498509407043457,7
10502.0,9678.0,9100.0,91,1.08894681930542,7
9007.0,10278.0,9764.0,92,1.0995519161224365,7
9322.0,10100.0,9584.0,92,1.0995769500732422,7
8670.0,10752.0,9842.0,92,1.0995829105377197,7
8985.0,10574.0,9662.0,92,1.099586009979248,7
9258.0,10588.0,9421.0,94,1.112421989440918,7
10793.0,10859.0,8455.0,96,1.1325678825378418,7
10217.0,10322.0,8934.0,97,1.143064022064209,7
9662.0,10130.0,9271.0,98,1.1516749858856201,7
9220.0,10891.0,9114.0,98,1.1516900062561035,7
10596.0,9198.0,9323.0,100,1.1676080226898193,7
10687.0,10199.0,8763.0,102,1.1810829639434814,7
10389.0,10356.0,8776.0,106,1.2205169200897217,7
8506.0,11045.0,9888.0,106,1.2205259799957275,7
9489.0,12092.0,8860.0,108,1.2386598587036133,7
8791.0,10719.0,9573.0,108,1.2386748790740967,7
8449.0,10278.0,10295.0,109,1.246150016784668,7
8464.0,10628.0,9937.0,109,1.2461588382720947,7
10148.0,10615.0,8810.0,110,1.258544921875,7
10026.0,9789.0,9312.0,112,1.2760028839111328,7
9256.0,9480.0,10426.0,116,1.3037829399108887,7
9338.0,9394.0,10377.0,116,1.303786039352417,7
8939.0,9792.0,10707.0,116,1.3038039207458496,7
11623.0,7983.0,9724.0,128,1.3925058841705322,8
11352.0,7982.0,9813.0,128,1.3925158977508545,8
11790.0,8267.0,9364.0,128,1.3925189971923828,8
11808.0,8795.0,8905.0,128,1.392521858215332,8
11185.0,7698.0,10173.0,128,1.3925278186798096,8
11203.0,8226.0,9714.0,128,1.3925340175628662,8
11370.0,8510.0,9354.0,128,1.3925518989562988,8
11030.0,7795.0,10156.0,130,1.4162249565124512,8
11341.0,7987.0,9840.0,130,1.4162399768829346,8
11048.0,8323.0,9697.0,130,1.4162428379058838,8
11779.0,8272.0,9391.0,130,1.416245937347412,8
11281.0,8805.0,9311.0,130,1.4162709712982178,8
10449.0,8599.0,9896.0,130,1.4162919521331787,8
11268.0,7715.0,10051.0,131,1.4250550270080566,8
10372.0,9061.0,9584.0,133,1.4407680034637451,8
11555.0,8943.0,9120.0,142,1.5503478050231934,8
11501.0,9294.0,8799.0,143,1.5604798793792725,8
10297.0,8606.0,9788.0,147,1.5971670150756836,8
10530.0,9088.0,9402.0,147,1.5971698760986328,8
9199.0,10378.0,9495.0,163,1.7070338726043701,8
9573.0,9673.0,9618.0,163,1.7070488929748535,8
9856.0,8673.0,10655.0,168,1.7406389713287354,8
9607.0,9076.0,10053.0,168,1.7406480312347412,8
9806.0,9054.0,10135.0,169,1.7453868389129639,8
8810.0,10034.0,10314.0,174,1.7692949771881104,8
9910.0,10699.0,8941.0,177,1.7908718585968018,8
10489.0,10038.0,8900.0,182,1.8305590152740479,8
10086.0,10314.0,9004.0,182,1.8305740356445312,8
8801.0,11543.0,9346.0,194,1.921630859375,8
9376.0,10469.0,9308.0,196,1.940006971359253,8
10607.0,10269.0,8698.0,206,2.000586986541748,8
10735.0,9949.0,8891.0,214,2.0845799446105957,8
10710.0,10094.0,8724.0,215,2.088536024093628,8
8378.0,11545.0,9522.0,216,2.1009788513183594,8
9107.0,11492.0,9127.0,216,2.1009819507598877,8
8851.0,11823.0,9234.0,216,2.100984811782837,8
8715.0,11071.0,9444.0,216,2.1009910106658936,8
9444.0,11018.0,9049.0,216,2.1010119915008545,8
9021.0,10459.0,9750.0,218,2.1236798763275146,8
8757.0,10292.0,10080.0,219,2.1289169788360596,8
9272.0,11219.0,8968.0,222,2.155179023742676,8
9609.0,10745.0,8890.0,222,2.15519380569458,8
9990.0,11418.0,8659.0,222,2.155200958251953,8
11005.0,7981.0,10230.0,258,2.398460865020752,9
10924.0,7857.0,10629.0,259,2.4102909564971924,9
10687.0,8519.0,9791.0,261,2.4249629974365234,9
11724.0,8528.0,9143.0,261,2.4249658584594727,9
11286.0,8243.0,9592.0,261,2.424968957901001,9
10993.0,8579.0,9449.0,261,2.42497181892395,9
10605.0,9543.0,9198.0,265,2.4587128162384033,9
9818.0,10240.0,9147.0,278,2.5917270183563232,9
11334.0,9010.0,9159.0,282,2.6258769035339355,9
9989.0,8943.0,10031.0,287,2.656237840652466,9
9935.0,8999.0,10029.0,287,2.6562650203704834,9
10212.0,8428.0,10662.0,300,2.7338409423828125,9
9858.0,8682.0,10513.0,301,2.7404708862304688,9
9366.0,9350.0,10324.0,315,2.8186209201812744,9
9073.0,9686.0,10181.0,315,2.8186299800872803,9
9052.0,9756.0,10162.0,330,2.8916208744049072,9
9365.0,9354.0,10205.0,340,2.9543440341949463,9
9215.0,9349.0,11137.0,340,2.9543468952178955,9
8751.0,10609.0,9871.0,358,3.0796098709106445,9
8921.0,11062.0,9499.0,365,3.110318899154663,9
9434.0,10203.0,9484.0,365,3.110327959060669,9
10090.0,11558.0,8572.0,378,3.2077229022979736,9
10549.0,10248.0,8808.0,378,3.207726001739502,9
9591.0,10240.0,9406.0,385,3.2558858394622803,9
11585.0,8835.0,9127.0,391,3.3451499938964844,9
11544.0,9264.0,8983.0,391,3.3451569080352783,9
10804.0,9825.0,8770.0,400,3.3927578926086426,9
11809.0,9219.0,8792.0,400,3.392760992050171,9
10811.0,10600.0,8689.0,409,3.4772839546203613,9
8999.0,10149.0,10004.0,410,3.48480486869812,9
10138.0,9913.0,9269.0,411,3.4903550148010254,9
8624.0,10897.0,9812.0,416,3.523486852645874,9
8753.0,10345.0,10105.0,417,3.5353658199310303,9
8792.0,10907.0,9529.0,417,3.535411834716797,9
8438.0,10523.0,10285.0,417,3.535421848297119,9
8448.0,10912.0,9960.0,422,3.5737509727478027,9
9029.0,10577.0,9569.0,428,3.617668867111206,9
9591.0,10784.0,8997.0,428,3.6176810264587402,9
9601.0,10758.0,9024.0,430,3.6236748695373535,9
9944.0,9875.0,9361.0,435,3.65840482711792,9
9669.0,8962.0,10837.0,450,3.734937906265259,9
8564.0,10229.0,10346.0,454,3.7500998973846436,9
8755.0,10471.0,9976.0,454,3.7501089572906494,9
9745.0,8718.0,11058.0,477,3.882767915725708,9
11666.0,8325.0,9191.0,482,3.9192569255828857,10
11790.0,8726.0,9117.0,492,3.9942498207092285,10
11103.0,9010.0,9278.0,497,4.020900011062622,10
10701.0,8534.0,9626.0,500,4.042016983032227,10
10912.0,8477.0,9656.0,500,4.042019844055176,10
10268.0,9803.0,9231.0,518,4.207617998123169,10
10389.0,9281.0,9449.0,532,4.298275947570801,10
10292.0,9168.0,9507.0,538,4.327139854431152,10
9839.0,9124.0,9963.0,539,4.330500841140747,10
10036.0,8531.0,11167.0,558,4.4469239711761475,10
9925.0,9586.0,9556.0,592,4.61064600944519,10
10698.0,9543.0,9176.0,592,4.61064887046814,10
8828.0,10562.0,9855.0,602,4.649077892303467,10
9658.0,9018.0,10348.0,620,4.7116858959198,10
10467.0,10334.0,8857.0,690,5.092680931091309,10
10465.0,10004.0,8905.0,750,5.433602809906006,10
10397.0,10085.0,8887.0,750,5.433605909347534,10
8692.0,10816.0,9830.0,752,5.449225902557373,10
7967.0,11357.0,10269.0,753,5.462770938873291,10
8199.0,11712.0,9714.0,754,5.47621488571167,10
9342.0,10586.0,9406.0,775,5.6077539920806885,10
9358.0,10302.0,9383.0,777,5.662089824676514,10
9513.0,11099.0,8848.0,779,5.667418956756592,10
10702.0,9283.0,9174.0,786,5.712761878967285,10
10718.0,9040.0,9392.0,788,5.723291873931885,10
11096.0,7993.0,10130.0,862,6.04933500289917,11
11334.0,7913.0,10025.0,866,6.080251932144165,11
11599.0,8193.0,9495.0,866,6.080294847488403,11
11352.0,8441.0,9566.0,870,6.105271816253662,11
11561.0,9171.0,9060.0,918,6.436956882476807,11
10162.0,8304.0,11108.0,972,6.696260929107666,11
9974.0,10211.0,9104.0,1082,7.067255020141602,11
10421.0,9752.0,9253.0,1083,7.071159839630127,11
10131.0,11129.0,8716.0,1156,7.436553955078125,11
10176.0,10751.0,8790.0,1162,7.4598658084869385,11
10555.0,9627.0,9179.0,1192,7.594959020614624,11
8536.0,11238.0,9636.0,1263,7.995290994644165,11
8619.0,11425.0,9402.0,1272,8.116163969039917,11
9108.0,11419.0,9091.0,1273,8.120074987411499,11
8941.0,10918.0,9393.0,1295,8.218448877334595,11
9910.0,11488.0,8594.0,1302,8.239233016967773,11
11641.0,8511.0,9265.0,1382,8.544848918914795,12
11005.0,7763.0,10783.0,1391,8.585943937301636,12
10694.0,9248.0,9241.0,1431,8.788997888565063,12
9894.0,8868.0,10211.0,1528,9.233572006225586,12
10171.0,8537.0,10621.0,1552,9.323688983917236,12
10329.0,8195.0,11310.0,1556,9.346774816513062,12
10307.0,8478.0,10457.0,1562,9.371027946472168,12
10216.0,8248.0,11110.0,1563,9.378042936325073,12
9720.0,8921.0,10387.0,1564,9.381994009017944,12
9508.0,9013.0,11280.0,1667,9.661864995956421,12
10359.0,10792.0,8648.0,1770,10.062978029251099,12
8328.0,11265.0,9634.0,1772,10.072166919708252,12
9300.0,10821.0,9179.0,1772,10.072173833847046,12
8979.0,11011.0,9234.0,1772,10.072176933288574,12
8135.0,10903.0,10123.0,1886,10.637123823165894,12
7859.0,11275.0,10515.0,1889,10.654536962509155,12
9188.0,11349.0,9156.0,1893,10.683213949203491,12
8707.0,11084.0,9578.0,1894,10.688182830810547,12
10216.0,8466.0,10557.0,2200,11.696038007736206,13
10396.0,8183.0,10500.0,2210,11.73105788230896,13
8569.0,11145.0,9514.0,2392,12.310190916061401,13
8059.0,11208.0,10308.0,2502,12.730923891067505,13
9016.0,11814.0,9148.0,2528,12.859195947647095,13
11118.0,7710.0,10983.0,2665,13.274205923080444,14
11132.0,9533.0,8792.0,2700,13.382328987121582,14
11114.0,9005.0,9251.0,2718,13.415910005569458,14
8649.0,11075.0,9579.0,2952,14.099586009979248,14
8008.0,11248.0,10310.0,3066,14.491736888885498,14
10868.0,8244.0,9801.0,3224,14.903695821762085,15
8047.0,11244.0,9947.0,3522,15.83345890045166,15
8035.0,11276.0,10287.0,3823,16.60422682762146,16
