z1,z2,z3,node,time,depth
-2063.0,-3827.0,-3260.0,1,0.00164794921875,1
-2195.0,-3151.0,-3116.0,28,0.021986961364746094,5
-2340.0,-3288.0,-2945.0,64,0.041754961013793945,7
-2672.0,-3299.0,-2828.0,76,0.04674196243286133,7
-1997.0,-4130.0,-2863.0,120,0.06682896614074707,8
-2071.0,-3466.0,-2634.0,134,0.07216882705688477,8
-1799.0,-3199.0,-3339.0,154,0.0794830322265625,8
-1865.0,-2896.0,-3736.0,158,0.08091497421264648,8
-2624.0,-3021.0,-2871.0,168,0.08500885963439941,8
-2606.0,-3602.0,-2431.0,194,0.09447193145751953,9
-2408.0,-2671.0,-2907.0,214,0.10133099555969238,9
-2474.0,-2368.0,-3304.0,218,0.10257983207702637,9
-2129.0,-3454.0,-2719.0,222,0.10387182235717773,9
-2015.0,-3549.0,-3303.0,224,0.10456705093383789,9
