z1,z2,z3,node,time,depth
-38.0,-82.0,-55.0,1,0.03740406036376953,1
-81.0,-34.0,-41.0,1,0.03741002082824707,1
-51.0,-83.0,-36.0,1,0.0374150276184082,1
-42.0,-83.0,-49.0,1,0.03742098808288574,1
-52.0,-80.0,-50.0,1,0.03742694854736328,1
-66.0,-35.0,-74.0,1,0.03743314743041992,1
-58.0,-39.0,-78.0,1,0.03743910789489746,1
-55.0,-38.0,-79.0,1,0.037444114685058594,1
-43.0,-48.0,-77.0,1,0.03745007514953613,1
-49.0,-46.0,-77.0,1,0.03745603561401367,1
-50.0,-38.0,-80.0,1,0.03746199607849121,1
-81.0,-50.0,-30.0,1,0.037467002868652344,1
-80.0,-31.0,-48.0,1,0.03747296333312988,1
-80.0,-48.0,-37.0,1,0.03747916221618652,1
-81.0,-46.0,-34.0,1,0.03748512268066406,1
-77.0,-59.0,-36.0,1,0.0374910831451416,1
-69.0,-73.0,-35.0,1,0.037496089935302734,1
-61.0,-79.0,-30.0,1,0.03750205039978027,1
-48.0,-84.0,-41.0,1,0.03750801086425781,1
-65.0,-77.0,-33.0,1,0.03751397132873535,1
-58.0,-79.0,-41.0,1,0.037518978118896484,1
-68.0,-75.0,-33.0,1,0.03752493858337402,1
-68.0,-73.0,-38.0,1,0.037531137466430664,1
-58.0,-78.0,-45.0,1,0.0375361442565918,1
-33.0,-77.0,-63.0,1,0.037542104721069336,1
-40.0,-78.0,-61.0,1,0.037548065185546875,1
-42.0,-80.0,-58.0,1,0.037554025650024414,1
-71.0,-59.0,-49.0,1,0.03755998611450195,1
-57.0,-63.0,-66.0,1,0.037564992904663086,1
-47.0,-74.0,-63.0,1,0.037570953369140625,1
-35.0,-70.0,-68.0,1,0.037577152252197266,1
-30.0,-68.0,-69.0,1,0.037583112716674805,1
-72.0,-31.0,-68.0,1,0.037589073181152344,1
-63.0,-65.0,-57.0,1,0.03759407997131348,1
-58.0,-66.0,-62.0,1,0.037600040435791016,1
-61.0,-69.0,-55.0,1,0.037606000900268555,1
-53.0,-75.0,-58.0,1,0.037611961364746094,1
-65.0,-70.0,-48.0,1,0.037618160247802734,1
-39.0,-71.0,-67.0,1,0.03762412071228027,1
-70.0,-60.0,-50.0,1,0.03763008117675781,1
-71.0,-60.0,-48.0,1,0.037635087966918945,1
-75.0,-59.0,-41.0,1,0.037641048431396484,1
-72.0,-40.0,-63.0,1,0.03764700889587402,1
-40.0,-59.0,-73.0,1,0.03765296936035156,1
-46.0,-64.0,-70.0,1,0.037657976150512695,1
-56.0,-55.0,-72.0,1,0.037663936614990234,1
-49.0,-51.0,-75.0,1,0.037670135498046875,1
-53.0,-61.0,-70.0,1,0.037676095962524414,1
-46.0,-69.0,-67.0,1,0.03768110275268555,1
-51.0,-70.0,-65.0,1,0.037687063217163086,1
-62.0,-51.0,-70.0,1,0.037693023681640625,1
-62.0,-62.0,-61.0,1,0.03769803047180176,1
-78.0,-38.0,-51.0,1,0.0377039909362793,1
-73.0,-28.0,-67.0,1,0.037709951400756836,1
-78.0,-28.0,-54.0,1,0.03771495819091797,1
-75.0,-34.0,-60.0,1,0.03772115707397461,1
-76.0,-31.0,-59.0,1,0.03772711753845215,1
-79.0,-33.0,-51.0,1,0.03773212432861328,1
-53.0,-78.0,-53.0,1,0.03773808479309082,1
-60.0,-74.0,-49.0,1,0.03774404525756836,1
-68.0,-72.0,-40.0,1,0.0377500057220459,1
-76.0,-45.0,-51.0,1,0.03775501251220703,1
-77.0,-53.0,-42.0,1,0.03776097297668457,1
-75.0,-43.0,-55.0,1,0.03776717185974121,1
-70.0,-33.0,-71.0,1,0.03777313232421875,1
-74.0,-50.0,-51.0,1,0.03777813911437988,1
-76.0,-58.0,-40.0,1,0.03778409957885742,1
-75.0,-50.0,-49.0,1,0.03779006004333496,1
-68.0,-50.0,-62.0,1,0.037795066833496094,1
-69.0,-38.0,-69.0,1,0.03780102729797363,1
-65.0,-45.0,-70.0,1,0.03780698776245117,1
-73.0,-54.0,-49.0,2,0.0801229476928711,2
-51.0,-41.0,-78.0,2,0.0801401138305664,2
-48.0,-40.0,-79.0,2,0.08014512062072754,2
-49.0,-53.0,-74.0,2,0.08015108108520508,2
-72.0,-64.0,-41.0,2,0.08016300201416016,2
-60.0,-32.0,-76.0,2,0.0802609920501709,2
-58.0,-55.0,-68.0,2,0.08027195930480957,2
-56.0,-65.0,-63.0,2,0.08027815818786621,2
-49.0,-65.0,-68.0,2,0.08030009269714355,2
-70.0,-65.0,-44.0,2,0.0803060531616211,2
-60.0,-67.0,-58.0,2,0.08031702041625977,2
-65.0,-71.0,-46.0,2,0.0803229808807373,2
-66.0,-39.0,-70.0,2,0.08033394813537598,2
-72.0,-55.0,-50.0,2,0.08034014701843262,2
-64.0,-60.0,-59.0,2,0.08035111427307129,2
-69.0,-65.0,-46.0,2,0.08035707473754883,2
-67.0,-56.0,-58.0,2,0.08036303520202637,2
-69.0,-52.0,-58.0,2,0.0803680419921875,2
-61.0,-45.0,-71.0,2,0.08039712905883789,2
-53.0,-67.0,-64.0,2,0.08040308952331543,2
-70.0,-37.0,-67.0,2,0.08042001724243164,2
-66.0,-50.0,-64.0,2,0.08042597770690918,2
-63.0,-54.0,-65.0,2,0.08043694496154785,2
-70.0,-40.0,-65.0,2,0.08044195175170898,2
-73.0,-42.0,-59.0,2,0.08044815063476562,2
-68.0,-46.0,-64.0,2,0.08045315742492676,2
-45.0,-47.0,-77.0,3,0.11130714416503906,2
-72.0,-67.0,-35.0,3,0.11132502555847168,2
-76.0,-38.0,-55.0,3,0.11133694648742676,2
-73.0,-36.0,-63.0,3,0.11134195327758789,2
-79.0,-53.0,-33.0,3,0.11136603355407715,2
-66.0,-74.0,-38.0,3,0.11137199401855469,2
-59.0,-76.0,-46.0,3,0.11137795448303223,2
-52.0,-70.0,-64.0,3,0.11141300201416016,2
-43.0,-73.0,-64.0,3,0.1114189624786377,2
-50.0,-74.0,-61.0,3,0.11143016815185547,2
-55.0,-73.0,-57.0,3,0.11143612861633301,2
-42.0,-68.0,-68.0,3,0.11152410507202148,2
-39.0,-56.0,-74.0,3,0.11155295372009277,2
-46.0,-65.0,-69.0,3,0.11156511306762695,2
-46.0,-49.0,-76.0,4,0.15201210975646973,3
-43.0,-60.0,-72.0,4,0.15201807022094727,3
-49.0,-57.0,-72.0,4,0.1520240306854248,3
-56.0,-71.0,-57.0,4,0.152069091796875,3
-49.0,-77.0,-57.0,4,0.15218210220336914,3
-44.0,-77.0,-60.0,4,0.15218806266784668,3
-44.0,-72.0,-65.0,4,0.1522510051727295,3
-51.0,-74.0,-59.0,4,0.15226197242736816,3
-75.0,-35.0,-59.0,4,0.15227413177490234,3
-64.0,-75.0,-40.0,4,0.15232515335083008,3
-61.0,-73.0,-48.0,4,0.1523420810699463,3
-62.0,-52.0,-66.0,4,0.1523759365081787,3
-66.0,-71.0,-43.0,4,0.15238714218139648,3
-63.0,-69.0,-50.0,4,0.15239310264587402,3
-40.0,-73.0,-65.0,5,0.18158411979675293,3
-65.0,-75.0,-38.0,5,0.18160605430603027,3
-44.0,-54.0,-74.0,5,0.18161797523498535,3
-36.0,-72.0,-66.0,5,0.18162298202514648,3
-38.0,-63.0,-71.0,5,0.18162894248962402,3
-75.0,-54.0,-45.0,5,0.18165802955627441,3
-76.0,-59.0,-38.0,5,0.18166399002075195,3
-45.0,-78.0,-57.0,5,0.18171405792236328,3
-56.0,-78.0,-48.0,5,0.18172001838684082,3
-49.0,-79.0,-51.0,5,0.18172597885131836,3
-72.0,-44.0,-59.0,5,0.18178200721740723,3
-74.0,-54.0,-47.0,5,0.18178796768188477,3
-78.0,-52.0,-38.0,5,0.18183398246765137,3
-75.0,-47.0,-51.0,5,0.1818389892578125,3
-76.0,-42.0,-52.0,5,0.18184494972229004,3
-65.0,-50.0,-65.0,5,0.1818561553955078,3
-51.0,-72.0,-61.0,6,0.21151113510131836,3
-45.0,-52.0,-75.0,6,0.21155905723571777,3
-53.0,-66.0,-65.0,6,0.21157097816467285,3
-64.0,-58.0,-61.0,6,0.21158313751220703,3
-60.0,-62.0,-62.0,6,0.21160602569580078,3
-59.0,-59.0,-66.0,6,0.21161198616027832,3
-65.0,-61.0,-57.0,6,0.2116241455078125,3
-48.0,-48.0,-76.0,6,0.2116410732269287,3
-53.0,-40.0,-78.0,6,0.2116529941558838,3
-42.0,-57.0,-73.0,6,0.21165895462036133,3
-54.0,-57.0,-70.0,6,0.21168303489685059,3
-62.0,-37.0,-75.0,6,0.21168899536132812,3
-57.0,-41.0,-76.0,6,0.21169495582580566,3
-59.0,-49.0,-72.0,6,0.2117011547088623,3
-76.0,-49.0,-47.0,6,0.21173596382141113,3
-67.0,-42.0,-69.0,6,0.21175909042358398,3
-64.0,-47.0,-70.0,6,0.21178793907165527,3
-67.0,-51.0,-62.0,6,0.21180009841918945,3
-70.0,-66.0,-42.0,7,0.23782014846801758,3
-72.0,-52.0,-53.0,7,0.2378251552581787,3
-75.0,-52.0,-47.0,7,0.23787593841552734,3
-64.0,-71.0,-47.0,7,0.23788213729858398,3
-66.0,-67.0,-49.0,7,0.23792600631713867,3
-71.0,-53.0,-54.0,7,0.2379319667816162,3
-43.0,-70.0,-66.0,8,0.273514986038208,4
-46.0,-79.0,-56.0,8,0.273590087890625,4
-49.0,-82.0,-46.0,8,0.27359604835510254,4
-50.0,-53.0,-73.0,8,0.2736239433288574,4
-54.0,-77.0,-52.0,8,0.273669958114624,4
-58.0,-76.0,-48.0,8,0.27368807792663574,4
-41.0,-55.0,-74.0,8,0.27370500564575195,4
-38.0,-69.0,-68.0,8,0.2737100124359131,4
-44.0,-56.0,-73.0,8,0.2737159729003906,4
-68.0,-44.0,-65.0,8,0.2738461494445801,4
-65.0,-36.0,-71.0,8,0.2738521099090576,4
-41.0,-81.0,-55.0,9,0.3037400245666504,4
-47.0,-82.0,-47.0,9,0.30375099182128906,4
-54.0,-81.0,-40.0,9,0.30376315116882324,4
-63.0,-76.0,-34.0,9,0.3038599491119385,4
-70.0,-70.0,-35.0,9,0.3038661479949951,4
-36.0,-75.0,-64.0,9,0.3039219379425049,4
-73.0,-61.0,-40.0,9,0.3040120601654053,4
-44.0,-59.0,-72.0,10,0.33794593811035156,4
-60.0,-75.0,-47.0,10,0.338076114654541,4
-45.0,-66.0,-68.0,10,0.33809399604797363,4
-75.0,-45.0,-52.0,10,0.33812713623046875,4
-55.0,-71.0,-58.0,10,0.3381669521331787,4
-47.0,-76.0,-59.0,10,0.33817315101623535,4
-55.0,-74.0,-55.0,10,0.3381781578063965,4
-66.0,-56.0,-59.0,10,0.33819007873535156,4
-62.0,-63.0,-58.0,10,0.33820605278015137,4
-72.0,-42.0,-60.0,10,0.3382241725921631,4
-71.0,-43.0,-61.0,10,0.3382301330566406,4
-73.0,-39.0,-60.0,11,0.36307215690612793,4
-73.0,-58.0,-45.0,11,0.36310601234436035,4
-67.0,-62.0,-52.0,11,0.3631119728088379,4
-70.0,-55.0,-53.0,11,0.36311817169189453,4
-63.0,-72.0,-46.0,11,0.3631291389465332,4
-68.0,-42.0,-66.0,11,0.3631460666656494,4
-70.0,-41.0,-64.0,11,0.3631579875946045,4
-67.0,-63.0,-51.0,11,0.363192081451416,4
-60.0,-70.0,-54.0,11,0.36319804191589355,4
-77.0,-42.0,-48.0,12,0.3921079635620117,4
-73.0,-46.0,-55.0,12,0.39212512969970703,4
-52.0,-72.0,-59.0,12,0.39214301109313965,4
-56.0,-73.0,-55.0,12,0.39223408699035645,4
-59.0,-46.0,-73.0,12,0.39225196838378906,4
-72.0,-47.0,-56.0,12,0.3923029899597168,4
-64.0,-67.0,-52.0,12,0.39235997200012207,4
-54.0,-40.0,-77.0,13,0.417255163192749,4
-54.0,-75.0,-54.0,13,0.4173409938812256,4
-63.0,-38.0,-73.0,13,0.41735196113586426,4
-66.0,-45.0,-67.0,13,0.41736793518066406,4
-63.0,-67.0,-53.0,13,0.4174361228942871,4
-70.0,-63.0,-46.0,13,0.417464017868042,4
-56.0,-69.0,-60.0,14,0.44008517265319824,4
-57.0,-49.0,-74.0,14,0.44014501571655273,4
-54.0,-63.0,-67.0,14,0.4401509761810303,4
-57.0,-53.0,-72.0,14,0.4401569366455078,4
-49.0,-62.0,-69.0,14,0.44016194343566895,4
-49.0,-55.0,-73.0,14,0.44021010398864746,4
-52.0,-52.0,-74.0,14,0.440216064453125,4
-52.0,-56.0,-72.0,14,0.44022202491760254,4
-58.0,-69.0,-58.0,14,0.44025206565856934,4
-60.0,-45.0,-73.0,15,0.4569511413574219,4
-46.0,-60.0,-71.0,15,0.4570460319519043,4
-63.0,-59.0,-61.0,15,0.45708513259887695,4
-69.0,-61.0,-49.0,16,0.49741506576538086,5
-78.0,-48.0,-43.0,16,0.4976050853729248,5
-79.0,-44.0,-43.0,16,0.4976170063018799,5
-80.0,-38.0,-43.0,17,0.5269479751586914,5
-79.0,-42.0,-44.0,17,0.5269639492034912,5
-72.0,-33.0,-65.0,17,0.5269920825958252,5
-71.0,-46.0,-59.0,17,0.5270979404449463,5
-61.0,-70.0,-51.0,17,0.5271821022033691,5
-64.0,-72.0,-43.0,17,0.5271871089935303,5
-47.0,-77.0,-58.0,18,0.5595359802246094,5
-43.0,-76.0,-61.0,18,0.5595419406890869,5
-40.0,-71.0,-66.0,19,0.5822370052337646,5
-43.0,-61.0,-71.0,19,0.5822710990905762,5
-58.0,-70.0,-55.0,19,0.5823831558227539,5
-76.0,-39.0,-53.0,20,0.6098549365997314,5
-64.0,-68.0,-50.0,20,0.6098771095275879,5
-59.0,-72.0,-51.0,21,0.6313490867614746,5
-66.0,-64.0,-51.0,21,0.6314330101013184,5
-69.0,-58.0,-52.0,21,0.6314899921417236,5
-69.0,-59.0,-51.0,21,0.6314959526062012,5
-48.0,-58.0,-72.0,22,0.6536779403686523,5
-48.0,-62.0,-70.0,22,0.653771162033081,5
-46.0,-75.0,-60.0,22,0.6538009643554688,5
-70.0,-45.0,-61.0,22,0.6538360118865967,5
-60.0,-71.0,-51.0,23,0.6684579849243164,5
-58.0,-43.0,-74.0,23,0.6684839725494385,5
-55.0,-75.0,-52.0,24,0.7003519535064697,5
-60.0,-46.0,-72.0,24,0.7004711627960205,5
-58.0,-74.0,-51.0,25,0.7230620384216309,5
-59.0,-68.0,-57.0,28,0.7874159812927246,5
-66.0,-44.0,-69.0,28,0.7874560356140137,5
-69.0,-49.0,-61.0,28,0.7874619960784912,5
-64.0,-64.0,-56.0,28,0.7874729633331299,5
-63.0,-61.0,-60.0,28,0.7875120639801025,5
-58.0,-52.0,-71.0,28,0.7875180244445801,5
-54.0,-56.0,-71.0,28,0.7875230312347412,5
-67.0,-66.0,-48.0,28,0.7875289916992188,5
-55.0,-47.0,-75.0,29,0.8023600578308105,5
-72.0,-49.0,-55.0,29,0.8024320602416992,5
-47.0,-68.0,-67.0,30,0.8195469379425049,5
-53.0,-65.0,-67.0,30,0.8195860385894775,5
-60.0,-64.0,-60.0,30,0.8195919990539551,5
-57.0,-59.0,-68.0,30,0.8195979595184326,5
-61.0,-59.0,-63.0,30,0.8196029663085938,5
-59.0,-53.0,-70.0,30,0.8196141719818115,5
-54.0,-73.0,-58.0,31,0.8314101696014404,5
-70.0,-57.0,-51.0,32,0.869236946105957,6
-73.0,-60.0,-43.0,32,0.8692419528961182,6
-77.0,-50.0,-44.0,32,0.869300127029419,6
-74.0,-47.0,-52.0,32,0.8693349361419678,6
-78.0,-45.0,-45.0,33,0.9019651412963867,6
-76.0,-54.0,-43.0,33,0.9020400047302246,6
-78.0,-34.0,-52.0,33,0.902198076248169,6
-77.0,-37.0,-53.0,33,0.9022090435028076,6
-48.0,-75.0,-59.0,34,0.938460111618042,6
-60.0,-54.0,-66.0,34,0.9386081695556641,6
-50.0,-78.0,-54.0,36,0.9920361042022705,6
-48.0,-80.0,-52.0,36,0.9921720027923584,6
-55.0,-77.0,-50.0,36,0.9921779632568359,6
-40.0,-70.0,-67.0,36,0.9921841621398926,6
-39.0,-67.0,-69.0,36,0.9921901226043701,6
-51.0,-76.0,-54.0,39,1.0585110187530518,6
-72.0,-62.0,-42.0,41,1.116811990737915,6
-54.0,-74.0,-56.0,44,1.1777560710906982,6
-61.0,-66.0,-56.0,44,1.1778321266174316,6
-62.0,-41.0,-72.0,45,1.1950280666351318,6
-48.0,-74.0,-62.0,46,1.21197509765625,6
-53.0,-71.0,-60.0,46,1.212022066116333,6
-64.0,-40.0,-71.0,48,1.2518601417541504,6
-56.0,-44.0,-75.0,48,1.2518770694732666,6
-59.0,-36.0,-76.0,49,1.2765140533447266,6
-59.0,-74.0,-50.0,50,1.3005900382995605,6
-61.0,-39.0,-74.0,52,1.3418340682983398,6
-67.0,-60.0,-54.0,52,1.3418450355529785,6
-71.0,-48.0,-57.0,52,1.3419630527496338,6
-68.0,-63.0,-49.0,53,1.360563039779663,6
-70.0,-54.0,-54.0,53,1.3606441020965576,6
-64.0,-49.0,-67.0,56,1.409891128540039,6
-64.0,-53.0,-64.0,56,1.4099531173706055,6
-58.0,-48.0,-73.0,57,1.4260640144348145,6
-73.0,-49.0,-52.0,57,1.4261021614074707,6
-70.0,-46.0,-60.0,57,1.426164150238037,6
-62.0,-68.0,-53.0,58,1.4401161670684814,6
-67.0,-64.0,-50.0,58,1.4401271343231201,6
-51.0,-66.0,-67.0,60,1.467108964920044,6
-50.0,-59.0,-71.0,61,1.480644941329956,6
-63.0,-71.0,-48.0,62,1.491318941116333,6
-60.0,-69.0,-56.0,62,1.491347074508667,6
-60.0,-66.0,-59.0,63,1.500303030014038,6
-81.0,-38.0,-37.0,64,1.539776086807251,7
-80.0,-42.0,-40.0,64,1.5397820472717285,7
-37.0,-76.0,-62.0,64,1.5398330688476562,7
-75.0,-55.0,-43.0,64,1.539924144744873,7
-74.0,-64.0,-32.0,64,1.5399529933929443,7
-73.0,-66.0,-32.0,64,1.5399589538574219,7
-56.0,-76.0,-49.0,65,1.5755269527435303,7
-71.0,-68.0,-33.0,65,1.5756340026855469,7
-74.0,-34.0,-61.0,66,1.6050701141357422,7
-65.0,-46.0,-66.0,70,1.703516960144043,7
-68.0,-60.0,-51.0,70,1.703577995300293,7
-46.0,-81.0,-48.0,72,1.7552180290222168,7
-44.0,-80.0,-55.0,72,1.7552239894866943,7
-62.0,-76.0,-38.0,74,1.8037691116333008,7
-53.0,-79.0,-48.0,74,1.803818941116333,7
-63.0,-68.0,-51.0,80,1.929211139678955,7
-67.0,-69.0,-44.0,80,1.9292171001434326,7
-74.0,-46.0,-53.0,84,2.0177929401397705,7
-70.0,-48.0,-58.0,86,2.0549449920654297,7
-54.0,-70.0,-60.0,94,2.1728551387786865,7
-67.0,-68.0,-46.0,101,2.3054239749908447,7
-69.0,-54.0,-55.0,104,2.3626041412353516,7
-61.0,-57.0,-65.0,106,2.3948769569396973,7
-66.0,-60.0,-56.0,106,2.3948941230773926,7
-54.0,-52.0,-73.0,112,2.4729790687561035,7
-69.0,-53.0,-56.0,112,2.47310209274292,7
-56.0,-56.0,-69.0,112,2.4731180667877197,7
-61.0,-42.0,-73.0,113,2.4892420768737793,7
-67.0,-52.0,-60.0,113,2.489269971847534,7
-55.0,-45.0,-76.0,113,2.489280939102173,7
-65.0,-63.0,-55.0,118,2.54903507232666,7
-62.0,-58.0,-63.0,118,2.5490520000457764,7
-54.0,-59.0,-69.0,118,2.549067974090576,7
-57.0,-69.0,-59.0,118,2.549074172973633,7
-68.0,-58.0,-54.0,119,2.5572099685668945,7
-65.0,-55.0,-62.0,119,2.557237148284912,7
-58.0,-56.0,-67.0,121,2.5814011096954346,7
-57.0,-70.0,-57.0,124,2.611917018890381,7
-44.0,-83.0,-47.0,128,2.6727330684661865,8
-74.0,-56.0,-44.0,128,2.67287015914917,8
-78.0,-42.0,-46.0,128,2.6728761196136475,8
-80.0,-36.0,-44.0,128,2.6729609966278076,8
-79.0,-40.0,-45.0,128,2.6729719638824463,8
-45.0,-82.0,-49.0,129,2.705808162689209,8
-79.0,-52.0,-36.0,130,2.7368459701538086,8
-74.0,-61.0,-36.0,130,2.7370500564575195,8
-79.0,-50.0,-38.0,131,2.7615010738372803,8
-75.0,-36.0,-57.0,137,2.913435935974121,8
-42.0,-75.0,-62.0,145,3.089207172393799,8
-63.0,-75.0,-41.0,150,3.1986939907073975,8
-57.0,-73.0,-52.0,152,3.2341270446777344,8
-61.0,-71.0,-49.0,164,3.460226058959961,8
-68.0,-59.0,-52.0,164,3.4602811336517334,8
-50.0,-48.0,-75.0,174,3.6191940307617188,8
-73.0,-44.0,-56.0,174,3.6192221641540527,8
-71.0,-63.0,-42.0,199,3.9889819622039795,8
-68.0,-61.0,-50.0,199,3.989060163497925,8
-62.0,-70.0,-49.0,200,4.003643035888672,8
-77.0,-56.0,-37.0,208,4.119871139526367,8
-72.0,-61.0,-44.0,208,4.119899034500122,8
-68.0,-64.0,-48.0,208,4.119960069656372,8
-74.0,-59.0,-43.0,208,4.1200270652771,8
-72.0,-59.0,-47.0,209,4.13263201713562,8
-69.0,-62.0,-48.0,210,4.146454095840454,8
-60.0,-48.0,-71.0,212,4.167633056640625,8
-65.0,-57.0,-60.0,212,4.167670011520386,8
-50.0,-43.0,-78.0,218,4.248347997665405,8
-53.0,-44.0,-77.0,218,4.248459100723267,8
-52.0,-47.0,-76.0,219,4.264747142791748,8
-66.0,-62.0,-54.0,224,4.326578140258789,8
-63.0,-57.0,-62.0,224,4.326595067977905,8
-60.0,-52.0,-69.0,224,4.326600074768066,8
-69.0,-57.0,-53.0,225,4.334586143493652,8
-66.0,-54.0,-61.0,225,4.334614038467407,8
-48.0,-64.0,-69.0,238,4.480010032653809,8
-47.0,-69.0,-66.0,238,4.480049133300781,8
-55.0,-68.0,-62.0,242,4.506468057632446,8
-53.0,-81.0,-43.0,250,4.638762950897217,9
-59.0,-77.0,-43.0,250,4.638767957687378,9
-55.0,-79.0,-45.0,250,4.638779163360596,9
-68.0,-69.0,-41.0,250,4.638808012008667,9
-60.0,-79.0,-35.0,251,4.6617701053619385,9
-77.0,-45.0,-47.0,252,4.692688941955566,9
-79.0,-46.0,-40.0,253,4.717846155166626,9
-75.0,-61.0,-31.0,254,4.739738941192627,9
-75.0,-60.0,-37.0,254,4.739789009094238,9
-68.0,-55.0,-57.0,272,5.103575944900513,9
-67.0,-49.0,-63.0,272,5.103657960891724,9
-71.0,-55.0,-51.0,273,5.1172590255737305,9
-39.0,-62.0,-71.0,276,5.170593023300171,9
-47.0,-79.0,-53.0,278,5.221899032592773,9
-41.0,-66.0,-69.0,279,5.290514945983887,9
-54.0,-79.0,-47.0,289,5.4827470779418945,9
-69.0,-55.0,-54.0,318,5.968376159667969,9
-51.0,-62.0,-68.0,342,6.237076044082642,9
-57.0,-71.0,-54.0,361,6.440278053283691,9
-74.0,-39.0,-57.0,363,6.480281114578247,9
-68.0,-66.0,-43.0,370,6.587330102920532,9
-58.0,-71.0,-52.0,372,6.608227968215942,9
-46.0,-44.0,-78.0,402,6.957184076309204,9
-62.0,-55.0,-65.0,424,7.169615983963013,9
-67.0,-57.0,-57.0,424,7.16964316368103,9
-65.0,-65.0,-51.0,428,7.195168972015381,9
-62.0,-67.0,-54.0,439,7.273470163345337,9
-59.0,-61.0,-65.0,450,7.340072154998779,9
-53.0,-68.0,-63.0,450,7.340101003646851,9
-55.0,-80.0,-41.0,462,7.5541980266571045,10
-50.0,-81.0,-45.0,462,7.55420994758606,10
-66.0,-75.0,-35.0,464,7.598598003387451,10
-65.0,-73.0,-41.0,465,7.621572017669678,10
-71.0,-66.0,-38.0,465,7.621618986129761,10
-69.0,-67.0,-41.0,465,7.621629953384399,10
-70.0,-67.0,-39.0,465,7.621636152267456,10
-71.0,-56.0,-50.0,472,7.764019966125488,10
-70.0,-51.0,-57.0,482,7.965227127075195,10
-69.0,-45.0,-63.0,482,7.965306997299194,10
-73.0,-51.0,-51.0,483,7.978739976882935,10
-70.0,-52.0,-55.0,492,8.166361093521118,10
-62.0,-74.0,-42.0,515,8.593981981277466,10
-61.0,-74.0,-43.0,523,8.686700105667114,10
-73.0,-56.0,-46.0,546,9.070036172866821,10
-69.0,-42.0,-64.0,570,9.359776020050049,10
-67.0,-43.0,-66.0,628,9.908332109451294,10
-70.0,-47.0,-59.0,629,9.922667026519775,10
-69.0,-68.0,-39.0,633,9.987827062606812,10
-74.0,-51.0,-48.0,664,10.327940940856934,10
-70.0,-62.0,-47.0,664,10.327958106994629,10
-53.0,-39.0,-79.0,686,10.511547088623047,10
-71.0,-47.0,-58.0,686,10.51158595085144,10
-68.0,-56.0,-56.0,702,10.673685073852539,10
-64.0,-52.0,-65.0,719,10.773149967193604,10
-55.0,-64.0,-64.0,736,10.849300146102905,10
-78.0,-51.0,-39.0,785,11.428948163986206,11
-78.0,-53.0,-36.0,786,11.454416990280151,11
-71.0,-36.0,-64.0,798,11.6722731590271,11
-45.0,-72.0,-64.0,859,12.582551002502441,11
-57.0,-77.0,-47.0,868,12.707430124282837,11
-73.0,-48.0,-53.0,907,13.18784499168396,11
-69.0,-40.0,-66.0,956,13.652449131011963,11
-70.0,-42.0,-63.0,957,13.665032148361206,11
-68.0,-68.0,-42.0,960,13.713484048843384,11
-72.0,-65.0,-36.0,961,13.727879047393799,11
-73.0,-63.0,-33.0,961,13.727885007858276,11
-65.0,-66.0,-50.0,966,13.793674945831299,11
-73.0,-55.0,-48.0,992,14.03738808631897,11
-63.0,-34.0,-75.0,1022,14.208580017089844,11
-63.0,-42.0,-71.0,1022,14.208585977554321,11
-72.0,-41.0,-61.0,1022,14.208670139312744,11
-65.0,-51.0,-64.0,1041,14.374819040298462,11
-61.0,-77.0,-41.0,1118,15.002701044082642,12
-73.0,-62.0,-39.0,1136,15.301424980163574,12
-73.0,-43.0,-57.0,1150,15.511603116989136,12
-57.0,-72.0,-53.0,1167,15.792165040969849,12
-63.0,-73.0,-44.0,1226,16.402143001556396,12
-76.0,-50.0,-45.0,1227,16.423997163772583,12
-72.0,-56.0,-48.0,1240,16.648515939712524,12
-71.0,-62.0,-44.0,1340,17.6531400680542,12
-63.0,-40.0,-72.0,1365,17.775731086730957,12
-63.0,-50.0,-66.0,1382,17.905270099639893,12
-37.0,-81.0,-56.0,1446,18.17690110206604,13
-71.0,-49.0,-56.0,1506,19.178097009658813,13
-58.0,-75.0,-49.0,1586,19.9342520236969,13
-56.0,-74.0,-53.0,1587,19.951239109039307,13
-69.0,-70.0,-37.0,1648,20.612293004989624,13
-74.0,-55.0,-45.0,1678,20.895946979522705,13
-42.0,-81.0,-52.0,1762,21.346195936203003,14
-45.0,-81.0,-50.0,1763,21.371400117874146,14
-59.0,-75.0,-48.0,1890,22.86176300048828,14
-64.0,-36.0,-72.0,1920,23.14862298965454,14
-67.0,-32.0,-72.0,1940,23.29236102104187,14
-67.0,-70.0,-42.0,1953,23.431241989135742,14
-56.0,-81.0,-32.0,2062,24.288917064666748,15
-71.0,-65.0,-41.0,2070,24.395620107650757,15
-68.0,-39.0,-69.0,2238,25.78248405456543,15
-54.0,-80.0,-42.0,2290,26.29147505760193,16
-78.0,-49.0,-40.0,2519,28.49308204650879,17
-71.0,-34.0,-65.0,3057,33.02472996711731,22
-77.0,-29.0,-54.0,3112,33.429656982421875,24
