z1,z2,z3,node,time,depth
-54.0,-55.0,-34.0,1,0.0029609203338623047,1
-54.0,-51.0,-35.0,3,0.00795888900756836,2
-56.0,-50.0,-35.0,10,0.02144002914428711,4
-47.0,-50.0,-42.0,13,0.02615809440612793,4
-49.0,-56.0,-37.0,36,0.0551910400390625,6
-51.0,-51.0,-38.0,40,0.0587460994720459,6
-46.0,-58.0,-37.0,75,0.09016108512878418,7
-48.0,-53.0,-38.0,83,0.0966949462890625,7
-50.0,-48.0,-42.0,97,0.11194396018981934,7
-42.0,-44.0,-44.0,213,0.19409608840942383,8
-55.0,-49.0,-39.0,492,0.354079008102417,10
-37.0,-60.0,-37.0,512,0.3638129234313965,10
-57.0,-44.0,-40.0,532,0.37221789360046387,10
-47.0,-57.0,-35.0,593,0.3991680145263672,10
-38.0,-52.0,-42.0,600,0.40220189094543457,10
-52.0,-45.0,-41.0,612,0.4085578918457031,10
-50.0,-50.0,-40.0,682,0.4449899196624756,10
-52.0,-49.0,-40.0,772,0.4902050495147705,11
-46.0,-56.0,-38.0,778,0.4932529926300049,11
-51.0,-53.0,-36.0,860,0.5290169715881348,11
-47.0,-43.0,-44.0,884,0.5395469665527344,11
-52.0,-42.0,-43.0,1060,0.6143810749053955,12
-56.0,-41.0,-44.0,1166,0.6593129634857178,12
-48.0,-43.0,-43.0,1202,0.6742761135101318,12
-51.0,-43.0,-42.0,1212,0.6789729595184326,12
-36.0,-53.0,-40.0,1226,0.6844449043273926,12
-46.0,-54.0,-39.0,1251,0.6950709819793701,12
-45.0,-51.0,-40.0,1256,0.6968810558319092,12
-51.0,-35.0,-46.0,1322,0.7213149070739746,13
-39.0,-45.0,-44.0,1338,0.7277278900146484,13
-42.0,-45.0,-43.0,1344,0.7298150062561035,13
-41.0,-59.0,-38.0,1358,0.7350339889526367,13
-33.0,-54.0,-40.0,1362,0.7365989685058594,13
-42.0,-62.0,-34.0,1394,0.748013973236084,14
-50.0,-59.0,-31.0,1396,0.7487530708312988,14
-48.0,-36.0,-46.0,1404,0.7513570785522461,14
-54.0,-42.0,-42.0,1414,0.7553911209106445,14
-42.0,-52.0,-40.0,1424,0.7592740058898926,14
-44.0,-40.0,-45.0,1438,0.7639970779418945,16
