z1,z2,z3,node,time,depth
-14108.0,-14293.0,-15140.0,11,0.005836963653564453,4
-13734.0,-14596.0,-14959.0,19,0.010420083999633789,5
-14054.0,-13723.0,-15460.0,21,0.01175999641418457,5
-14407.0,-14320.0,-14653.0,41,0.023149967193603516,6
-14685.0,-13469.0,-15025.0,41,0.02315211296081543,6
-13543.0,-14362.0,-15141.0,62,0.035494089126586914,7
-14244.0,-14995.0,-14589.0,77,0.04421806335449219,7
-14522.0,-14144.0,-14961.0,77,0.044219017028808594,7
-14697.0,-13600.0,-14570.0,107,0.06104707717895508,7
-13861.0,-14809.0,-14871.0,116,0.06554698944091797,8
-13952.0,-14857.0,-14732.0,122,0.06966209411621094,8
-14176.0,-14342.0,-14796.0,134,0.07741093635559082,8
-13926.0,-14548.0,-14859.0,135,0.07799410820007324,8
-14204.0,-13697.0,-15231.0,135,0.07799506187438965,8
-14958.0,-13755.0,-14373.0,155,0.08817195892333984,8
-14473.0,-15021.0,-13878.0,185,0.10443902015686035,8
-13969.0,-14560.0,-14841.0,211,0.11911511421203613,9
-14136.0,-14476.0,-14684.0,211,0.11911702156066895,9
-14795.0,-14430.0,-14309.0,217,0.12207889556884766,9
-14186.0,-14477.0,-14597.0,230,0.1288619041442871,9
-14419.0,-14451.0,-14198.0,255,0.14223289489746094,9
-14559.0,-13622.0,-15142.0,272,0.15097403526306152,10
-13915.0,-13990.0,-15161.0,279,0.15482091903686523,10
-14613.0,-14192.0,-14822.0,280,0.15532588958740234,10
-14600.0,-14328.0,-14418.0,292,0.1613450050354004,10
-14637.0,-13806.0,-14599.0,300,0.16559791564941406,10
-14915.0,-13861.0,-14343.0,318,0.17751312255859375,10
-14832.0,-13908.0,-14490.0,364,0.20046496391296387,11
-14886.0,-14478.0,-14170.0,372,0.2044539451599121,11
-14475.0,-14574.0,-14050.0,381,0.20882892608642578,11
-15110.0,-13963.0,-14234.0,384,0.21011710166931152,11
-14281.0,-14473.0,-14770.0,406,0.21988201141357422,12
-14335.0,-15043.0,-14450.0,410,0.22182106971740723,12
-14322.0,-15179.0,-14046.0,416,0.22444510459899902,12
-14485.0,-14504.0,-14110.0,420,0.2263050079345703,12
-14359.0,-14657.0,-14227.0,426,0.22932791709899902,12
-14413.0,-15227.0,-13907.0,434,0.2331559658050537,12
-14637.0,-14712.0,-13971.0,442,0.23691105842590332,12
-13921.0,-14603.0,-14842.0,456,0.24333810806274414,13
-14012.0,-14651.0,-14703.0,462,0.24586009979248047,13
