z1,z2,z3,node,time,depth
6825.0,8196.0,8366.0,1,0.006718873977661133,1
7089.0,7710.0,8430.0,1,0.006721973419189453,1
7319.0,9257.0,7492.0,1,0.0067250728607177734,1
8734.0,8072.0,7324.0,1,0.006727933883666992,1
7862.0,8623.0,7451.0,1,0.0067310333251953125,1
7061.0,8745.0,7818.0,1,0.006733894348144531,1
7325.0,8259.0,7882.0,1,0.0067369937896728516,1
7538.0,7788.0,8077.0,1,0.006740093231201172,1
9324.0,8737.0,7082.0,1,0.006742954254150391,1
9189.0,9829.0,6990.0,1,0.006746053695678711,1
8197.0,7708.0,7755.0,1,0.006749868392944336,1
8270.0,7567.0,8240.0,1,0.006752967834472656,1
8782.0,7455.0,8716.0,1,0.0067560672760009766,1
7216.0,7562.0,9091.0,1,0.006758928298950195,1
7422.0,9697.0,7427.0,1,0.006762027740478516,1
8333.0,7377.0,9069.0,1,0.006764888763427734,1
7707.0,7426.0,9228.0,1,0.006767988204956055,1
7821.0,7489.0,8593.0,1,0.006771087646484375,1
7701.0,9549.0,7322.0,1,0.006773948669433594,1
8470.0,8558.0,7260.0,1,0.006777048110961914,1
8128.0,9299.0,7216.0,1,0.006779909133911133,1
7598.0,9109.0,7387.0,1,0.006783008575439453,1
6952.0,8048.0,9027.0,2,0.015963077545166016,2
7651.0,8384.0,7878.0,2,0.01599407196044922,2
8535.0,9586.0,7191.0,2,0.016000986099243164,2
7915.0,7898.0,7942.0,2,0.016004085540771484,2
8962.0,9336.0,7085.0,2,0.016012907028198242,2
7933.0,8194.0,7691.0,2,0.0160219669342041,2
8075.0,8152.0,7646.0,3,0.01972198486328125,2
8225.0,8795.0,7304.0,3,0.019733905792236328,2
7433.0,7505.0,9165.0,4,0.02795100212097168,3
8153.0,9294.0,7361.0,4,0.02797102928161621,3
8910.0,9977.0,7095.0,4,0.0279998779296875,3
8683.0,9484.0,7190.0,4,0.028003931045532227,3
7004.0,7931.0,8528.0,6,0.0398259162902832,3
7228.0,8763.0,7794.0,6,0.03983807563781738,3
7583.0,8771.0,7556.0,6,0.03984403610229492,3
7849.0,9447.0,7321.0,6,0.03984999656677246,3
7765.0,9127.0,7363.0,6,0.039856910705566406,3
7486.0,9275.0,7468.0,6,0.03986001014709473,3
7025.0,8132.0,8389.0,7,0.043808937072753906,3
7474.0,8210.0,8036.0,7,0.04381203651428223,3
8011.0,8574.0,7605.0,7,0.04381608963012695,3
7811.0,8638.0,7582.0,7,0.04381895065307617,3
7274.0,8274.0,8013.0,7,0.04382205009460449,3
7798.0,9045.0,7410.0,7,0.04383397102355957,3
8173.0,8410.0,7616.0,8,0.04943990707397461,4
7923.0,7747.0,8299.0,9,0.056123971939086914,4
8649.0,8293.0,7422.0,10,0.06275606155395508,4
9286.0,9325.0,7078.0,11,0.06850290298461914,4
8670.0,8494.0,7283.0,11,0.068511962890625,4
7453.0,8009.0,8175.0,12,0.07219409942626953,4
7240.0,8480.0,7980.0,12,0.07220101356506348,4
7946.0,8943.0,7409.0,13,0.07481002807617188,4
7261.0,8681.0,7841.0,15,0.07983088493347168,4
7818.0,8402.0,7854.0,16,0.08477306365966797,5
8133.0,8130.0,7714.0,19,0.10241198539733887,5
8367.0,8483.0,7609.0,21,0.11556506156921387,5
8188.0,8748.0,7447.0,21,0.11561894416809082,5
8432.0,9146.0,7256.0,21,0.11563706398010254,5
9239.0,8384.0,7280.0,22,0.12160301208496094,5
8140.0,9016.0,7402.0,24,0.12934303283691406,5
7777.0,8844.0,7549.0,24,0.1293489933013916,5
7498.0,8992.0,7654.0,24,0.12935209274291992,5
7626.0,8074.0,7999.0,26,0.1356370449066162,5
7519.0,9193.0,7515.0,30,0.14436006546020508,5
7164.0,9185.0,7753.0,30,0.14436602592468262,5
8112.0,7929.0,7853.0,37,0.17524099349975586,6
8599.0,9164.0,7232.0,43,0.20502591133117676,6
8355.0,8766.0,7423.0,43,0.20502901077270508,6
9059.0,8832.0,7173.0,45,0.2153000831604004,6
7688.0,8431.0,7735.0,54,0.23972702026367188,6
8184.0,7661.0,8446.0,66,0.2687840461730957,7
8452.0,8262.0,7511.0,93,0.37877607345581055,7
7603.0,8652.0,7833.0,99,0.39423108100891113,7
7665.0,7640.0,8738.0,175,0.6081480979919434,8
8702.0,8020.0,7711.0,244,0.7411160469055176,9
