z1,z2,z3,node,time,depth
-10565.0,-9003.0,-8631.0,1,0.02072286605834961,1
-9772.0,-9960.0,-8974.0,1,0.020812034606933594,1
-9773.0,-8764.0,-10683.0,1,0.020885944366455078,1
-7687.0,-9049.0,-11335.0,1,0.020906925201416016,1
-8170.0,-9998.0,-10134.0,1,0.020979881286621094,1
-8455.0,-9084.0,-11164.0,1,0.021027803421020508,1
-9682.0,-8387.0,-10921.0,1,0.0210418701171875,1
-10418.0,-8966.0,-9293.0,1,0.021118879318237305,1
-7859.0,-9949.0,-10216.0,2,0.040863990783691406,2
-10755.0,-8568.0,-7291.0,3,0.05959796905517578,2
-10674.0,-8837.0,-7560.0,3,0.05960488319396973,2
-8173.0,-9807.0,-10275.0,3,0.0596919059753418,2
-9712.0,-9732.0,-9406.0,5,0.08975696563720703,3
-8851.0,-9831.0,-10021.0,5,0.08976602554321289,3
-10528.0,-8322.0,-9346.0,6,0.10414290428161621,3
-10189.0,-8302.0,-10117.0,6,0.10414981842041016,3
-10441.0,-8513.0,-9576.0,6,0.10418486595153809,3
-9136.0,-8917.0,-11051.0,6,0.10436582565307617,3
-10064.0,-9271.0,-9160.0,7,0.12067389488220215,3
-9461.0,-9911.0,-9056.0,8,0.13387489318847656,4
-10717.0,-8190.0,-8258.0,10,0.1613328456878662,4
-8593.0,-10127.0,-9422.0,11,0.175062894821167,4
-7862.0,-9758.0,-10357.0,12,0.18950295448303223,4
-10614.0,-8609.0,-7992.0,13,0.20383191108703613,4
-10750.0,-7596.0,-8175.0,14,0.21683192253112793,4
-10720.0,-7999.0,-8399.0,14,0.2168409824371338,4
-8965.0,-9208.0,-10617.0,15,0.23011183738708496,4
-8600.0,-10010.0,-9671.0,17,0.25528383255004883,5
-10671.0,-9028.0,-7419.0,18,0.26677584648132324,5
-10785.0,-8165.0,-7067.0,24,0.3442800045013428,5
-10588.0,-8550.0,-8914.0,24,0.3442959785461426,5
-8049.0,-8649.0,-11416.0,24,0.3443448543548584,5
-7879.0,-9032.0,-11226.0,25,0.35636091232299805,5
-8647.0,-9067.0,-11055.0,25,0.3564448356628418,5
-9280.0,-8041.0,-11253.0,29,0.4063270092010498,5
-8148.0,-8156.0,-11574.0,30,0.4183359146118164,5
-8221.0,-9312.0,-10842.0,32,0.43924999237060547,6
-10752.0,-8759.0,-7150.0,34,0.46079301834106445,6
-10036.0,-9803.0,-8343.0,36,0.48356080055236816,6
-9644.0,-10023.0,-8694.0,36,0.4836869239807129,6
-8911.0,-10059.0,-9589.0,37,0.4950728416442871,6
-10061.0,-9462.0,-9019.0,38,0.5054848194122314,6
-9809.0,-9251.0,-9560.0,38,0.505551815032959,6
-10001.0,-9234.0,-9451.0,43,0.5648159980773926,6
-9196.0,-9145.0,-10619.0,49,0.6289618015289307,6
-8707.0,-9295.0,-10623.0,49,0.6290228366851807,6
-9988.0,-8972.0,-9990.0,51,0.6488280296325684,6
-8854.0,-9640.0,-10162.0,53,0.6693029403686523,6
-10704.0,-8434.0,-7336.0,54,0.6801438331604004,6
-10004.0,-9043.0,-9592.0,59,0.7347848415374756,6
-7656.0,-7358.0,-11820.0,63,0.779573917388916,6
-8214.0,-9574.0,-10497.0,64,0.7872958183288574,7
-8473.0,-9523.0,-10301.0,68,0.8249928951263428,7
-9520.0,-9749.0,-9515.0,73,0.8728258609771729,7
-8659.0,-9848.0,-10130.0,73,0.8729548454284668,7
-9704.0,-8915.0,-10138.0,85,0.9952499866485596,7
-8527.0,-9502.0,-10408.0,88,1.024425983428955,7
-10390.0,-9046.0,-8264.0,94,1.0795238018035889,7
-10304.0,-8759.0,-9618.0,94,1.0795609951019287,7
-10052.0,-8548.0,-10159.0,94,1.0795888900756836,7
-9796.0,-8989.0,-10099.0,99,1.1257729530334473,7
-8241.0,-8632.0,-11307.0,102,1.1481540203094482,7
-8368.0,-8882.0,-11222.0,103,1.155561923980713,7
-9047.0,-9988.0,-9355.0,105,1.1739118099212646,7
-9601.0,-9334.0,-9872.0,110,1.219177007675171,7
-9200.0,-9258.0,-10419.0,111,1.2277178764343262,7
-10606.0,-7792.0,-8724.0,118,1.2982938289642334,7
-10307.0,-8568.0,-9759.0,122,1.3372838497161865,7
-10055.0,-8357.0,-10300.0,122,1.3372888565063477,7
-10454.0,-8605.0,-9097.0,122,1.3374249935150146,7
-8335.0,-9519.0,-10517.0,129,1.3990700244903564,8
-8348.0,-9799.0,-10212.0,131,1.4149320125579834,8
-9209.0,-9700.0,-9597.0,131,1.4150028228759766,8
-9076.0,-9580.0,-9972.0,138,1.4762508869171143,8
-7798.0,-10087.0,-9860.0,145,1.5391409397125244,8
-9658.0,-9753.0,-9299.0,150,1.5801928043365479,8
-8627.0,-9874.0,-9744.0,153,1.6046268939971924,8
-9818.0,-9122.0,-9813.0,171,1.7520718574523926,8
-9630.0,-9252.0,-9722.0,191,1.9200139045715332,8
-8230.0,-9663.0,-10333.0,192,1.9270060062408447,8
-9388.0,-9128.0,-10510.0,204,2.018517017364502,8
-9841.0,-8669.0,-10096.0,204,2.0185418128967285,8
-8914.0,-9868.0,-9730.0,209,2.0570449829101562,8
-8740.0,-9433.0,-10487.0,214,2.0951738357543945,8
-9008.0,-9275.0,-10528.0,219,2.1320810317993164,8
-9950.0,-9064.0,-9485.0,234,2.261842966079712,8
-10115.0,-8585.0,-9868.0,244,2.3443708419799805,8
-9994.0,-8092.0,-10408.0,246,2.360898971557617,8
-9880.0,-7885.0,-10733.0,250,2.3966469764709473,8
-9490.0,-8404.0,-11030.0,255,2.437260866165161,8
-10112.0,-8776.0,-9727.0,286,2.6615569591522217,9
-10451.0,-8796.0,-8956.0,286,2.6615779399871826,9
-8287.0,-9937.0,-9856.0,295,2.7234809398651123,9
-10117.0,-9800.0,-7277.0,298,2.746222972869873,9
-8902.0,-9145.0,-10729.0,352,3.132002830505371,9
-9154.0,-9356.0,-10188.0,355,3.156019926071167,9
-10611.0,-8800.0,-7851.0,368,3.2558698654174805,9
-10692.0,-8531.0,-7582.0,368,3.2558789253234863,9
-9598.0,-9525.0,-9731.0,374,3.2989349365234375,9
-8237.0,-9401.0,-10678.0,385,3.374102830886841,9
-8905.0,-8954.0,-10870.0,406,3.5079588890075684,9
-8487.0,-9185.0,-10704.0,416,3.568053960800171,9
-8548.0,-9450.0,-10596.0,416,3.568058967590332,9
-8800.0,-9661.0,-10055.0,419,3.59283185005188,9
-9409.0,-9351.0,-9981.0,434,3.6873598098754883,9
-7797.0,-8552.0,-11542.0,455,3.841387987136841,9
-9054.0,-8437.0,-11367.0,455,3.8415029048919678,9
-8962.0,-9373.0,-10297.0,558,4.55112099647522,10
-9859.0,-9769.0,-8744.0,576,4.678387880325317,10
-9406.0,-9542.0,-9840.0,590,4.757165908813477,10
-9511.0,-9903.0,-9069.0,604,4.8573899269104,10
-10148.0,-9271.0,-8789.0,616,4.931914806365967,10
-8895.0,-9407.0,-10384.0,704,5.49567985534668,10
-9016.0,-9352.0,-10404.0,705,5.501894950866699,10
-8479.0,-9920.0,-9747.0,715,5.610324859619141,10
-10166.0,-8755.0,-9834.0,762,5.902981996536255,10
-8351.0,-9608.0,-10353.0,771,5.956303834915161,10
-8224.0,-9121.0,-10983.0,774,5.974722862243652,10
-9475.0,-8937.0,-10280.0,816,6.220367908477783,10
-8541.0,-9712.0,-10251.0,832,6.307098865509033,10
-8662.0,-9657.0,-10271.0,833,6.313448905944824,10
-9455.0,-8513.0,-10820.0,948,7.098129987716675,10
-10246.0,-8303.0,-9867.0,981,7.303623914718628,10
-7967.0,-8169.0,-11732.0,995,7.407434940338135,10
-10132.0,-8096.0,-10192.0,997,7.422151803970337,10
-9940.0,-8113.0,-10301.0,997,7.422216892242432,10
-8703.0,-9424.0,-10493.0,1030,7.602273941040039,11
-9088.0,-9755.0,-9577.0,1034,7.623318910598755,11
-8955.0,-9635.0,-9952.0,1086,7.916531801223755,11
-9399.0,-9804.0,-9495.0,1140,8.218708992004395,11
-9031.0,-9899.0,-9519.0,1141,8.224375009536743,11
-8813.0,-10216.0,-9033.0,1149,8.26570200920105,11
-8401.0,-10144.0,-9531.0,1158,8.311996936798096,11
-9259.0,-9692.0,-9610.0,1170,8.37599802017212,11
-10218.0,-9487.0,-7833.0,1197,8.558941841125488,11
-8620.0,-10136.0,-9399.0,1204,8.602102994918823,11
-8413.0,-9295.0,-10733.0,1389,9.63572096824646,11
-10391.0,-8568.0,-9388.0,1476,10.15048599243164,11
-10505.0,-8775.0,-9063.0,1488,10.222086906433105,11
-8059.0,-9600.0,-10600.0,1625,10.963624954223633,11
-9661.0,-9562.0,-9440.0,1679,11.252267837524414,11
-9507.0,-7978.0,-10953.0,1856,12.306530952453613,11
-8159.0,-8152.0,-11623.0,1925,12.695201873779297,11
-8200.0,-7621.0,-11707.0,1966,12.930912971496582,11
-9626.0,-9139.0,-9922.0,2156,13.913715839385986,12
-10226.0,-8983.0,-9402.0,2184,14.076807975769043,12
-8917.0,-9692.0,-9844.0,2191,14.108474016189575,12
-9044.0,-10179.0,-9214.0,2213,14.210429906845093,12
-9127.0,-10051.0,-8595.0,2221,14.263206958770752,12
-9220.0,-9980.0,-8879.0,2366,15.01430892944336,12
-9830.0,-9499.0,-8838.0,2369,15.027366876602173,12
-9566.0,-8911.0,-10354.0,2546,16.062089920043945,12
-7748.0,-9551.0,-10682.0,2833,17.57291889190674,12
-10135.0,-9009.0,-9328.0,2888,17.85599994659424,12
-8933.0,-9781.0,-9680.0,3063,18.735021829605103,12
-8565.0,-8587.0,-11371.0,3281,19.81836700439453,12
-8854.0,-10426.0,-8527.0,3943,23.158530950546265,13
-7912.0,-10294.0,-9535.0,3954,23.20797300338745,13
-10221.0,-9296.0,-7974.0,5340,29.866536855697632,13
-7605.0,-8569.0,-11651.0,5507,30.62232494354248,13
-8373.0,-8604.0,-11480.0,5507,30.622339010238647,13
-10107.0,-7822.0,-10433.0,6033,33.07115983963013,13
-8654.0,-9159.0,-10699.0,6042,33.11015295982361,13
-9745.0,-9562.0,-9069.0,6493,35.0799298286438,14
-9811.0,-10041.0,-7071.0,6548,35.299739837646484,14
-9466.0,-10071.0,-7824.0,6549,35.30474591255188,14
-10075.0,-8781.0,-9760.0,8214,42.697083950042725,14
-8286.0,-8402.0,-11538.0,8848,45.35305595397949,14
-8142.0,-8641.0,-11299.0,9129,46.70458483695984,14
-10048.0,-8619.0,-9955.0,9226,47.11228394508362,14
-10598.0,-8409.0,-8548.0,9239,47.16652202606201,14
-10451.0,-8372.0,-9210.0,9239,47.16653084754944,14
-9934.0,-8412.0,-10280.0,9348,47.61238694190979,14
-8412.0,-10140.0,-9580.0,10089,50.55089282989502,15
-9531.0,-10072.0,-7498.0,10351,51.58902382850647,15
-10333.0,-8112.0,-9637.0,13317,63.60267400741577,15
-8648.0,-8002.0,-11619.0,13478,64.21978187561035,15
-9264.0,-8977.0,-10666.0,13822,65.46743392944336,16
-10537.0,-9083.0,-7602.0,14887,69.20161700248718,16
-7196.0,-7533.0,-11888.0,17309,78.06503295898438,16
-9994.0,-8640.0,-9848.0,18068,80.87593102455139,16
-10762.0,-8618.0,-6784.0,18787,83.09079194068909,17
-9869.0,-9845.0,-7696.0,18834,83.23897695541382,17
-9066.0,-10147.0,-8725.0,18838,83.24404287338257,17
-9858.0,-9851.0,-7473.0,18855,83.2981469631195,17
-9477.0,-10065.0,-8047.0,18898,83.44893288612366,17
-8674.0,-10367.0,-9076.0,18902,83.45424890518188,17
-8280.0,-10199.0,-9511.0,18998,83.85150384902954,17
-9771.0,-10042.0,-7703.0,19282,84.749351978302,17
-10681.0,-8887.0,-7053.0,19665,85.9725558757782,17
-8845.0,-9447.0,-10183.0,20978,90.3368330001831,17
-8103.0,-9176.0,-10963.0,21018,90.45942687988281,17
-9502.0,-9006.0,-10152.0,21244,91.25534391403198,17
-8784.0,-9009.0,-10850.0,21420,91.8130989074707,17
-8730.0,-8482.0,-11303.0,21520,92.14176392555237,17
-8415.0,-9949.0,-9721.0,21855,93.19654488563538,17
-10446.0,-7842.0,-9662.0,23147,97.51469588279724,17
-10595.0,-8600.0,-8407.0,23777,99.31878280639648,18
-9182.0,-10192.0,-8446.0,24204,100.51142382621765,18
-9379.0,-10262.0,-8054.0,24312,100.91819286346436,18
-9091.0,-9806.0,-9401.0,24610,101.74425196647644,18
-8680.0,-9477.0,-10179.0,25062,103.04944086074829,18
-10136.0,-9196.0,-8859.0,25700,105.01936388015747,18
-10423.0,-9170.0,-7596.0,25795,105.30102682113647,18
-10445.0,-9038.0,-7953.0,25805,105.34077501296997,18
-7440.0,-9341.0,-10785.0,26129,106.24580502510071,18
-8641.0,-9105.0,-10767.0,26464,107.34210586547852,18
-7708.0,-8678.0,-11384.0,26634,107.82430100440979,18
-10538.0,-8181.0,-8980.0,27919,111.52143001556396,18
-8516.0,-8061.0,-11550.0,28104,112.03391003608704,18
-9873.0,-8147.0,-10388.0,28342,112.66036200523376,18
-9045.0,-9518.0,-10123.0,28614,113.31488585472107,19
-10529.0,-9141.0,-6927.0,28718,113.68476796150208,19
-9804.0,-9644.0,-8778.0,28786,113.85041379928589,19
-10202.0,-9502.0,-8466.0,28954,114.28533983230591,19
-9311.0,-10366.0,-7924.0,29040,114.49214696884155,19
-9270.0,-10156.0,-8430.0,29094,114.61623001098633,19
-9138.0,-10045.0,-8818.0,29212,114.90944290161133,19
-9133.0,-10145.0,-8519.0,29354,115.2852258682251,19
-9432.0,-10073.0,-6756.0,29476,115.57355690002441,19
-9276.0,-10049.0,-8602.0,29558,115.78391098976135,19
-9782.0,-10036.0,-7926.0,29654,116.02894687652588,19
-7835.0,-8228.0,-11663.0,33220,125.33075499534607,19
-10283.0,-9233.0,-8197.0,33668,126.39716601371765,20
-10362.0,-9123.0,-8550.0,33826,126.73198795318604,20
-8790.0,-10412.0,-8797.0,34416,127.99948191642761,20
-9336.0,-10025.0,-8600.0,34808,128.9518699645996,20
-8730.0,-10184.0,-9229.0,35172,129.71292781829834,20
-8021.0,-8696.0,-11279.0,37834,135.43375992774963,20
-8027.0,-8211.0,-11554.0,37850,135.4642379283905,20
-7231.0,-9609.0,-10463.0,38978,137.6490797996521,21
-8932.0,-10398.0,-7609.0,39016,137.7153480052948,21
-9390.0,-10256.0,-8277.0,39244,138.09983682632446,21
-10411.0,-9059.0,-7688.0,39485,138.54657888412476,21
-10324.0,-9250.0,-7918.0,39525,138.61365795135498,21
-8873.0,-10088.0,-9312.0,39986,139.52848887443542,21
-9330.0,-10028.0,-8709.0,40008,139.56697988510132,21
-7120.0,-9211.0,-10929.0,41122,141.7621238231659,21
-9048.0,-9327.0,-10264.0,41912,143.12108898162842,21
-10369.0,-9520.0,-6843.0,42892,145.02599382400513,22
-7406.0,-10318.0,-9485.0,43046,145.27325296401978,22
-8417.0,-10256.0,-9318.0,43060,145.29267501831055,22
-7292.0,-10111.0,-9810.0,43122,145.39232993125916,22
-8538.0,-10201.0,-9338.0,43140,145.41911387443542,22
-8144.0,-10033.0,-9773.0,43184,145.49610900878906,22
-8933.0,-10316.0,-8880.0,43382,145.84733295440674,22
-9890.0,-9931.0,-7424.0,43514,146.17731499671936,22
-8336.0,-10016.0,-9664.0,43870,146.76194190979004,22
-9201.0,-9854.0,-9231.0,43926,146.85972380638123,22
-10045.0,-8810.0,-9814.0,44582,148.014240026474,22
-8449.0,-9122.0,-10876.0,44604,148.08257794380188,22
-8420.0,-10065.0,-9459.0,45028,148.9092938899994,22
-9306.0,-8648.0,-10826.0,45545,149.75675702095032,22
-9334.0,-8568.0,-10800.0,45654,149.93848991394043,22
-9906.0,-8492.0,-10306.0,46107,150.88122296333313,22
-10359.0,-8033.0,-9892.0,46159,150.96481895446777,22
-9505.0,-9194.0,-9902.0,46480,151.51231980323792,23
-10105.0,-9038.0,-9382.0,46526,151.59594082832336,23
-8043.0,-10389.0,-9054.0,46620,151.74486899375916,23
-8192.0,-10255.0,-9425.0,46666,151.81062602996826,23
-7935.0,-10144.0,-9667.0,46754,151.94269585609436,23
-8147.0,-10379.0,-8940.0,46894,152.15596795082092,23
-9325.0,-10096.0,-8529.0,46984,152.29639196395874,23
-8506.0,-9929.0,-9724.0,47186,152.61474180221558,23
-9445.0,-8966.0,-10334.0,47452,153.18409991264343,23
-7960.0,-9272.0,-10880.0,48018,154.1785318851471,23
-9146.0,-8841.0,-10787.0,49274,156.3694338798523,23
-9680.0,-9370.0,-9599.0,49448,156.6367208957672,24
-10023.0,-9103.0,-9321.0,49456,156.65114402770996,24
-10322.0,-9386.0,-7282.0,49524,156.76519393920898,24
-8223.0,-10448.0,-8505.0,49588,156.86312985420227,24
-9145.0,-10037.0,-9078.0,49956,157.38972091674805,24
-10282.0,-9711.0,-7073.0,49966,157.4153130054474,24
-10254.0,-9239.0,-8297.0,50486,158.37593388557434,24
-6809.0,-9162.0,-11011.0,50734,158.78752183914185,24
-10026.0,-8912.0,-9462.0,50788,158.88020181655884,24
-9156.0,-9496.0,-10101.0,51086,159.35279488563538,24
-9202.0,-8658.0,-10940.0,51256,159.61190700531006,24
-9519.0,-8997.0,-10266.0,51370,159.8027138710022,24
-8664.0,-8729.0,-11136.0,51462,159.9613218307495,24
-9405.0,-8790.0,-10591.0,51472,159.97600483894348,24
-9802.0,-8502.0,-10420.0,51590,160.19615483283997,24
-10255.0,-8043.0,-10006.0,51638,160.375,24
-7943.0,-10487.0,-8615.0,51884,160.7659158706665,25
-8186.0,-10293.0,-9137.0,51896,160.780907869339,25
-9427.0,-10082.0,-7612.0,51900,160.78685688972473,25
-8049.0,-10351.0,-9342.0,51924,160.82127285003662,25
-7424.0,-10220.0,-9596.0,51928,160.82684588432312,25
-7281.0,-10316.0,-9513.0,51932,160.83170199394226,25
-8560.0,-10160.0,-9401.0,51940,160.84188985824585,25
-7167.0,-10109.0,-9838.0,51964,160.87750387191772,25
-7655.0,-10183.0,-9777.0,51968,160.8825798034668,25
-8681.0,-10105.0,-9421.0,51982,160.89949584007263,25
-8676.0,-10205.0,-9122.0,52044,160.99207496643066,25
-10235.0,-9577.0,-7512.0,52128,161.11406302452087,25
-10401.0,-9276.0,-7635.0,52146,161.13686180114746,25
-10771.0,-8421.0,-7935.0,52458,161.6088478565216,25
-8273.0,-9200.0,-10791.0,52660,161.93952584266663,25
-8306.0,-9858.0,-9784.0,52746,162.07096982002258,25
-9396.0,-9088.0,-10278.0,53228,162.95191502571106,26
-8819.0,-9469.0,-10214.0,53242,162.9708869457245,26
-9566.0,-9163.0,-9924.0,53244,162.9737868309021,26
-9263.0,-9638.0,-9757.0,53340,163.1053009033203,26
-9863.0,-9482.0,-9237.0,53346,163.11377596855164,26
-10448.0,-9410.0,-7196.0,53414,163.21343684196472,26
-8982.0,-9700.0,-9777.0,53480,163.30845880508423,26
-9356.0,-9567.0,-10041.0,53490,163.32442092895508,26
-8270.0,-9391.0,-10650.0,53498,163.33696579933167,26
-8759.0,-9241.0,-10646.0,53500,163.33990502357483,26
-9909.0,-8644.0,-10076.0,53530,163.38014888763428,26
-9455.0,-9621.0,-9648.0,53554,163.4162859916687,26
-9638.0,-9160.0,-9658.0,53606,163.49402594566345,26
-10055.0,-9465.0,-9128.0,53624,163.5189688205719,26
-10301.0,-9373.0,-7858.0,53632,163.53304290771484,26
-10215.0,-9086.0,-9212.0,53646,163.55499482154846,26
-9506.0,-8935.0,-10356.0,53648,163.55839586257935,26
-9620.0,-9142.0,-10031.0,53654,163.56907081604004,26
-9872.0,-9353.0,-9490.0,53658,163.57544994354248,26
-8081.0,-9217.0,-10900.0,53748,163.72182393074036,26
-7967.0,-9010.0,-11225.0,53752,163.7263219356537,26
-7906.0,-8745.0,-11333.0,53756,163.7318139076233,26
-8762.0,-9050.0,-10787.0,53788,163.77342200279236,26
-10804.0,-7827.0,-7852.0,53808,163.80548095703125,26
-8648.0,-8843.0,-11112.0,53814,163.81419396400452,26
-9458.0,-9430.0,-9789.0,53854,163.86673188209534,26
-10205.0,-9311.0,-8607.0,53862,163.8783438205719,26
-10118.0,-9502.0,-8837.0,53868,163.88693499565125,26
-10091.0,-9104.0,-8932.0,53880,163.9122188091278,26
-10004.0,-9295.0,-9162.0,53882,163.91527700424194,26
-10058.0,-9274.0,-9269.0,53906,163.9512379169464,26
-7885.0,-8530.0,-11541.0,53930,163.99118399620056,26
-7824.0,-8265.0,-11649.0,53934,163.99702382087708,26
-7891.0,-8045.0,-11816.0,53948,164.02011394500732,26
-8566.0,-8363.0,-11428.0,53950,164.02318692207336,26
-8016.0,-8248.0,-11540.0,53956,164.03127884864807,26
-8505.0,-8098.0,-11536.0,53962,164.0397868156433,26
-9798.0,-8246.0,-10542.0,53976,164.0661039352417,26
-9912.0,-8453.0,-10217.0,53988,164.08479690551758,26
-9359.0,-9376.0,-10182.0,54004,164.10980796813965,26
-9459.0,-8769.0,-10698.0,54006,164.11380791664124,26
-9245.0,-9169.0,-10507.0,54050,164.19156789779663,26
-9345.0,-8562.0,-11023.0,54056,164.20166087150574,26
-9798.0,-8103.0,-10609.0,54086,164.24682784080505,26
-9702.0,-9109.0,-9904.0,54098,164.26656293869019,26
-9065.0,-8601.0,-11133.0,54132,164.31842398643494,26
-9284.0,-8297.0,-11131.0,54136,164.32531690597534,26
-8078.0,-9408.0,-10759.0,54164,164.37142491340637,27
-8711.0,-10522.0,-8444.0,54212,164.44521284103394,27
-10787.0,-7957.0,-6710.0,54364,164.66944789886475,27
-10774.0,-8230.0,-8076.0,54430,164.77210593223572,27
-10660.0,-8023.0,-8401.0,54440,164.78565192222595,27
-7692.0,-8324.0,-11580.0,54486,164.85005283355713,27
-8384.0,-8768.0,-11246.0,54546,164.9319248199463,27
-9516.0,-9188.0,-10125.0,54568,164.9590358734131,28
-9515.0,-9849.0,-9216.0,54590,164.98853302001953,28
-10115.0,-9693.0,-8696.0,54612,165.01517796516418,28
-9615.0,-9242.0,-9732.0,54618,165.05084800720215,28
-10161.0,-8855.0,-9535.0,54620,165.05364799499512,28
-8971.0,-9602.0,-9835.0,54632,165.06727480888367,28
-9085.0,-9809.0,-9510.0,54642,165.07885789871216,28
-9456.0,-8960.0,-10557.0,54648,165.08564281463623,28
-9758.0,-9146.0,-9815.0,54652,165.09052991867065,28
-9499.0,-9197.0,-10011.0,54658,165.09935188293457,28
-10590.0,-8342.0,-8557.0,54660,165.10182285308838,28
-10637.0,-8476.0,-8118.0,54662,165.10506296157837,28
-10781.0,-8280.0,-7569.0,54678,165.1260838508606,28
-9944.0,-9067.0,-9594.0,54720,165.27035093307495,28
-9102.0,-9265.0,-10424.0,54734,165.287015914917,28
-9791.0,-8508.0,-10197.0,54742,165.29653191566467,28
-9267.0,-8786.0,-10807.0,54748,165.30350399017334,28
-10623.0,-7748.0,-8474.0,54750,165.30616092681885,28
-9153.0,-8579.0,-11132.0,54760,165.31691598892212,28
-9285.0,-8690.0,-10744.0,54764,165.32207894325256,28
-9092.0,-8314.0,-11240.0,54770,165.3276607990265,28
-8873.0,-8618.0,-11242.0,54772,165.32955384254456,28
