z1,z2,z3,node,time,depth
8727.0,8942.0,9144.0,1,0.01164698600769043,1
11589.0,6904.0,11714.0,1,0.011651039123535156,1
6656.0,11503.0,7269.0,1,0.011653900146484375,1
6634.0,11083.0,7326.0,1,0.011657953262329102,1
6692.0,10953.0,7387.0,1,0.01166081428527832,1
9651.0,8152.0,10120.0,1,0.01166391372680664,1
9883.0,7967.0,10237.0,1,0.011667013168334961,1
7789.0,10012.0,7560.0,1,0.0116729736328125,1
6780.0,11038.0,6983.0,1,0.011675834655761719,1
7023.0,10598.0,7007.0,1,0.011678934097290039,1
7063.0,10857.0,6929.0,1,0.01168203353881836,1
10418.0,7636.0,10525.0,1,0.011688947677612305,1
11603.0,7240.0,11040.0,1,0.011692047119140625,1
10547.0,8104.0,9820.0,1,0.011694908142089844,1
8495.0,9154.0,8686.0,1,0.011703968048095703,1
6754.0,11302.0,7084.0,2,0.025867938995361328,2
10813.0,7709.0,10401.0,2,0.025880813598632812,2
10323.0,7706.0,10500.0,2,0.025888919830322266,2
9334.0,8868.0,8881.0,2,0.025892972946166992,2
7829.0,10271.0,7482.0,2,0.025897979736328125,2
8549.0,9631.0,8086.0,2,0.02590203285217285,2
7561.0,10162.0,8092.0,2,0.02591085433959961,2
10569.0,7564.0,11058.0,3,0.03601503372192383,2
11254.0,7578.0,10652.0,3,0.03601789474487305,2
7036.0,11280.0,6949.0,3,0.03602790832519531,2
9571.0,8566.0,9281.0,3,0.0360410213470459,2
10508.0,8355.0,9508.0,3,0.036049842834472656,2
9532.0,8817.0,8969.0,3,0.0360560417175293,2
9455.0,8589.0,9813.0,4,0.04658102989196777,3
11025.0,8064.0,10071.0,4,0.04659104347229004,3
8996.0,8985.0,9112.0,4,0.046608924865722656,3
9621.0,8518.0,9655.0,4,0.04661202430725098,3
9591.0,8396.0,9790.0,5,0.05849289894104004,3
7740.0,10260.0,7748.0,5,0.05851101875305176,3
8096.0,9818.0,8358.0,5,0.05852103233337402,3
9686.0,8326.0,9815.0,5,0.05852389335632324,3
8465.0,9813.0,8073.0,5,0.05852985382080078,3
8046.0,9603.0,8425.0,6,0.06614995002746582,3
9645.0,8354.0,10082.0,6,0.06616497039794922,3
8959.0,8757.0,9261.0,6,0.06617093086242676,3
7619.0,10032.0,8153.0,7,0.07325601577758789,3
7774.0,9948.0,7923.0,7,0.07327795028686523,3
8540.0,9362.0,8476.0,7,0.07328391075134277,3
9003.0,9732.0,7996.0,8,0.08498501777648926,4
7746.0,10239.0,7621.0,9,0.09138894081115723,4
12292.0,7089.0,11492.0,10,0.10620284080505371,4
9952.0,8978.0,8825.0,10,0.10620594024658203,4
10921.0,7478.0,11077.0,10,0.10622382164001465,4
11911.0,7352.0,10942.0,10,0.10622787475585938,4
11121.0,7821.0,10303.0,10,0.10623693466186523,4
8810.0,9486.0,8360.0,10,0.10624885559082031,4
8387.0,9883.0,8038.0,11,0.11694598197937012,4
9075.0,9548.0,8141.0,12,0.12460899353027344,4
9413.0,8539.0,9965.0,12,0.12461185455322266,4
10983.0,8014.0,10223.0,12,0.12462496757507324,4
8278.0,9418.0,8542.0,13,0.13221383094787598,4
8619.0,9389.0,8438.0,13,0.1322169303894043,4
7744.0,10163.0,7810.0,13,0.13222289085388184,4
7769.0,10049.0,7898.0,13,0.13222694396972656,4
7853.0,9975.0,7885.0,13,0.1322329044342041,4
8476.0,9380.0,8813.0,15,0.14272689819335938,4
8295.0,9729.0,8278.0,16,0.15273594856262207,5
8485.0,9541.0,8475.0,16,0.15275788307189941,5
7495.0,10444.0,7730.0,17,0.16053104400634766,5
8992.0,9132.0,8984.0,18,0.168043851852417,5
9874.0,9048.0,8790.0,21,0.20049285888671875,5
8732.0,9556.0,8325.0,21,0.20049595832824707,5
9256.0,8938.0,8846.0,23,0.21636104583740234,5
10760.0,7624.0,10763.0,23,0.21636700630187988,5
7455.0,10185.0,7808.0,24,0.22509503364562988,5
8238.0,9551.0,8498.0,24,0.2250988483428955,5
8496.0,9486.0,8392.0,24,0.22513484954833984,5
8411.0,9411.0,8558.0,24,0.2251448631286621,5
9122.0,9015.0,9020.0,25,0.23243093490600586,5
10098.0,8553.0,9559.0,25,0.23243403434753418,5
7537.0,10234.0,7781.0,25,0.23243999481201172,5
9354.0,8830.0,9137.0,27,0.24571800231933594,5
10330.0,8368.0,9676.0,27,0.24572086334228516,5
10278.0,8040.0,10113.0,31,0.264293909072876,5
8647.0,9760.0,8069.0,32,0.27466392517089844,6
9712.0,9108.0,8774.0,33,0.2820398807525635,6
8397.0,9756.0,8249.0,33,0.2820439338684082,6
8570.0,9616.0,8309.0,33,0.2820558547973633,6
7657.0,10311.0,7659.0,36,0.30376291275024414,6
7695.0,10119.0,8077.0,37,0.3093240261077881,6
11026.0,7891.0,10278.0,40,0.335709810256958,6
9631.0,9129.0,8726.0,42,0.3572118282318115,6
9780.0,8797.0,9170.0,43,0.36505794525146484,6
9919.0,8390.0,9688.0,44,0.37534093856811523,6
9031.0,9119.0,9111.0,44,0.3753468990325928,6
10356.0,8467.0,9527.0,44,0.3753659725189209,6
10113.0,8548.0,9463.0,44,0.3753688335418701,6
10092.0,8250.0,9748.0,45,0.3843109607696533,6
9817.0,8363.0,9717.0,45,0.38433003425598145,6
10007.0,8175.0,9914.0,45,0.38433289527893066,6
8321.0,9888.0,8217.0,47,0.40045595169067383,6
8463.0,9497.0,8482.0,52,0.4380350112915039,6
9851.0,8310.0,10033.0,54,0.4476618766784668,6
8682.0,9580.0,8356.0,67,0.5198450088500977,7
8460.0,9703.0,8124.0,73,0.5604398250579834,7
7712.0,10368.0,7626.0,74,0.5661349296569824,7
7311.0,10569.0,7917.0,74,0.5661380290985107,7
11357.0,7089.0,11597.0,88,0.670861005783081,7
10201.0,8091.0,10163.0,88,0.6708860397338867,7
10718.0,7779.0,10376.0,89,0.6787509918212891,7
9200.0,9120.0,8932.0,90,0.6853749752044678,7
9372.0,8811.0,9212.0,92,0.6997509002685547,7
7742.0,10291.0,7719.0,96,0.7266039848327637,7
7499.0,10372.0,7655.0,96,0.7266068458557129,7
8221.0,9599.0,8361.0,98,0.7390508651733398,7
8811.0,9611.0,8206.0,98,0.7390580177307129,7
7443.0,10490.0,7825.0,99,0.7447199821472168,7
7557.0,10212.0,7779.0,99,0.744722843170166,7
7730.0,10072.0,7839.0,99,0.7447319030761719,7
8218.0,9573.0,8500.0,100,0.750452995300293,7
8450.0,9388.0,8617.0,108,0.7885348796844482,7
9370.0,8739.0,9354.0,124,0.8564229011535645,7
9374.0,8598.0,9593.0,124,0.8564329147338867,7
9202.0,8628.0,9518.0,125,0.8586208820343018,7
9569.0,8664.0,9335.0,126,0.8606758117675781,7
6768.0,11040.0,7311.0,148,0.9917500019073486,8
6739.0,11552.0,7219.0,164,1.1020629405975342,8
9834.0,8315.0,9854.0,176,1.1832449436187744,8
9986.0,8469.0,9666.0,177,1.1878559589385986,8
10402.0,8248.0,9790.0,180,1.2052838802337646,8
9644.0,8866.0,8923.0,180,1.205286979675293,8
10448.0,8223.0,9807.0,183,1.2236108779907227,8
9321.0,8903.0,9177.0,184,1.2291178703308105,8
9323.0,9017.0,8824.0,184,1.2291209697723389,8
8179.0,9867.0,8308.0,188,1.246840000152588,8
7729.0,10182.0,7854.0,194,1.2855579853057861,8
6831.0,10946.0,7018.0,194,1.2855758666992188,8
6977.0,10853.0,7352.0,195,1.2914299964904785,8
8323.0,9626.0,8332.0,197,1.3005449771881104,8
8206.0,9535.0,8724.0,232,1.45157790184021,8
7753.0,9989.0,8138.0,233,1.453805923461914,8
10545.0,8202.0,9874.0,236,1.4610469341278076,8
8261.0,9858.0,8283.0,262,1.597442865371704,9
9132.0,9127.0,9009.0,302,1.7869768142700195,9
10756.0,8335.0,9709.0,318,1.8950958251953125,9
11382.0,7272.0,11332.0,332,1.9680688381195068,9
11984.0,6977.0,11590.0,333,1.97576904296875,9
11277.0,7503.0,10758.0,333,1.9758028984069824,9
9929.0,8245.0,9879.0,347,2.0408828258514404,9
9739.0,8433.0,9682.0,347,2.040904998779297,9
10014.0,8320.0,9713.0,347,2.040907859802246,9
10612.0,7882.0,10474.0,347,2.0409138202667236,9
7448.0,10464.0,7620.0,363,2.1564040184020996,9
8217.0,9592.0,8713.0,376,2.2140309810638428,9
8412.0,9589.0,8447.0,396,2.2808678150177,9
8522.0,9660.0,8304.0,496,2.688732862472534,10
6770.0,11225.0,7223.0,515,2.7592580318450928,10
11945.0,7228.0,11278.0,578,3.081183910369873,10
6826.0,10910.0,7372.0,640,3.350497007369995,10
7681.0,10310.0,7725.0,644,3.369654893875122,10
7004.0,10824.0,7134.0,647,3.3777308464050293,10
8850.0,9360.0,8518.0,726,3.6040799617767334,10
10945.0,7586.0,10930.0,739,3.633344888687134,10
10680.0,7590.0,10984.0,739,3.633354902267456,10
9716.0,9082.0,8808.0,874,4.168507814407349,11
10198.0,8501.0,9545.0,906,4.284051895141602,11
10871.0,7930.0,10330.0,907,4.287442922592163,11
11226.0,7595.0,10723.0,910,4.305362939834595,11
11080.0,7535.0,11070.0,911,4.309906005859375,11
7369.0,10439.0,7978.0,990,4.604604005813599,11
6893.0,10927.0,7365.0,991,4.610546827316284,11
8806.0,9484.0,8434.0,1010,4.671541929244995,11
8363.0,9885.0,8254.0,1154,5.091990947723389,12
9120.0,9484.0,8402.0,1239,5.399279832839966,12
10474.0,8464.0,9675.0,1256,5.507932901382446,12
11752.0,7162.0,11473.0,1288,5.6186299324035645,12
9908.0,8286.0,10094.0,1311,5.6849730014801025,12
7770.0,10238.0,7687.0,1393,5.964215040206909,12
9524.0,8565.0,9891.0,1418,6.009357929229736,12
9824.0,9072.0,8821.0,1519,6.24777889251709,13
8099.0,10010.0,7602.0,1778,7.063203811645508,13
10506.0,8453.0,9562.0,1812,7.120637893676758,13
9715.0,9333.0,8600.0,1876,7.245930910110474,14
8139.0,10269.0,7524.0,1892,7.2934348583221436,14
8859.0,9629.0,8128.0,1922,7.382565975189209,14
10908.0,7565.0,10995.0,2018,7.668730020523071,14
8457.0,9797.0,8237.0,2082,7.817248821258545,14
10839.0,7962.0,10363.0,2308,8.33726692199707,15
10517.0,7952.0,10449.0,2564,8.911245822906494,16
