z1,z2,z3,node,time,depth
-4463.0,-6266.0,-4895.0,1,0.009326934814453125,1
-4870.0,-6043.0,-4734.0,1,0.009351015090942383,1
-5028.0,-5488.0,-5254.0,1,0.009356021881103516,1
-5900.0,-2939.0,-5541.0,1,0.00939798355102539,1
-5106.0,-4189.0,-6538.0,1,0.009427070617675781,1
-5682.0,-3644.0,-5648.0,1,0.009464025497436523,1
-5125.0,-5392.0,-5189.0,1,0.009479045867919922,1
-5246.0,-4783.0,-5147.0,2,0.018977880477905273,2
-6208.0,-2542.0,-4776.0,3,0.027428865432739258,2
-5803.0,-3035.0,-5606.0,5,0.043905019760131836,3
-5207.0,-4250.0,-6118.0,5,0.04393506050109863,3
-4560.0,-6170.0,-4830.0,6,0.05089902877807617,3
-6022.0,-3712.0,-4351.0,7,0.05725288391113281,3
-5700.0,-3044.0,-5249.0,8,0.06500601768493652,4
-3916.0,-5861.0,-5296.0,9,0.07187604904174805,4
-4187.0,-5201.0,-6171.0,10,0.07953786849975586,4
-4952.0,-4901.0,-5663.0,10,0.07956504821777344,4
-6119.0,-3616.0,-4286.0,12,0.09371304512023926,4
-4718.0,-5615.0,-5350.0,15,0.1116950511932373,4
-5781.0,-3966.0,-4790.0,15,0.11172699928283691,4
-5783.0,-3705.0,-5228.0,15,0.11177492141723633,4
-5145.0,-4722.0,-5567.0,19,0.13667607307434082,5
-5634.0,-2826.0,-6104.0,20,0.14331388473510742,5
-4472.0,-4820.0,-6333.0,21,0.14927196502685547,5
-5076.0,-4336.0,-6090.0,22,0.15563488006591797,5
-4230.0,-4896.0,-6467.0,22,0.15565204620361328,5
-5822.0,-4238.0,-4257.0,25,0.17470693588256836,5
-5820.0,-4499.0,-3819.0,25,0.17471694946289062,5
-4072.0,-5451.0,-5947.0,32,0.21137309074401855,6
-4012.0,-5784.0,-5342.0,32,0.21140503883361816,6
-4860.0,-5103.0,-5405.0,33,0.21672296524047852,6
-5049.0,-4805.0,-5598.0,34,0.2225968837738037,6
-4851.0,-4840.0,-6083.0,40,0.25738096237182617,6
-4642.0,-5028.0,-5759.0,41,0.2628650665283203,6
-4213.0,-3694.0,-6600.0,41,0.26288795471191406,6
-4571.0,-3254.0,-6717.0,41,0.2628910541534424,6
-5801.0,-3296.0,-5168.0,43,0.27507591247558594,6
-5074.0,-4597.0,-5652.0,44,0.28053903579711914,6
-6247.0,-3075.0,-3805.0,53,0.32945799827575684,6
-5721.0,-4177.0,-4677.0,53,0.32949090003967285,6
-5680.0,-3905.0,-5210.0,63,0.3829078674316406,6
-4948.0,-4744.0,-6018.0,65,0.3906900882720947,7
-4534.0,-5629.0,-5035.0,88,0.5085289478302002,7
-3103.0,-4492.0,-6566.0,89,0.5138039588928223,7
-3819.0,-5957.0,-5361.0,89,0.5138120651245117,7
-3737.0,-3861.0,-6771.0,95,0.5424880981445312,7
-5864.0,-4267.0,-3831.0,99,0.5628218650817871,7
-5312.0,-4657.0,-4481.0,106,0.5987229347229004,7
-5314.0,-4396.0,-4919.0,106,0.5987410545349121,7
-5314.0,-4400.0,-4838.0,118,0.6555690765380859,7
-5296.0,-3228.0,-5819.0,166,0.86822509765625,8
-4821.0,-4987.0,-5635.0,179,0.9346349239349365,8
-5335.0,-3709.0,-5637.0,187,0.971005916595459,8
-4440.0,-3340.0,-6689.0,188,0.9761989116668701,8
-5625.0,-4260.0,-4708.0,195,1.004667043685913,8
-5510.0,-4626.0,-3915.0,206,1.058345079421997,8
-5852.0,-4091.0,-4705.0,209,1.0710020065307617,8
-5528.0,-4356.0,-4773.0,225,1.1371710300445557,8
-5526.0,-4617.0,-4335.0,225,1.1371760368347168,8
-5324.0,-3192.0,-5831.0,299,1.4485740661621094,9
-5898.0,-3200.0,-5103.0,301,1.4576470851898193,9
-4541.0,-4967.0,-6179.0,318,1.5273499488830566,9
-5134.0,-3258.0,-6160.0,319,1.531506061553955,9
-5009.0,-4337.0,-5814.0,335,1.6008920669555664,9
-5493.0,-3162.0,-5702.0,346,1.6494369506835938,9
-4580.0,-5241.0,-6074.0,351,1.6685490608215332,9
-3944.0,-4245.0,-6673.0,375,1.7677690982818604,9
-5579.0,-4648.0,-3669.0,386,1.8077270984649658,9
-5623.0,-4521.0,-4270.0,387,1.8120479583740234,9
-5535.0,-4880.0,-3657.0,405,1.8913979530334473,9
-5372.0,-4010.0,-5375.0,429,1.9901490211486816,9
-5524.0,-4199.0,-5128.0,433,2.0037028789520264,9
-5522.0,-4460.0,-4690.0,434,2.006927967071533,9
-5359.0,-4390.0,-4821.0,455,2.0899600982666016,9
-5275.0,-4106.0,-5440.0,461,2.117158889770508,9
-5427.0,-4295.0,-5193.0,465,2.1306169033050537,9
-5425.0,-4556.0,-4755.0,466,2.1339268684387207,9
-5614.0,-3739.0,-5276.0,500,2.254688024520874,9
-4226.0,-5734.0,-5200.0,605,2.6636810302734375,10
-3915.0,-5880.0,-5407.0,694,3.0192909240722656,10
-4453.0,-5326.0,-5566.0,732,3.164236068725586,10
-4082.0,-3780.0,-6572.0,735,3.1742019653320312,10
-3586.0,-4685.0,-6556.0,740,3.1888890266418457,10
-3170.0,-6550.0,-3950.0,788,3.3573310375213623,10
-5653.0,-4029.0,-4755.0,811,3.456026077270508,10
-5297.0,-4619.0,-4720.0,839,3.5573410987854004,10
-5295.0,-4880.0,-4282.0,843,3.568060874938965,10
-5556.0,-4125.0,-4820.0,877,3.678719997406006,10
-3614.0,-4394.0,-6600.0,1176,4.6984429359436035,11
-5379.0,-3477.0,-5649.0,1217,4.842621088027954,11
-5632.0,-3087.0,-5666.0,1232,4.896468877792358,11
-3665.0,-5674.0,-6108.0,1297,5.110864877700806,11
-3975.0,-5547.0,-6012.0,1297,5.110866069793701,11
-2860.0,-5153.0,-6424.0,1377,5.373046875,11
-3218.0,-4713.0,-6541.0,1377,5.373049974441528,11
-5537.0,-4619.0,-4095.0,1483,5.816994905471802,11
-5396.0,-4941.0,-3862.0,1489,5.837538003921509,11
-5542.0,-4218.0,-4801.0,1589,6.151519060134888,11
-5552.0,-3968.0,-5175.0,1615,6.220980882644653,11
-5554.0,-4386.0,-4382.0,1625,6.24980902671814,11
-5445.0,-4314.0,-4866.0,1687,6.461164951324463,11
-5455.0,-4064.0,-5240.0,1711,6.5262110233306885,11
-4656.0,-4912.0,-5742.0,1820,6.794064998626709,12
-3972.0,-3954.0,-6717.0,2032,7.4234459400177,12
-4814.0,-4357.0,-6262.0,2046,7.450269937515259,12
-4780.0,-2879.0,-6621.0,2050,7.462578058242798,12
-5195.0,-3167.0,-6239.0,2051,7.466523885726929,12
-4224.0,-5756.0,-5131.0,2235,8.034780025482178,12
-5231.0,-3480.0,-5725.0,2360,8.421288013458252,12
-5436.0,-4558.0,-4515.0,2620,9.212141036987305,12
-5719.0,-4438.0,-4239.0,2630,9.237981081008911,12
-6018.0,-3555.0,-4706.0,2656,9.306113958358765,12
-5550.0,-4229.0,-4737.0,2707,9.431286096572876,12
-5395.0,-4703.0,-4307.0,2785,9.759692907333374,12
-5921.0,-3651.0,-4771.0,2810,9.832361936569214,12
-5453.0,-4325.0,-4802.0,2851,9.933058977127075,12
-5650.0,-4052.0,-4762.0,2922,10.112716913223267,12
-4295.0,-5881.0,-5046.0,3021,10.3383948802948,13
-5051.0,-4803.0,-5595.0,3062,10.415201902389526,13
-5227.0,-3288.0,-5896.0,3401,11.259605884552002,13
-4626.0,-5007.0,-6083.0,3446,11.361702919006348,13
-4738.0,-4945.0,-5728.0,3586,11.762923955917358,13
-5651.0,-4290.0,-4317.0,3921,12.65358304977417,13
-5287.0,-4869.0,-4346.0,3956,12.736764907836914,13
-5156.0,-4955.0,-4318.0,4010,12.907572031021118,13
-5434.0,-4819.0,-4077.0,4016,12.920361042022705,13
-5312.0,-4661.0,-4400.0,4284,13.677480936050415,13
-4950.0,-4742.0,-6015.0,4456,14.064970016479492,14
-5608.0,-3055.0,-6054.0,4778,14.679676055908203,14
-5247.0,-3283.0,-5855.0,4904,14.953135967254639,14
-4024.0,-5489.0,-6323.0,4984,15.102567911148071,14
-3632.0,-4451.0,-6565.0,5138,15.459600925445557,14
-5635.0,-3972.0,-4790.0,5262,15.718921899795532,14
-5416.0,-4936.0,-3821.0,5496,16.297910928726196,14
-5255.0,-5277.0,-3460.0,5537,16.427857875823975,14
-5898.0,-3857.0,-4714.0,5596,16.55006194114685,14
-5296.0,-4339.0,-4954.0,5606,16.578850030899048,14
-5315.0,-4638.0,-4393.0,5716,16.921597003936768,14
-5418.0,-3776.0,-5384.0,5730,16.94368290901184,14
-5512.0,-4297.0,-4805.0,5824,17.141995906829834,14
-5321.0,-3872.0,-5449.0,5942,17.41531801223755,14
-4658.0,-4910.0,-5739.0,6196,17.923959970474243,15
-4093.0,-5688.0,-5380.0,6210,17.94480800628662,15
-4031.0,-5754.0,-5648.0,6246,18.004401922225952,15
-5344.0,-3187.0,-5790.0,6356,18.188709020614624,15
-5944.0,-2966.0,-5112.0,6362,18.199100971221924,15
-4316.0,-5373.0,-5810.0,6398,18.262721061706543,15
-4178.0,-3361.0,-6861.0,6484,18.416023015975952,15
-5363.0,-3418.0,-5681.0,6576,18.586607933044434,15
-5058.0,-4279.0,-6125.0,6602,18.622870922088623,15
-3934.0,-5850.0,-5713.0,6778,18.955848932266235,15
-4474.0,-4818.0,-6330.0,6796,19.00284504890442,15
-3990.0,-4011.0,-6682.0,6928,19.24552297592163,15
-5609.0,-4201.0,-4740.0,7056,19.476481914520264,15
-5382.0,-4621.0,-4332.0,7312,20.10416889190674,15
-4970.0,-5658.0,-3298.0,7324,20.129175901412964,15
-5154.0,-5216.0,-3880.0,7540,20.524976015090942,15
-5558.0,-4063.0,-4814.0,7650,20.73103094100952,15
-5316.0,-3223.0,-5778.0,8306,21.813334941864014,16
-5337.0,-3647.0,-5631.0,8338,21.86517596244812,16
-4189.0,-5199.0,-6168.0,8476,22.064472913742065,16
-3624.0,-5977.0,-5809.0,8538,22.1598858833313,16
-3909.0,-5596.0,-5971.0,8558,22.200865983963013,16
-5655.0,-3967.0,-4749.0,8770,22.520565032958984,16
-5653.0,-4228.0,-4311.0,8774,22.527397871017456,16
-5205.0,-4881.0,-4292.0,8872,22.689249992370605,16
-5356.0,-4850.0,-4282.0,9034,22.998040914535522,16
-5299.0,-4557.0,-4714.0,9120,23.230931043624878,16
-5538.0,-4068.0,-4855.0,9366,23.61357593536377,16
-2966.0,-6401.0,-4421.0,9410,23.689859867095947,16
-5363.0,-4326.0,-4812.0,9428,23.72369408607483,16
-4362.0,-5864.0,-4985.0,9740,24.19167709350586,17
-3820.0,-3801.0,-6744.0,9912,24.38480806350708,17
-3974.0,-3952.0,-6714.0,10278,24.82293391227722,17
-5398.0,-4879.0,-3856.0,10378,24.955087900161743,17
-5400.0,-4877.0,-3853.0,10608,25.27045488357544,17
-5253.0,-4791.0,-4705.0,10692,25.378242015838623,17
-6249.0,-3013.0,-3799.0,10730,25.430938005447388,17
-3543.0,-6286.0,-4264.0,10764,25.469417095184326,17
-5255.0,-4789.0,-4702.0,10794,25.511823892593384,17
-5554.0,-3906.0,-5169.0,10846,25.608444929122925,17
-5508.0,-4140.0,-5160.0,10858,25.62239098548889,17
-5556.0,-4324.0,-4376.0,10908,25.685081958770752,17
-5379.0,-4644.0,-4339.0,10996,25.802386045455933,17
-5457.0,-4002.0,-5234.0,11028,25.939929962158203,17
-5411.0,-4236.0,-5225.0,11040,25.953567028045654,17
-5186.0,-4403.0,-5225.0,11146,26.0813889503479,17
-5168.0,-4346.0,-5260.0,11170,26.11447787284851,17
-4385.0,-5520.0,-5656.0,11226,26.179681062698364,18
-4052.0,-5991.0,-5081.0,11252,26.2034969329834,18
-5353.0,-3706.0,-5599.0,11434,26.37293291091919,18
-4803.0,-4930.0,-5670.0,11468,26.403358936309814,18
-4624.0,-5268.0,-5645.0,11558,26.485815048217773,18
-3996.0,-5784.0,-5445.0,11574,26.503024101257324,18
-3955.0,-6087.0,-5146.0,11586,26.51621699333191,18
-4219.0,-5469.0,-5875.0,11616,26.55689787864685,18
-5669.0,-4287.0,-4279.0,11758,26.682990074157715,18
-3300.0,-6396.0,-4299.0,11868,26.800956964492798,18
-5333.0,-4635.0,-4355.0,12028,26.97560691833496,18
-5317.0,-4576.0,-4387.0,12040,26.988324880599976,18
-5379.0,-4385.0,-4780.0,12250,27.18579387664795,18
-5634.0,-3734.0,-5235.0,12364,27.29658007621765,18
-5632.0,-3995.0,-4797.0,12398,27.327579021453857,18
-4695.0,-5393.0,-5560.0,12448,27.3665668964386,19
-4045.0,-5726.0,-5756.0,12706,27.558727979660034,19
-3854.0,-5709.0,-5942.0,12707,27.560070037841797,19
-4805.0,-4928.0,-5667.0,12736,27.5813729763031,19
-3616.0,-4392.0,-6597.0,12796,27.624692916870117,19
-3251.0,-6454.0,-3988.0,12930,27.735903024673462,19
-5372.0,-4909.0,-4250.0,13002,27.790623903274536,19
-5281.0,-4560.0,-4752.0,13120,27.88859796524048,19
-5574.0,-4381.0,-4341.0,13188,27.940115928649902,19
-5184.0,-4405.0,-5228.0,13318,28.03583788871765,19
-5212.0,-4174.0,-5275.0,13346,28.05583906173706,19
-4452.0,-5503.0,-5595.0,13390,28.11711287498474,20
-4608.0,-4950.0,-6118.0,13474,28.17569899559021,20
-5241.0,-2933.0,-6248.0,13482,28.180945873260498,20
-5213.0,-3423.0,-5760.0,13492,28.186425924301147,20
-5847.0,-3062.0,-5177.0,13542,28.221184015274048,20
-4610.0,-4948.0,-6115.0,13574,28.242965936660767,20
-4954.0,-4899.0,-5660.0,13614,28.268393993377686,20
-3591.0,-6299.0,-3897.0,13758,28.45877194404602,20
-3631.0,-6506.0,-3636.0,13764,28.462576866149902,20
-5207.0,-4879.0,-4289.0,13792,28.479881048202515,20
-5398.0,-4680.0,-4300.0,13803,28.486196041107178,20
-5581.0,-4646.0,-3666.0,13804,28.486860036849976,20
-5866.0,-4265.0,-3828.0,13820,28.497031927108765,20
-5896.0,-4118.0,-4276.0,13844,28.51078987121582,20
-5528.0,-4615.0,-4332.0,13948,28.575891971588135,20
-5572.0,-4383.0,-4344.0,13954,28.580569982528687,20
-5214.0,-4112.0,-5269.0,14042,28.64325499534607,20
-5390.0,-3812.0,-5372.0,14046,28.646481037139893,20
-5827.0,-3732.0,-4799.0,14048,28.647393941879272,20
-5298.0,-3421.0,-5781.0,14120,28.692168951034546,21
-6033.0,-1944.0,-4813.0,14122,28.693506956100464,21
-5215.0,-3162.0,-6198.0,14148,28.703602075576782,21
-5540.0,-3150.0,-5682.0,14174,28.71374487876892,21
-5410.0,-3142.0,-5750.0,14176,28.71471905708313,21
-5230.0,-3506.0,-5656.0,14178,28.715643882751465,21
-4422.0,-3283.0,-6724.0,14182,28.717318058013916,21
-4064.0,-3723.0,-6607.0,14184,28.71829104423523,21
-5985.0,-1982.0,-5189.0,14186,28.719255924224854,21
-5459.0,-3084.0,-6061.0,14190,28.720993041992188,21
-5439.0,-3089.0,-6102.0,14194,28.723006010055542,21
-5485.0,-2855.0,-6111.0,14198,28.725038051605225,21
-4355.0,-5599.0,-5660.0,14210,28.729923963546753,21
-4240.0,-5706.0,-5308.0,14222,28.73494005203247,21
-4389.0,-5677.0,-5301.0,14230,28.738338947296143,21
-4644.0,-5026.0,-5756.0,14232,28.739434957504272,21
-5232.0,-3504.0,-5653.0,14236,28.747400045394897,21
-5355.0,-3704.0,-5596.0,14238,28.748446941375732,21
-4853.0,-4838.0,-6080.0,14244,28.750904083251953,21
-4288.0,-5616.0,-5721.0,14246,28.75195002555847,21
-4543.0,-4965.0,-6176.0,14256,28.75626301765442,21
-5563.0,-4589.0,-3701.0,14266,28.760310888290405,21
-5400.0,-4618.0,-4294.0,14268,28.761269092559814,21
-5354.0,-4852.0,-4285.0,14270,28.762217044830322,21
-5380.0,-4623.0,-4335.0,14272,28.763284921646118,21
-5804.0,-4181.0,-4292.0,14286,28.76870107650757,21
-5848.0,-4208.0,-3863.0,14288,28.76978898048401,21
-3801.0,-6286.0,-4017.0,14306,28.776752948760986,21
-3610.0,-6269.0,-4203.0,14308,28.777790069580078,21
-4936.0,-5580.0,-3657.0,14310,28.778734922409058,21
-3495.0,-6376.0,-3851.0,14314,28.78046989440918,21
-5223.0,-4938.0,-4257.0,14322,28.78367304801941,21
-5221.0,-5199.0,-3819.0,14328,28.786324977874756,21
-5203.0,-4943.0,-4298.0,14330,28.787261962890625,21
-5370.0,-5170.0,-3812.0,14338,28.790571928024292,21
-3644.0,-6347.0,-3844.0,14340,28.79169487953186,21
-5625.0,-4519.0,-4267.0,14346,28.794224977493286,21
-5671.0,-4285.0,-4276.0,14348,28.795326948165894,21
-5627.0,-4258.0,-4705.0,14350,28.79630708694458,21
-5279.0,-4562.0,-4755.0,14354,28.797986030578613,21
-6231.0,-2757.0,-4278.0,14360,28.800451040267944,21
-6275.0,-2784.0,-3849.0,14362,28.801403999328613,21
-6229.0,-3018.0,-3840.0,14364,28.802466869354248,21
-5138.0,-4898.0,-4353.0,14368,28.804259061813354,21
-5703.0,-4120.0,-4712.0,14370,28.8052499294281,21
-5335.0,-4633.0,-4352.0,14374,28.807390928268433,21
-5271.0,-4848.0,-4670.0,14378,28.809233903884888,21
-5140.0,-4896.0,-4350.0,14386,28.812912940979004,21
-5289.0,-4867.0,-4343.0,14388,28.813996076583862,21
-5269.0,-5109.0,-4232.0,14390,28.815185070037842,21
-6036.0,-2777.0,-4726.0,14398,28.818953037261963,21
-6080.0,-2804.0,-4297.0,14400,28.82008409500122,21
-5588.0,-3984.0,-4810.0,14402,28.821141004562378,21
-6034.0,-3038.0,-4288.0,14406,28.822897911071777,21
-5534.0,-3911.0,-5210.0,14408,28.82390809059143,21
-5526.0,-4197.0,-5125.0,14416,28.832321882247925,21
-5524.0,-4458.0,-4687.0,14418,28.83341407775879,21
-5530.0,-4354.0,-4770.0,14422,28.835213899612427,21
-3163.0,-6285.0,-4625.0,14426,28.837181091308594,21
-3203.0,-6492.0,-4364.0,14428,28.83829402923584,21
-3803.0,-6271.0,-3686.0,14430,28.83963894844055,21
-5377.0,-4646.0,-4342.0,14440,28.843708992004395,21
-5381.0,-4383.0,-4777.0,14442,28.844901084899902,21
-5361.0,-4388.0,-4818.0,14444,28.845921993255615,21
-5437.0,-4007.0,-5275.0,14454,28.85004997253418,21
-5429.0,-4293.0,-5190.0,14460,28.852662086486816,21
-5427.0,-4554.0,-4752.0,14462,28.85373592376709,21
-3293.0,-6131.0,-4974.0,14468,28.85638189315796,21
-5227.0,-3953.0,-5477.0,14470,28.857367992401123,21
-5210.0,-4176.0,-5278.0,14478,28.860682010650635,21
-6160.0,-2632.0,-4363.0,14480,28.861686944961548,21
-6059.0,-2571.0,-4783.0,14486,28.864223957061768,21
-5164.0,-4410.0,-5269.0,14494,28.867681980133057,21
-5166.0,-4408.0,-5266.0,14496,28.86876392364502,21
