z1,z2,z3,node,time,depth
116.0,64.0,105.0,1,0.24555301666259766,1
91.0,81.0,92.0,1,0.2461540699005127,1
77.0,103.0,88.0,1,0.2461681365966797,1
74.0,136.0,70.0,1,0.24634814262390137,1
90.0,84.0,101.0,2,0.5331640243530273,2
87.0,105.0,82.0,2,0.5336620807647705,2
79.0,127.0,73.0,3,0.5993201732635498,2
70.0,172.0,71.0,3,0.5993621349334717,2
69.0,133.0,76.0,3,0.599416971206665,2
70.0,133.0,75.0,3,0.599431037902832,2
73.0,138.0,70.0,3,0.5994441509246826,2
65.0,155.0,77.0,5,1.0675971508026123,3
63.0,154.0,79.0,5,1.0677080154418945,3
63.0,152.0,80.0,5,1.0677490234375,3
64.0,149.0,80.0,5,1.067763090133667,3
78.0,124.0,75.0,6,1.1364140510559082,3
72.0,138.0,73.0,7,1.2292201519012451,3
87.0,122.0,76.0,7,1.2292771339416504,3
96.0,116.0,81.0,7,1.2292921543121338,3
71.0,141.0,73.0,7,1.2294001579284668,3
73.0,136.0,73.0,7,1.2294821739196777,3
65.0,146.0,82.0,10,1.8262410163879395,4
68.0,145.0,83.0,11,1.8995661735534668,4
68.0,143.0,84.0,11,1.8995800018310547,4
71.0,130.0,78.0,12,1.9544100761413574,4
75.0,125.0,80.0,13,2.0619750022888184,4
73.0,132.0,75.0,13,2.0620460510253906,4
79.0,119.0,85.0,13,2.062103033065796,4
73.0,127.0,81.0,13,2.0623161792755127,4
83.0,118.0,83.0,13,2.062472105026245,4
80.0,119.0,84.0,13,2.062486171722412,4
76.0,125.0,79.0,13,2.0625011920928955,4
64.0,151.0,79.0,20,3.1123170852661133,5
66.0,152.0,77.0,20,3.1123311519622803,5
111.0,80.0,108.0,24,3.585927963256836,5
113.0,78.0,122.0,24,3.585942029953003,5
114.0,79.0,108.0,24,3.586038112640381,5
98.0,100.0,90.0,24,3.586121082305908,5
95.0,101.0,90.0,24,3.586327075958252,5
73.0,129.0,77.0,25,3.643666982650757,5
74.0,127.0,80.0,26,3.7260019779205322,5
72.0,132.0,76.0,27,3.8096861839294434,5
82.0,118.0,84.0,27,3.809741973876953,5
69.0,172.0,74.0,28,3.8873331546783447,5
88.0,97.0,91.0,33,4.748334169387817,6
65.0,153.0,78.0,41,5.710973024368286,6
66.0,150.0,78.0,41,5.7110700607299805,6
77.0,124.0,81.0,47,6.395874977111816,6
77.0,121.0,82.0,49,6.5204901695251465,6
75.0,122.0,83.0,49,6.520668983459473,6
80.0,116.0,87.0,49,6.520711183547974,6
82.0,115.0,86.0,49,6.520752191543579,6
77.0,129.0,76.0,54,6.919406175613403,6
78.0,129.0,73.0,56,7.073548078536987,6
67.0,149.0,79.0,72,8.924221992492676,7
65.0,148.0,81.0,72,8.924442052841187,7
84.0,118.0,80.0,79,9.668421983718872,7
84.0,117.0,81.0,79,9.668436050415039,7
90.0,95.0,96.0,99,11.273555994033813,8
80.0,121.0,78.0,129,14.18631100654602,8
83.0,120.0,80.0,130,14.27018404006958,8
70.0,170.0,74.0,145,15.29723596572876,8
71.0,170.0,71.0,149,15.527510166168213,8
67.0,147.0,80.0,176,18.519208192825317,9
86.0,120.0,79.0,186,19.406748056411743,9
94.0,102.0,90.0,253,24.71893000602722,10
114.0,78.0,117.0,256,25.005120992660522,10
83.0,117.0,84.0,260,25.392385005950928,10
85.0,114.0,87.0,262,25.537459135055542,10
86.0,114.0,84.0,269,26.015624046325684,10
115.0,65.0,117.0,304,28.1826651096344,11
86.0,113.0,86.0,346,31.431137084960938,11
79.0,123.0,80.0,434,36.97379803657532,12
81.0,116.0,86.0,435,37.04422616958618,12
114.0,80.0,107.0,440,37.274044036865234,12
76.0,124.0,82.0,452,38.09635901451111,12
78.0,123.0,81.0,452,38.096373081207275,12
113.0,79.0,117.0,513,41.298763036727905,13
83.0,115.0,85.0,518,41.647711992263794,13
74.0,125.0,83.0,538,42.73450708389282,13
115.0,78.0,116.0,588,45.40298104286194,14
100.0,94.0,90.0,639,48.25427198410034,15
82.0,120.0,83.0,687,50.53712606430054,15
84.0,116.0,83.0,743,53.25940299034119,16
157.0,55.0,150.0,875,61.14762902259827,20
150.0,57.0,146.0,933,65.06161308288574,22
155.0,56.0,144.0,1035,73.56324005126953,25
154.0,56.0,147.0,1035,73.5632541179657,25
145.0,60.0,138.0,1309,90.70889616012573,32
152.0,57.0,142.0,1378,95.97741413116455,34
140.0,61.0,142.0,1378,95.97748398780823,34
151.0,57.0,145.0,1378,95.9774980545044,34
147.0,60.0,136.0,1378,95.97754001617432,34
143.0,60.0,140.0,1378,95.97756814956665,34
149.0,61.0,134.0,1413,99.240079164505,35
148.0,62.0,133.0,1436,101.26613712310791,36
142.0,61.0,140.0,1460,103.28335309028625,37
144.0,61.0,139.0,1461,103.40948700904846,37
145.0,62.0,135.0,1490,105.79824709892273,38
149.0,59.0,141.0,1491,105.95915102958679,38
150.0,59.0,138.0,1491,105.95916509628296,38
143.0,62.0,138.0,1532,109.42899203300476,39
146.0,61.0,135.0,1576,112.69967699050903,40
141.0,63.0,138.0,1583,113.27645516395569,40
142.0,63.0,135.0,1583,113.27652597427368,40
150.0,58.0,144.0,1618,115.32293796539307,41
151.0,58.0,141.0,1618,115.32295203208923,41
144.0,63.0,134.0,1620,115.52749514579773,41
146.0,63.0,133.0,1641,116.89463210105896,41
147.0,63.0,130.0,1641,116.89464616775513,41
148.0,59.0,147.0,1848,128.26088500022888,47
