z1,z2,z3,node,time,depth
-7563.0,-8664.0,-7937.0,64,0.02967214584350586,7
-7803.0,-7942.0,-8486.0,66,0.030367136001586914,7
-7712.0,-8756.0,-7522.0,83,0.040405988693237305,7
-7719.0,-7943.0,-8612.0,94,0.045278072357177734,7
-7519.0,-8125.0,-8628.0,105,0.05028104782104492,7
-7418.0,-7953.0,-8804.0,126,0.05967903137207031,8
-7714.0,-8453.0,-8412.0,128,0.06045699119567871,8
-7948.0,-8653.0,-7619.0,130,0.061242103576660156,8
-7706.0,-8003.0,-8526.0,134,0.06298995018005371,8
-7321.0,-8014.0,-8844.0,136,0.06376314163208008,8
-7511.0,-7964.0,-8658.0,137,0.06410408020019531,8
-8058.0,-8584.0,-7865.0,148,0.0689699649810791,8
-7673.0,-8595.0,-8183.0,150,0.0697929859161377,8
-7907.0,-8795.0,-7390.0,154,0.07164907455444336,8
-8015.0,-8443.0,-8220.0,174,0.08060503005981445,8
-7630.0,-8454.0,-8538.0,176,0.0814211368560791,8
-7820.0,-8404.0,-8352.0,177,0.08176898956298828,8
-7974.0,-8585.0,-7991.0,180,0.08319711685180664,8
-8164.0,-8535.0,-7805.0,181,0.08354997634887695,8
-7622.0,-8004.0,-8652.0,188,0.08704495429992676,8
-7787.0,-7268.0,-9169.0,201,0.09330010414123535,8
-7864.0,-8654.0,-7745.0,204,0.09449195861816406,8
-8054.0,-8604.0,-7559.0,205,0.09484601020812988,8
-7779.0,-7107.0,-9199.0,239,0.11022305488586426,9
-7909.0,-7893.0,-8426.0,278,0.12791800498962402,9
-7524.0,-7904.0,-8744.0,280,0.12903213500976562,9
-8088.0,-7547.0,-8893.0,281,0.12946009635925293,9
-7779.0,-8546.0,-8123.0,284,0.13137102127075195,9
-8432.0,-7678.0,-8346.0,287,0.1323699951171875,9
-7812.0,-7954.0,-8466.0,294,0.13585996627807617,9
-7427.0,-7965.0,-8784.0,300,0.13782596588134766,9
-8013.0,-8746.0,-7330.0,316,0.14436101913452148,9
-7669.0,-8615.0,-7877.0,320,0.1454019546508789,9
-8322.0,-7747.0,-8100.0,323,0.1463611125946045,9
-7831.0,-7807.0,-8478.0,338,0.15330815315246582,10
-7982.0,-7596.0,-8953.0,340,0.1542971134185791,10
-8216.0,-7796.0,-8160.0,342,0.15529894828796387,10
-7974.0,-7146.0,-9067.0,346,0.15679407119750977,10
-7589.0,-7157.0,-9385.0,350,0.15836405754089355,10
-8326.0,-7727.0,-8406.0,364,0.1628711223602295,10
-7941.0,-7738.0,-8724.0,368,0.16437196731567383,10
-8175.0,-7938.0,-7931.0,374,0.1664140224456787,10
-8283.0,-7586.0,-8761.0,390,0.17186903953552246,10
-7806.0,-8014.0,-8402.0,392,0.17287898063659668,10
-7898.0,-7597.0,-9079.0,394,0.17347097396850586,10
-8150.0,-8145.0,-7855.0,398,0.17504000663757324,10
-8047.0,-7689.0,-8664.0,400,0.17565703392028809,10
-8242.0,-7728.0,-8532.0,404,0.1771690845489502,10
-8080.0,-7097.0,-9007.0,408,0.17878198623657227,10
-7695.0,-7108.0,-9325.0,414,0.18115615844726562,10
-7890.0,-7147.0,-9193.0,418,0.1825389862060547,10
-8281.0,-7889.0,-7871.0,424,0.18467402458190918,10
-7937.0,-7758.0,-8418.0,428,0.18621611595153809,10
-8132.0,-7797.0,-8286.0,436,0.1886610984802246,10
-7700.0,-8063.0,-8462.0,442,0.1909029483795166,11
-7307.0,-7624.0,-8894.0,448,0.19261908531188965,11
-8044.0,-8194.0,-7915.0,452,0.193756103515625,11
-8001.0,-8053.0,-8270.0,462,0.1966869831085205,11
-7616.0,-8064.0,-8588.0,464,0.1973259449005127,11
