z1,z2,z3,node,time,depth
-827.0,-5209.0,-3125.0,1,0.009495019912719727,1
-4286.0,-3435.0,-1116.0,1,0.009499073028564453,1
-3930.0,-1121.0,-3360.0,1,0.00950312614440918,1
-930.0,-4691.0,-3798.0,1,0.009507179260253906,1
-1636.0,-5217.0,-2459.0,1,0.009510993957519531,1
-1425.0,-5275.0,-2121.0,1,0.009515047073364258,1
-4372.0,-2350.0,-2327.0,1,0.009519100189208984,1
-4434.0,-2311.0,-2234.0,1,0.009523153305053711,1
-2726.0,-2177.0,-4221.0,1,0.009526968002319336,1
-1578.0,-3300.0,-4374.0,1,0.009531021118164062,1
-1721.0,-2855.0,-4425.0,1,0.009535074234008789,1
-1392.0,-4970.0,-3185.0,1,0.00953817367553711,1
-2936.0,-4983.0,-1625.0,1,0.009541988372802734,1
-1250.0,-4168.0,-4123.0,1,0.009546041488647461,1
-2491.0,-3784.0,-3562.0,1,0.009550094604492188,1
-2035.0,-4206.0,-3570.0,1,0.009554147720336914,1
-3880.0,-4335.0,-1132.0,1,0.00955820083618164,1
-4223.0,-3387.0,-2108.0,1,0.009562015533447266,1
-1609.0,-4842.0,-3184.0,1,0.009565114974975586,1
-3019.0,-4422.0,-2407.0,1,0.009569168090820312,1
-2935.0,-4361.0,-2583.0,1,0.009586095809936523,1
-3973.0,-3718.0,-2029.0,1,0.00959014892578125,1
-3890.0,-4279.0,-1247.0,1,0.009594202041625977,1
-4176.0,-4012.0,-1218.0,1,0.009598016738891602,1
-3868.0,-1160.0,-3453.0,1,0.009602069854736328,1
-3719.0,-2197.0,-3234.0,1,0.009607076644897461,1
-2927.0,-2624.0,-3893.0,1,0.009611129760742188,1
-2045.0,-5117.0,-1682.0,2,0.020176172256469727,2
-1650.0,-4984.0,-2468.0,2,0.02017998695373535,2
-666.0,-4768.0,-3631.0,2,0.02019214630126953,2
-760.0,-4793.0,-3578.0,2,0.020197153091430664,2
-2363.0,-3923.0,-3237.0,2,0.02021002769470215,2
-1642.0,-3735.0,-3956.0,2,0.020214080810546875,2
-2332.0,-4525.0,-2706.0,2,0.020223140716552734,2
-3222.0,-4716.0,-1596.0,2,0.02022719383239746,2
-3138.0,-4655.0,-1772.0,2,0.020246028900146484,2
-3292.0,-3834.0,-2564.0,2,0.020251035690307617,2
-2602.0,-3044.0,-3814.0,2,0.02025914192199707,2
-3323.0,-3232.0,-3095.0,2,0.020267009735107422,2
-3842.0,-2699.0,-2508.0,3,0.02944016456604004,2
-3268.0,-2081.0,-3483.0,3,0.029496192932128906,2
-2013.0,-2852.0,-4038.0,3,0.02950119972229004,2
-2290.0,-3337.0,-3890.0,3,0.02951502799987793,2
-1753.0,-4992.0,-1788.0,4,0.04225897789001465,3
-4224.0,-3137.0,-1571.0,4,0.04230213165283203,3
-2471.0,-3046.0,-3901.0,4,0.04230904579162598,3
-3263.0,-4078.0,-2250.0,4,0.04232501983642578,3
-3655.0,-3221.0,-2660.0,4,0.04232907295227051,3
-4092.0,-2368.0,-2587.0,4,0.04234004020690918,3
-4417.0,-1999.0,-2251.0,4,0.042344093322753906,3
-3806.0,-3839.0,-1736.0,4,0.042356014251708984,3
-2984.0,-2433.0,-3674.0,5,0.05138897895812988,3
-2117.0,-3172.0,-3895.0,5,0.05139803886413574,3
-2401.0,-2597.0,-4142.0,5,0.05140113830566406,3
-1626.0,-4662.0,-2905.0,5,0.05142498016357422,3
-3485.0,-2696.0,-3244.0,5,0.0514371395111084,3
-3576.0,-3111.0,-2921.0,5,0.0514531135559082,3
-2105.0,-4806.0,-2699.0,6,0.06141519546508789,3
-2852.0,-4922.0,-1801.0,6,0.061419010162353516,3
-1534.0,-3943.0,-4000.0,6,0.06142711639404297,3
-2274.0,-3912.0,-3563.0,6,0.061431169509887695,3
-1888.0,-4934.0,-2700.0,6,0.06143903732299805,3
-939.0,-4985.0,-3173.0,6,0.06144309043884277,3
-1552.0,-5156.0,-2635.0,6,0.061446189880371094,3
-1323.0,-5173.0,-2640.0,6,0.06145000457763672,3
-2478.0,-3283.0,-3632.0,6,0.06145811080932617,3
-2746.0,-4488.0,-2399.0,7,0.06824016571044922,3
-3073.0,-3563.0,-3016.0,7,0.06824803352355957,3
-2828.0,-4489.0,-2221.0,8,0.07974910736083984,4
-3220.0,-3632.0,-2631.0,8,0.0797569751739502,4
-2724.0,-3668.0,-3116.0,8,0.0797879695892334,4
-3728.0,-3185.0,-2226.0,8,0.07982301712036133,4
-3977.0,-2779.0,-2144.0,8,0.07982707023620605,4
-3371.0,-3201.0,-2914.0,9,0.08982515335083008,4
-3613.0,-1831.0,-3304.0,9,0.08986806869506836,4
-3788.0,-3798.0,-2079.0,10,0.09923720359802246,4
-3069.0,-3261.0,-3170.0,10,0.09924817085266113,4
-2868.0,-2814.0,-3498.0,10,0.09925103187561035,4
-4241.0,-3449.0,-1554.0,10,0.09926605224609375,4
-4095.0,-3468.0,-1815.0,10,0.0992741584777832,4
-4179.0,-3488.0,-1647.0,10,0.09927797317504883,4
-3500.0,-3975.0,-1764.0,11,0.10518598556518555,4
-2523.0,-3915.0,-3005.0,12,0.11466002464294434,4
-1217.0,-4675.0,-3349.0,12,0.11467099189758301,4
-2749.0,-4366.0,-2472.0,12,0.1146841049194336,4
-3242.0,-4452.0,-1914.0,12,0.11472296714782715,4
-1669.0,-4623.0,-2900.0,13,0.1214439868927002,4
-1494.0,-4415.0,-3397.0,13,0.1214590072631836,4
-2150.0,-4323.0,-3136.0,13,0.12146306037902832,4
-2253.0,-4402.0,-2957.0,14,0.1264050006866455,4
-2654.0,-4550.0,-2148.0,16,0.1404111385345459,5
-2755.0,-3066.0,-3647.0,16,0.1404581069946289,5
-2694.0,-4078.0,-2751.0,16,0.14046716690063477,5
-1547.0,-4487.0,-3259.0,16,0.14047002792358398,5
-2238.0,-4500.0,-2759.0,17,0.14941000938415527,5
-3402.0,-3648.0,-2238.0,17,0.14944815635681152,5
-3947.0,-1595.0,-2806.0,17,0.14945197105407715,5
-3516.0,-2498.0,-3068.0,17,0.1494591236114502,5
-3645.0,-2256.0,-3003.0,17,0.14947009086608887,5
-2945.0,-3672.0,-2743.0,18,0.16084909439086914,5
-3577.0,-3587.0,-2146.0,18,0.16086316108703613,5
-2478.0,-4040.0,-2803.0,19,0.16691899299621582,5
-2477.0,-4206.0,-2752.0,20,0.17533016204833984,5
-2526.0,-4817.0,-1918.0,20,0.17536306381225586,5
-2892.0,-4489.0,-1846.0,20,0.17537903785705566,5
-3118.0,-3872.0,-2336.0,20,0.17538714408874512,5
-3484.0,-3544.0,-2264.0,20,0.17539119720458984,5
-3195.0,-3313.0,-2802.0,21,0.18462514877319336,5
-4135.0,-2770.0,-2195.0,22,0.1900310516357422,5
-1537.0,-4152.0,-3674.0,26,0.21364498138427734,5
-3405.0,-3552.0,-2581.0,26,0.2136530876159668,5
-2322.0,-4190.0,-3121.0,26,0.2136681079864502,5
-3143.0,-2991.0,-3167.0,27,0.21848797798156738,5
-1468.0,-4364.0,-3510.0,28,0.22319316864013672,5
-2341.0,-1984.0,-4289.0,32,0.24427509307861328,6
-1970.0,-2783.0,-4331.0,32,0.244279146194458,6
-3393.0,-2660.0,-3246.0,32,0.24428701400756836,6
-1843.0,-4534.0,-2904.0,32,0.2443220615386963,6
-3518.0,-1750.0,-3562.0,32,0.24433398246765137,6
-2914.0,-2123.0,-3963.0,32,0.2443370819091797,6
-1578.0,-3885.0,-3790.0,32,0.24434113502502441,6
-1453.0,-4462.0,-3312.0,32,0.24434900283813477,6
-3657.0,-2779.0,-2558.0,33,0.2550640106201172,6
-3555.0,-2124.0,-3395.0,33,0.2550821304321289,6
-3362.0,-3262.0,-2715.0,33,0.25508999824523926,6
-2853.0,-2683.0,-3662.0,34,0.26225709915161133,6
-3813.0,-2706.0,-2305.0,34,0.26226806640625,6
-2743.0,-4689.0,-1917.0,36,0.28001999855041504,6
-3387.0,-4249.0,-1690.0,36,0.2800750732421875,6
-2353.0,-4617.0,-2325.0,37,0.2878701686859131,6
-3489.0,-2621.0,-2959.0,38,0.29436707496643066,6
-3999.0,-2701.0,-2416.0,38,0.294389009475708,6
-3789.0,-2499.0,-2749.0,39,0.29864501953125,6
-3342.0,-2907.0,-2987.0,39,0.298659086227417,6
-3417.0,-4536.0,-982.0,42,0.3187739849090576,6
-4019.0,-3682.0,-1357.0,42,0.31878113746643066,6
-4140.0,-3948.0,-1326.0,43,0.32333898544311523,6
-3563.0,-2610.0,-2991.0,45,0.3335740566253662,6
-3625.0,-2571.0,-2898.0,45,0.33357810974121094,6
-2191.0,-4473.0,-2781.0,48,0.3486289978027344,6
-1663.0,-4693.0,-2856.0,48,0.34867000579833984,6
-3549.0,-4122.0,-1650.0,49,0.3539121150970459,6
-2408.0,-4345.0,-2780.0,50,0.3617231845855713,6
-2448.0,-4731.0,-2303.0,50,0.3617269992828369,6
-2496.0,-4496.0,-2267.0,51,0.3681910037994385,6
-2412.0,-4476.0,-2435.0,51,0.3682081699371338,6
-3006.0,-3921.0,-2477.0,52,0.37442612648010254,6
-3823.0,-3140.0,-2209.0,52,0.37443017959594727,6
-1888.0,-3762.0,-3722.0,54,0.38184213638305664,6
-1295.0,-4449.0,-3423.0,56,0.39214611053466797,6
-1512.0,-4321.0,-3422.0,58,0.3988010883331299,6
-1789.0,-4040.0,-3644.0,60,0.4038350582122803,6
-2073.0,-3465.0,-3891.0,60,0.4038419723510742,6
-2505.0,-3397.0,-3568.0,60,0.40384602546691895,6
-2368.0,-3320.0,-3678.0,60,0.40385007858276367,6
-2417.0,-3843.0,-3331.0,61,0.41008996963500977,6
-2442.0,-2752.0,-3974.0,64,0.42397499084472656,7
-2045.0,-3517.0,-3730.0,64,0.42398619651794434,7
-3934.0,-1796.0,-2903.0,64,0.4240081310272217,7
-3699.0,-2891.0,-2299.0,64,0.4240231513977051,7
-1258.0,-4408.0,-3465.0,65,0.4346611499786377,7
-3008.0,-2945.0,-3473.0,66,0.4431281089782715,7
-2109.0,-3952.0,-3312.0,67,0.45067405700683594,7
-3133.0,-3010.0,-3125.0,67,0.4507021903991699,7
-3651.0,-3242.0,-2156.0,68,0.4565410614013672,7
-2616.0,-3802.0,-3063.0,69,0.46204710006713867,7
-2525.0,-3387.0,-3386.0,69,0.4620511531829834,7
-4126.0,-1742.0,-2363.0,71,0.4726221561431885,7
-2158.0,-4563.0,-2478.0,73,0.48735713958740234,7
-3608.0,-3846.0,-1770.0,74,0.49405908584594727,7
-3804.0,-2184.0,-2879.0,76,0.5044810771942139,7
-3603.0,-3328.0,-2497.0,78,0.5123400688171387,7
-3056.0,-2760.0,-3240.0,80,0.5236752033233643,7
-2791.0,-3571.0,-2994.0,80,0.5236780643463135,7
-1879.0,-4541.0,-2731.0,81,0.5314249992370605,7
-3716.0,-2928.0,-2260.0,82,0.5377440452575684,7
-3493.0,-3672.0,-2139.0,84,0.544640064239502,7
-3723.0,-4005.0,-1271.0,85,0.5490431785583496,7
-3775.0,-3297.0,-2149.0,85,0.5490751266479492,7
-3945.0,-3772.0,-1468.0,86,0.5528039932250977,7
-2822.0,-2969.0,-3525.0,91,0.5689630508422852,7
-3486.0,-4088.0,-1749.0,96,0.5862860679626465,7
-1964.0,-4328.0,-3025.0,98,0.5973260402679443,7
-3031.0,-4241.0,-1981.0,98,0.5973341464996338,7
-2239.0,-4751.0,-2339.0,100,0.6087939739227295,7
-1916.0,-3580.0,-3761.0,108,0.6375889778137207,7
-2572.0,-3300.0,-3446.0,108,0.6375930309295654,7
-1193.0,-4427.0,-3483.0,112,0.6505541801452637,7
-1312.0,-4328.0,-3559.0,116,0.666978120803833,7
-1978.0,-4465.0,-2930.0,118,0.6709470748901367,7
-2006.0,-3912.0,-3643.0,122,0.6784110069274902,7
-2542.0,-2431.0,-3961.0,128,0.6963191032409668,8
-3487.0,-2204.0,-3141.0,128,0.6963231563568115,8
-3009.0,-2648.0,-3317.0,128,0.6963260173797607,8
-3608.0,-2259.0,-2915.0,129,0.7051160335540771,8
-2976.0,-2084.0,-3870.0,129,0.7051200866699219,8
-1750.0,-3443.0,-4036.0,133,0.7313201427459717,8
-2759.0,-3515.0,-3087.0,134,0.7383270263671875,8
-2677.0,-3432.0,-3133.0,137,0.7524371147155762,8
-2758.0,-3030.0,-3452.0,138,0.7571380138397217,8
-2689.0,-3242.0,-3288.0,138,0.7571420669555664,8
-3761.0,-1527.0,-2919.0,141,0.7710821628570557,8
-3468.0,-4251.0,-1282.0,147,0.8063530921936035,8
-3520.0,-3889.0,-1715.0,147,0.8063650131225586,8
-3135.0,-4159.0,-1957.0,148,0.813014030456543,8
-3203.0,-4092.0,-2108.0,150,0.8217442035675049,8
-3449.0,-3249.0,-2502.0,156,0.842583179473877,8
-3276.0,-3857.0,-2205.0,168,0.8915700912475586,8
-3146.0,-2140.0,-3247.0,178,0.9183351993560791,8
-2739.0,-3180.0,-3311.0,185,0.9348981380462646,8
-2368.0,-4817.0,-2177.0,190,0.9482290744781494,8
-2202.0,-4565.0,-2377.0,191,0.9542191028594971,8
-1689.0,-4391.0,-2998.0,194,0.9694161415100098,8
-1830.0,-4846.0,-2811.0,202,1.0040311813354492,8
-3450.0,-3491.0,-2298.0,206,1.014477014541626,8
-2451.0,-4256.0,-2959.0,211,1.0308091640472412,8
-2906.0,-4067.0,-2656.0,212,1.0337860584259033,8
-2689.0,-4195.0,-2657.0,212,1.0337891578674316,8
-2261.0,-3411.0,-3633.0,214,1.0383310317993164,8
-2936.0,-3486.0,-3126.0,238,1.0909011363983154,8
-1632.0,-3805.0,-3884.0,240,1.0943641662597656,8
-3396.0,-1789.0,-3464.0,246,1.1153151988983154,9
-663.0,-4272.0,-3816.0,248,1.134709119796753,9
-2708.0,-3691.0,-2757.0,248,1.1347370147705078,9
-1265.0,-3571.0,-4117.0,248,1.1347451210021973,9
-1737.0,-2942.0,-4106.0,248,1.1347479820251465,9
-3631.0,-1580.0,-3321.0,250,1.1484081745147705,9
-2790.0,-2913.0,-3618.0,253,1.1639211177825928,9
-2703.0,-3173.0,-3484.0,253,1.1639289855957031,9
-2839.0,-2007.0,-3980.0,254,1.1738321781158447,9
-2103.0,-2492.0,-4186.0,254,1.1738359928131104,9
-2952.0,-2377.0,-3767.0,254,1.1738510131835938,9
-1995.0,-2784.0,-4106.0,254,1.1738710403442383,9
-1602.0,-4207.0,-3353.0,256,1.1848070621490479,9
-2956.0,-3052.0,-3310.0,257,1.1881330013275146,9
-2621.0,-3319.0,-3177.0,263,1.2158751487731934,9
-2495.0,-3953.0,-2880.0,268,1.2363040447235107,9
-3970.0,-2407.0,-2489.0,294,1.3513131141662598,9
-4118.0,-2458.0,-2212.0,295,1.3559060096740723,9
-2584.0,-3389.0,-3251.0,312,1.4082980155944824,9
-3716.0,-2580.0,-2522.0,346,1.504755973815918,9
-2606.0,-4756.0,-1875.0,364,1.5435481071472168,9
-1906.0,-4975.0,-2357.0,364,1.5435521602630615,9
-2067.0,-4884.0,-2354.0,364,1.5435681343078613,9
-3322.0,-4113.0,-1799.0,364,1.543572187423706,9
-2851.0,-4468.0,-1953.0,365,1.5523910522460938,9
-2195.0,-4604.0,-2436.0,377,1.6053521633148193,9
-3672.0,-2822.0,-2344.0,456,1.7709481716156006,10
-3591.0,-2278.0,-2941.0,456,1.7709519863128662,10
-1737.0,-4237.0,-3189.0,462,1.8213989734649658,10
-1613.0,-3147.0,-4345.0,462,1.8214030265808105,10
-1526.0,-3407.0,-4211.0,462,1.8214190006256104,10
-2051.0,-3104.0,-3911.0,463,1.8266010284423828,10
-2056.0,-2320.0,-4210.0,472,1.876021146774292,10
-3445.0,-2092.0,-3400.0,472,1.8760449886322021,10
-2672.0,-3775.0,-2953.0,482,1.9210741519927979,10
-2587.0,-3214.0,-3452.0,489,1.9427731037139893,10
-3611.0,-3322.0,-2199.0,534,2.1247851848602295,10
-2125.0,-5056.0,-1639.0,636,2.4401509761810303,10
-2474.0,-4429.0,-2445.0,659,2.5109450817108154,10
-3675.0,-2298.0,-2773.0,732,2.657050132751465,11
-1634.0,-3115.0,-4291.0,744,2.7473971843719482,11
-2080.0,-3364.0,-3701.0,745,2.7527689933776855,11
-3094.0,-2169.0,-3396.0,766,2.85689115524292,11
-1960.0,-2937.0,-4135.0,768,2.8672921657562256,11
-2265.0,-2222.0,-4222.0,768,2.8673081398010254,11
-2865.0,-2637.0,-3633.0,770,2.8742291927337646,11
-1865.0,-3284.0,-3925.0,773,2.885658025741577,11
-2769.0,-3638.0,-2753.0,796,2.9556381702423096,11
-2487.0,-4094.0,-2677.0,798,2.965252161026001,11
-3411.0,-3873.0,-1881.0,848,3.1048381328582764,11
-3866.0,-2145.0,-2786.0,881,3.1877660751342773,11
-3287.0,-4153.0,-1932.0,924,3.3178579807281494,11
-3260.0,-4493.0,-1571.0,964,3.395287036895752,11
-3633.0,-4142.0,-1482.0,964,3.3952951431274414,11
-3349.0,-4011.0,-1859.0,972,3.4366531372070312,11
-1914.0,-4907.0,-2635.0,992,3.487713098526001,11
-3970.0,-1815.0,-2616.0,1042,3.5932672023773193,12
-1908.0,-3044.0,-3972.0,1102,3.880223035812378,12
-3802.0,-2298.0,-2652.0,1232,4.196851968765259,12
-2207.0,-4908.0,-2180.0,1300,4.414842128753662,12
-2823.0,-4628.0,-1874.0,1338,4.493263006210327,12
-3843.0,-1381.0,-3226.0,1359,4.55281400680542,13
-2216.0,-2894.0,-3973.0,1396,4.742544174194336,13
-1802.0,-3176.0,-4005.0,1401,4.753241062164307,13
-2016.0,-2752.0,-4052.0,1440,4.881185054779053,13
-2549.0,-3094.0,-3489.0,1474,4.950465202331543,13
-3758.0,-1128.0,-3458.0,1627,5.302011966705322,14
-2995.0,-2444.0,-3543.0,1658,5.439664125442505,14
-1366.0,-3531.0,-4129.0,1672,5.481748104095459,14
-3057.0,-1795.0,-3563.0,1692,5.532592058181763,14
-3057.0,-2405.0,-3450.0,1882,6.007338047027588,15
-2660.0,-4508.0,-1923.0,1964,6.187600135803223,15
-2121.0,-4636.0,-2402.0,1967,6.198740005493164,15
