z1,z2,z3,node,time,depth
-58.0,-38.0,-60.0,21,0.04750394821166992,5
-51.0,-48.0,-61.0,69,0.10998892784118652,7
-42.0,-62.0,-52.0,73,0.11444711685180664,7
-40.0,-61.0,-58.0,128,0.17556214332580566,8
-53.0,-57.0,-52.0,146,0.1909959316253662,8
-42.0,-59.0,-56.0,146,0.19099903106689453,8
-50.0,-53.0,-58.0,152,0.19645905494689941,8
-44.0,-48.0,-65.0,172,0.21424198150634766,8
-58.0,-55.0,-47.0,209,0.24879097938537598,8
-43.0,-61.0,-54.0,258,0.29003095626831055,9
-46.0,-53.0,-60.0,318,0.33939313888549805,9
-47.0,-52.0,-59.0,322,0.34273409843444824,9
-58.0,-51.0,-49.0,415,0.41243696212768555,9
-48.0,-55.0,-58.0,508,0.48764610290527344,10
-47.0,-60.0,-55.0,512,0.4897019863128662,10
-42.0,-51.0,-62.0,530,0.500654935836792,10
-44.0,-56.0,-61.0,532,0.5016629695892334,10
-58.0,-42.0,-58.0,631,0.5601401329040527,10
-48.0,-47.0,-64.0,644,0.5683329105377197,10
-52.0,-50.0,-57.0,676,0.5870380401611328,10
-55.0,-54.0,-50.0,732,0.6211340427398682,10
-51.0,-59.0,-51.0,746,0.6291890144348145,10
-48.0,-51.0,-60.0,753,0.6336801052093506,10
-55.0,-58.0,-46.0,792,0.6589219570159912,10
-49.0,-61.0,-49.0,852,0.7022669315338135,10
-46.0,-54.0,-59.0,962,0.7728919982910156,11
-54.0,-47.0,-59.0,970,0.7771680355072021,11
-55.0,-46.0,-58.0,978,0.7821271419525146,11
-47.0,-56.0,-57.0,998,0.7927141189575195,11
-49.0,-50.0,-59.0,1000,0.7934229373931885,11
-54.0,-43.0,-61.0,1012,0.7989640235900879,11
-48.0,-59.0,-54.0,1038,0.8131139278411865,11
-58.0,-46.0,-54.0,1052,0.8210220336914062,11
-54.0,-48.0,-57.0,1078,0.8348159790039062,11
-52.0,-46.0,-61.0,1110,0.8512780666351318,11
-53.0,-45.0,-60.0,1118,0.8560769557952881,11
-51.0,-51.0,-58.0,1122,0.8576200008392334,11
-56.0,-40.0,-60.0,1130,0.868009090423584,11
-61.0,-42.0,-54.0,1131,0.8685939311981201,11
-44.0,-44.0,-66.0,1157,0.8837490081787109,11
-52.0,-54.0,-54.0,1294,0.9569230079650879,11
-56.0,-53.0,-49.0,1350,0.9916830062866211,11
-61.0,-55.0,-43.0,1351,0.9922809600830078,11
-50.0,-60.0,-48.0,1516,1.0981330871582031,11
-40.0,-57.0,-61.0,1573,1.1303761005401611,12
-51.0,-55.0,-54.0,1574,1.1310391426086426,12
-49.0,-54.0,-57.0,1576,1.1321029663085938,12
-49.0,-57.0,-53.0,1578,1.132789134979248,12
-46.0,-50.0,-63.0,1606,1.1480350494384766,12
-52.0,-42.0,-64.0,1620,1.1544499397277832,12
-52.0,-47.0,-60.0,1680,1.1852500438690186,12
-53.0,-41.0,-62.0,1746,1.216602087020874,12
-50.0,-41.0,-66.0,1752,1.2190790176391602,12
-54.0,-35.0,-65.0,1760,1.2221019268035889,12
-61.0,-50.0,-47.0,1850,1.2662250995635986,12
-59.0,-49.0,-49.0,1878,1.2867839336395264,12
-46.0,-57.0,-56.0,1992,1.3472070693969727,12
-44.0,-58.0,-56.0,2121,1.4126780033111572,13
-43.0,-57.0,-57.0,2123,1.4137790203094482,13
-53.0,-53.0,-56.0,2124,1.4143400192260742,13
-57.0,-47.0,-55.0,2142,1.4216670989990234,13
-40.0,-53.0,-63.0,2147,1.4248249530792236,13
-44.0,-49.0,-64.0,2148,1.4253699779510498,13
-50.0,-49.0,-62.0,2150,1.4260931015014648,13
-53.0,-49.0,-58.0,2154,1.42769193649292,13
-55.0,-42.0,-60.0,2156,1.4284460544586182,13
-57.0,-52.0,-51.0,2168,1.4330711364746094,13
-55.0,-51.0,-54.0,2172,1.4352810382843018,13
-54.0,-52.0,-55.0,2174,1.4360251426696777,13
-59.0,-45.0,-53.0,2180,1.4390771389007568,13
-56.0,-45.0,-57.0,2188,1.4428789615631104,13
-55.0,-47.0,-56.0,2206,1.4516170024871826,13
-57.0,-39.0,-59.0,2232,1.4633359909057617,13
-54.0,-39.0,-63.0,2234,1.464540958404541,13
-48.0,-42.0,-65.0,2246,1.470858097076416,13
-52.0,-58.0,-50.0,2404,1.5482439994812012,13
-53.0,-60.0,-45.0,2405,1.5487711429595947,13
-46.0,-61.0,-53.0,2466,1.5786769390106201,13
-48.0,-62.0,-47.0,2542,1.6126739978790283,13
-48.0,-50.0,-61.0,2570,1.6264700889587402,14
-46.0,-45.0,-65.0,2644,1.6580009460449219,14
-56.0,-49.0,-53.0,2696,1.6806280612945557,14
-47.0,-63.0,-48.0,2770,1.7134230136871338,14
-43.0,-64.0,-47.0,2776,1.716076135635376,14
-40.0,-64.0,-51.0,2778,1.717015027999878,14
-58.0,-48.0,-53.0,2850,1.7468171119689941,15
-58.0,-44.0,-55.0,2856,1.7491090297698975,15
-56.0,-38.0,-61.0,2872,1.7554869651794434,15
-48.0,-38.0,-67.0,2876,1.7571020126342773,15
-62.0,-41.0,-53.0,2882,1.7593610286712646,15
-55.0,-56.0,-49.0,2905,1.7674729824066162,15
-58.0,-50.0,-51.0,2906,1.77168607711792,15
-60.0,-43.0,-52.0,2932,1.7811989784240723,15
-62.0,-49.0,-46.0,2956,1.7898359298706055,15
-51.0,-62.0,-43.0,2996,1.8056321144104004,15
-55.0,-59.0,-41.0,3000,1.806994915008545,15
-56.0,-57.0,-45.0,3002,1.8077349662780762,15
-61.0,-48.0,-49.0,3012,1.8111240863800049,16
-59.0,-42.0,-55.0,3018,1.8131489753723145,16
-56.0,-42.0,-59.0,3020,1.8138959407806396,16
-52.0,-37.0,-66.0,3024,1.815351963043213,16
-59.0,-47.0,-51.0,3026,1.8160700798034668,16
-59.0,-50.0,-48.0,3030,1.8174810409545898,16
-56.0,-50.0,-52.0,3032,1.818208932876587,16
-59.0,-55.0,-44.0,3042,1.8212990760803223,16
-56.0,-55.0,-48.0,3044,1.8220131397247314,16
-53.0,-58.0,-47.0,3054,1.8251590728759766,16
