z1,z2,z3,node,time,depth
-117.0,-95.0,-147.0,1,0.03923296928405762,1
-101.0,-117.0,-139.0,1,0.0393061637878418,1
-142.0,-104.0,-108.0,1,0.03939509391784668,1
-146.0,-87.0,-109.0,1,0.0394291877746582,1
-105.0,-114.0,-141.0,1,0.03956198692321777,1
-109.0,-122.0,-125.0,1,0.03960418701171875,1
-115.0,-119.0,-128.0,1,0.03961896896362305,1
-119.0,-118.0,-127.0,1,0.0396580696105957,1
-121.0,-109.0,-138.0,1,0.039681196212768555,1
-120.0,-116.0,-129.0,1,0.03969311714172363,1
-140.0,-98.0,-121.0,1,0.039861202239990234,1
-143.0,-89.0,-117.0,1,0.03990602493286133,1
-108.0,-124.0,-113.0,1,0.03993511199951172,1
-137.0,-97.0,-126.0,1,0.04007601737976074,1
-121.0,-117.0,-126.0,2,0.0712580680847168,2
-124.0,-107.0,-136.0,2,0.07153797149658203,2
-122.0,-115.0,-128.0,2,0.0715939998626709,2
-129.0,-107.0,-130.0,3,0.09622001647949219,2
-133.0,-96.0,-131.0,4,0.12261700630187988,3
-142.0,-99.0,-111.0,5,0.14855217933654785,3
-131.0,-106.0,-129.0,5,0.14893412590026855,3
-95.0,-105.0,-147.0,6,0.17232418060302734,3
-123.0,-117.0,-120.0,7,0.19714617729187012,3
-127.0,-113.0,-121.0,7,0.19740605354309082,3
-128.0,-109.0,-128.0,7,0.1974489688873291,3
-134.0,-106.0,-125.0,9,0.23921513557434082,4
-143.0,-99.0,-109.0,9,0.23949909210205078,4
-130.0,-108.0,-127.0,11,0.28452110290527344,4
-117.0,-121.0,-116.0,13,0.3311150074005127,4
-104.0,-123.0,-121.0,13,0.3311941623687744,4
-115.0,-102.0,-145.0,15,0.3702681064605713,4
-108.0,-107.0,-143.0,15,0.3703789710998535,4
-118.0,-112.0,-134.0,15,0.3706221580505371,4
-133.0,-102.0,-129.0,16,0.3898651599884033,5
-129.0,-117.0,-111.0,19,0.44870901107788086,5
-129.0,-115.0,-118.0,19,0.44907212257385254,5
-122.0,-117.0,-121.0,20,0.46749019622802734,5
-135.0,-100.0,-128.0,22,0.5078799724578857,5
-132.0,-93.0,-133.0,23,0.5272231101989746,5
-107.0,-120.0,-127.0,24,0.5646941661834717,5
-120.0,-118.0,-122.0,24,0.5647211074829102,5
-125.0,-107.0,-132.0,26,0.6460909843444824,5
-117.0,-114.0,-132.0,29,0.7753729820251465,5
-135.0,-107.0,-121.0,34,0.9450151920318604,6
-136.0,-99.0,-124.0,35,0.969567060470581,6
-142.0,-91.0,-115.0,35,0.9695961475372314,6
-126.0,-116.0,-120.0,36,0.9992270469665527,6
-133.0,-108.0,-123.0,38,1.070723056793213,6
-123.0,-115.0,-122.0,40,1.1431100368499756,6
-127.0,-109.0,-129.0,40,1.1431519985198975,6
-121.0,-119.0,-119.0,42,1.2162940502166748,6
-128.0,-98.0,-136.0,46,1.3506910800933838,6
-125.0,-110.0,-130.0,48,1.4496259689331055,6
-119.0,-120.0,-120.0,50,1.5103721618652344,6
-120.0,-113.0,-131.0,54,1.6406450271606445,6
-115.0,-113.0,-135.0,56,1.7033641338348389,6
-122.0,-108.0,-137.0,56,1.703597068786621,6
-120.0,-103.0,-140.0,62,1.8674991130828857,6
-130.0,-102.0,-131.0,65,1.9363670349121094,7
-135.0,-108.0,-115.0,69,2.012688159942627,7
-137.0,-109.0,-109.0,70,2.0285840034484863,7
-125.0,-118.0,-118.0,74,2.1044511795043945,7
-133.0,-113.0,-112.0,78,2.1823980808258057,7
-129.0,-93.0,-135.0,93,2.4447760581970215,7
-116.0,-112.0,-135.0,98,2.5227811336517334,7
-111.0,-117.0,-131.0,100,2.5522541999816895,7
-114.0,-114.0,-136.0,104,2.6188151836395264,7
-111.0,-108.0,-142.0,110,2.7377359867095947,7
-122.0,-105.0,-139.0,114,2.8141560554504395,7
-126.0,-104.0,-137.0,115,2.8286170959472656,7
-129.0,-104.0,-132.0,124,2.9946789741516113,7
-139.0,-101.0,-120.0,138,3.174657106399536,8
-133.0,-111.0,-115.0,141,3.2104291915893555,8
-142.0,-102.0,-109.0,143,3.236661195755005,8
-129.0,-114.0,-119.0,151,3.34523606300354,8
-131.0,-108.0,-125.0,153,3.370680093765259,8
-128.0,-102.0,-133.0,179,3.74452805519104,8
-119.0,-112.0,-133.0,197,4.002763986587524,8
-118.0,-114.0,-131.0,201,4.062978029251099,8
-123.0,-116.0,-121.0,202,4.0854151248931885,8
-109.0,-96.0,-147.0,230,4.5632240772247314,8
-106.0,-104.0,-147.0,230,4.563333034515381,8
-124.0,-113.0,-126.0,235,4.645671129226685,8
-125.0,-111.0,-128.0,247,4.896510124206543,8
-127.0,-103.0,-133.0,251,4.987739086151123,8
-125.0,-108.0,-131.0,253,5.016081094741821,8
-130.0,-112.0,-119.0,282,5.349138021469116,9
-145.0,-89.0,-107.0,284,5.376600980758667,9
-134.0,-110.0,-113.0,286,5.3997321128845215,9
-134.0,-109.0,-119.0,286,5.399846076965332,9
-129.0,-112.0,-122.0,311,5.692373991012573,9
-138.0,-107.0,-108.0,319,5.835047006607056,9
-111.0,-105.0,-144.0,417,7.016323089599609,9
-107.0,-118.0,-132.0,428,7.173828125,9
-116.0,-117.0,-130.0,443,7.3647871017456055,9
-118.0,-111.0,-135.0,446,7.408781051635742,9
-125.0,-96.0,-140.0,456,7.52721905708313,9
-98.0,-105.0,-146.0,461,7.592941045761108,9
-128.0,-101.0,-134.0,512,8.249521017074585,10
-133.0,-110.0,-119.0,568,8.92273497581482,10
-133.0,-112.0,-113.0,595,9.222926139831543,10
-131.0,-111.0,-119.0,628,9.680994033813477,10
-130.0,-110.0,-124.0,629,9.6947500705719,10
-115.0,-122.0,-116.0,678,10.324803113937378,10
-134.0,-94.0,-129.0,695,10.519376993179321,10
-135.0,-104.0,-123.0,730,11.0208899974823,10
-126.0,-106.0,-131.0,733,11.064757108688354,10
-113.0,-123.0,-117.0,794,11.853562116622925,10
-106.0,-105.0,-145.0,804,11.961701154708862,10
-117.0,-115.0,-131.0,817,12.105524063110352,10
-108.0,-114.0,-139.0,817,12.10552716255188,10
-117.0,-113.0,-133.0,832,12.277367115020752,10
-120.0,-95.0,-145.0,894,13.07764220237732,10
-135.0,-103.0,-126.0,1039,14.885379076004028,11
-137.0,-108.0,-113.0,1070,15.228896141052246,11
-129.0,-116.0,-112.0,1125,15.880990982055664,11
-115.0,-120.0,-123.0,1242,17.370294094085693,11
-127.0,-110.0,-127.0,1343,18.65815019607544,11
-119.0,-110.0,-135.0,1388,19.281817197799683,11
-113.0,-121.0,-124.0,1432,19.699361085891724,11
-126.0,-105.0,-133.0,1553,21.106934070587158,11
-122.0,-96.0,-142.0,1577,21.41243314743042,11
-123.0,-99.0,-139.0,1688,22.830737113952637,11
-119.0,-121.0,-115.0,1916,25.2207350730896,12
-138.0,-92.0,-123.0,2131,27.44916605949402,12
-130.0,-99.0,-133.0,2135,27.49744200706482,12
-110.0,-121.0,-125.0,2443,30.71104907989502,12
-115.0,-112.0,-136.0,2493,31.278451204299927,12
-117.0,-104.0,-144.0,2601,32.43414497375488,12
-137.0,-101.0,-122.0,2839,34.93832612037659,13
-141.0,-99.0,-116.0,2849,35.018718004226685,13
-130.0,-114.0,-113.0,3007,36.45994710922241,13
-117.0,-122.0,-110.0,3034,36.71455717086792,13
-127.0,-98.0,-137.0,3322,39.64000701904297,13
-123.0,-108.0,-133.0,3472,41.05842113494873,13
-102.0,-109.0,-143.0,3682,43.10650300979614,13
-101.0,-119.0,-132.0,3685,43.13491916656494,13
-116.0,-110.0,-136.0,3695,43.23099112510681,13
-125.0,-99.0,-138.0,3866,45.38771104812622,13
-139.0,-105.0,-112.0,4337,50.28196120262146,14
-138.0,-106.0,-114.0,4368,50.709233045578,14
-130.0,-113.0,-117.0,4533,53.15218210220337,14
-124.0,-112.0,-127.0,4689,54.6795380115509,14
-123.0,-114.0,-125.0,4717,54.961536169052124,14
-132.0,-100.0,-130.0,4769,55.47606897354126,14
-132.0,-104.0,-128.0,4771,55.49595904350281,14
-112.0,-113.0,-137.0,5198,61.470978021621704,14
-116.0,-108.0,-141.0,5454,63.836366176605225,14
-110.0,-109.0,-142.0,5473,63.968852043151855,14
-119.0,-111.0,-134.0,5485,64.06840515136719,14
-130.0,-94.0,-134.0,5630,65.47813415527344,14
-122.0,-119.0,-117.0,6075,71.85212802886963,15
-122.0,-121.0,-110.0,6080,71.91735005378723,15
-116.0,-121.0,-119.0,6740,79.96312499046326,15
-110.0,-118.0,-131.0,6897,81.84019708633423,15
-144.0,-91.0,-108.0,7612,88.8444721698761,16
-138.0,-108.0,-107.0,7690,89.53493809700012,16
-141.0,-105.0,-101.0,7960,92.37000918388367,16
-135.0,-110.0,-111.0,7963,92.38617706298828,16
-123.0,-119.0,-114.0,8123,93.69285917282104,16
-124.0,-98.0,-139.0,8144,93.89048409461975,16
-137.0,-98.0,-124.0,8255,95.06716299057007,16
-121.0,-120.0,-115.0,8497,97.6519341468811,16
-109.0,-106.0,-143.0,8549,98.17794704437256,16
-108.0,-112.0,-141.0,8624,98.94999313354492,16
-111.0,-116.0,-133.0,8739,100.08809304237366,16
-122.0,-99.0,-140.0,8814,100.82402801513672,16
-131.0,-112.0,-117.0,9873,108.41135597229004,17
-127.0,-99.0,-135.0,9995,109.12258410453796,17
-114.0,-115.0,-134.0,10433,112.52355313301086,17
-117.0,-119.0,-123.0,10641,114.06932806968689,17
-121.0,-99.0,-141.0,10958,116.58034110069275,17
-135.0,-111.0,-105.0,11731,120.95838499069214,18
-138.0,-85.0,-124.0,12072,123.09625220298767,18
-113.0,-120.0,-125.0,12270,124.28019618988037,18
-137.0,-99.0,-123.0,13016,128.54494309425354,19
-129.0,-96.0,-134.0,13933,132.8680601119995,19
-114.0,-106.0,-142.0,14502,135.7547721862793,19
-119.0,-101.0,-141.0,14842,137.38057208061218,19
-131.0,-115.0,-104.0,15599,140.94541811943054,20
-114.0,-120.0,-124.0,15987,143.09467315673828,20
-109.0,-104.0,-145.0,16474,145.6872341632843,20
-112.0,-99.0,-146.0,16518,145.87607312202454,20
-118.0,-105.0,-140.0,16572,146.10947608947754,20
-127.0,-112.0,-125.0,17100,148.75324010849,21
-122.0,-120.0,-113.0,17212,149.2894151210785,21
-143.0,-96.0,-111.0,18482,155.19912314414978,22
-139.0,-103.0,-115.0,18562,155.51037502288818,22
-127.0,-105.0,-131.0,19576,159.48950910568237,22
-108.0,-101.0,-146.0,19680,160.02205109596252,22
-113.0,-97.0,-146.0,19708,160.1595950126648,22
-114.0,-122.0,-117.0,20495,164.34003400802612,23
-111.0,-118.0,-129.0,20498,164.35013914108276,23
-105.0,-107.0,-145.0,20680,165.0237681865692,23
-115.0,-111.0,-139.0,20688,165.0505440235138,23
-115.0,-114.0,-134.0,21690,169.8560709953308,24
-121.0,-102.0,-140.0,21894,170.46310901641846,24
-118.0,-97.0,-144.0,21900,170.47960710525513,24
-144.0,-98.0,-106.0,22250,171.8612310886383,25
-126.0,-114.0,-123.0,22302,171.96432900428772,25
-124.0,-110.0,-131.0,22464,172.38461017608643,25
-104.0,-111.0,-142.0,22568,172.7153820991516,25
-97.0,-109.0,-144.0,22572,172.72827911376953,25
-108.0,-116.0,-137.0,22598,172.82340097427368,25
-118.0,-100.0,-142.0,22742,173.263512134552,25
-122.0,-111.0,-132.0,22750,173.28919410705566,25
-144.0,-85.0,-112.0,22903,173.75722002983093,26
-145.0,-88.0,-110.0,22942,173.85929703712463,26
-145.0,-91.0,-103.0,22951,173.88228607177734,26
-128.0,-111.0,-123.0,23140,174.72870302200317,26
-122.0,-118.0,-120.0,23204,174.93160104751587,26
-141.0,-87.0,-118.0,23228,175.0067801475525,26
-120.0,-119.0,-121.0,23292,175.19881105422974,26
-101.0,-110.0,-143.0,23350,175.3787751197815,26
-137.0,-102.0,-119.0,23546,175.79646515846252,27
-142.0,-97.0,-114.0,23588,175.86232709884644,27
-138.0,-104.0,-118.0,23614,175.90340614318848,27
-111.0,-110.0,-140.0,23822,176.46160006523132,27
-121.0,-97.0,-142.0,23934,176.79533910751343,27
-113.0,-103.0,-145.0,23942,176.8242380619049,27
-146.0,-90.0,-101.0,24058,177.43958616256714,28
-98.0,-112.0,-143.0,24196,177.77165603637695,28
-102.0,-117.0,-135.0,24200,177.7842721939087,28
-101.0,-120.0,-131.0,24220,177.84738898277283,28
-143.0,-91.0,-112.0,24356,178.17504620552063,29
-136.0,-104.0,-120.0,24368,178.1988661289215,29
-140.0,-102.0,-114.0,24378,178.22270607948303,29
-126.0,-119.0,-112.0,24414,178.3192801475525,29
-107.0,-123.0,-119.0,24478,178.51211309432983,29
-105.0,-117.0,-133.0,24508,178.569020986557,29
-121.0,-112.0,-130.0,24530,178.6099591255188,29
-102.0,-118.0,-133.0,24538,178.6264259815216,29
-102.0,-121.0,-127.0,24546,178.64083218574524,29
-117.0,-107.0,-139.0,24572,178.6981861591339,29
-104.0,-91.0,-148.0,24575,178.70499300956726,29
-144.0,-90.0,-109.0,24630,178.87171006202698,30
-140.0,-103.0,-111.0,24644,178.90782499313354,30
-135.0,-109.0,-112.0,24648,178.92463207244873,30
-120.0,-122.0,-108.0,24656,178.94878315925598,30
-131.0,-109.0,-122.0,24662,178.9698441028595,30
-136.0,-105.0,-118.0,24664,178.9765601158142,30
-134.0,-112.0,-104.0,24666,178.9823122024536,30
-143.0,-102.0,-101.0,24668,178.98922300338745,30
-134.0,-111.0,-110.0,24670,178.99720120429993,30
-139.0,-106.0,-100.0,24672,179.00247812271118,30
-131.0,-114.0,-111.0,24676,179.01864910125732,30
-138.0,-96.0,-122.0,24690,179.0548450946808,30
-120.0,-121.0,-114.0,24710,179.10224199295044,30
-108.0,-119.0,-129.0,24732,179.14683198928833,30
-111.0,-122.0,-119.0,24748,179.18391609191895,30
-116.0,-101.0,-145.0,24786,179.27548909187317,30
-127.0,-118.0,-104.0,24822,179.37621116638184,31
-115.0,-123.0,-111.0,24846,179.4568030834198,31
-136.0,-98.0,-125.0,24894,179.58101320266724,32
-140.0,-100.0,-115.0,24898,179.58874702453613,32
-132.0,-107.0,-124.0,24906,179.6017770767212,32
-131.0,-94.0,-132.0,24914,179.61637997627258,32
-107.0,-119.0,-130.0,24942,179.6606101989746,32
-116.0,-120.0,-122.0,24944,179.66534399986267,32
-113.0,-109.0,-140.0,24946,179.67023706436157,32
