z1,z2,z3,node,time,depth
-50.0,-68.0,-50.0,1,0.002732992172241211,1
-36.0,-60.0,-55.0,1,0.002741098403930664,1
-63.0,-59.0,-50.0,1,0.0027489662170410156,1
-57.0,-61.0,-48.0,20,0.04803800582885742,5
-58.0,-62.0,-47.0,22,0.05153799057006836,5
-44.0,-60.0,-53.0,40,0.08116292953491211,6
-50.0,-60.0,-52.0,82,0.13007307052612305,7
-66.0,-61.0,-44.0,110,0.16100811958312988,7
-68.0,-54.0,-41.0,111,0.16190195083618164,7
-52.0,-63.0,-47.0,128,0.17750310897827148,8
-45.0,-59.0,-53.0,266,0.2834908962249756,9
-53.0,-59.0,-51.0,296,0.30014491081237793,9
-65.0,-62.0,-42.0,609,0.4744699001312256,10
-44.0,-61.0,-52.0,696,0.5180819034576416,11
-53.0,-58.0,-52.0,706,0.5224900245666504,11
-61.0,-60.0,-47.0,712,0.5250630378723145,11
-52.0,-61.0,-50.0,716,0.5267500877380371,11
-49.0,-62.0,-51.0,724,0.5312550067901611,11
-57.0,-64.0,-46.0,756,0.5442569255828857,11
-54.0,-65.0,-43.0,757,0.5450470447540283,11
-56.0,-62.0,-48.0,798,0.5647659301757812,11
-59.0,-61.0,-47.0,800,0.5655159950256348,11
-59.0,-63.0,-44.0,946,0.6301040649414062,12
-52.0,-66.0,-42.0,994,0.6491799354553223,12
-60.0,-66.0,-40.0,1000,0.6516499519348145,12
-57.0,-67.0,-37.0,1001,0.6522579193115234,12
-70.0,-46.0,-38.0,1028,0.6628000736236572,13
-55.0,-60.0,-49.0,1032,0.6641330718994141,13
-64.0,-64.0,-43.0,1040,0.6669480800628662,13
-69.0,-47.0,-34.0,1044,0.6685850620269775,13
-67.0,-56.0,-42.0,1048,0.6702609062194824,13
-62.0,-60.0,-46.0,1076,0.6811680793762207,14
-56.0,-65.0,-42.0,1084,0.6841180324554443,14
