z1,z2,z3,node,time,depth
2209.0,1885.0,1238.0,1,0.004530906677246094,1
1431.0,2307.0,1437.0,1,0.0045337677001953125,1
1557.0,1271.0,1635.0,1,0.004536867141723633,1
2370.0,3316.0,978.0,1,0.004539966583251953,1
2003.0,2086.0,1118.0,1,0.004542827606201172,1
2083.0,2921.0,1040.0,1,0.004545927047729492,1
2661.0,2723.0,989.0,1,0.004548788070678711,1
2285.0,1085.0,1920.0,1,0.004551887512207031,1
2192.0,1021.0,2329.0,1,0.0045549869537353516,1
2758.0,1017.0,2068.0,1,0.00455784797668457,1
1351.0,1472.0,1515.0,1,0.004561901092529297,1
1146.0,2274.0,2436.0,1,0.004565000534057617,1
3050.0,966.0,3245.0,1,0.004567861557006836,1
2691.0,986.0,2558.0,1,0.004570960998535156,1
1246.0,1615.0,2285.0,1,0.004573822021484375,1
1330.0,1436.0,1996.0,1,0.004576921463012695,1
1223.0,1721.0,1922.0,1,0.004579782485961914,1
2030.0,1203.0,1783.0,5,0.0193479061126709,3
1169.0,2168.0,2799.0,6,0.02369999885559082,3
1718.0,2702.0,1375.0,7,0.027408838272094727,3
2551.0,1001.0,3016.0,9,0.037078857421875,4
2682.0,1817.0,1386.0,10,0.040788888931274414,4
1638.0,1867.0,1453.0,14,0.05420398712158203,4
1965.0,1186.0,2690.0,16,0.05998992919921875,5
1916.0,1251.0,2322.0,22,0.07844090461730957,5
2290.0,2481.0,1056.0,26,0.09145283699035645,5
1303.0,2556.0,1844.0,30,0.10285496711730957,5
2188.0,1844.0,1470.0,39,0.1299588680267334,6
1452.0,1414.0,2405.0,42,0.1386399269104004,6
1797.0,1739.0,1495.0,56,0.17238998413085938,6
2449.0,2353.0,1098.0,82,0.22911787033081055,7
2087.0,1164.0,3099.0,174,0.3679080009460449,10
