z1,z2,z3,node,time,depth
-43.0,-77.0,-54.0,1,0.014793157577514648,1
-23.0,-93.0,-32.0,1,0.014801025390625,1
-25.0,-93.0,-27.0,1,0.014808177947998047,1
-44.0,-79.0,-51.0,1,0.014815092086791992,1
-55.0,-71.0,-56.0,1,0.014822006225585938,1
-51.0,-75.0,-46.0,1,0.014829158782958984,1
-43.0,-81.0,-41.0,1,0.014837026596069336,1
-44.0,-81.0,-32.0,1,0.014845132827758789,1
-92.0,-25.0,-93.0,1,0.014852046966552734,1
-91.0,-28.0,-94.0,1,0.014860153198242188,1
-93.0,-26.0,-91.0,1,0.014867067337036133,1
-93.0,-29.0,-87.0,1,0.014875173568725586,1
-88.0,-39.0,-87.0,1,0.014882087707519531,1
-71.0,-55.0,-78.0,1,0.014889001846313477,1
-52.0,-75.0,-37.0,1,0.014896154403686523,1
-26.0,-93.0,-24.0,1,0.014904022216796875,1
-33.0,-89.0,-27.0,1,0.014912128448486328,1
-32.0,-89.0,-36.0,1,0.014919042587280273,1
-89.0,-40.0,-84.0,1,0.014927148818969727,1
-90.0,-32.0,-93.0,1,0.014934062957763672,1
-92.0,-29.0,-92.0,1,0.014942169189453125,1
-57.0,-68.0,-65.0,1,0.01494908332824707,1
-69.0,-60.0,-61.0,1,0.014955997467041016,1
-62.0,-66.0,-55.0,1,0.014963150024414062,1
-80.0,-47.0,-85.0,1,0.014970064163208008,1
-83.0,-46.0,-80.0,1,0.014976978302001953,1
-68.0,-60.0,-70.0,1,0.014985084533691406,1
-75.0,-54.0,-73.0,1,0.014991998672485352,1
-74.0,-54.0,-77.0,1,0.015000104904174805,1
-58.0,-65.0,-67.0,2,0.032044172286987305,2
-69.0,-59.0,-65.0,2,0.03206515312194824,2
-93.0,-27.0,-88.0,2,0.03207111358642578,2
-67.0,-59.0,-73.0,2,0.03209209442138672,2
-92.0,-30.0,-89.0,2,0.032099008560180664,2
-85.0,-37.0,-90.0,2,0.032113075256347656,2
-86.0,-37.0,-89.0,2,0.0321199893951416,2
-73.0,-51.0,-81.0,2,0.0321810245513916,2
-56.0,-70.0,-55.0,3,0.046241044998168945,2
-57.0,-70.0,-46.0,3,0.04624795913696289,2
-45.0,-78.0,-50.0,3,0.04625511169433594,2
-46.0,-78.0,-41.0,3,0.04632115364074707,2
-30.0,-85.0,-43.0,4,0.0655679702758789,3
-60.0,-64.0,-67.0,4,0.06560206413269043,3
-61.0,-65.0,-63.0,4,0.06560897827148438,3
-60.0,-66.0,-63.0,5,0.08030414581298828,3
-30.0,-86.0,-39.0,5,0.08031105995178223,3
-74.0,-55.0,-71.0,6,0.09381914138793945,3
-66.0,-61.0,-68.0,6,0.0938730239868164,3
-59.0,-66.0,-65.0,6,0.09388017654418945,3
-72.0,-55.0,-76.0,6,0.09389305114746094,3
-70.0,-56.0,-76.0,6,0.09389996528625488,3
-58.0,-68.0,-56.0,7,0.10942816734313965,3
-80.0,-48.0,-81.0,7,0.10944795608520508,3
-81.0,-48.0,-74.0,7,0.10946202278137207,3
-89.0,-38.0,-85.0,7,0.10946917533874512,3
-87.0,-41.0,-84.0,7,0.10947513580322266,3
-40.0,-83.0,-41.0,8,0.131972074508667,4
-63.0,-65.0,-53.0,9,0.15315604209899902,4
-56.0,-71.0,-47.0,9,0.15316295623779297,4
-29.0,-87.0,-37.0,9,0.15317106246948242,4
-45.0,-79.0,-42.0,9,0.15321898460388184,4
-65.0,-58.0,-74.0,10,0.17427611351013184,4
-66.0,-60.0,-71.0,10,0.17428302764892578,4
-50.0,-72.0,-59.0,10,0.17435717582702637,4
-55.0,-69.0,-58.0,11,0.18651103973388672,4
-53.0,-69.0,-61.0,11,0.18659210205078125,4
-88.0,-34.0,-90.0,12,0.20061707496643066,4
-78.0,-49.0,-82.0,12,0.2006511688232422,4
-92.0,-31.0,-87.0,12,0.2006850242614746,4
-82.0,-47.0,-74.0,12,0.2006981372833252,4
-85.0,-44.0,-75.0,13,0.21566295623779297,4
-87.0,-40.0,-85.0,13,0.21569013595581055,4
-89.0,-36.0,-88.0,13,0.2157449722290039,4
-90.0,-35.0,-84.0,13,0.21575117111206055,4
-67.0,-61.0,-64.0,14,0.22982215881347656,4
-84.0,-41.0,-86.0,14,0.22985601425170898,4
-49.0,-75.0,-48.0,16,0.2643740177154541,5
-34.0,-87.0,-29.0,17,0.28421497344970703,5
-41.0,-83.0,-32.0,17,0.2842700481414795,5
-59.0,-65.0,-66.0,21,0.3624739646911621,5
-72.0,-52.0,-80.0,22,0.37319111824035645,5
-85.0,-38.0,-88.0,22,0.373197078704834,5
-84.0,-38.0,-89.0,22,0.37320399284362793,5
-66.0,-62.0,-52.0,26,0.42975902557373047,5
-71.0,-56.0,-68.0,26,0.42977309226989746,5
-62.0,-64.0,-62.0,26,0.4298210144042969,5
-70.0,-58.0,-62.0,26,0.4298281669616699,5
-65.0,-62.0,-61.0,26,0.42983508110046387,5
-79.0,-49.0,-71.0,26,0.4298410415649414,5
-79.0,-48.0,-84.0,30,0.47587013244628906,5
-65.0,-61.0,-71.0,30,0.4759399890899658,5
-76.0,-52.0,-77.0,31,0.4836139678955078,5
-42.0,-82.0,-35.0,33,0.5221090316772461,6
-47.0,-77.0,-44.0,33,0.5221230983734131,6
-50.0,-76.0,-40.0,34,0.5416901111602783,6
-64.0,-64.0,-50.0,35,0.5568981170654297,6
-39.0,-82.0,-44.0,36,0.5807349681854248,6
-61.0,-66.0,-57.0,36,0.5807681083679199,6
-46.0,-77.0,-51.0,36,0.5807821750640869,6
-53.0,-72.0,-54.0,36,0.5807960033416748,6
-53.0,-73.0,-38.0,36,0.5808091163635254,6
-34.0,-81.0,-48.0,37,0.600517988204956,6
-36.0,-82.0,-46.0,37,0.6005251407623291,6
-64.0,-63.0,-55.0,49,0.7831530570983887,6
-77.0,-50.0,-72.0,50,0.8024821281433105,6
-69.0,-57.0,-69.0,52,0.830808162689209,6
-63.0,-64.0,-58.0,53,0.8425559997558594,6
-75.0,-53.0,-75.0,54,0.8518381118774414,6
-91.0,-30.0,-90.0,55,0.8615131378173828,6
-48.0,-74.0,-52.0,64,0.9548959732055664,7
-48.0,-76.0,-47.0,69,1.0573079586029053,7
-59.0,-67.0,-53.0,70,1.073760986328125,7
-61.0,-64.0,-64.0,72,1.1101281642913818,7
-45.0,-76.0,-52.0,72,1.1101551055908203,7
-37.0,-82.0,-45.0,72,1.1102170944213867,7
-44.0,-75.0,-55.0,74,1.1513700485229492,7
-52.0,-71.0,-58.0,74,1.151412010192871,7
-60.0,-65.0,-64.0,74,1.1514320373535156,7
-81.0,-44.0,-81.0,82,1.287904977798462,7
-54.0,-69.0,-59.0,86,1.347386121749878,7
-83.0,-42.0,-84.0,103,1.546147108078003,7
-64.0,-62.0,-62.0,107,1.5952739715576172,7
-78.0,-51.0,-65.0,110,1.622502088546753,7
-90.0,-33.0,-89.0,116,1.682136058807373,7
-87.0,-36.0,-89.0,116,1.6822190284729004,7
-48.0,-73.0,-54.0,127,1.7771551609039307,7
-37.0,-85.0,-29.0,128,1.7939741611480713,8
-25.0,-92.0,-28.0,128,1.7940151691436768,8
-31.0,-86.0,-38.0,128,1.7940280437469482,8
-40.0,-82.0,-42.0,128,1.7940349578857422,8
-49.0,-76.0,-41.0,132,1.8753349781036377,8
-58.0,-69.0,-49.0,142,2.029693126678467,8
-57.0,-69.0,-54.0,146,2.1048240661621094,8
-54.0,-72.0,-50.0,150,2.1749510765075684,8
-52.0,-72.0,-57.0,150,2.175006151199341,8
-61.0,-62.0,-67.0,174,2.5055949687957764,8
-81.0,-43.0,-83.0,178,2.53852915763855,8
-70.0,-57.0,-68.0,193,2.699275016784668,8
-76.0,-53.0,-70.0,216,2.9301180839538574,8
-26.0,-91.0,-29.0,244,3.1618521213531494,9
-35.0,-86.0,-32.0,245,3.178948163986206,9
-34.0,-86.0,-35.0,246,3.198976993560791,9
-42.0,-80.0,-42.0,278,3.6937551498413086,9
-47.0,-75.0,-50.0,287,3.8218700885772705,9
-62.0,-65.0,-59.0,289,3.844738006591797,9
-82.0,-43.0,-82.0,354,4.590579032897949,9
-72.0,-56.0,-64.0,373,4.7744810581207275,9
-89.0,-33.0,-92.0,400,4.984913110733032,9
-33.0,-87.0,-32.0,442,5.4339210987091064,10
-63.0,-63.0,-63.0,485,5.994678974151611,10
-47.0,-76.0,-49.0,490,6.074278116226196,10
-46.0,-75.0,-52.0,490,6.074360132217407,10
-48.0,-75.0,-49.0,656,7.5021491050720215,11
-91.0,-32.0,-85.0,814,9.134663105010986,11
-37.0,-84.0,-34.0,902,9.811738014221191,12
-35.0,-84.0,-40.0,902,9.811794996261597,12
-46.0,-74.0,-55.0,940,10.26804804801941,12
-62.0,-62.0,-64.0,947,10.327685117721558,12
-54.0,-70.0,-57.0,960,10.4689199924469,12
-52.0,-73.0,-48.0,972,10.548043966293335,12
-51.0,-70.0,-60.0,1008,10.887408971786499,12
-86.0,-42.0,-82.0,1082,11.354892015457153,12
-77.0,-52.0,-65.0,1120,11.536931037902832,12
-27.0,-91.0,-20.0,1144,11.707983016967773,13
-34.0,-85.0,-37.0,1165,12.014245986938477,13
-36.0,-85.0,-32.0,1165,12.014260053634644,13
-32.0,-85.0,-40.0,1165,12.01433515548706,13
-50.0,-74.0,-49.0,1214,12.49941611289978,13
-49.0,-74.0,-51.0,1214,12.499464988708496,13
-37.0,-81.0,-46.0,1244,12.714844942092896,13
-40.0,-81.0,-43.0,1386,13.71699595451355,14
-22.0,-91.0,-33.0,1567,15.034310102462769,15
-24.0,-92.0,-31.0,1567,15.034343957901001,15
-49.0,-71.0,-60.0,1670,15.73953104019165,15
-25.0,-91.0,-31.0,1716,16.109198093414307,16
-28.0,-90.0,-27.0,1716,16.1092050075531,16
-35.0,-85.0,-35.0,1716,16.10923194885254,16
-38.0,-84.0,-31.0,1716,16.10924506187439,16
-31.0,-84.0,-41.0,1744,16.37187695503235,16
-38.0,-80.0,-46.0,1744,16.3718900680542,16
