z1,z2,z3,node,time,depth
9222.0,8958.0,5227.0,1,0.14615607261657715,1
7625.0,5192.0,9678.0,1,0.14623498916625977,1
5327.0,8361.0,9265.0,1,0.14625000953674316,1
6469.0,7954.0,5302.0,1,0.14761996269226074,1
6462.0,8035.0,6891.0,3,0.3146970272064209,2
8725.0,6110.0,7547.0,3,0.3147280216217041,2
9621.0,7173.0,6605.0,3,0.31473803520202637,2
8839.0,6305.0,7342.0,3,0.31474900245666504,2
7526.0,6718.0,7116.0,3,0.3147590160369873,2
6457.0,8376.0,6775.0,3,0.314769983291626,2
6993.0,6590.0,7673.0,3,0.3148219585418701,2
8047.0,5901.0,8567.0,3,0.3148319721221924,2
8144.0,6007.0,8037.0,3,0.31484198570251465,2
6071.0,7305.0,7781.0,3,0.3148529529571533,2
5862.0,8579.0,7748.0,3,0.31487393379211426,2
5833.0,8797.0,7585.0,3,0.3148839473724365,2
5828.0,9138.0,7469.0,3,0.3148939609527588,2
5797.0,9156.0,8546.0,3,0.3149149417877197,2
8216.0,6394.0,7497.0,5,0.5099499225616455,3
8658.0,5509.0,8952.0,5,0.5099620819091797,3
8325.0,5266.0,9353.0,5,0.5099740028381348,3
7085.0,6394.0,9115.0,5,0.51003098487854,3
8164.0,7018.0,6953.0,5,0.5100419521331787,3
6060.0,7667.0,8694.0,6,0.5911600589752197,3
7696.0,6558.0,7702.0,6,0.591235876083374,3
6613.0,6985.0,8430.0,6,0.5912668704986572,3
6491.0,7817.0,7054.0,6,0.5914039611816406,3
6789.0,7225.0,7701.0,6,0.591418981552124,3
5870.0,8531.0,8570.0,6,0.5914349555969238,3
8277.0,6661.0,7212.0,6,0.5915870666503906,3
8258.0,6202.0,7832.0,7,0.6368420124053955,3
7179.0,6053.0,8658.0,9,0.8204059600830078,4
7474.0,5727.0,9921.0,10,0.8635680675506592,4
7657.0,5489.0,9302.0,11,0.9077038764953613,4
8357.0,5563.0,8977.0,11,0.9077138900756836,4
8690.0,5806.0,8576.0,11,0.9077348709106445,4
7370.0,7328.0,7211.0,12,0.9711010456085205,4
7246.0,7594.0,6965.0,13,1.021359920501709,4
6887.0,7890.0,6845.0,13,1.0213918685913086,4
6440.0,7272.0,7937.0,14,1.0676379203796387,4
8391.0,6856.0,7007.0,15,1.1038289070129395,4
8335.0,6248.0,7408.0,16,1.232222080230713,5
7231.0,6006.0,8771.0,17,1.2792589664459229,5
7921.0,7719.0,5804.0,17,1.279289960861206,5
6693.0,6539.0,8532.0,17,1.2793009281158447,5
7244.0,6096.0,8250.0,17,1.279310941696167,5
6680.0,6449.0,9053.0,17,1.2793419361114502,5
5556.0,8035.0,9305.0,17,1.2793519496917725,5
8111.0,6412.0,7476.0,17,1.2793729305267334,5
7841.0,6506.0,7358.0,17,1.2793829441070557,5
8446.0,7422.0,6173.0,17,1.279392957687378,5
8047.0,6251.0,8221.0,20,1.438330888748169,5
8628.0,6004.0,8077.0,24,1.7457098960876465,5
6692.0,7119.0,8231.0,25,1.81685209274292,5
5987.0,8292.0,8670.0,25,1.8168668746948242,5
7217.0,7812.0,6802.0,27,2.3465399742126465,5
6803.0,7454.0,7549.0,28,2.4916279315948486,5
6973.0,7400.0,7380.0,29,2.5225679874420166,5
7484.0,7523.0,7006.0,31,2.596561908721924,5
8552.0,6194.0,7650.0,32,2.6968700885772705,6
6878.0,6783.0,7713.0,33,2.7478599548339844,6
7590.0,6288.0,8039.0,34,2.783384084701538,6
7958.0,5435.0,9277.0,38,2.998310089111328,6
6416.0,8869.0,7515.0,52,3.563952922821045,6
7336.0,7582.0,6992.0,54,3.6419050693511963,6
5904.0,9480.0,7407.0,56,3.7016940116882324,6
6300.0,9553.0,7198.0,56,3.7017390727996826,6
6224.0,9211.0,7260.0,56,3.7017838954925537,6
7721.0,6479.0,7927.0,60,3.836066961288452,6
6903.0,7420.0,7496.0,61,3.857184886932373,6
7497.0,6868.0,7658.0,66,4.286810874938965,7
7365.0,7856.0,6522.0,67,4.320671081542969,7
5926.0,7572.0,9457.0,68,4.3559510707855225,7
6489.0,6864.0,9303.0,69,4.386087894439697,7
6502.0,6954.0,8782.0,69,4.386102914810181,7
9354.0,5399.0,9344.0,72,4.532710075378418,7
7990.0,5732.0,8901.0,80,4.751692056655884,7
7074.0,7889.0,6984.0,96,5.457104921340942,7
6258.0,8652.0,7539.0,97,5.480417013168335,7
9286.0,7335.0,6139.0,120,6.246164083480835,8
8283.0,6872.0,6864.0,121,6.285887956619263,8
8037.0,6399.0,7685.0,121,6.285929918289185,8
7948.0,6448.0,8012.0,126,6.497204065322876,8
7678.0,6542.0,7894.0,126,6.4972639083862305,8
5697.0,7898.0,9417.0,128,6.560447931289673,8
5907.0,8265.0,8710.0,129,6.587693929672241,8
7053.0,6511.0,8500.0,130,6.623342037200928,8
7040.0,6421.0,9021.0,130,6.623353958129883,8
6920.0,7215.0,7649.0,182,8.271323919296265,8
7453.0,7343.0,7092.0,182,8.271338939666748,8
8815.0,7677.0,5773.0,208,9.585856914520264,9
8556.0,9591.0,5281.0,208,9.585870027542114,9
7826.0,7369.0,6720.0,208,9.586004972457886,9
7274.0,7294.0,7435.0,208,9.58601689338684,9
8500.0,6818.0,7106.0,211,9.70442795753479,9
7772.0,6695.0,7271.0,217,9.973053932189941,9
6229.0,8870.0,7376.0,291,13.03196406364441,9
9804.0,7247.0,6559.0,331,14.473260879516602,10
7729.0,7365.0,6880.0,331,14.473305940628052,10
7399.0,7219.0,7533.0,331,14.473320960998535,10
7390.0,7614.0,6745.0,332,14.52673888206482,10
7026.0,7707.0,7359.0,332,14.526750087738037,10
8254.0,6345.0,7927.0,335,14.623836040496826,10
8015.0,7364.0,6797.0,484,19.341279983520508,11
7122.0,7727.0,7322.0,487,19.494858026504517,11
7611.0,7904.0,6232.0,503,19.95444107055664,11
8029.0,7573.0,6349.0,505,20.04476809501648,11
8554.0,7276.0,6718.0,505,20.044782876968384,11
9152.0,7221.0,6706.0,505,20.044827938079834,11
7894.0,7831.0,6147.0,505,20.044843912124634,11
7132.0,7830.0,7045.0,586,21.8817880153656,11
6445.0,8651.0,7678.0,587,21.89603090286255,11
7579.0,7609.0,6822.0,663,24.16760802268982,12
8002.0,7685.0,6692.0,682,24.685467004776,12
5678.0,8591.0,8670.0,702,25.183801889419556,12
8161.0,7264.0,6892.0,847,29.53379487991333,13
8419.0,7534.0,6516.0,856,29.72559404373169,13
5865.0,8366.0,9162.0,1021,34.134357929229736,14
6048.0,8128.0,8822.0,1022,34.15604496002197,14
