z1,z2,z3,node,time,depth
-3073.0,-6182.0,-4405.0,1,0.02152705192565918,1
-1930.0,-8220.0,-1575.0,1,0.02153491973876953,1
-2094.0,-8106.0,-1150.0,1,0.021543025970458984,1
-4390.0,-5979.0,-3563.0,1,0.02154994010925293,1
-7138.0,-3180.0,-6038.0,1,0.021558046340942383,1
-6410.0,-2653.0,-7486.0,1,0.021564960479736328,1
-1447.0,-8255.0,-2121.0,1,0.02157306671142578,1
-8509.0,-1296.0,-7406.0,1,0.021579980850219727,1
-5073.0,-4993.0,-5204.0,1,0.02158808708190918,1
-2639.0,-7003.0,-3601.0,1,0.021595001220703125,1
-5277.0,-4257.0,-6175.0,1,0.02160191535949707,1
-2645.0,-7660.0,-2055.0,1,0.021610021591186523,1
-8024.0,-1240.0,-7935.0,1,0.02161693572998047,1
-8133.0,-1269.0,-7878.0,1,0.021625041961669922,1
-7662.0,-2188.0,-7236.0,1,0.021631956100463867,1
-7381.0,-1627.0,-8134.0,1,0.021638870239257812,1
-7788.0,-1632.0,-7819.0,1,0.021646976470947266,1
-8329.0,-1348.0,-7745.0,1,0.02165508270263672,1
-8576.0,-1332.0,-7009.0,1,0.021661996841430664,1
-8303.0,-1574.0,-7491.0,1,0.02166891098022461,1
-7255.0,-2183.0,-7551.0,1,0.021677017211914062,1
-5866.0,-4497.0,-4738.0,1,0.021684885025024414,1
-3380.0,-6426.0,-4042.0,1,0.02169203758239746,1
-4744.0,-5079.0,-5331.0,1,0.021698951721191406,1
-3310.0,-6954.0,-2920.0,1,0.02170705795288086,1
-1523.0,-8419.0,-1748.0,1,0.02171492576599121,1
-7541.0,-1374.0,-8141.0,1,0.021722078323364258,1
-7911.0,-1436.0,-7943.0,1,0.02172994613647461,1
-7885.0,-1337.0,-7986.0,1,0.021736860275268555,1
-7142.0,-3146.0,-6361.0,1,0.021744966506958008,1
-5951.0,-4178.0,-5852.0,1,0.021751880645751953,1
-7084.0,-2574.0,-7163.0,1,0.021759986877441406,1
-5055.0,-5273.0,-4428.0,1,0.02176690101623535,1
-2409.0,-7610.0,-2617.0,1,0.0217740535736084,1
-3659.0,-6444.0,-3808.0,1,0.021780967712402344,1
-2049.0,-7743.0,-2679.0,1,0.02178788185119629,1
-3124.0,-7050.0,-3097.0,1,0.021795988082885742,1
-7247.0,-1715.0,-7970.0,2,0.04641389846801758,2
-7611.0,-2396.0,-6735.0,2,0.04643702507019043,2
-6579.0,-3399.0,-6425.0,2,0.04644203186035156,2
-7942.0,-1674.0,-7546.0,2,0.0464479923248291,2
-4968.0,-5348.0,-4169.0,2,0.04645895957946777,2
-6872.0,-3218.0,-6365.0,2,0.046469926834106445,2
-6127.0,-4140.0,-5347.0,2,0.04648089408874512,2
-5416.0,-4784.0,-5141.0,2,0.0465090274810791,2
-4040.0,-6267.0,-3414.0,2,0.04651498794555664,2
-3456.0,-6864.0,-2480.0,2,0.04652595520019531,2
-4949.0,-5391.0,-3881.0,2,0.046536922454833984,2
-7110.0,-2348.0,-7417.0,2,0.04658198356628418,2
-7412.0,-1865.0,-7737.0,2,0.04659295082092285,2
-7082.0,-1832.0,-7944.0,2,0.046597957611083984,2
-6766.0,-2385.0,-7572.0,2,0.04660391807556152,2
-3451.0,-6800.0,-2609.0,3,0.06783199310302734,2
-2571.0,-7469.0,-2464.0,3,0.06783795356750488,2
-2491.0,-7446.0,-2655.0,3,0.06784296035766602,2
-4135.0,-6090.0,-3788.0,3,0.06785988807678223,2
-2596.0,-7459.0,-2547.0,3,0.06786608695983887,2
-5252.0,-4469.0,-5702.0,3,0.06792187690734863,2
-3122.0,-6783.0,-3478.0,3,0.06792688369750977,2
-3261.0,-6753.0,-3412.0,3,0.0679330825805664,2
-4815.0,-5350.0,-4640.0,3,0.06793808937072754,2
-4486.0,-5436.0,-4767.0,3,0.06795001029968262,2
-6103.0,-3836.0,-6137.0,3,0.06798291206359863,2
-5836.0,-3920.0,-6145.0,3,0.06798791885375977,2
-6272.0,-3910.0,-5909.0,3,0.06799888610839844,2
-5693.0,-4535.0,-5288.0,3,0.06800508499145508,2
-7132.0,-2271.0,-7323.0,4,0.09462690353393555,3
-4069.0,-4944.0,-5526.0,4,0.09465408325195312,3
-6523.0,-2457.0,-7478.0,4,0.0946650505065918,3
-4538.0,-5599.0,-4493.0,4,0.09467601776123047,3
-5701.0,-4214.0,-5777.0,4,0.09469294548034668,3
-6052.0,-3494.0,-6516.0,4,0.09470987319946289,3
-6557.0,-2669.0,-7254.0,4,0.09471607208251953,3
-5424.0,-4273.0,-5943.0,4,0.0947270393371582,3
-5434.0,-3506.0,-6700.0,4,0.09473204612731934,3
-4755.0,-4804.0,-5613.0,4,0.09473800659179688,3
-5888.0,-3200.0,-6924.0,4,0.09474301338195801,3
-3239.0,-7006.0,-2587.0,5,0.11371397972106934,3
-5543.0,-4737.0,-4413.0,5,0.11375308036804199,3
-4358.0,-5803.0,-4232.0,5,0.11376404762268066,3
-3823.0,-6409.0,-3521.0,5,0.1137700080871582,3
-2146.0,-7614.0,-2545.0,5,0.11378598213195801,3
-4083.0,-5440.0,-5043.0,5,0.11381387710571289,3
-3998.0,-5786.0,-4629.0,5,0.11382508277893066,3
-8344.0,-1138.0,-7435.0,6,0.135267972946167,3
-7528.0,-1643.0,-7902.0,6,0.13528990745544434,3
-6615.0,-3241.0,-6452.0,6,0.13529586791992188,3
-7402.0,-2199.0,-7319.0,6,0.135300874710083,3
-8058.0,-1452.0,-7711.0,6,0.13531208038330078,3
-6264.0,-3961.0,-5713.0,6,0.13531804084777832,3
-6540.0,-3720.0,-5511.0,6,0.13532304763793945,3
-5314.0,-4467.0,-5583.0,6,0.13533997535705566,3
-7494.0,-1431.0,-8126.0,6,0.1353459358215332,3
-7589.0,-2274.0,-7000.0,6,0.13535690307617188,3
-7818.0,-2186.0,-6697.0,6,0.13536286354064941,3
-6366.0,-2900.0,-6949.0,6,0.13537907600402832,3
-7789.0,-1306.0,-8033.0,7,0.1525568962097168,3
-4834.0,-5449.0,-4212.0,7,0.15260696411132812,3
-6452.0,-3862.0,-5413.0,7,0.15261197090148926,3
-2845.0,-7032.0,-3331.0,8,0.17668700218200684,4
-4960.0,-5310.0,-4334.0,8,0.17670297622680664,4
-6788.0,-2308.0,-7478.0,8,0.17673087120056152,4
-5727.0,-2972.0,-6993.0,8,0.17673707008361816,4
-2815.0,-6776.0,-3614.0,8,0.17674803733825684,4
-3249.0,-5955.0,-4418.0,8,0.17675399780273438,4
-3611.0,-6065.0,-4266.0,8,0.1767590045928955,4
-5037.0,-4716.0,-5436.0,8,0.17676496505737305,4
-5655.0,-3912.0,-6167.0,8,0.17681503295898438,4
-4931.0,-4577.0,-5626.0,8,0.17682099342346191,4
-5241.0,-4917.0,-4864.0,8,0.17683696746826172,4
-5249.0,-4766.0,-5217.0,8,0.1768479347229004,4
-5299.0,-4762.0,-5167.0,8,0.17685890197753906,4
-7946.0,-1732.0,-7202.0,9,0.20008492469787598,4
-2781.0,-7141.0,-3109.0,9,0.2001030445098877,4
-3155.0,-7064.0,-2683.0,9,0.20010900497436523,4
-4656.0,-5572.0,-3941.0,9,0.2001628875732422,4
-3845.0,-6348.0,-3631.0,9,0.20016908645629883,4
-2773.0,-7103.0,-3274.0,9,0.20017504692077637,4
-3180.0,-7054.0,-2766.0,9,0.2001810073852539,4
-7287.0,-1772.0,-7875.0,10,0.22150897979736328,4
-4180.0,-6059.0,-3250.0,10,0.22153186798095703,4
-7505.0,-2444.0,-6211.0,10,0.22154903411865234,4
-5070.0,-5031.0,-4986.0,10,0.22156000137329102,4
-6695.0,-3447.0,-5647.0,10,0.22158193588256836,4
-7817.0,-1581.0,-7684.0,10,0.22159790992736816,4
-7879.0,-1686.0,-7439.0,10,0.2216038703918457,4
-7894.0,-1553.0,-7576.0,10,0.22161006927490234,4
-6718.0,-3258.0,-6309.0,10,0.22162103652954102,4
-4764.0,-5462.0,-4184.0,10,0.22162604331970215,4
-5438.0,-4721.0,-5008.0,10,0.2216320037841797,4
-5973.0,-4115.0,-5719.0,10,0.22164297103881836,4
-5257.0,-4904.0,-4895.0,10,0.2216479778289795,4
-5826.0,-4085.0,-5990.0,10,0.22165393829345703,4
-6454.0,-3306.0,-6563.0,10,0.22165989875793457,4
-6959.0,-2481.0,-7301.0,10,0.2216649055480957,4
-5205.0,-4885.0,-5150.0,11,0.2371358871459961,4
-4715.0,-5524.0,-3762.0,11,0.2371518611907959,4
-6312.0,-2691.0,-7348.0,11,0.23717498779296875,4
-5633.0,-3989.0,-6261.0,11,0.23717999458312988,4
-4726.0,-5500.0,-4193.0,11,0.23718500137329102,4
-3152.0,-6679.0,-3535.0,12,0.2561218738555908,4
-4502.0,-5163.0,-4913.0,12,0.25614500045776367,4
-5339.0,-4493.0,-5379.0,12,0.2561609745025635,4
-5931.0,-4398.0,-4640.0,12,0.2562720775604248,4
-6784.0,-3003.0,-6588.0,12,0.256289005279541,4
-4200.0,-5991.0,-3690.0,12,0.25631189346313477,4
-5120.0,-5174.0,-4330.0,12,0.2563178539276123,4
-4455.0,-5880.0,-3465.0,12,0.25632405281066895,4
-6329.0,-3862.0,-5615.0,12,0.2563290596008301,4
-7814.0,-2220.0,-6374.0,12,0.2563469409942627,4
-6605.0,-3621.0,-5413.0,12,0.2563588619232178,4
-7354.0,-2388.0,-6994.0,13,0.27413392066955566,4
-7023.0,-2468.0,-7164.0,13,0.2741389274597168,4
-5775.0,-4502.0,-4875.0,14,0.2886369228363037,4
-7036.0,-3194.0,-5837.0,14,0.2886490821838379,4
-8403.0,-1344.0,-6882.0,14,0.288654088973999,4
-7433.0,-2338.0,-7039.0,14,0.2886819839477539,4
-8197.0,-1622.0,-6967.0,14,0.28868794441223145,4
-7985.0,-1385.0,-7900.0,15,0.2990539073944092,4
-7503.0,-1659.0,-7857.0,15,0.29906606674194336,4
-6192.0,-3652.0,-6231.0,15,0.2990880012512207,4
-6824.0,-2957.0,-6770.0,15,0.2990989685058594,4
-1459.0,-8184.0,-2165.0,16,0.33020901679992676,5
-4603.0,-5500.0,-4395.0,16,0.33023691177368164,5
-4941.0,-5353.0,-4046.0,16,0.3302490711212158,5
-5253.0,-4846.0,-4908.0,16,0.3302929401397705,5
-3136.0,-6979.0,-3141.0,16,0.33029890060424805,5
-2421.0,-7539.0,-2661.0,16,0.3303039073944092,5
-2061.0,-7672.0,-2723.0,16,0.33035993576049805,5
-1535.0,-8348.0,-1792.0,16,0.33037686347961426,5
-2875.0,-6928.0,-3388.0,16,0.3304159641265869,5
-2827.0,-6705.0,-3658.0,16,0.33042097091674805,5
-1905.0,-8230.0,-1492.0,16,0.3304269313812256,5
-3317.0,-6939.0,-2764.0,17,0.35451197624206543,5
-7348.0,-2412.0,-6744.0,17,0.35456204414367676,5
-6345.0,-3313.0,-6456.0,17,0.35463404655456543,5
-6567.0,-3110.0,-6555.0,17,0.35464000701904297,5
-3490.0,-6370.0,-4036.0,18,0.3732490539550781,5
-4335.0,-5738.0,-4337.0,18,0.3732609748840332,5
-4327.0,-5700.0,-4502.0,18,0.37326693534851074,5
-5080.0,-4816.0,-5355.0,18,0.3732900619506836,5
-5390.0,-4061.0,-6167.0,18,0.3733699321746826,5
-3841.0,-6382.0,-3308.0,18,0.3734109401702881,5
-4035.0,-6174.0,-3519.0,18,0.3734159469604492,5
-3536.0,-5766.0,-4682.0,19,0.3918180465698242,5
-2854.0,-7102.0,-3111.0,19,0.3918628692626953,5
-2546.0,-7121.0,-3172.0,19,0.39186906814575195,5
-2829.0,-7112.0,-3028.0,19,0.3918759822845459,5
-6760.0,-3348.0,-5549.0,20,0.4107809066772461,5
-4535.0,-5637.0,-4275.0,20,0.41080403327941895,5
-4370.0,-5732.0,-4276.0,20,0.4108150005340576,5
-5988.0,-3403.0,-6726.0,20,0.4108259677886963,5
-4901.0,-4957.0,-5214.0,20,0.4108309745788574,5
-4010.0,-5715.0,-4673.0,20,0.41083693504333496,5
-4432.0,-4965.0,-5433.0,20,0.41085290908813477,5
-6537.0,-3231.0,-6541.0,20,0.4108588695526123,5
-6038.0,-4016.0,-5621.0,20,0.41086506843566895,5
-6577.0,-2657.0,-7206.0,21,0.4268229007720947,5
-5905.0,-3478.0,-6748.0,21,0.42682790756225586,5
-6782.0,-2597.0,-7137.0,21,0.4268338680267334,5
-6119.0,-4102.0,-5512.0,22,0.44443488121032715,5
-7392.0,-2260.0,-7240.0,22,0.44446301460266113,5
-6594.0,-2603.0,-7171.0,22,0.444490909576416,5
-5915.0,-3901.0,-6084.0,22,0.44449687004089355,5
-4632.0,-5357.0,-4572.0,22,0.44450807571411133,5
-5553.0,-3724.0,-6275.0,22,0.44454097747802734,5
-7318.0,-2577.0,-6795.0,23,0.4607579708099365,5
-7286.0,-2421.0,-7154.0,23,0.4607980251312256,5
-4621.0,-5482.0,-4216.0,23,0.46082496643066406,5
-5213.0,-4923.0,-4985.0,23,0.4608640670776367,5
-5947.0,-4212.0,-5529.0,23,0.46087002754211426,5
-5261.0,-4894.0,-4904.0,23,0.4608750343322754,5
-4116.0,-6094.0,-3474.0,24,0.480496883392334,5
-7859.0,-1563.0,-7732.0,24,0.4805750846862793,5
-3736.0,-6427.0,-2976.0,25,0.49646806716918945,5
-7368.0,-1987.0,-7543.0,25,0.4965229034423828,5
-4150.0,-6056.0,-3775.0,26,0.5119330883026123,5
-5584.0,-4551.0,-5149.0,26,0.5119829177856445,5
-6260.0,-3995.0,-5390.0,26,0.5119988918304443,5
-5599.0,-4667.0,-4848.0,26,0.5120270252227783,5
-5245.0,-5099.0,-4316.0,26,0.5120329856872559,5
-5331.0,-5032.0,-4226.0,27,0.5257580280303955,5
-3671.0,-6526.0,-3074.0,27,0.5258030891418457,5
-6581.0,-3029.0,-6676.0,27,0.5258309841156006,5
-6684.0,-3089.0,-6540.0,27,0.5258419513702393,5
-6337.0,-3811.0,-5811.0,28,0.5408060550689697,5
-4899.0,-5350.0,-4114.0,28,0.5408229827880859,5
-5840.0,-4403.0,-4777.0,28,0.5408289432525635,5
-5277.0,-4495.0,-5498.0,28,0.5408570766448975,5
-6168.0,-3737.0,-6039.0,28,0.540863037109375,5
-6468.0,-3225.0,-6684.0,29,0.5561680793762207,5
-5954.0,-3721.0,-6318.0,29,0.5561850070953369,5
-6876.0,-2452.0,-7396.0,29,0.556190013885498,5
-8318.0,-1441.0,-7628.0,30,0.5656988620758057,5
-6310.0,-3967.0,-5387.0,30,0.5657100677490234,5
-7294.0,-2364.0,-7198.0,31,0.573889970779419,5
-5562.0,-2830.0,-7052.0,32,0.6064629554748535,6
-6497.0,-2722.0,-6954.0,32,0.6065330505371094,6
-4717.0,-5382.0,-4317.0,32,0.6065740585327148,6
-4044.0,-6158.0,-3623.0,32,0.606579065322876,6
-7371.0,-2487.0,-5983.0,32,0.6066138744354248,6
-3754.0,-6172.0,-3924.0,33,0.6298079490661621,6
-3789.0,-6244.0,-3730.0,33,0.6299409866333008,6
-4665.0,-5552.0,-3765.0,33,0.6299459934234619,6
-4052.0,-6131.0,-3852.0,34,0.6502370834350586,6
-4195.0,-5516.0,-4709.0,34,0.6502749919891357,6
-4032.0,-6229.0,-3579.0,34,0.6502859592437744,6
-2268.0,-7497.0,-2766.0,35,0.6855850219726562,6
-4910.0,-5314.0,-4384.0,35,0.6856138706207275,6
-4063.0,-6082.0,-3801.0,35,0.6856200695037842,6
-4165.0,-5544.0,-4691.0,35,0.6856479644775391,6
-2984.0,-7002.0,-3265.0,35,0.6856529712677002,6
-3004.0,-6640.0,-3629.0,35,0.6856589317321777,6
-2719.0,-6787.0,-3754.0,36,0.7068710327148438,6
-4709.0,-4066.0,-6214.0,36,0.7068769931793213,6
-3913.0,-5604.0,-4886.0,36,0.70688796043396,6
-4750.0,-4934.0,-5352.0,36,0.7069530487060547,6
-4275.0,-4829.0,-5579.0,36,0.7069590091705322,6
-4407.0,-5484.0,-4655.0,36,0.706981897354126,6
-4594.0,-5348.0,-4714.0,36,0.7069869041442871,6
-4027.0,-6136.0,-3684.0,36,0.7069928646087646,6
-2853.0,-6887.0,-3427.0,36,0.7069990634918213,6
-4374.0,-5634.0,-4391.0,36,0.7070050239562988,6
-3537.0,-6304.0,-3925.0,36,0.70701003074646,6
-3387.0,-6249.0,-4193.0,36,0.7070159912109375,6
-4587.0,-5525.0,-4563.0,38,0.7444109916687012,6
-6622.0,-2815.0,-6816.0,38,0.7444279193878174,6
-4408.0,-5699.0,-4339.0,39,0.7576689720153809,6
-7134.0,-2543.0,-6849.0,40,0.7765638828277588,6
-6956.0,-2388.0,-7361.0,40,0.7766358852386475,6
-5066.0,-5065.0,-4663.0,40,0.776648998260498,6
-7212.0,-2625.0,-6271.0,40,0.7767040729522705,6
-6692.0,-2565.0,-7309.0,41,0.795619010925293,6
-6108.0,-3114.0,-6866.0,41,0.7956249713897705,6
-5261.0,-4795.0,-5104.0,41,0.7956540584564209,6
-5269.0,-4833.0,-4939.0,41,0.795677900314331,6
-5299.0,-4856.0,-4895.0,42,0.8551170825958252,6
-6402.0,-3628.0,-5707.0,42,0.8551318645477295,6
-5969.0,-4149.0,-5396.0,42,0.8551390171051025,6
-6421.0,-3473.0,-6046.0,42,0.8551599979400635,6
-4975.0,-4718.0,-5555.0,43,0.8703088760375977,6
-5559.0,-4169.0,-5998.0,43,0.8703138828277588,6
-6187.0,-3390.0,-6571.0,43,0.8703310489654541,6
-4209.0,-5685.0,-4620.0,43,0.8703360557556152,6
-5249.0,-4866.0,-5060.0,43,0.8704030513763428,6
-5131.0,-4474.0,-5515.0,44,0.8916709423065186,6
-5307.0,-4876.0,-4650.0,44,0.8916890621185303,6
-5299.0,-4927.0,-4696.0,45,0.9065859317779541,6
-5073.0,-4558.0,-5435.0,45,0.9066150188446045,6
-6044.0,-4005.0,-5714.0,45,0.9066438674926758,6
-6751.0,-3027.0,-6443.0,45,0.9066550731658936,6
-6658.0,-3358.0,-6080.0,46,0.9197309017181396,6
-5958.0,-4001.0,-6003.0,46,0.9197590351104736,6
-5834.0,-4321.0,-5407.0,47,0.9307658672332764,6
-7741.0,-1492.0,-7837.0,48,0.9517340660095215,6
-7271.0,-2085.0,-7409.0,48,0.9518179893493652,6
-7425.0,-2389.0,-6843.0,49,0.9694218635559082,6
-5641.0,-4569.0,-4637.0,49,0.9694719314575195,6
-6325.0,-3896.0,-5292.0,50,0.987156867980957,6
-4671.0,-5237.0,-4685.0,50,0.9871900081634521,6
-4394.0,-5783.0,-3901.0,50,0.9872300624847412,6
-5843.0,-4394.0,-4974.0,50,0.9872350692749023,6
-4973.0,-5158.0,-4522.0,50,0.9872410297393799,6
-7087.0,-2472.0,-7002.0,52,1.0168659687042236,6
-3559.0,-6578.0,-2866.0,52,1.0169050693511963,6
-5317.0,-4635.0,-5157.0,52,1.0169439315795898,6
-3537.0,-6512.0,-3210.0,54,1.0389509201049805,6
-6216.0,-3640.0,-6129.0,55,1.049259901046753,6
-4739.0,-5183.0,-4848.0,55,1.0492770671844482,6
-3947.0,-6171.0,-3677.0,55,1.0492939949035645,6
-7629.0,-1653.0,-7814.0,56,1.0635199546813965,6
-7433.0,-1574.0,-7947.0,56,1.0635650157928467,6
-6766.0,-3324.0,-5799.0,57,1.0787029266357422,6
-6333.0,-3845.0,-5488.0,57,1.0787088871002197,6
-6268.0,-3944.0,-5586.0,58,1.092336893081665,6
-6720.0,-3268.0,-6236.0,58,1.092365026473999,6
-6375.0,-3868.0,-5289.0,60,1.1146368980407715,6
-5758.0,-4436.0,-5190.0,60,1.1146650314331055,6
-6217.0,-3678.0,-6027.0,60,1.114691972732544,6
-7602.0,-2320.0,-6886.0,61,1.1246678829193115,6
-7283.0,-2457.0,-7081.0,61,1.1246740818023682,6
-6662.0,-3059.0,-6659.0,61,1.1246800422668457,6
-7203.0,-3081.0,-5940.0,62,1.1347949504852295,6
-6517.0,-3763.0,-5315.0,62,1.1347999572753906,6
-7377.0,-2215.0,-7274.0,62,1.1348059177398682,6
-6849.0,-2983.0,-6566.0,62,1.1348109245300293,6
-7207.0,-3047.0,-6263.0,62,1.1348168849945068,6
-6831.0,-3247.0,-6147.0,62,1.1348280906677246,6
-1877.0,-7747.0,-2438.0,64,1.165539026260376,7
-2079.0,-7572.0,-2775.0,64,1.1655499935150146,7
-3382.0,-6840.0,-2666.0,64,1.1655559539794922,7
-2474.0,-7511.0,-2519.0,64,1.1655669212341309,7
-2378.0,-7760.0,-1810.0,64,1.1655728816986084,7
-4105.0,-6168.0,-3316.0,64,1.1656620502471924,7
-4097.0,-6130.0,-3481.0,64,1.16566801071167,7
-3189.0,-6951.0,-2999.0,64,1.165673017501831,7
-3678.0,-6072.0,-4093.0,65,1.1945090293884277,7
-3635.0,-6096.0,-4084.0,65,1.1945149898529053,7
-3757.0,-6267.0,-3713.0,68,1.2577478885650635,7
-2319.0,-7708.0,-2400.0,68,1.2577540874481201,7
-2398.0,-7662.0,-2292.0,68,1.2578039169311523,7
-2598.0,-7486.0,-2275.0,69,1.2750768661499023,7
-3666.0,-6143.0,-4049.0,69,1.275083065032959,7
-3822.0,-6094.0,-3994.0,70,1.2919590473175049,7
-5256.0,-4589.0,-5368.0,70,1.2919819355010986,7
-4079.0,-5947.0,-4047.0,70,1.2919938564300537,7
-6125.0,-3319.0,-6595.0,71,1.3051879405975342,7
-6018.0,-3282.0,-6740.0,72,1.3236539363861084,7
-3841.0,-5650.0,-4775.0,73,1.3418209552764893,7
-5134.0,-4928.0,-4783.0,74,1.3574800491333008,7
-2793.0,-7070.0,-3153.0,74,1.3575029373168945,7
-4339.0,-5629.0,-4546.0,74,1.3575148582458496,7
-3502.0,-6299.0,-4080.0,74,1.357532024383545,7
-2651.0,-6932.0,-3645.0,74,1.3575379848480225,7
-4780.0,-4830.0,-5409.0,74,1.3575489521026611,7
-3943.0,-5500.0,-4943.0,74,1.3575608730316162,7
-5383.0,-4025.0,-6186.0,75,1.3702268600463867,7
-4614.0,-5341.0,-4758.0,76,1.3896849155426025,7
-4121.0,-6107.0,-3429.0,76,1.3897130489349365,7
-4609.0,-5462.0,-4430.0,76,1.3897309303283691,7
-4762.0,-5094.0,-4990.0,78,1.4176139831542969,7
-5003.0,-5070.0,-4648.0,78,1.4176530838012695,7
-6206.0,-3389.0,-6515.0,78,1.4176690578460693,7
-5138.0,-4894.0,-5106.0,78,1.417680025100708,7
-4108.0,-5466.0,-4839.0,80,1.4508159160614014,7
-5492.0,-4281.0,-5746.0,80,1.450866937637329,7
-5323.0,-4207.0,-5974.0,80,1.4508728981018066,7
-4433.0,-5180.0,-5117.0,80,1.4508788585662842,7
-4423.0,-5704.0,-4134.0,80,1.4509050846099854,7
-4538.0,-4947.0,-5381.0,81,1.468247890472412,7
-6644.0,-2656.0,-7118.0,81,1.4682540893554688,7
-5311.0,-4785.0,-4939.0,81,1.4683148860931396,7
-3888.0,-6310.0,-3423.0,82,1.4869959354400635,7
-4776.0,-5391.0,-4228.0,82,1.4870190620422363,7
-7848.0,-1837.0,-6942.0,82,1.487091064453125,7
-6928.0,-2632.0,-6804.0,82,1.4870960712432861,7
-5103.0,-4881.0,-5250.0,84,1.5189259052276611,7
-5629.0,-4227.0,-5835.0,84,1.518960952758789,7
-6473.0,-3447.0,-5901.0,84,1.5189719200134277,7
-5655.0,-3926.0,-6128.0,85,1.5360350608825684,7
-5709.0,-4228.0,-5545.0,86,1.5512669086456299,7
-6423.0,-3457.0,-6066.0,86,1.551271915435791,7
-5795.0,-4236.0,-5493.0,86,1.5512778759002686,7
-6081.0,-3968.0,-5645.0,89,1.5989580154418945,7
-4663.0,-5382.0,-4340.0,90,1.6118600368499756,7
-6012.0,-4113.0,-5431.0,92,1.6342520713806152,7
-5257.0,-4689.0,-5300.0,92,1.6342580318450928,7
-5270.0,-4786.0,-5052.0,92,1.634263038635254,7
-6167.0,-3296.0,-6662.0,93,1.6447370052337646,7
-6142.0,-3523.0,-6337.0,94,1.6548199653625488,7
-5640.0,-4279.0,-5638.0,94,1.6548309326171875,7
-6662.0,-3324.0,-6403.0,94,1.654836893081665,7
-6016.0,-4079.0,-5754.0,94,1.6548540592193604,7
-5326.0,-4795.0,-4806.0,94,1.654865026473999,7
-5899.0,-4222.0,-5309.0,94,1.6548869609832764,7
-6907.0,-2690.0,-6999.0,95,1.6653399467468262,7
-3723.0,-6468.0,-2382.0,97,1.7061638832092285,7
-6298.0,-3535.0,-5947.0,100,1.7503950595855713,7
-4215.0,-5957.0,-3677.0,101,1.7634379863739014,7
-5664.0,-4568.0,-4750.0,101,1.7634649276733398,7
-6281.0,-3541.0,-6031.0,102,1.7740859985351562,7
-5051.0,-5307.0,-4105.0,106,1.8191869258880615,7
-4365.0,-5989.0,-3480.0,106,1.8191919326782227,7
-3824.0,-6035.0,-4094.0,108,1.8381900787353516,7
-3963.0,-6005.0,-4028.0,108,1.838196039199829,7
-3429.0,-6533.0,-3105.0,108,1.8382508754730225,7
-5309.0,-4597.0,-5322.0,109,1.847883939743042,7
-4962.0,-5099.0,-4615.0,109,1.8479008674621582,7
-6406.0,-3616.0,-5729.0,110,1.8588809967041016,7
-4908.0,-5257.0,-4620.0,110,1.8589038848876953,7
-4329.0,-5882.0,-3999.0,110,1.858910083770752,7
-5778.0,-4493.0,-5072.0,110,1.8589260578155518,7
-5091.0,-5109.0,-4438.0,111,1.8835859298706055,7
-6484.0,-3541.0,-5670.0,113,1.9103598594665527,7
-5805.0,-3727.0,-6206.0,115,1.933323860168457,7
-4729.0,-5507.0,-4044.0,116,1.946423053741455,7
-6701.0,-3423.0,-5897.0,116,1.946462869644165,7
-6072.0,-3987.0,-5640.0,116,1.9464809894561768,7
-6095.0,-4141.0,-5174.0,116,1.9464919567108154,7
-5582.0,-4626.0,-4961.0,116,1.9464969635009766,7
-6005.0,-3994.0,-5917.0,118,1.9684078693389893,7
-6845.0,-2882.0,-6702.0,120,1.9856219291687012,7
-8107.0,-1495.0,-7624.0,120,1.9856269359588623,7
-7667.0,-2221.0,-6788.0,120,1.985656976699829,7
-7658.0,-2222.0,-6913.0,121,1.997485876083374,7
-6205.0,-4025.0,-5219.0,122,2.049726963043213,7
-5576.0,-4589.0,-4962.0,122,2.049731969833374,7
-7333.0,-2491.0,-6846.0,124,2.064905881881714,7
-6857.0,-3021.0,-6401.0,125,2.072732925415039,7
-6744.0,-3027.0,-6476.0,127,2.083437919616699,7
-5128.0,-3593.0,-6417.0,129,2.1349120140075684,8
-2061.0,-7605.0,-2762.0,130,2.15687894821167,8
-1430.0,-8268.0,-1939.0,130,2.1569020748138428,8
-1535.0,-8281.0,-1831.0,130,2.1569080352783203,8
-2595.0,-7514.0,-2440.0,130,2.1569130420684814,8
-2200.0,-7575.0,-2696.0,130,2.156919002532959,8
-2827.0,-6638.0,-3697.0,130,2.1569769382476807,8
-3171.0,-6984.0,-2986.0,130,2.1570370197296143,8
-3678.0,-6005.0,-4132.0,130,2.1570420265197754,8
-3847.0,-6079.0,-3904.0,130,2.1570539474487305,8
-3329.0,-6868.0,-2808.0,131,2.1815030574798584,8
-4052.0,-6196.0,-3458.0,131,2.181565046310425,8
-3623.0,-6167.0,-4040.0,136,2.277277946472168,8
-1527.0,-8039.0,-2274.0,137,2.292732000350952,8
-1953.0,-7947.0,-1642.0,137,2.2927610874176025,8
-3326.0,-6743.0,-3047.0,137,2.2927780151367188,8
-2489.0,-7394.0,-2770.0,138,2.3093628883361816,8
-5249.0,-4955.0,-4699.0,138,2.309396982192993,8
-5307.0,-4800.0,-5002.0,138,2.309412956237793,8
-3204.0,-6834.0,-3250.0,138,2.3094189167022705,8
-3873.0,-6305.0,-3628.0,138,2.309429883956909,8
-3364.0,-6507.0,-3567.0,140,2.3409860134124756,8
-2402.0,-7152.0,-3071.0,140,2.340991973876953,8
-3869.0,-6150.0,-3769.0,140,2.3410210609436035,8
-4228.0,-5347.0,-4833.0,142,2.367374897003174,8
-4609.0,-5448.0,-4509.0,142,2.367403984069824,8
-3421.0,-6039.0,-4370.0,144,2.4014689922332764,8
-4089.0,-5501.0,-4809.0,144,2.4015798568725586,8
-6116.0,-2706.0,-7269.0,145,2.4185659885406494,8
-5907.0,-3411.0,-6610.0,145,2.418637990951538,8
-4796.0,-4547.0,-5725.0,146,2.437304973602295,8
-4207.0,-5420.0,-4781.0,147,2.44952392578125,8
-4392.0,-5601.0,-4404.0,148,2.4660868644714355,8
-3555.0,-6271.0,-3938.0,148,2.4661149978637695,8
-3417.0,-6145.0,-4250.0,148,2.4661200046539307,8
-4347.0,-5667.0,-4381.0,149,2.479728937149048,8
-3373.0,-6292.0,-4145.0,150,2.491925001144409,8
-4224.0,-5659.0,-4580.0,150,2.4919419288635254,8
-3341.0,-6255.0,-4217.0,150,2.4919700622558594,8
-3594.0,-5900.0,-4551.0,151,2.5039970874786377,8
-4212.0,-5290.0,-5042.0,151,2.5040018558502197,8
-3519.0,-6396.0,-3976.0,152,2.523705005645752,8
-4205.0,-5814.0,-4241.0,152,2.5237278938293457,8
-2933.0,-7056.0,-3003.0,153,2.5397698879241943,8
-4010.0,-5724.0,-4547.0,153,2.539793014526367,8
-5264.0,-4338.0,-5689.0,156,2.5717380046844482,8
-4968.0,-5065.0,-4803.0,157,2.5843420028686523,8
-4956.0,-5136.0,-4759.0,158,2.591538906097412,8
-5042.0,-4658.0,-5421.0,163,2.657783031463623,8
-5322.0,-4805.0,-4797.0,164,2.6720049381256104,8
-4212.0,-5809.0,-4017.0,164,2.672010898590088,8
-5301.0,-4670.0,-5210.0,166,2.7015650272369385,8
-6452.0,-3077.0,-6711.0,166,2.701570987701416,8
-3448.0,-6448.0,-3643.0,168,2.731318950653076,8
-4158.0,-5739.0,-4358.0,168,2.7313239574432373,8
-4189.0,-5729.0,-4460.0,169,2.74188494682312,8
-4934.0,-4807.0,-5478.0,169,2.741895914077759,8
-6351.0,-3559.0,-5763.0,172,2.7820839881896973,8
-6343.0,-3521.0,-5928.0,172,2.7821059226989746,8
-5528.0,-4320.0,-5501.0,172,2.7821218967437744,8
-6131.0,-4031.0,-5556.0,176,2.8241958618164062,8
-6568.0,-3148.0,-6453.0,176,2.8242690563201904,8
-6139.0,-4069.0,-5391.0,176,2.8242909908294678,8
-6260.0,-3413.0,-6232.0,177,2.8425180912017822,8
-7891.0,-1530.0,-7641.0,178,2.854832887649536,8
-7420.0,-2292.0,-7059.0,179,2.8649349212646484,8
-5481.0,-4685.0,-5043.0,182,2.8968489170074463,8
-5364.0,-4828.0,-4598.0,182,2.896883010864258,8
-5816.0,-3885.0,-6149.0,184,2.9197728633880615,8
-5679.0,-3939.0,-6060.0,185,2.9306230545043945,8
-5217.0,-4814.0,-5194.0,186,2.9382810592651367,8
-5846.0,-4250.0,-5451.0,189,2.9614460468292236,8
-6339.0,-3496.0,-6145.0,189,2.961452007293701,8
-6346.0,-3744.0,-5549.0,194,3.0220370292663574,8
-7906.0,-2075.0,-6559.0,195,3.037100076675415,8
-3603.0,-6494.0,-3194.0,209,3.205625057220459,8
-4221.0,-5905.0,-3791.0,214,3.2489888668060303,8
-5104.0,-4572.0,-5395.0,216,3.263521909713745,8
-4710.0,-5364.0,-4485.0,216,3.263556957244873,8
-5406.0,-4553.0,-5167.0,217,3.280665874481201,8
-4472.0,-5267.0,-4856.0,218,3.29146409034729,8
-4611.0,-5237.0,-4790.0,218,3.2914950847625732,8
-4030.0,-5962.0,-3960.0,219,3.301900863647461,8
-4022.0,-5916.0,-4086.0,219,3.3019418716430664,8
-4035.0,-5832.0,-4221.0,219,3.3019490242004395,8
-4886.0,-5199.0,-4656.0,220,3.3288018703460693,8
-5237.0,-5061.0,-4481.0,221,3.336452007293701,8
-4698.0,-5404.0,-4314.0,222,3.3452248573303223,8
-5576.0,-4513.0,-5314.0,222,3.3452370166778564,8
-6160.0,-4042.0,-5076.0,224,3.364521026611328,8
-7343.0,-2549.0,-6250.0,227,3.4022560119628906,8
-7206.0,-2598.0,-6635.0,229,3.423935890197754,8
-7459.0,-2112.0,-7293.0,230,3.433458089828491,8
-7547.0,-1446.0,-8023.0,230,3.4334628582000732,8
-6633.0,-2423.0,-7405.0,230,3.4334800243377686,8
-6722.0,-3005.0,-6707.0,230,3.4334909915924072,8
-6507.0,-2979.0,-6822.0,230,3.4334959983825684,8
-5670.0,-4560.0,-4707.0,232,3.50679087638855,8
-5413.0,-4552.0,-5189.0,232,3.5068368911743164,8
-4646.0,-5530.0,-4101.0,233,3.5188820362091064,8
-5188.0,-4688.0,-5383.0,236,3.5446419715881348,8
-7681.0,-2083.0,-6755.0,241,3.580770969390869,8
-1881.0,-7434.0,-2925.0,256,3.684536933898926,9
-2987.0,-7126.0,-2662.0,256,3.684614896774292,9
-3101.0,-7088.0,-2460.0,256,3.6847598552703857,9
-3558.0,-6229.0,-3901.0,256,3.6847829818725586,9
-4891.0,-5357.0,-4096.0,260,3.7796990871429443,9
-1825.0,-8207.0,-1683.0,260,3.779710054397583,9
-2540.0,-7647.0,-2163.0,260,3.7797439098358154,9
-2620.0,-7670.0,-1972.0,260,3.779754877090454,9
-2456.0,-7544.0,-2506.0,261,3.798491954803467,9
-2410.0,-7591.0,-2336.0,262,3.8163208961486816,9
-2610.0,-7415.0,-2319.0,263,3.8298349380493164,9
-4433.0,-5671.0,-4092.0,266,3.894355058670044,9
-4657.0,-5514.0,-3930.0,267,3.9099340438842773,9
-6064.0,-2973.0,-6937.0,271,3.960150957107544,9
-2792.0,-6502.0,-3805.0,274,4.0109288692474365,9
-2026.0,-7469.0,-2870.0,274,4.010935068130493,9
-5508.0,-4565.0,-5076.0,276,4.0441670417785645,9
-3143.0,-6899.0,-3161.0,278,4.063251972198486,9
-2679.0,-7335.0,-2447.0,278,4.0632569789886475,9
-4258.0,-5992.0,-3427.0,279,4.074198961257935,9
-5359.0,-4484.0,-5348.0,280,4.091557025909424,9
-4917.0,-5137.0,-4535.0,282,4.113875865936279,9
-4635.0,-5352.0,-4518.0,285,4.1412529945373535,9
-4090.0,-5510.0,-4748.0,291,4.220977067947388,9
-4761.0,-4879.0,-5306.0,296,4.285160064697266,9
-3353.0,-6184.0,-4261.0,298,4.308616876602173,9
-4445.0,-5267.0,-4986.0,302,4.344307899475098,9
-3739.0,-6228.0,-3961.0,306,4.399019002914429,9
-6135.0,-3419.0,-6494.0,312,4.454046010971069,9
-5676.0,-4249.0,-5526.0,312,4.4540510177612305,9
-6534.0,-2680.0,-7089.0,313,4.463306903839111,9
-4797.0,-5099.0,-4835.0,314,4.472779989242554,9
-6711.0,-2705.0,-6920.0,316,4.487962961196899,9
-4383.0,-5709.0,-4256.0,319,4.506589889526367,9
-4966.0,-4358.0,-5961.0,320,4.524501085281372,9
-4578.0,-5129.0,-4956.0,321,4.5389440059661865,9
-6978.0,-2622.0,-6639.0,322,4.558521032333374,9
-4747.0,-5203.0,-4728.0,322,4.55853796005249,9
-5318.0,-4328.0,-5621.0,322,4.558548927307129,9
-4018.0,-5753.0,-4508.0,324,4.593983888626099,9
-4639.0,-5151.0,-4930.0,324,4.5940680503845215,9
-5455.0,-4225.0,-5882.0,324,4.59409499168396,9
-5784.0,-4325.0,-5079.0,329,4.647423982620239,9
-6661.0,-2716.0,-6812.0,329,4.6474289894104,9
-4434.0,-5680.0,-3856.0,329,4.647485017776489,9
-6270.0,-3315.0,-6549.0,334,4.704020023345947,9
-4740.0,-5113.0,-5008.0,336,4.726824998855591,9
-5372.0,-4300.0,-5904.0,336,4.726875066757202,9
-5453.0,-4154.0,-6098.0,336,4.726880073547363,9
-5460.0,-4153.0,-6063.0,337,4.744055986404419,9
-5280.0,-4719.0,-5282.0,338,4.753683090209961,9
-3853.0,-6047.0,-4059.0,339,4.7638349533081055,9
-5442.0,-4312.0,-5553.0,345,4.826875925064087,9
-4369.0,-5779.0,-3954.0,347,4.839344024658203,9
-5067.0,-4604.0,-5482.0,349,4.8538219928741455,9
-6730.0,-3102.0,-6511.0,357,4.94035005569458,9
-6543.0,-3122.0,-6657.0,358,4.949450969696045,9
-6385.0,-3308.0,-6512.0,359,4.960025072097778,9
-5311.0,-4856.0,-4740.0,365,5.016757011413574,9
-7138.0,-2380.0,-7236.0,368,5.035923957824707,9
-6286.0,-3292.0,-6577.0,369,5.046036005020142,9
-6697.0,-3179.0,-6373.0,373,5.074790954589844,9
-6863.0,-3251.0,-5712.0,388,5.1968159675598145,9
-7250.0,-2822.0,-6167.0,390,5.228019952774048,9
-7726.0,-2225.0,-6615.0,391,5.238205909729004,9
-7307.0,-1674.0,-7778.0,396,5.312855005264282,9
-7776.0,-1669.0,-7582.0,396,5.312865972518921,9
-5396.0,-4933.0,-4128.0,400,5.352068901062012,9
-5116.0,-5208.0,-4007.0,400,5.35207986831665,9
-7060.0,-2762.0,-6386.0,406,5.407094955444336,9
-7597.0,-1899.0,-7240.0,410,5.437541961669922,9
-7063.0,-2747.0,-6486.0,413,5.456809997558594,9
-6394.0,-3538.0,-5739.0,424,5.568670988082886,9
-4196.0,-5915.0,-3708.0,426,5.583805084228516,9
-5484.0,-4786.0,-4416.0,426,5.583823919296265,9
-5574.0,-4677.0,-4765.0,427,5.63962197303772,9
-6939.0,-2682.0,-6643.0,454,5.851506948471069,9
-7395.0,-2228.0,-7186.0,460,5.896713972091675,9
-7077.0,-2039.0,-7595.0,460,5.896730899810791,9
-7264.0,-2264.0,-7267.0,462,5.907145977020264,9
-6434.0,-3507.0,-5905.0,466,5.944679021835327,9
-6424.0,-3128.0,-6746.0,476,6.002385854721069,9
-7046.0,-2823.0,-6366.0,481,6.032201051712036,9
-6854.0,-2963.0,-6418.0,482,6.038522005081177,9
-7697.0,-2043.0,-7206.0,484,6.051876068115234,9
-7994.0,-1354.0,-7734.0,485,6.058958053588867,9
-6981.0,-2922.0,-6464.0,489,6.078084945678711,9
-7779.0,-2011.0,-7023.0,497,6.125027894973755,9
-2159.0,-7423.0,-2889.0,514,6.2571868896484375,10
-3269.0,-6735.0,-3152.0,514,6.257221937179565,10
-2554.0,-7295.0,-2672.0,514,6.257227897644043,10
-2733.0,-7536.0,-1830.0,520,6.370362997055054,10
-2014.0,-8083.0,-1341.0,520,6.370368957519531,10
-4209.0,-6054.0,-3005.0,520,6.370435953140259,10
-4079.0,-6163.0,-3468.0,522,6.401071071624756,10
-4071.0,-6117.0,-3594.0,522,6.401138067245483,10
-2043.0,-7932.0,-1606.0,523,6.416405916213989,10
-4468.0,-5676.0,-3937.0,532,6.560847043991089,10
-2294.0,-7718.0,-2317.0,545,6.7247209548950195,10
-2214.0,-7695.0,-2508.0,545,6.724821090698242,10
-1737.0,-7858.0,-2206.0,548,6.768511056900024,10
-1717.0,-7980.0,-1951.0,550,6.799108982086182,10
-1973.0,-7778.0,-1764.0,550,6.79911994934082,10
-2464.0,-7404.0,-2687.0,552,6.824086904525757,10
-3179.0,-6844.0,-3167.0,552,6.824091911315918,10
-3398.0,-6788.0,-2936.0,553,6.835296869277954,10
-3848.0,-6315.0,-3545.0,555,6.8563220500946045,10
-4814.0,-5358.0,-4291.0,557,6.872092008590698,10
-4421.0,-5653.0,-4167.0,557,6.872097969055176,10
-3835.0,-6217.0,-3821.0,558,6.88182806968689,10
-3256.0,-6842.0,-3200.0,558,6.881872892379761,10
-4164.0,-6021.0,-3682.0,558,6.881879091262817,10
-4705.0,-5453.0,-4273.0,558,6.881883859634399,10
-3695.0,-6169.0,-3989.0,568,6.995572090148926,10
-3758.0,-6081.0,-4074.0,568,6.995578050613403,10
-5046.0,-4000.0,-6197.0,579,7.112725019454956,10
-3570.0,-6154.0,-4189.0,584,7.175294876098633,10
-3893.0,-6036.0,-4011.0,585,7.194343090057373,10
-4197.0,-5382.0,-4861.0,585,7.1943769454956055,10
-4631.0,-4561.0,-5665.0,585,7.194382905960083,10
-5047.0,-4611.0,-5470.0,591,7.249274969100952,10
-3318.0,-5705.0,-4688.0,592,7.26514196395874,10
-5308.0,-4062.0,-6117.0,592,7.265264987945557,10
-4906.0,-4274.0,-5992.0,593,7.27804708480835,10
-3699.0,-6244.0,-3800.0,596,7.306985855102539,10
-3676.0,-6274.0,-3859.0,597,7.318070888519287,10
-4867.0,-4861.0,-5254.0,599,7.336790084838867,10
-4052.0,-5574.0,-4820.0,600,7.3466150760650635,10
-4228.0,-5471.0,-4743.0,600,7.346653938293457,10
-4400.0,-5556.0,-4503.0,602,7.369051933288574,10
-3526.0,-6219.0,-4127.0,605,7.388513088226318,10
-3414.0,-6468.0,-3575.0,608,7.413032054901123,10
-3410.0,-6322.0,-4099.0,608,7.413064956665039,10
-3678.0,-6134.0,-4021.0,612,7.456434965133667,10
-3714.0,-6238.0,-3878.0,613,7.4654529094696045,10
-3671.0,-6373.0,-3852.0,614,7.475230932235718,10
-7216.0,-1880.0,-7658.0,625,7.555424928665161,10
-7602.0,-1844.0,-7318.0,625,7.555440902709961,10
-5319.0,-4345.0,-5542.0,630,7.606827020645142,10
-6029.0,-3505.0,-6351.0,633,7.626981973648071,10
-5345.0,-4620.0,-5184.0,646,7.763973951339722,10
-4191.0,-5291.0,-4986.0,648,7.7882819175720215,10
-4546.0,-5355.0,-4624.0,652,7.831120014190674,10
-7161.0,-2328.0,-7292.0,669,8.016833066940308,10
-6237.0,-3424.0,-6336.0,670,8.023860931396484,10
-2891.0,-6692.0,-3563.0,672,8.04403305053711,10
-4196.0,-5497.0,-4756.0,672,8.044044971466064,10
-4962.0,-4530.0,-5691.0,672,8.044055938720703,10
-5590.0,-3751.0,-6264.0,672,8.044060945510864,10
-3245.0,-6480.0,-3596.0,673,8.059756994247437,10
-4557.0,-5580.0,-4114.0,676,8.088566064834595,10
-4534.0,-5426.0,-4580.0,676,8.088582992553711,10
-4923.0,-5018.0,-5004.0,677,8.096184015274048,10
-5007.0,-4522.0,-5529.0,678,8.1072518825531,10
-5287.0,-4542.0,-5433.0,678,8.107271909713745,10
-4920.0,-5041.0,-4826.0,691,8.281743049621582,10
-4092.0,-5828.0,-4175.0,691,8.28175401687622,10
-5103.0,-4946.0,-4822.0,692,8.28957986831665,10
-6766.0,-3266.0,-5841.0,694,8.302305936813354,10
-5535.0,-4699.0,-4578.0,706,8.395277976989746,10
-6192.0,-4041.0,-5249.0,709,8.42973804473877,10
-7200.0,-2509.0,-6939.0,715,8.487874031066895,10
-5090.0,-4475.0,-5690.0,736,8.632466077804565,10
-6357.0,-3232.0,-6564.0,736,8.632520914077759,10
-6261.0,-3210.0,-6834.0,736,8.632526874542236,10
-6103.0,-3396.0,-6689.0,737,8.643738031387329,10
-7321.0,-2276.0,-7124.0,739,8.66663408279419,10
-6560.0,-3011.0,-6695.0,752,8.729635953903198,10
-6348.0,-3494.0,-6150.0,752,8.729657888412476,10
-7112.0,-2606.0,-6982.0,753,8.738312005996704,10
-7989.0,-1518.0,-7517.0,782,9.009938955307007,10
-7978.0,-1611.0,-7400.0,782,9.00996708869934,10
-7322.0,-2358.0,-7008.0,782,9.009973049163818,10
-5302.0,-4962.0,-4383.0,802,9.19509506225586,10
-7716.0,-2015.0,-6778.0,809,9.260643005371094,10
-3298.0,-6711.0,-3163.0,835,9.510021924972534,10
-2945.0,-7138.0,-2269.0,835,9.510063886642456,10
-4587.0,-5743.0,-3391.0,857,9.701395034790039,10
-4458.0,-5706.0,-3771.0,859,9.7135009765625,10
-5959.0,-4155.0,-4883.0,880,9.856345891952515,10
-7358.0,-2416.0,-6387.0,897,9.948113918304443,10
-6909.0,-2775.0,-6571.0,921,10.144232988357544,10
-6740.0,-2701.0,-6799.0,923,10.152075052261353,10
-7353.0,-2080.0,-7361.0,967,10.388128995895386,10
-7347.0,-2475.0,-6697.0,988,10.479964971542358,10
-7795.0,-1876.0,-6822.0,990,10.491250038146973,10
-2064.0,-7737.0,-2199.0,1010,10.586380004882812,11
-2529.0,-7305.0,-2589.0,1015,10.706238985061646,11
-3448.0,-6826.0,-2645.0,1027,10.952723979949951,11
-4087.0,-6201.0,-3303.0,1030,10.99699091911316,11
-2061.0,-7805.0,-1310.0,1031,11.014199018478394,11
-1904.0,-7791.0,-1675.0,1031,11.01421594619751,11
-3586.0,-6713.0,-2718.0,1031,11.014271020889282,11
-3356.0,-6677.0,-3114.0,1031,11.014294862747192,11
-2871.0,-7273.0,-2238.0,1031,11.01430606842041,11
-3937.0,-6017.0,-3921.0,1032,11.034090995788574,11
-2610.0,-7348.0,-2358.0,1033,11.047937870025635,11
-3268.0,-6704.0,-3283.0,1033,11.047945022583008,11
-4176.0,-5950.0,-3726.0,1040,11.189092874526978,11
-3847.0,-6146.0,-3865.0,1040,11.189104080200195,11
-3268.0,-6771.0,-3244.0,1040,11.189109086990356,11
-5306.0,-4818.0,-4766.0,1057,11.44294786453247,11
-3755.0,-5959.0,-4143.0,1075,11.626545906066895,11
-1783.0,-7837.0,-2087.0,1084,11.75942087173462,11
-2832.0,-6844.0,-3467.0,1086,11.778146028518677,11
-3598.0,-5877.0,-4402.0,1086,11.778162956237793,11
-3649.0,-6150.0,-4001.0,1086,11.778202056884766,11
-3761.0,-6249.0,-3648.0,1088,11.79714298248291,11
-4172.0,-6059.0,-3517.0,1090,11.8178129196167,11
-4586.0,-5637.0,-3847.0,1091,11.830508947372437,11
-2699.0,-7213.0,-2702.0,1092,11.841039896011353,11
-3414.0,-6653.0,-3182.0,1092,11.84105896949768,11
-4421.0,-5742.0,-4048.0,1096,11.889652013778687,11
-4429.0,-5691.0,-4002.0,1097,11.898347854614258,11
-4339.0,-5841.0,-3599.0,1098,11.909120082855225,11
-3670.0,-6420.0,-3530.0,1098,11.909131050109863,11
-3506.0,-6665.0,-2757.0,1102,11.938020944595337,11
-3858.0,-6221.0,-3690.0,1103,11.946372032165527,11
-3706.0,-5892.0,-4245.0,1106,11.973562002182007,11
-2971.0,-6814.0,-3401.0,1122,12.11995792388916,11
-4931.0,-4409.0,-5721.0,1142,12.291859865188599,11
-6714.0,-2047.0,-7623.0,1142,12.291919946670532,11
-5197.0,-3871.0,-6290.0,1143,12.308620929718018,11
-4269.0,-5336.0,-4972.0,1149,12.389162063598633,11
-3274.0,-6260.0,-4155.0,1154,12.446995973587036,11
-4096.0,-5500.0,-4774.0,1155,12.460651874542236,11
-5084.0,-4598.0,-5387.0,1156,12.476871967315674,11
-4796.0,-5129.0,-4811.0,1157,12.487001895904541,11
-5356.0,-4575.0,-5153.0,1168,12.613501071929932,11
-4444.0,-4905.0,-5399.0,1172,12.654528856277466,11
-3619.0,-5926.0,-4347.0,1173,12.664201974868774,11
-4510.0,-5168.0,-4888.0,1177,12.707387924194336,11
-4379.0,-5504.0,-4652.0,1184,12.774429082870483,11
-2694.0,-6797.0,-3671.0,1196,12.852197885513306,11
-4382.0,-5494.0,-4572.0,1198,12.862560987472534,11
-5091.0,-4739.0,-5325.0,1200,12.872308015823364,11
-3402.0,-6539.0,-3531.0,1205,12.927305936813354,11
-4679.0,-5242.0,-4660.0,1214,13.015651941299438,11
-7583.0,-1730.0,-7335.0,1226,13.096117973327637,11
-7560.0,-1768.0,-7542.0,1234,13.143213033676147,11
-6976.0,-2649.0,-6557.0,1235,13.151537895202637,11
-6585.0,-2701.0,-7073.0,1236,13.16066288948059,11
-5470.0,-4309.0,-5502.0,1238,13.179715871810913,11
-6582.0,-2760.0,-6900.0,1267,13.345891952514648,11
-7535.0,-1798.0,-7555.0,1322,13.917010068893433,11
-4318.0,-5364.0,-4786.0,1330,13.965578079223633,11
-4751.0,-4902.0,-5482.0,1333,14.000302076339722,11
-5536.0,-4358.0,-5336.0,1364,14.228317975997925,11
-5867.0,-4234.0,-4996.0,1372,14.27967095375061,11
-6184.0,-4003.0,-5414.0,1407,14.571623086929321,11
-6814.0,-2468.0,-7338.0,1448,14.843376874923706,11
-6286.0,-3236.0,-6630.0,1448,14.843395948410034,11
-6344.0,-3135.0,-6812.0,1449,14.852664947509766,11
-6186.0,-3247.0,-6765.0,1450,14.862786054611206,11
-5658.0,-4015.0,-6057.0,1450,14.862802982330322,11
-5969.0,-3924.0,-5973.0,1472,15.041336059570312,11
-7367.0,-2644.0,-5724.0,1518,15.38014006614685,11
-7377.0,-2463.0,-6233.0,1518,15.380146026611328,11
-7947.0,-1895.0,-6665.0,1528,15.493531942367554,11
-4430.0,-5890.0,-3382.0,1567,15.833607912063599,11
-3854.0,-5931.0,-4151.0,1568,15.847495079040527,11
-5358.0,-4352.0,-5418.0,1574,15.908479928970337,11
-5497.0,-4683.0,-4641.0,1582,15.97110891342163,11
-5639.0,-4578.0,-4667.0,1583,15.980032920837402,11
-7589.0,-1457.0,-7907.0,1606,16.12890100479126,11
-5432.0,-4782.0,-4739.0,1664,16.51980185508728,11
-4634.0,-5207.0,-4731.0,1689,16.68544602394104,11
-4579.0,-5705.0,-3556.0,1720,16.834171056747437,11
-6445.0,-3414.0,-6022.0,1809,17.370014905929565,11
-6274.0,-3619.0,-5818.0,1824,17.470942974090576,11
-7025.0,-2830.0,-6363.0,1862,17.630630016326904,11
-4229.0,-5922.0,-3584.0,1940,18.222145080566406,12
-2672.0,-7439.0,-2266.0,1961,18.996833086013794,12
-2784.0,-7390.0,-2098.0,1967,19.148360013961792,12
-3222.0,-6577.0,-3441.0,1973,19.224005937576294,12
-5314.0,-4856.0,-4601.0,2013,19.740005016326904,12
-2988.0,-6511.0,-3713.0,2074,20.39125394821167,12
-2289.0,-7330.0,-2896.0,2074,20.391270875930786,12
-3703.0,-5951.0,-4193.0,2074,20.391277074813843,12
-2954.0,-6711.0,-3497.0,2076,20.409924030303955,12
-3745.0,-6165.0,-3939.0,2078,20.43133306503296,12
-3325.0,-6827.0,-2934.0,2084,20.47896409034729,12
-3595.0,-6552.0,-2764.0,2088,20.52172589302063,12
-3397.0,-6573.0,-3252.0,2090,20.539057970046997,12
-3923.0,-5889.0,-4144.0,2090,20.539087057113647,12
-4578.0,-5599.0,-4012.0,2100,20.630774974822998,12
-3916.0,-6066.0,-3993.0,2101,20.639636993408203,12
-3702.0,-5992.0,-4140.0,2136,20.92865800857544,12
-3622.0,-6030.0,-4120.0,2137,20.936424016952515,12
-3745.0,-5893.0,-4210.0,2148,21.00939702987671,12
-3788.0,-6120.0,-3935.0,2149,21.018183946609497,12
-5065.0,-3798.0,-6300.0,2187,21.347958087921143,12
-3631.0,-5858.0,-4302.0,2190,21.413299083709717,12
-4291.0,-5282.0,-4906.0,2190,21.413304090499878,12
-3370.0,-6090.0,-4315.0,2213,21.660206079483032,12
-3860.0,-5922.0,-4074.0,2215,21.684505939483643,12
-5597.0,-3614.0,-6400.0,2244,21.997637033462524,12
-3924.0,-5549.0,-4840.0,2246,22.01957893371582,12
-3653.0,-6463.0,-3197.0,2258,22.12243103981018,12
-3522.0,-6520.0,-3373.0,2323,22.5827579498291,12
-3949.0,-6047.0,-3893.0,2326,22.607908010482788,12
-3706.0,-6378.0,-3697.0,2329,22.627928972244263,12
-4652.0,-5426.0,-4465.0,2344,22.735909938812256,12
-5659.0,-3756.0,-6207.0,2420,23.15859889984131,12
-6086.0,-3154.0,-6892.0,2420,23.158604860305786,12
-5483.0,-3859.0,-6284.0,2420,23.158609867095947,12
-6926.0,-2648.0,-6784.0,2425,23.240931034088135,12
-4969.0,-5074.0,-4567.0,2439,23.41954803466797,12
-5905.0,-3507.0,-6461.0,2448,23.50488591194153,12
-6956.0,-2664.0,-6623.0,2496,23.94566798210144,12
-7162.0,-2635.0,-6436.0,2496,23.945695877075195,12
-7364.0,-1744.0,-7767.0,2536,24.245651960372925,12
-4851.0,-4542.0,-5630.0,2548,24.295872926712036,12
-5020.0,-4626.0,-5441.0,2551,24.32899498939514,12
-4903.0,-4817.0,-5376.0,2552,24.340512990951538,12
-4040.0,-5614.0,-4641.0,2553,24.351562976837158,12
-5160.0,-4400.0,-5730.0,2553,24.351573944091797,12
-4006.0,-5824.0,-4464.0,2554,24.362839937210083,12
-4627.0,-5222.0,-4886.0,2555,24.37159299850464,12
-5115.0,-4501.0,-5486.0,2754,25.686630964279175,12
-6814.0,-2542.0,-7240.0,2757,25.706783056259155,12
-6362.0,-3478.0,-6001.0,2794,25.89220905303955,12
-7246.0,-2856.0,-5844.0,2870,26.408200979232788,12
-7285.0,-2677.0,-6137.0,2888,26.58608102798462,12
-7639.0,-2245.0,-6669.0,2894,26.639890909194946,12
-5549.0,-4687.0,-4318.0,2962,27.147801876068115,12
-4863.0,-5388.0,-3994.0,3105,28.144442081451416,12
-5907.0,-4317.0,-4844.0,3112,28.18304705619812,12
-6345.0,-3637.0,-5707.0,3178,28.503427028656006,12
-4855.0,-5350.0,-4159.0,3180,28.515260934829712,12
-7709.0,-2063.0,-6716.0,3206,28.638565063476562,12
-7524.0,-1947.0,-7306.0,3413,29.796161890029907,12
-8364.0,-1419.0,-7127.0,3450,29.935412883758545,12
-2744.0,-7236.0,-2349.0,3494,30.535223960876465,13
-3369.0,-6593.0,-3249.0,3528,31.087446928024292,13
-3442.0,-6746.0,-3023.0,3542,31.308291912078857,13
-3193.0,-7008.0,-2594.0,3543,31.318000078201294,13
-4559.0,-5642.0,-3724.0,3543,31.31801199913025,13
-2674.0,-7394.0,-2196.0,3545,31.34872007369995,13
-4121.0,-6178.0,-3230.0,3545,31.348766088485718,13
-2827.0,-7277.0,-1949.0,3549,31.39903688430786,13
-3485.0,-6633.0,-2874.0,3549,31.39908790588379,13
-3870.0,-6150.0,-3734.0,3578,31.692365884780884,13
-2961.0,-6534.0,-3648.0,3738,33.34867000579834,13
-3373.0,-6798.0,-2853.0,3756,33.4877290725708,13
-3389.0,-6663.0,-3099.0,3760,33.533843994140625,13
-3359.0,-6628.0,-3239.0,3790,33.7646849155426,13
-3317.0,-6789.0,-3099.0,3800,33.81673002243042,13
-6199.0,-2958.0,-6884.0,3940,34.96928000450134,13
-5420.0,-4307.0,-5620.0,3972,35.29423904418945,13
-3589.0,-6030.0,-4290.0,3980,35.382076025009155,13
-4119.0,-5397.0,-4866.0,4040,35.88510799407959,13
-4296.0,-5152.0,-5167.0,4094,36.26315689086914,13
-3396.0,-6049.0,-4287.0,4094,36.2631630897522,13
-3545.0,-6164.0,-4106.0,4122,36.512022972106934,13
-3513.0,-5905.0,-4391.0,4129,36.58812689781189,13
-3724.0,-6345.0,-3710.0,4182,36.99181294441223,13
-6439.0,-2889.0,-6847.0,4297,37.74770402908325,13
-4987.0,-4556.0,-5487.0,4299,37.78086185455322,13
-5172.0,-4329.0,-5774.0,4366,38.46704888343811,13
-4380.0,-5747.0,-4038.0,4387,38.635217905044556,13
-6435.0,-2918.0,-6833.0,4500,39.473350048065186,13
-4267.0,-5510.0,-4588.0,4519,39.6053900718689,13
-4785.0,-4692.0,-5659.0,4521,39.62905502319336,13
-4904.0,-5173.0,-4665.0,4551,39.8531060218811,13
-5978.0,-3501.0,-6409.0,4808,41.39713501930237,13
-7121.0,-2271.0,-7387.0,4811,41.41475701332092,13
-4644.0,-5606.0,-3458.0,5088,43.361226081848145,13
-5327.0,-4840.0,-4571.0,5274,44.60274600982666,13
-2904.0,-7084.0,-2741.0,5650,46.57539987564087,14
-2369.0,-7175.0,-2860.0,5674,47.00423288345337,14
-3424.0,-6529.0,-3141.0,5696,47.32956004142761,14
-3321.0,-6743.0,-3102.0,5698,47.34915494918823,14
-3339.0,-6883.0,-2570.0,5742,47.91855788230896,14
-3674.0,-6589.0,-2493.0,5743,47.934316873550415,14
-4567.0,-5680.0,-3559.0,5762,48.176472902297974,14
-2395.0,-7741.0,-1836.0,5763,48.18613386154175,14
-4201.0,-6073.0,-3148.0,5763,48.18614101409912,14
-3767.0,-5888.0,-4187.0,5809,48.74203300476074,14
-3329.0,-6718.0,-3143.0,5823,48.83219003677368,14
-2908.0,-6727.0,-3560.0,6002,50.341233015060425,14
-1420.0,-8361.0,-1786.0,6002,50.341240882873535,14
-1683.0,-8222.0,-1812.0,6002,50.3412868976593,14
-3642.0,-6016.0,-4104.0,6006,50.421650886535645,14
-3553.0,-6220.0,-3963.0,6028,50.6870539188385,14
-2867.0,-7145.0,-2820.0,6028,50.68705987930298,14
-3656.0,-5973.0,-4152.0,6062,51.029754877090454,14
-4551.0,-5248.0,-4795.0,6080,51.15765190124512,14
-2428.0,-7300.0,-2830.0,6247,52.357450008392334,14
-6761.0,-1990.0,-7638.0,6346,53.0455219745636,14
-3400.0,-5986.0,-4372.0,6500,54.341866970062256,14
-3121.0,-6339.0,-4073.0,6535,54.55175805091858,14
-4364.0,-5272.0,-4826.0,6589,54.86084198951721,14
-3208.0,-6497.0,-3762.0,6616,54.998558044433594,14
-5665.0,-3575.0,-6468.0,6775,56.01443290710449,14
-5666.0,-3755.0,-6172.0,6776,56.033348083496094,14
-4426.0,-5729.0,-3784.0,6952,57.58169198036194,14
-3653.0,-5983.0,-4185.0,7094,58.499351978302,14
-5464.0,-4077.0,-6068.0,7100,58.53832507133484,14
-4054.0,-5795.0,-4383.0,7112,58.60652804374695,14
-5429.0,-4304.0,-5566.0,7121,58.679091930389404,14
-7000.0,-2388.0,-7204.0,7370,60.34247899055481,14
-6483.0,-2676.0,-7147.0,7378,60.39200496673584,14
-7722.0,-2259.0,-6292.0,7513,61.427191972732544,14
-3463.0,-6689.0,-2838.0,8177,65.83885097503662,15
-3479.0,-6554.0,-3084.0,8177,65.83885598182678,15
-3981.0,-5967.0,-3895.0,8215,66.3139078617096,15
-2902.0,-6827.0,-3312.0,8292,67.27130389213562,15
-2752.0,-7462.0,-2075.0,8300,67.32974195480347,15
-2478.0,-7718.0,-1779.0,8300,67.32974791526794,15
-3331.0,-6837.0,-2696.0,8300,67.32975387573242,15
-2016.0,-8038.0,-1271.0,8311,67.41702389717102,15
-2920.0,-6656.0,-3604.0,8374,67.92187404632568,15
-3337.0,-6756.0,-2978.0,8392,68.0525848865509,15
-4486.0,-5643.0,-3950.0,8444,68.59911894798279,15
-2499.0,-7149.0,-2828.0,8670,70.5505108833313,15
-2674.0,-7223.0,-2619.0,8744,71.03870701789856,15
-4793.0,-5457.0,-3939.0,8746,71.06606006622314,15
-3780.0,-5973.0,-4121.0,9128,73.64944696426392,15
-5723.0,-3058.0,-6983.0,9194,74.31931185722351,15
-4126.0,-5396.0,-4831.0,9215,74.5211169719696,15
-3428.0,-6068.0,-4220.0,9216,74.52833294868469,15
-4235.0,-5470.0,-4708.0,9320,75.15769791603088,15
-5609.0,-3303.0,-6867.0,9497,76.31409096717834,15
-4613.0,-4541.0,-5746.0,9497,76.31415796279907,15
-5197.0,-3992.0,-6189.0,9497,76.31416392326355,15
-3845.0,-6353.0,-3327.0,9720,78.45888686180115,15
-4053.0,-5580.0,-4699.0,9892,79.6411669254303,15
-5437.0,-4342.0,-5401.0,9910,79.74568796157837,15
-7865.0,-1736.0,-6763.0,10190,81.23480105400085,15
-2205.0,-7016.0,-3358.0,10744,84.93072986602783,16
-3586.0,-6095.0,-4112.0,10830,86.07116794586182,16
-2143.0,-7907.0,-1113.0,10896,86.70868492126465,16
-3580.0,-6618.0,-2748.0,10898,86.73398685455322,16
-2921.0,-7065.0,-2767.0,10898,86.73401498794556,16
-3739.0,-6467.0,-2908.0,10924,86.954598903656,16
-3201.0,-7046.0,-2429.0,10924,86.95460486412048,16
-3354.0,-6841.0,-2565.0,10925,86.96110391616821,16
-3329.0,-6801.0,-2847.0,10944,87.07756900787354,16
-2701.0,-7288.0,-2531.0,10990,87.426677942276,16
-3518.0,-6594.0,-2801.0,11069,87.92067289352417,16
-1847.0,-7869.0,-1731.0,11244,89.41321086883545,16
-3311.0,-6636.0,-3270.0,11414,90.71765208244324,16
-3042.0,-6576.0,-3575.0,11546,91.52798104286194,16
-3685.0,-5833.0,-4262.0,11549,91.54338908195496,16
-4452.0,-5232.0,-4860.0,11766,93.38729286193848,16
-6438.0,-2685.0,-7305.0,12099,95.30126094818115,16
-6111.0,-3080.0,-6857.0,12110,95.46160292625427,16
-4755.0,-4832.0,-5315.0,12456,97.77109694480896,16
-4762.0,-4825.0,-5452.0,12474,97.85556507110596,16
-4547.0,-5529.0,-4225.0,12520,98.0411729812622,16
-5688.0,-4540.0,-4354.0,12720,99.0802788734436,16
-5972.0,-4218.0,-4746.0,12874,100.00526595115662,16
-3345.0,-6548.0,-3273.0,12915,100.2984619140625,16
-3454.0,-6564.0,-3001.0,13134,101.98629999160767,17
-2862.0,-6740.0,-3524.0,13192,102.50755500793457,17
-1954.0,-8031.0,-1455.0,13256,102.98280692100525,17
-2733.0,-7386.0,-2165.0,13256,102.98283004760742,17
-1658.0,-7993.0,-2073.0,13615,105.49575901031494,17
-2949.0,-6876.0,-3287.0,13622,105.58516001701355,17
-2875.0,-7094.0,-2774.0,13668,106.04757189750671,17
-4220.0,-6030.0,-3436.0,13786,106.74458408355713,17
-7442.0,-1697.0,-7647.0,14042,108.24764490127563,17
-3398.0,-6172.0,-4163.0,14114,108.61540603637695,17
-6095.0,-2926.0,-7002.0,14389,109.96606492996216,17
-5641.0,-3232.0,-6778.0,14391,109.99589204788208,17
-5315.0,-3793.0,-6362.0,14392,110.01407504081726,17
-4652.0,-5644.0,-3293.0,14988,113.5391218662262,17
-2159.0,-7356.0,-2928.0,15234,115.60186004638672,18
-3588.0,-6656.0,-2583.0,15360,116.63030099868774,18
-2963.0,-6521.0,-3630.0,15654,118.49451208114624,18
-2152.0,-7766.0,-2124.0,15667,118.65786290168762,18
-2321.0,-7157.0,-2911.0,15915,120.18047904968262,18
-2929.0,-6606.0,-3686.0,16068,121.17085003852844,18
-5984.0,-2938.0,-6941.0,16274,122.04325199127197,18
-4917.0,-4371.0,-5739.0,16294,122.30648589134216,18
-2704.0,-7299.0,-2384.0,17099,127.34624695777893,19
-1695.0,-8151.0,-1856.0,17147,127.68951487541199,19
-2149.0,-7507.0,-2737.0,17263,128.45783495903015,19
-2165.0,-7439.0,-2804.0,17490,129.87805891036987,19
-3597.0,-6068.0,-4125.0,17606,130.55041408538818,19
-6621.0,-2581.0,-7193.0,17728,131.06715607643127,19
-2922.0,-7262.0,-1823.0,18315,135.17567801475525,20
-2669.0,-7471.0,-1935.0,18320,135.1892910003662,20
-2879.0,-7074.0,-2864.0,18393,135.55381894111633,20
-1868.0,-7812.0,-2005.0,18482,136.1302990913391,20
-2319.0,-7226.0,-2953.0,19164,140.58022904396057,21
-3526.0,-6541.0,-2884.0,19255,141.19056797027588,21
-1576.0,-8079.0,-1893.0,19378,142.00470209121704,21
-1703.0,-8053.0,-1934.0,19414,142.30816197395325,21
-6379.0,-2804.0,-6989.0,19628,143.35333395004272,21
-2056.0,-7365.0,-2927.0,19910,145.61623787879944,22
-2959.0,-7149.0,-1923.0,20022,146.22225689888,22
-1432.0,-8290.0,-1830.0,20046,146.34082698822021,22
-1502.0,-8049.0,-2191.0,20098,146.6585419178009,22
-1758.0,-7847.0,-2004.0,20146,147.00644898414612,22
-5662.0,-3449.0,-6757.0,20288,147.77453804016113,22
-2930.0,-7300.0,-1658.0,20587,149.94006299972534,23
-1715.0,-7982.0,-1978.0,20647,150.22680187225342,23
-1712.0,-7868.0,-2123.0,20682,150.4016900062561,23
-6576.0,-2472.0,-7375.0,21276,153.97025609016418,24
-1708.0,-8009.0,-1941.0,21976,158.0296630859375,27
-2104.0,-7537.0,-2749.0,21981,158.06561994552612,27
-5908.0,-3010.0,-6936.0,21997,158.16743993759155,27
-1498.0,-8190.0,-2009.0,22084,158.56074786186218,28
