z1,z2,z3,node,time,depth
-17429.0,-19032.0,-21205.0,1,0.0018880367279052734,1
-17132.0,-18530.0,-21773.0,8,0.010631084442138672,4
-17157.0,-18539.0,-21561.0,9,0.01185297966003418,4
-18628.0,-18150.0,-20057.0,12,0.015022039413452148,4
-17679.0,-18054.0,-21211.0,14,0.01703786849975586,4
-18059.0,-18562.0,-20723.0,15,0.018002033233642578,4
-17257.0,-18063.0,-21804.0,18,0.02105402946472168,5
-17611.0,-18209.0,-21371.0,19,0.021960020065307617,5
-17529.0,-18556.0,-21448.0,20,0.022734880447387695,5
-18076.0,-18080.0,-20886.0,26,0.028975963592529297,5
-18456.0,-18588.0,-20398.0,27,0.030148029327392578,5
-17497.0,-18877.0,-21045.0,30,0.03322005271911621,5
-18297.0,-18280.0,-20701.0,49,0.04989504814147949,6
-18184.0,-18095.0,-20754.0,51,0.05166506767272949,6
-17369.0,-18455.0,-21455.0,63,0.061882972717285156,7
-17883.0,-18702.0,-21015.0,87,0.07877898216247559,7
-17951.0,-18547.0,-20855.0,107,0.09214401245117188,7
-17554.0,-18565.0,-21236.0,159,0.12431097030639648,8
-18008.0,-18235.0,-21046.0,159,0.1243128776550293,8
-17393.0,-18569.0,-21402.0,208,0.15301990509033203,9
-17963.0,-18313.0,-20817.0,336,0.2123088836669922,10
-17634.0,-18429.0,-21348.0,386,0.23601102828979492,11
-17016.0,-18203.0,-21858.0,392,0.2383589744567871,11
-17288.0,-18696.0,-21502.0,442,0.2607760429382324,12
-17413.0,-18229.0,-21533.0,444,0.2619168758392334,12
-17790.0,-18595.0,-21077.0,448,0.26354503631591797,12
-18181.0,-17953.0,-20786.0,456,0.2665989398956299,12
-18056.0,-18420.0,-20755.0,472,0.27452993392944336,12
-17702.0,-18274.0,-21188.0,486,0.2802600860595703,13
-18453.0,-18446.0,-20430.0,492,0.28269290924072266,13
-17999.0,-18776.0,-20620.0,522,0.2944040298461914,15
-17602.0,-18750.0,-20945.0,524,0.29517102241516113,15
