z1,z2,z3,node,time,depth
-2410.0,-6304.0,-3188.0,1,0.011569023132324219,1
-1921.0,-6849.0,-2383.0,1,0.011573076248168945,1
-6623.0,-1968.0,-5905.0,1,0.011578083038330078,1
-6634.0,-1506.0,-5920.0,1,0.011582136154174805,1
-6600.0,-1804.0,-6025.0,1,0.011587142944335938,1
-6412.0,-1753.0,-6214.0,1,0.011591196060180664,1
-6200.0,-2135.0,-6213.0,1,0.011596202850341797,1
-6106.0,-1751.0,-6376.0,1,0.011600017547607422,1
-1360.0,-7057.0,-1368.0,1,0.011605024337768555,1
-1460.0,-7039.0,-1520.0,1,0.011609077453613281,1
-4784.0,-4407.0,-3990.0,1,0.011614084243774414,1
-4176.0,-5043.0,-3174.0,1,0.01161813735961914,1
-2425.0,-6674.0,-2277.0,1,0.011623144149780273,1
-5894.0,-2133.0,-6375.0,1,0.011627197265625,1
-5917.0,-2297.0,-6255.0,1,0.011632204055786133,1
-2987.0,-5404.0,-4074.0,1,0.011636018753051758,1
-3908.0,-5306.0,-3442.0,1,0.01164102554321289,1
-2322.0,-6740.0,-2377.0,1,0.011645078659057617,1
-2811.0,-6195.0,-3182.0,1,0.01165008544921875,1
-6005.0,-2884.0,-5392.0,1,0.011654138565063477,1
-5626.0,-3398.0,-4446.0,1,0.01165914535522461,1
-5366.0,-3665.0,-5074.0,1,0.011663198471069336,1
-6223.0,-2299.0,-6093.0,1,0.011668205261230469,1
-3843.0,-4607.0,-4766.0,1,0.011672019958496094,1
-4149.0,-4609.0,-4604.0,1,0.011677026748657227,1
-5154.0,-3826.0,-5018.0,1,0.011681079864501953,1
-2759.0,-6218.0,-3221.0,1,0.01168513298034668,1
-3556.0,-5295.0,-4069.0,1,0.011690139770507812,1
-4442.0,-4619.0,-3869.0,2,0.025710105895996094,2
-4965.0,-3774.0,-5080.0,2,0.025756120681762695,2
-2856.0,-6053.0,-2804.0,2,0.025761127471923828,2
-5318.0,-3720.0,-4417.0,2,0.025779008865356445,2
-5677.0,-3090.0,-5397.0,2,0.025788068771362305,2
-5880.0,-2868.0,-5553.0,2,0.025793075561523438,2
-5794.0,-2669.0,-5701.0,3,0.03635215759277344,2
-6205.0,-2452.0,-5149.0,3,0.03635716438293457,2
-6188.0,-2546.0,-5582.0,3,0.0363621711730957,2
-5131.0,-3662.0,-5138.0,3,0.03636622428894043,2
-5817.0,-2833.0,-5581.0,3,0.03638410568237305,2
-1446.0,-7031.0,-1546.0,3,0.03639411926269531,2
-6129.0,-1915.0,-6256.0,4,0.04747915267944336,3
-3952.0,-4187.0,-4806.0,4,0.047498226165771484,3
-2224.0,-5893.0,-3414.0,4,0.04750204086303711,3
-2440.0,-5983.0,-3283.0,4,0.047512054443359375,3
-5276.0,-2788.0,-5800.0,4,0.047521114349365234,3
-3954.0,-4625.0,-4458.0,4,0.04753422737121582,3
-6435.0,-1917.0,-6094.0,4,0.04754304885864258,3
-6028.0,-2315.0,-5947.0,4,0.04755210876464844,3
-5416.0,-2942.0,-5587.0,4,0.04755711555480957,3
-3345.0,-5508.0,-3609.0,5,0.05706310272216797,3
-2359.0,-6559.0,-2330.0,6,0.06681513786315918,3
-5343.0,-3501.0,-5194.0,6,0.0668330192565918,3
-4510.0,-4587.0,-4118.0,6,0.06684708595275879,3
-2848.0,-6014.0,-3135.0,6,0.06685209274291992,3
-2945.0,-6031.0,-3045.0,6,0.06685614585876465,3
-2345.0,-6551.0,-2356.0,6,0.06686115264892578,3
-2611.0,-6487.0,-2101.0,6,0.06686520576477051,3
-2997.0,-6008.0,-3006.0,6,0.06687021255493164,3
-2508.0,-6553.0,-2201.0,6,0.06687521934509277,3
-4094.0,-5119.0,-3266.0,6,0.0668790340423584,3
-4480.0,-4451.0,-4513.0,6,0.06688308715820312,3
-3652.0,-5115.0,-4130.0,6,0.06688809394836426,3
-4934.0,-3202.0,-5316.0,7,0.07368707656860352,3
-3980.0,-3955.0,-4826.0,9,0.09595203399658203,4
-4866.0,-3951.0,-4400.0,10,0.10417699813842773,4
-3303.0,-5429.0,-3818.0,10,0.10420012474060059,4
-5677.0,-3025.0,-5443.0,10,0.10420513153076172,4
-4115.0,-4682.0,-4080.0,10,0.10421419143676758,4
-4842.0,-3959.0,-4659.0,10,0.10422205924987793,4
-4919.0,-3783.0,-5075.0,10,0.10422706604003906,4
-4753.0,-3935.0,-5024.0,10,0.10423111915588379,4
-4538.0,-4308.0,-4596.0,12,0.1223900318145752,4
-3407.0,-5687.0,-2804.0,12,0.12240409851074219,4
-3162.0,-5761.0,-3051.0,12,0.12240815162658691,4
-3176.0,-5769.0,-3025.0,12,0.12241315841674805,4
-3793.0,-5208.0,-3709.0,12,0.12244915962219238,4
-3741.0,-5231.0,-3748.0,12,0.12245321273803711,4
-3304.0,-5753.0,-2904.0,12,0.12247109413146973,4
-4589.0,-4031.0,-4553.0,13,0.1310441493988037,4
-3290.0,-5829.0,-2613.0,13,0.13109803199768066,4
-3624.0,-5373.0,-3557.0,13,0.13110709190368652,4
-1827.0,-6672.0,-2438.0,14,0.13869118690490723,4
-3964.0,-5204.0,-3118.0,14,0.1387190818786621,4
-6317.0,-1966.0,-6067.0,18,0.17205214500427246,5
-6294.0,-1802.0,-6187.0,18,0.1720571517944336,5
-4840.0,-3422.0,-5211.0,19,0.17887020111083984,5
-5574.0,-2866.0,-5715.0,20,0.1876540184020996,5
-5654.0,-2861.0,-5563.0,21,0.193864107131958,5
-3074.0,-5369.0,-4003.0,21,0.19387316703796387,5
-3945.0,-5125.0,-3395.0,24,0.21356511116027832,5
-3931.0,-5117.0,-3421.0,24,0.21357417106628418,5
-4880.0,-4206.0,-3956.0,25,0.22307610511779785,5
-5383.0,-3353.0,-4984.0,25,0.2230851650238037,5
-4004.0,-5105.0,-3408.0,25,0.2231121063232422,5
-2573.0,-5807.0,-3447.0,28,0.2417910099029541,5
-4607.0,-4405.0,-4227.0,28,0.2418041229248047,5
-3009.0,-5874.0,-3278.0,28,0.24181318283081055,5
-4298.0,-4748.0,-4062.0,29,0.24836015701293945,5
-3885.0,-5142.0,-3562.0,31,0.2557651996612549,5
-3507.0,-5415.0,-3448.0,32,0.26639604568481445,6
-2931.0,-5895.0,-3072.0,32,0.2664330005645752,6
-3602.0,-5188.0,-3813.0,33,0.27654600143432617,6
-6225.0,-1714.0,-6222.0,36,0.30329012870788574,6
-6011.0,-1866.0,-6288.0,36,0.30330801010131836,6
-5864.0,-2929.0,-5113.0,38,0.32013416290283203,6
-5685.0,-2884.0,-5407.0,39,0.3257122039794922,6
-4825.0,-3620.0,-5293.0,40,0.3332982063293457,6
-6013.0,-2096.0,-6221.0,40,0.3333120346069336,6
-4445.0,-3823.0,-5084.0,41,0.34247303009033203,6
-3807.0,-4649.0,-4444.0,41,0.34247803688049316,6
-3497.0,-4780.0,-4184.0,41,0.342501163482666,6
-3790.0,-4775.0,-4157.0,41,0.34250903129577637,6
-5388.0,-3168.0,-5355.0,42,0.3511321544647217,6
-2781.0,-5493.0,-3781.0,42,0.3511371612548828,6
-4443.0,-4066.0,-4764.0,42,0.35114121437072754,6
-4389.0,-4254.0,-4704.0,44,0.3588070869445801,6
-5871.0,-2624.0,-5673.0,46,0.36664700508117676,6
-5894.0,-2788.0,-5553.0,46,0.3666520118713379,6
-5470.0,-2883.0,-5617.0,46,0.3666651248931885,6
-5493.0,-3047.0,-5497.0,46,0.3666701316833496,6
-4509.0,-3749.0,-5149.0,47,0.3702220916748047,6
-4801.0,-4271.0,-3682.0,48,0.3792459964752197,6
-5494.0,-3347.0,-4793.0,48,0.37925100326538086,6
-5197.0,-3716.0,-4942.0,48,0.3792550563812256,6
-4341.0,-4638.0,-3986.0,48,0.3792600631713867,6
-2572.0,-6316.0,-2115.0,52,0.4053351879119873,6
-3933.0,-5030.0,-3722.0,52,0.40534400939941406,6
-3195.0,-5687.0,-3102.0,52,0.4053490161895752,6
-3091.0,-5686.0,-3365.0,52,0.4053530693054199,6
-3105.0,-5694.0,-3339.0,52,0.4053630828857422,6
-3456.0,-5532.0,-2489.0,54,0.41584205627441406,6
-2625.0,-5784.0,-3408.0,56,0.42609310150146484,6
-4584.0,-4241.0,-4347.0,57,0.4309420585632324,6
-4490.0,-4477.0,-4170.0,60,0.44358015060424805,6
-3070.0,-5857.0,-3046.0,63,0.45062899589538574,6
-4988.0,-3828.0,-4565.0,64,0.46344518661499023,7
-3810.0,-4784.0,-4007.0,65,0.47449803352355957,7
-2530.0,-5933.0,-3276.0,66,0.4836142063140869,7
-2877.0,-4909.0,-4181.0,66,0.48366808891296387,7
-6239.0,-2226.0,-5729.0,77,0.5616722106933594,7
-5693.0,-3017.0,-5033.0,78,0.5674412250518799,7
-4238.0,-3731.0,-5234.0,80,0.5783710479736328,7
-5583.0,-2862.0,-5661.0,82,0.5928621292114258,7
-5187.0,-3045.0,-5659.0,82,0.5928800106048584,7
-5229.0,-3094.0,-5564.0,82,0.5928890705108643,7
-5371.0,-3088.0,-5559.0,83,0.5994970798492432,7
-4177.0,-4415.0,-4648.0,87,0.6187601089477539,7
-5142.0,-3400.0,-5220.0,92,0.6443700790405273,7
-4725.0,-3979.0,-4578.0,93,0.6479380130767822,7
-5528.0,-2873.0,-5641.0,95,0.6529052257537842,7
-4071.0,-4955.0,-3386.0,96,0.660614013671875,7
-5498.0,-3183.0,-4717.0,97,0.6695291996002197,7
-5515.0,-3505.0,-4278.0,98,0.6772260665893555,7
-3214.0,-5738.0,-3012.0,102,0.699195146560669,7
-3687.0,-5099.0,-4053.0,104,0.7098422050476074,7
-3143.0,-5663.0,-3326.0,104,0.7098791599273682,7
-3201.0,-5629.0,-3312.0,104,0.7098832130432129,7
-3742.0,-5108.0,-3893.0,105,0.7163400650024414,7
-2500.0,-6462.0,-2217.0,106,0.7210531234741211,7
-1598.0,-6957.0,-1343.0,108,0.7299489974975586,7
-2182.0,-6443.0,-2390.0,109,0.7335741519927979,7
-3278.0,-4800.0,-4175.0,112,0.7450602054595947,7
-2683.0,-5750.0,-3394.0,113,0.7514481544494629,7
-4575.0,-4356.0,-4321.0,113,0.7514610290527344,7
-4549.0,-4086.0,-4685.0,114,0.7570350170135498,7
-3092.0,-5724.0,-3156.0,115,0.760979175567627,7
-2879.0,-5847.0,-3309.0,115,0.7609930038452148,7
-2893.0,-5855.0,-3283.0,115,0.7609970569610596,7
-3440.0,-5276.0,-4074.0,115,0.7610020637512207,7
-3018.0,-5918.0,-2538.0,117,0.7703762054443359,7
-4327.0,-4561.0,-4143.0,118,0.7734990119934082,7
-2828.0,-5904.0,-3187.0,120,0.7821919918060303,7
-3361.0,-5434.0,-3539.0,120,0.782196044921875,7
-2339.0,-6449.0,-2382.0,122,0.787175178527832,7
-3105.0,-5841.0,-2969.0,122,0.7871789932250977,7
-3752.0,-5009.0,-3837.0,124,0.791694164276123,7
-2742.0,-5772.0,-3332.0,133,0.858889102935791,8
-3150.0,-5524.0,-3463.0,134,0.8656752109527588,8
-5038.0,-2930.0,-5683.0,160,1.0338990688323975,8
-4656.0,-3671.0,-5161.0,162,1.0487401485443115,8
-4203.0,-3747.0,-5311.0,162,1.0487620830535889,8
-5164.0,-2881.0,-5779.0,162,1.04876708984375,8
-5588.0,-2786.0,-5715.0,164,1.063223123550415,8
-4168.0,-4584.0,-4154.0,178,1.123033046722412,8
-4486.0,-3956.0,-4688.0,180,1.130878210067749,8
-3891.0,-4717.0,-4305.0,186,1.1543149948120117,8
-3839.0,-4740.0,-4344.0,187,1.157473087310791,8
-3960.0,-4930.0,-3502.0,192,1.1750481128692627,8
-4787.0,-4195.0,-4377.0,195,1.1988811492919922,8
-5985.0,-2768.0,-5426.0,197,1.2104802131652832,8
-3135.0,-5804.0,-2772.0,207,1.2611680030822754,8
-3211.0,-5753.0,-2948.0,207,1.2611730098724365,8
-3304.0,-5563.0,-3212.0,210,1.2768340110778809,8
-2831.0,-6021.0,-3097.0,213,1.2890841960906982,8
-4208.0,-4540.0,-4438.0,226,1.3389921188354492,8
-3243.0,-4816.0,-4252.0,228,1.3480300903320312,8
-4185.0,-4376.0,-4558.0,228,1.3480350971221924,8
-2480.0,-6352.0,-2269.0,240,1.3861680030822754,8
-2325.0,-6441.0,-2408.0,240,1.3861720561981201,8
-4191.0,-4666.0,-4151.0,242,1.3927640914916992,8
-4030.0,-4835.0,-3446.0,244,1.399731159210205,8
-4156.0,-4933.0,-3226.0,244,1.399740219116211,8
-3027.0,-5890.0,-2595.0,247,1.4052140712738037,8
-3418.0,-5465.0,-2893.0,252,1.4171221256256104,8
-5482.0,-3106.0,-5251.0,312,1.7722852230072021,9
-3392.0,-5317.0,-3715.0,318,1.7957830429077148,9
-3895.0,-4300.0,-4694.0,319,1.8019850254058838,9
-5467.0,-2887.0,-5525.0,320,1.8091371059417725,9
-3533.0,-4738.0,-4506.0,322,1.8205301761627197,9
-5565.0,-2622.0,-5835.0,324,1.830045223236084,9
-5560.0,-2698.0,-5781.0,324,1.830049991607666,9
-5222.0,-2871.0,-5803.0,325,1.8343961238861084,9
-4885.0,-3849.0,-4583.0,354,1.9466001987457275,9
-5500.0,-3345.0,-4570.0,390,2.083660125732422,9
-4819.0,-4244.0,-4283.0,395,2.104346990585327,9
-4544.0,-4477.0,-4029.0,395,2.1043519973754883,9
-3991.0,-4887.0,-3805.0,404,2.157482147216797,9
-3624.0,-5259.0,-3577.0,408,2.1724910736083984,9
-3140.0,-5678.0,-3262.0,416,2.2013020515441895,9
-3804.0,-4986.0,-3798.0,482,2.392954111099243,9
-3315.0,-5531.0,-2993.0,488,2.4071130752563477,9
-3056.0,-5849.0,-3072.0,496,2.421030044555664,9
-3673.0,-5263.0,-3499.0,512,2.512078046798706,10
-3585.0,-4715.0,-4467.0,620,3.115051031112671,10
-5395.0,-2942.0,-5615.0,634,3.1855289936065674,10
-4764.0,-4031.0,-4497.0,734,3.5141382217407227,10
-4916.0,-4000.0,-3774.0,735,3.5213000774383545,10
-3957.0,-4945.0,-3438.0,735,3.521304130554199,10
-5377.0,-3410.0,-4628.0,748,3.5975441932678223,10
-5641.0,-3125.0,-4791.0,749,3.6024370193481445,10
-4796.0,-4080.0,-4403.0,756,3.6306869983673096,10
-3959.0,-4838.0,-3899.0,777,3.70764422416687,10
-1601.0,-6942.0,-1407.0,828,3.86421799659729,10
-3665.0,-4875.0,-4109.0,870,3.9838809967041016,10
-4552.0,-4192.0,-4441.0,876,3.998167037963867,10
-3108.0,-5826.0,-3033.0,914,4.082742214202881,10
-2800.0,-5738.0,-3318.0,984,4.457881212234497,11
-2282.0,-5859.0,-3400.0,994,4.499479055404663,11
-3869.0,-4312.0,-4717.0,1128,5.082981109619141,11
-3956.0,-4623.0,-4208.0,1133,5.099678993225098,11
-4650.0,-4295.0,-4151.0,1288,5.623435020446777,11
-5982.0,-2720.0,-5512.0,1294,5.644550085067749,11
-5473.0,-3242.0,-5129.0,1295,5.650001049041748,11
-4050.0,-4945.0,-3394.0,1310,5.694404125213623,11
-3572.0,-5282.0,-3616.0,1356,5.859285116195679,11
-3853.0,-4926.0,-3920.0,1484,6.206313133239746,11
-3352.0,-5462.0,-3482.0,1514,6.27185320854187,11
-2588.0,-5899.0,-3262.0,1608,6.73763108253479,12
-6611.0,-1646.0,-5949.0,1748,7.290422201156616,12
-3039.0,-5506.0,-3771.0,1779,7.384859085083008,12
-3874.0,-4236.0,-4771.0,1812,7.537967205047607,12
-4836.0,-3398.0,-5382.0,1830,7.591353178024292,12
-4965.0,-3186.0,-5436.0,1841,7.6191160678863525,12
-5271.0,-3188.0,-5274.0,1954,7.95669412612915,12
-4032.0,-4784.0,-3400.0,1972,8.087137222290039,12
-5530.0,-3232.0,-4623.0,2004,8.20246410369873,12
-1938.0,-6470.0,-2414.0,2334,9.171125173568726,13
-1952.0,-6478.0,-2388.0,2334,9.171175003051758,13
-3644.0,-4756.0,-4198.0,2378,9.38272500038147,13
-2677.0,-5535.0,-3814.0,2528,9.86028003692627,13
-5690.0,-2439.0,-5716.0,2552,9.974822998046875,13
-4135.0,-3954.0,-4824.0,2611,10.141534090042114,13
-6311.0,-1995.0,-5751.0,2662,10.28105115890503,13
-2897.0,-5512.0,-3776.0,3138,11.755252122879028,14
-5486.0,-3175.0,-4877.0,3798,13.734287023544312,15
-6094.0,-2559.0,-4981.0,4080,14.507227182388306,16
-6077.0,-2653.0,-5414.0,4080,14.507232189178467,16
