z1,z2,z3,node,time,depth
-70.0,-56.0,-49.0,1,0.006025075912475586,1
-68.0,-61.0,-48.0,1,0.006030082702636719,1
-70.0,-37.0,-55.0,1,0.0060350894927978516,1
-70.0,-54.0,-51.0,1,0.0060389041900634766,1
-55.0,-45.0,-68.0,1,0.006042957305908203,1
-65.0,-40.0,-63.0,1,0.006047964096069336,1
-51.0,-72.0,-61.0,1,0.006052970886230469,1
-63.0,-65.0,-54.0,1,0.006057024002075195,1
-44.0,-65.0,-68.0,1,0.006062030792236328,1
-57.0,-51.0,-66.0,1,0.006066083908081055,1
-49.0,-53.0,-69.0,1,0.0060710906982421875,1
-65.0,-60.0,-55.0,1,0.0060749053955078125,1
-67.0,-56.0,-55.0,1,0.006079912185668945,1
-67.0,-46.0,-61.0,1,0.006083965301513672,1
-36.0,-30.0,-71.0,1,0.006088972091674805,1
-43.0,-48.0,-70.0,1,0.006093025207519531,1
-39.0,-55.0,-70.0,1,0.006098031997680664,1
-61.0,-66.0,-56.0,1,0.006102085113525391,1
-59.0,-62.0,-60.0,1,0.0061070919036865234,1
-63.0,-61.0,-57.0,1,0.0061109066009521484,1
-68.0,-59.0,-50.0,2,0.01423501968383789,2
-59.0,-63.0,-57.0,2,0.014271020889282227,2
-54.0,-60.0,-63.0,3,0.018996000289916992,2
-65.0,-51.0,-60.0,4,0.02595806121826172,3
-56.0,-60.0,-62.0,4,0.02598094940185547,3
-70.0,-39.0,-53.0,4,0.025989055633544922,3
-60.0,-55.0,-61.0,5,0.03171992301940918,3
-45.0,-54.0,-68.0,5,0.03172612190246582,3
-49.0,-55.0,-66.0,5,0.03173208236694336,3
-55.0,-68.0,-56.0,7,0.03939700126647949,3
-50.0,-55.0,-65.0,7,0.039418935775756836,3
-59.0,-48.0,-64.0,8,0.047631025314331055,4
-65.0,-61.0,-54.0,14,0.07253408432006836,4
-68.0,-40.0,-57.0,16,0.08152890205383301,5
-63.0,-45.0,-62.0,16,0.0815739631652832,5
-53.0,-55.0,-64.0,19,0.10286498069763184,5
-51.0,-57.0,-64.0,19,0.1028740406036377,5
-55.0,-65.0,-60.0,24,0.1241600513458252,5
-56.0,-63.0,-58.0,26,0.13070201873779297,5
-60.0,-48.0,-62.0,32,0.14866209030151367,6
-49.0,-62.0,-64.0,46,0.21083688735961914,6
-68.0,-44.0,-52.0,60,0.2504119873046875,7
-60.0,-56.0,-58.0,70,0.2929561138153076,7
-68.0,-42.0,-54.0,118,0.4438021183013916,9
-52.0,-61.0,-61.0,137,0.49342799186706543,9
-47.0,-65.0,-62.0,140,0.5012829303741455,9
-46.0,-69.0,-63.0,141,0.5043950080871582,9
-42.0,-67.0,-64.0,141,0.5043990612030029,9
