z1,z2,z3,node,time,depth
-23137.0,-24431.0,-23243.0,3,0.005759000778198242,2
-23957.0,-23548.0,-24113.0,3,0.005766153335571289,2
-22405.0,-23291.0,-24603.0,6,0.010643959045410156,3
-23603.0,-23404.0,-24371.0,14,0.023784160614013672,4
-22901.0,-23816.0,-24392.0,26,0.04045510292053223,5
-23815.0,-24249.0,-24041.0,51,0.06733894348144531,6
-22781.0,-22697.0,-24573.0,61,0.07594799995422363,6
-23475.0,-23460.0,-24118.0,76,0.08957314491271973,7
-23296.0,-24343.0,-23165.0,94,0.10536909103393555,7
-23461.0,-24105.0,-24299.0,117,0.1246180534362793,7
-24389.0,-23893.0,-23767.0,143,0.1417250633239746,8
-23043.0,-23115.0,-24464.0,199,0.1842961311340332,8
-22162.0,-23455.0,-24647.0,214,0.1946711540222168,8
-24058.0,-24293.0,-23608.0,247,0.21628403663635254,9
-23380.0,-24475.0,-22810.0,247,0.21628594398498535,9
-24035.0,-23749.0,-24025.0,295,0.24876999855041504,9
-22965.0,-23580.0,-24510.0,575,0.43962597846984863,10
-22143.0,-22873.0,-24712.0,585,0.4465920925140381,10
-22199.0,-23161.0,-24689.0,1406,0.9992461204528809,14
-22695.0,-23686.0,-24478.0,1412,1.00319504737854,14
-22837.0,-22985.0,-24550.0,1520,1.0740201473236084,15
