z1,z2,z3,node,time,depth
-88.0,-105.0,-101.0,1,0.007462024688720703,1
-98.0,-96.0,-83.0,1,0.007578134536743164,1
-109.0,-67.0,-69.0,1,0.00761103630065918,1
-109.0,-70.0,-67.0,1,0.0076141357421875,1
-108.0,-75.0,-79.0,1,0.0076160430908203125,1
-79.0,-95.0,-106.0,3,0.02420496940612793,2
-98.0,-93.0,-90.0,8,0.06471896171569824,4
-98.0,-84.0,-97.0,10,0.0787661075592041,4
-98.0,-90.0,-93.0,16,0.11758899688720703,5
-98.0,-87.0,-95.0,16,0.11767292022705078,5
-82.0,-93.0,-107.0,21,0.14824604988098145,5
-99.0,-89.0,-92.0,24,0.16658306121826172,5
-95.0,-94.0,-92.0,33,0.2184741497039795,6
-95.0,-90.0,-97.0,42,0.2720661163330078,6
-101.0,-86.0,-78.0,49,0.31240010261535645,6
-96.0,-87.0,-98.0,52,0.32904601097106934,6
-93.0,-97.0,-93.0,66,0.40314507484436035,7
-93.0,-94.0,-95.0,66,0.4032399654388428,7
-93.0,-88.0,-100.0,71,0.4297471046447754,7
-100.0,-90.0,-76.0,71,0.42977094650268555,7
-95.0,-82.0,-101.0,91,0.5391330718994141,7
-89.0,-103.0,-88.0,98,0.5781080722808838,7
-97.0,-94.0,-90.0,103,0.6035771369934082,7
-94.0,-84.0,-102.0,109,0.6363520622253418,7
-90.0,-99.0,-90.0,130,0.738224983215332,8
-96.0,-96.0,-91.0,142,0.7970819473266602,8
-96.0,-93.0,-93.0,142,0.7970869541168213,8
-91.0,-96.0,-94.0,142,0.7971079349517822,8
-99.0,-91.0,-88.0,154,0.8535199165344238,8
-100.0,-87.0,-91.0,178,0.9647250175476074,8
-102.0,-84.0,-77.0,178,0.9647500514984131,8
-97.0,-92.0,-93.0,198,1.0704569816589355,8
-102.0,-87.0,-74.0,203,1.0939249992370605,8
-92.0,-99.0,-87.0,205,1.1029999256134033,8
-96.0,-90.0,-96.0,210,1.1268179416656494,8
-91.0,-90.0,-99.0,210,1.1268439292907715,8
-90.0,-102.0,-88.0,258,1.343074083328247,9
-103.0,-85.0,-73.0,307,1.553091049194336,9
-79.0,-98.0,-104.0,321,1.6173479557037354,9
-93.0,-85.0,-102.0,327,1.6440401077270508,9
-98.0,-81.0,-99.0,361,1.7917020320892334,9
-94.0,-95.0,-92.0,392,1.925610065460205,9
-90.0,-100.0,-89.0,407,1.989069938659668,9
-93.0,-91.0,-98.0,411,2.00620698928833,9
-97.0,-83.0,-100.0,433,2.099839925765991,9
-107.0,-73.0,-81.0,449,2.1654911041259766,9
-101.0,-88.0,-74.0,593,2.746933937072754,10
-89.0,-93.0,-98.0,633,2.914297103881836,10
-92.0,-100.0,-86.0,639,2.9390649795532227,10
-90.0,-98.0,-93.0,642,2.951125144958496,10
-103.0,-76.0,-84.0,841,3.7836670875549316,10
-103.0,-79.0,-82.0,841,3.7836849689483643,10
-95.0,-85.0,-99.0,1157,4.963222026824951,11
-82.0,-97.0,-102.0,1193,5.118844032287598,11
-91.0,-89.0,-100.0,1367,5.820549011230469,11
-104.0,-78.0,-81.0,1485,6.27380108833313,11
-103.0,-71.0,-89.0,1486,6.277908086776733,11
-96.0,-84.0,-100.0,1986,8.067656993865967,12
-101.0,-78.0,-85.0,2174,8.747769117355347,12
-91.0,-92.0,-98.0,2209,8.880330085754395,12
-84.0,-95.0,-103.0,2321,9.289332151412964,12
-106.0,-75.0,-82.0,2384,9.521675109863281,12
-106.0,-78.0,-80.0,2384,9.521692037582397,12
-104.0,-80.0,-77.0,2385,9.525362014770508,12
-74.0,-98.0,-107.0,2893,11.102335929870605,13
-80.0,-95.0,-105.0,2930,11.214126110076904,13
-90.0,-95.0,-95.0,2978,11.352739095687866,13
-77.0,-97.0,-105.0,3013,11.462060928344727,13
-101.0,-79.0,-83.0,3049,11.585829973220825,13
-84.0,-92.0,-105.0,3438,12.905858993530273,13
-102.0,-77.0,-84.0,3505,13.104341983795166,13
-102.0,-74.0,-86.0,3505,13.104344129562378,13
-104.0,-76.0,-83.0,3522,13.162683963775635,13
-105.0,-76.0,-82.0,3523,13.16566514968872,13
-105.0,-73.0,-84.0,3523,13.165667057037354,13
-91.0,-93.0,-97.0,3805,13.986711978912354,14
-73.0,-101.0,-104.0,4106,14.784533977508545,14
-85.0,-92.0,-104.0,4176,14.935920000076294,14
-90.0,-103.0,-87.0,4205,15.030139923095703,14
-91.0,-98.0,-91.0,4529,15.975003957748413,14
-89.0,-96.0,-96.0,5246,18.019706964492798,15
-71.0,-103.0,-102.0,5522,18.67658305168152,15
-76.0,-99.0,-104.0,5548,18.7156240940094,15
-74.0,-101.0,-102.0,5550,18.718575954437256,15
-85.0,-90.0,-105.0,5556,18.725182056427002,15
-91.0,-99.0,-89.0,6788,21.81255292892456,16
-97.0,-87.0,-97.0,6792,21.82046914100647,16
-82.0,-94.0,-104.0,7224,22.685739994049072,16
-94.0,-88.0,-99.0,8352,25.122112035751343,17
-101.0,-85.0,-80.0,8382,25.16760802268982,17
-89.0,-92.0,-100.0,8670,25.66744112968445,17
-89.0,-98.0,-95.0,8806,25.99527096748352,17
-91.0,-87.0,-101.0,8873,26.123594045639038,17
-89.0,-102.0,-90.0,10022,28.161354064941406,18
-89.0,-99.0,-92.0,10026,28.166080951690674,18
-101.0,-82.0,-82.0,10040,28.18359398841858,18
-76.0,-78.0,-108.0,10344,28.652733087539673,18
-94.0,-91.0,-97.0,11606,30.68177604675293,19
-74.0,-79.0,-108.0,11924,31.092036962509155,19
-80.0,-97.0,-103.0,11935,31.114651918411255,19
-91.0,-83.0,-103.0,11981,31.17577314376831,19
-91.0,-100.0,-88.0,12038,31.248440980911255,19
-97.0,-90.0,-95.0,13140,32.61001706123352,20
-102.0,-68.0,-91.0,14285,33.884124994277954,20
-87.0,-92.0,-102.0,14737,34.344948053359985,21
-90.0,-92.0,-99.0,16096,35.81659412384033,22
-90.0,-89.0,-101.0,16098,35.818130016326904,22
-95.0,-88.0,-98.0,16834,36.49937605857849,23
-99.0,-87.0,-94.0,16846,36.50744700431824,23
-94.0,-94.0,-94.0,16850,36.51050114631653,23
-100.0,-85.0,-92.0,16920,36.56559205055237,23
-103.0,-80.0,-79.0,16934,36.576148986816406,23
-102.0,-85.0,-75.0,16946,36.58568000793457,23
-87.0,-90.0,-103.0,17032,36.653664112091064,23
-83.0,-93.0,-105.0,17086,36.69520711898804,23
-85.0,-95.0,-102.0,17096,36.703442096710205,23
-89.0,-95.0,-97.0,17112,36.71686792373657,23
-88.0,-90.0,-102.0,17116,36.71988391876221,23
-88.0,-89.0,-103.0,17120,36.72365212440491,23
-86.0,-90.0,-104.0,17128,36.729450941085815,23
-94.0,-85.0,-101.0,17138,36.73638105392456,23
-86.0,-92.0,-103.0,17148,36.74528098106384,23
-103.0,-81.0,-78.0,17164,36.75792694091797,23
-101.0,-72.0,-88.0,17176,36.76726794242859,23
-99.0,-82.0,-95.0,17184,36.784322023391724,23
-98.0,-89.0,-94.0,17242,36.83246397972107,23
-102.0,-82.0,-80.0,17244,36.83411407470703,23
-102.0,-83.0,-79.0,17246,36.83607006072998,23
-101.0,-87.0,-76.0,17268,36.85170006752014,23
-97.0,-93.0,-91.0,17274,36.85655999183655,23
-92.0,-89.0,-99.0,17286,36.86612606048584,23
-97.0,-84.0,-98.0,17372,36.93840193748474,23
-92.0,-92.0,-97.0,17752,37.269294023513794,24
-95.0,-91.0,-95.0,17764,37.27565598487854,24
-102.0,-75.0,-85.0,17796,37.29759407043457,24
-75.0,-97.0,-106.0,17839,37.32527494430542,24
-83.0,-88.0,-106.0,17866,37.34449911117554,24
-85.0,-93.0,-103.0,17870,37.34652805328369,24
-101.0,-77.0,-86.0,17936,37.38841199874878,24
-103.0,-74.0,-85.0,18000,37.42791295051575,24
