z1,z2,z3,node,time,depth
-9646.0,-12956.0,-11033.0,1,0.019052982330322266,1
-10241.0,-13343.0,-10297.0,1,0.01906299591064453,1
-13836.0,-9508.0,-10841.0,1,0.019069910049438477,1
-13841.0,-10012.0,-10429.0,1,0.019076824188232422,1
-13248.0,-11320.0,-9838.0,1,0.01908397674560547,1
-13523.0,-10753.0,-9770.0,1,0.01909184455871582,1
-11020.0,-9225.0,-13390.0,1,0.019098997116088867,1
-10975.0,-13088.0,-10279.0,1,0.019105911254882812,1
-9674.0,-11054.0,-12929.0,1,0.019114017486572266,1
-9839.0,-11570.0,-12517.0,1,0.019121885299682617,1
-10809.0,-12837.0,-10705.0,1,0.019128799438476562,1
-10203.0,-12489.0,-11400.0,1,0.01913595199584961,1
-10604.0,-9967.0,-13251.0,1,0.01914381980895996,1
-10631.0,-10009.0,-13223.0,1,0.0191500186920166,1
-9828.0,-10775.0,-13083.0,1,0.01915597915649414,1
-12844.0,-9045.0,-12220.0,1,0.019162893295288086,1
-13178.0,-9329.0,-11778.0,1,0.01916980743408203,1
-12006.0,-9482.0,-12700.0,1,0.019177913665771484,1
-10859.0,-10452.0,-12840.0,1,0.01918482780456543,1
-11527.0,-10102.0,-12689.0,1,0.019191980361938477,1
-11505.0,-9059.0,-13342.0,1,0.019198894500732422,1
-10716.0,-11526.0,-12120.0,1,0.01920485496520996,1
-12886.0,-9632.0,-11876.0,1,0.019212007522583008,1
-12497.0,-12292.0,-9720.0,1,0.01921987533569336,1
-13483.0,-10082.0,-11025.0,1,0.019227981567382812,1
-12531.0,-11721.0,-10354.0,1,0.019234895706176758,1
-11872.0,-12755.0,-9940.0,1,0.019241809844970703,1
-11906.0,-12184.0,-10574.0,1,0.01924896240234375,1
-12098.0,-12845.0,-9357.0,1,0.019255876541137695,1
-11693.0,-13106.0,-9185.0,1,0.01926398277282715,1
-11972.0,-12965.0,-9129.0,1,0.0192718505859375,1
-11268.0,-13284.0,-9408.0,1,0.019279003143310547,1
-11042.0,-13194.0,-9991.0,1,0.019289016723632812,1
-10308.0,-13449.0,-10009.0,1,0.019295930862426758,1
-10728.0,-13448.0,-9665.0,1,0.01930379867553711,1
-11002.0,-12246.0,-11279.0,1,0.01931285858154297,1
-9608.0,-12102.0,-12136.0,1,0.019320964813232422,1
-9685.0,-11849.0,-12363.0,1,0.019328832626342773,1
-10870.0,-11247.0,-12274.0,1,0.019336938858032227,1
-11879.0,-10511.0,-12107.0,1,0.019343852996826172,1
-12476.0,-10961.0,-11256.0,1,0.01935100555419922,1
-13715.0,-10132.0,-10201.0,2,0.04174685478210449,2
-11467.0,-13016.0,-9768.0,2,0.041769981384277344,2
-11228.0,-13182.0,-9551.0,2,0.04177498817443848,2
-11113.0,-12975.0,-10194.0,2,0.041783809661865234,2
-11351.0,-12035.0,-11076.0,2,0.041821956634521484,2
-11746.0,-12875.0,-9712.0,2,0.04182696342468262,2
-10876.0,-12943.0,-10417.0,2,0.04183602333068848,2
-9950.0,-13094.0,-10522.0,2,0.04184889793395996,2
-9713.0,-13062.0,-10745.0,2,0.041853904724121094,2
-10886.0,-12584.0,-10932.0,2,0.04187202453613281,2
-11774.0,-11185.0,-11569.0,2,0.04188084602355957,2
-13536.0,-10554.0,-10028.0,2,0.0418858528137207,2
-11780.0,-12304.0,-10346.0,2,0.041899919509887695,2
-12371.0,-12412.0,-9492.0,2,0.04190397262573242,2
-13357.0,-10202.0,-10797.0,2,0.041908979415893555,2
-12405.0,-11841.0,-10126.0,2,0.04191279411315918,2
-12360.0,-11070.0,-11033.0,2,0.04193592071533203,2
-12055.0,-10841.0,-11619.0,2,0.041940927505493164,2
-12819.0,-11848.0,-9006.0,2,0.0419459342956543,2
-13122.0,-11440.0,-9610.0,2,0.04194998741149902,2
-13150.0,-9750.0,-11467.0,2,0.04196000099182129,2
-13062.0,-9962.0,-11388.0,2,0.041963815689086914,2
-11025.0,-10087.0,-12888.0,3,0.055357933044433594,2
-13001.0,-9588.0,-11534.0,3,0.05536699295043945,2
-12612.0,-9724.0,-11909.0,3,0.0553898811340332,2
-11605.0,-10603.0,-12140.0,3,0.05539393424987793,2
-11583.0,-9560.0,-12793.0,3,0.05539894104003906,2
-10192.0,-11694.0,-11966.0,3,0.05544400215148926,2
-11861.0,-12190.0,-10255.0,4,0.07453799247741699,3
-13479.0,-10597.0,-9866.0,4,0.07456779479980469,3
-13547.0,-10387.0,-10209.0,4,0.07457280158996582,3
-12796.0,-11359.0,-10091.0,4,0.07458281517028809,3
-12397.0,-11912.0,-9728.0,4,0.07458782196044922,3
-11740.0,-11756.0,-10935.0,4,0.07462882995605469,3
-10639.0,-11779.0,-11893.0,4,0.07463383674621582,3
-13046.0,-10828.0,-10407.0,4,0.07468485832214355,3
-10304.0,-13135.0,-10096.0,4,0.07468986511230469,3
-10964.0,-12523.0,-10594.0,4,0.07470083236694336,3
-10410.0,-12862.0,-10537.0,4,0.07470583915710449,3
-10312.0,-12941.0,-10493.0,4,0.07471084594726562,3
-10241.0,-12548.0,-11207.0,5,0.09168791770935059,3
-12487.0,-10270.0,-11502.0,5,0.09170699119567871,3
-11489.0,-10941.0,-11793.0,5,0.09173393249511719,3
-12008.0,-10890.0,-11491.0,5,0.09173798561096191,3
-11980.0,-11311.0,-11180.0,5,0.09174299240112305,3
-12350.0,-11081.0,-11028.0,5,0.09177398681640625,3
-10909.0,-10425.0,-12541.0,5,0.09182500839233398,3
-11986.0,-9847.0,-12144.0,5,0.09182882308959961,3
-13391.0,-10877.0,-9698.0,6,0.10742402076721191,3
-13327.0,-10423.0,-10363.0,6,0.10746097564697266,3
-11201.0,-13178.0,-9696.0,6,0.10748291015625,3
-10955.0,-12660.0,-10574.0,6,0.10749697685241699,3
-10476.0,-12165.0,-11522.0,6,0.10750079154968262,3
-10983.0,-11070.0,-12094.0,6,0.10750484466552734,3
-12958.0,-11108.0,-10239.0,6,0.1075279712677002,3
-12891.0,-10391.0,-11001.0,6,0.10753202438354492,3
-12132.0,-12274.0,-9991.0,6,0.10753679275512695,3
-12429.0,-11375.0,-10551.0,6,0.10754179954528809,3
-12454.0,-9918.0,-11909.0,6,0.10754585266113281,3
-10991.0,-11451.0,-11845.0,7,0.11861991882324219,3
-11173.0,-10686.0,-12275.0,7,0.11862492561340332,3
-10796.0,-12322.0,-11207.0,7,0.11862993240356445,3
-12239.0,-9705.0,-12152.0,7,0.11869692802429199,3
-12390.0,-9757.0,-12056.0,7,0.11870598793029785,3
-11862.0,-10016.0,-12298.0,7,0.11870980262756348,3
-10360.0,-12273.0,-11310.0,8,0.13971400260925293,4
-11857.0,-9468.0,-12760.0,8,0.13971900939941406,4
-12598.0,-9502.0,-11974.0,8,0.1397228240966797,4
-13223.0,-9003.0,-11669.0,8,0.13972783088684082,4
-10848.0,-10204.0,-12927.0,8,0.13975095748901367,4
-11245.0,-11072.0,-11844.0,8,0.13979196548461914,4
-13639.0,-9302.0,-10944.0,8,0.1398019790649414,4
-13195.0,-9424.0,-11358.0,8,0.13980579376220703,4
-12570.0,-9923.0,-11663.0,8,0.13982701301574707,4
-12537.0,-10988.0,-10602.0,8,0.13984084129333496,4
-10705.0,-10731.0,-12686.0,9,0.16094279289245605,4
-12161.0,-9204.0,-12701.0,9,0.16098284721374512,4
-11857.0,-9154.0,-12800.0,9,0.16106581687927246,4
-11701.0,-9558.0,-12773.0,9,0.16109800338745117,4
-11095.0,-10185.0,-12824.0,9,0.16110682487487793,4
-10834.0,-12381.0,-11014.0,10,0.17879390716552734,4
-11578.0,-12426.0,-10338.0,10,0.1788029670715332,4
-12092.0,-12553.0,-9548.0,10,0.17880702018737793,4
-11340.0,-12521.0,-10351.0,10,0.17884302139282227,4
-10253.0,-12678.0,-10922.0,10,0.1788477897644043,4
-13265.0,-10997.0,-9470.0,11,0.1927928924560547,4
-10875.0,-11789.0,-11498.0,11,0.1928110122680664,4
-11515.0,-11860.0,-11036.0,11,0.1928420066833496,4
-13156.0,-10869.0,-10244.0,11,0.19285082817077637,4
-12293.0,-12491.0,-8883.0,12,0.20770692825317383,4
-11553.0,-9828.0,-12646.0,12,0.2077789306640625,4
-11920.0,-10209.0,-12026.0,12,0.20778298377990723,4
-11476.0,-12194.0,-10576.0,12,0.20778799057006836,4
-11442.0,-12765.0,-9942.0,12,0.20781493186950684,4
-11388.0,-12696.0,-10143.0,13,0.21891999244689941,4
-11012.0,-12458.0,-10668.0,13,0.21892380714416504,4
-11104.0,-12395.0,-10727.0,13,0.21895098686218262,4
-11508.0,-10903.0,-11752.0,13,0.2189779281616211,4
-11207.0,-11233.0,-11644.0,13,0.21898698806762695,4
-11794.0,-11854.0,-10794.0,14,0.23377490043640137,4
-12692.0,-11938.0,-9246.0,14,0.2337799072265625,4
-10785.0,-11527.0,-11773.0,14,0.23378491401672363,4
-13163.0,-10495.0,-10940.0,14,0.2338249683380127,4
-11302.0,-11181.0,-11835.0,14,0.2338559627532959,4
-12044.0,-11044.0,-11391.0,14,0.23386096954345703,4
-12703.0,-11352.0,-10518.0,15,0.24162697792053223,4
-10823.0,-11661.0,-11569.0,16,0.2681849002838135,5
-11847.0,-9250.0,-12879.0,16,0.2682309150695801,5
-11477.0,-9480.0,-13031.0,16,0.26831698417663574,5
-10589.0,-10992.0,-12429.0,16,0.2683689594268799,5
-11344.0,-11195.0,-11571.0,16,0.26837587356567383,5
-11372.0,-9634.0,-12808.0,17,0.2878739833831787,5
-10848.0,-10834.0,-12350.0,17,0.28789687156677246,5
-10509.0,-12008.0,-11463.0,17,0.28793787956237793,5
-10416.0,-10917.0,-12485.0,17,0.2879469394683838,5
-11192.0,-10109.0,-12653.0,17,0.2879519462585449,5
-11219.0,-10151.0,-12625.0,17,0.28795599937438965,5
-13308.0,-9409.0,-11173.0,18,0.30731701850891113,5
-13604.0,-9730.0,-10527.0,18,0.30733489990234375,5
-12191.0,-9604.0,-12272.0,18,0.30735301971435547,5
-12950.0,-9479.0,-11769.0,18,0.30736684799194336,5
-11513.0,-11643.0,-11248.0,18,0.3073709011077881,5
-11184.0,-10483.0,-12503.0,18,0.3073759078979492,5
-11238.0,-10981.0,-12057.0,18,0.3073849678039551,5
-10696.0,-12034.0,-11285.0,18,0.30739283561706543,5
-11895.0,-11619.0,-10889.0,18,0.30741095542907715,5
-11590.0,-11390.0,-11475.0,18,0.3074209690093994,5
-10914.0,-11934.0,-11367.0,18,0.30742502212524414,5
-10785.0,-11757.0,-11522.0,18,0.3074347972869873,5
-11030.0,-10762.0,-12349.0,18,0.30744290351867676,5
-10636.0,-12082.0,-11309.0,19,0.3244478702545166,5
-13516.0,-9921.0,-10756.0,19,0.3245389461517334,5
-11964.0,-9045.0,-12741.0,19,0.32456183433532715,5
-11304.0,-12449.0,-10371.0,20,0.3463568687438965,5
-10514.0,-12224.0,-11329.0,20,0.3464229106903076,5
-11949.0,-12479.0,-9604.0,20,0.3464620113372803,5
-12511.0,-11741.0,-9747.0,20,0.3465268611907959,5
-12642.0,-9992.0,-11503.0,21,0.3622729778289795,5
-12351.0,-11916.0,-9876.0,22,0.37685394287109375,5
-10605.0,-12329.0,-11087.0,23,0.3878509998321533,5
-12006.0,-12394.0,-9763.0,23,0.38786888122558594,5
-11728.0,-11406.0,-11014.0,24,0.40640687942504883,5
-11291.0,-10933.0,-11922.0,24,0.4064478874206543,5
-10980.0,-11203.0,-11932.0,24,0.40645289421081543,5
-10425.0,-11580.0,-12006.0,25,0.41956090927124023,5
-11091.0,-10812.0,-12196.0,25,0.4195749759674072,5
-12962.0,-10067.0,-11142.0,26,0.43303990364074707,5
-12638.0,-11521.0,-10154.0,26,0.433046817779541,5
-11816.0,-10601.0,-11774.0,26,0.43305301666259766,5
-12571.0,-10804.0,-10916.0,26,0.4330599308013916,5
-12702.0,-10922.0,-10668.0,26,0.4330728054046631,5
-12691.0,-11537.0,-9948.0,27,0.4434959888458252,5
-11441.0,-10894.0,-11867.0,28,0.45591187477111816,5
-12009.0,-11367.0,-11048.0,28,0.455935001373291,5
-12110.0,-10902.0,-11394.0,28,0.45593881607055664,5
-12421.0,-10632.0,-11384.0,28,0.45595788955688477,5
-12419.0,-11391.0,-10574.0,29,0.4657018184661865,5
-12190.0,-10785.0,-11340.0,30,0.47414088249206543,5
-11600.0,-12625.0,-10059.0,30,0.4741499423980713,5
-11942.0,-11252.0,-11373.0,30,0.474153995513916,5
-12174.0,-11141.0,-11065.0,30,0.4741678237915039,5
-11908.0,-11823.0,-10739.0,30,0.47417187690734863,5
-11313.0,-11976.0,-11269.0,30,0.47417688369750977,5
-11540.0,-12367.0,-10531.0,30,0.4741818904876709,5
-11605.0,-12291.0,-10475.0,31,0.4812309741973877,5
-11959.0,-11307.0,-11194.0,31,0.4812448024749756,5
-11533.0,-9278.0,-12848.0,32,0.5060029029846191,6
-11162.0,-9440.0,-13156.0,32,0.5060679912567139,6
-10468.0,-10846.0,-12621.0,32,0.5061399936676025,6
-11527.0,-9668.0,-12700.0,32,0.5061450004577637,6
-11132.0,-9708.0,-13009.0,32,0.5061550140380859,6
-10435.0,-11271.0,-12275.0,33,0.5269999504089355,6
-10477.0,-10288.0,-13069.0,33,0.5270040035247803,6
-11924.0,-10185.0,-11998.0,35,0.5565059185028076,6
-12597.0,-10511.0,-11244.0,36,0.574307918548584,6
-11338.0,-10998.0,-11765.0,36,0.5743439197540283,6
-12388.0,-10649.0,-11344.0,37,0.588670015335083,6
-12601.0,-10537.0,-11063.0,37,0.5886750221252441,6
-10628.0,-10984.0,-12459.0,38,0.6053128242492676,6
-11447.0,-10594.0,-12242.0,38,0.6053669452667236,6
-11662.0,-10855.0,-11789.0,38,0.6053709983825684,6
-12566.0,-10045.0,-11791.0,38,0.6053848266601562,6
-11978.0,-9903.0,-12389.0,38,0.6054339408874512,6
-12495.0,-10103.0,-11514.0,39,0.6164708137512207,6
-11869.0,-10293.0,-12226.0,39,0.6164758205413818,6
-12565.0,-11657.0,-9720.0,40,0.6333370208740234,6
-11384.0,-11615.0,-11255.0,42,0.6576058864593506,6
-13395.0,-10545.0,-10116.0,42,0.6576108932495117,6
-12019.0,-11980.0,-10218.0,42,0.6576199531555176,6
-13397.0,-10873.0,-9542.0,42,0.6576290130615234,6
-12788.0,-9759.0,-11464.0,42,0.6576559543609619,6
-12496.0,-10062.0,-11562.0,42,0.6576778888702393,6
-11501.0,-12480.0,-10197.0,43,0.6695828437805176,6
-11286.0,-12418.0,-10564.0,43,0.6695878505706787,6
-11340.0,-11240.0,-11642.0,43,0.6696147918701172,6
-11576.0,-10973.0,-11626.0,43,0.6696188449859619,6
-11326.0,-13103.0,-9595.0,46,0.7099039554595947,6
-11360.0,-12532.0,-10229.0,46,0.7099118232727051,6
-10671.0,-11682.0,-11695.0,50,0.7592978477478027,6
-10629.0,-12054.0,-11375.0,50,0.7593019008636475,6
-10543.0,-12271.0,-11234.0,50,0.7593059539794922,6
-10270.0,-12595.0,-11112.0,50,0.7593328952789307,6
-11022.0,-12766.0,-10286.0,50,0.7593369483947754,6
-12828.0,-11715.0,-9376.0,52,0.7792220115661621,6
-11661.0,-12372.0,-10265.0,52,0.779289960861206,6
-12384.0,-11192.0,-10618.0,52,0.7792990207672119,6
-12521.0,-10635.0,-11147.0,54,0.7958269119262695,6
-12219.0,-11293.0,-10721.0,54,0.7958319187164307,6
-12985.0,-11433.0,-9655.0,56,0.8191080093383789,6
-13165.0,-10823.0,-10366.0,56,0.8191118240356445,6
-11636.0,-11348.0,-11291.0,56,0.8191208839416504,6
-13110.0,-10063.0,-11268.0,56,0.8191478252410889,6
-12360.0,-11896.0,-9875.0,56,0.8191800117492676,6
-12540.0,-11286.0,-10586.0,56,0.8191838264465332,6
-12875.0,-11301.0,-10081.0,56,0.8191888332366943,6
-13136.0,-11121.0,-9977.0,56,0.8191928863525391,6
-12163.0,-10025.0,-12014.0,57,0.8341658115386963,6
-11863.0,-11406.0,-10971.0,57,0.8341848850250244,6
-12418.0,-11759.0,-9889.0,57,0.8342339992523193,6
-11519.0,-11192.0,-11603.0,58,0.8435399532318115,6
-11830.0,-10922.0,-11593.0,58,0.8435578346252441,6
-11382.0,-11556.0,-11308.0,59,0.8512718677520752,6
-12163.0,-11298.0,-10923.0,59,0.851280927658081,6
-11069.0,-12352.0,-10991.0,60,0.8589730262756348,6
-11251.0,-11587.0,-11421.0,60,0.8589777946472168,6
-11662.0,-11044.0,-11582.0,60,0.8589818477630615,6
-11229.0,-12637.0,-10541.0,60,0.8589959144592285,6
-11380.0,-12082.0,-10981.0,60,0.8589999675750732,6
-11684.0,-10645.0,-12003.0,61,0.8674798011779785,6
-12122.0,-11945.0,-10537.0,62,0.8755059242248535,6
-9597.0,-11307.0,-12702.0,64,0.9034578800201416,7
-10450.0,-10246.0,-13097.0,64,0.9035317897796631,7
-10838.0,-10616.0,-12469.0,65,0.9259438514709473,7
-10496.0,-10425.0,-12932.0,65,0.9259569644927979,7
-10400.0,-10541.0,-12842.0,66,0.9466118812561035,7
-10694.0,-10483.0,-12773.0,66,0.9466259479522705,7
-10617.0,-10736.0,-12546.0,66,0.9466300010681152,7
-11914.0,-9967.0,-12117.0,67,0.9634578227996826,7
-10697.0,-10734.0,-12531.0,67,0.9635119438171387,7
-11572.0,-9776.0,-12580.0,67,0.9635159969329834,7
-11625.0,-9810.0,-12417.0,68,0.9838860034942627,7
-12231.0,-9180.0,-12379.0,69,0.996938943862915,7
-12100.0,-10515.0,-11510.0,70,1.0096299648284912,7
-11241.0,-10924.0,-11945.0,74,1.0613548755645752,7
-10808.0,-11454.0,-11716.0,74,1.0613930225372314,7
-11416.0,-11899.0,-10911.0,74,1.0614078044891357,7
-10937.0,-11631.0,-11561.0,74,1.0614118576049805,7
-12282.0,-11232.0,-10881.0,74,1.0614378452301025,7
-12421.0,-11012.0,-10908.0,74,1.0614418983459473,7
-11339.0,-12152.0,-10684.0,74,1.0614509582519531,7
-12428.0,-11020.0,-10690.0,75,1.0759367942810059,7
-12083.0,-9338.0,-12454.0,76,1.0900368690490723,7
-11241.0,-10232.0,-12521.0,76,1.0900650024414062,7
-12397.0,-9587.0,-12163.0,76,1.0900700092315674,7
-12031.0,-10299.0,-11918.0,76,1.0900828838348389,7
-11250.0,-10557.0,-12303.0,76,1.0900938510894775,7
-11096.0,-10836.0,-12149.0,76,1.0900979042053223,7
-11019.0,-11089.0,-11922.0,76,1.0901119709014893,7
-11516.0,-10894.0,-11712.0,76,1.0901439189910889,7
-12876.0,-9414.0,-11995.0,77,1.1051878929138184,7
-11822.0,-10941.0,-11425.0,77,1.105224847793579,7
-12185.0,-10281.0,-11752.0,78,1.1177430152893066,7
-10943.0,-11917.0,-11382.0,78,1.1177639961242676,7
-10937.0,-11353.0,-11986.0,78,1.117776870727539,7
-11525.0,-11495.0,-11388.0,78,1.1177818775177002,7
-10783.0,-11632.0,-11832.0,78,1.117785930633545,7
-10706.0,-11885.0,-11605.0,78,1.1178150177001953,7
-11934.0,-11271.0,-11205.0,79,1.1271159648895264,7
-12760.0,-10180.0,-11153.0,84,1.18709397315979,7
-11954.0,-10508.0,-11624.0,84,1.1871118545532227,7
-11412.0,-11194.0,-11566.0,85,1.199666976928711,7
-11833.0,-11427.0,-10966.0,85,1.1996808052062988,7
-12358.0,-11156.0,-10845.0,86,1.211148977279663,7
-12594.0,-11782.0,-9502.0,86,1.2111577987670898,7
-13216.0,-10967.0,-9943.0,86,1.2111728191375732,7
-12816.0,-11367.0,-10020.0,86,1.2111949920654297,7
-13037.0,-10615.0,-10712.0,86,1.2112038135528564,7
-12666.0,-11069.0,-10554.0,87,1.220693826675415,7
-12577.0,-11472.0,-10290.0,87,1.2206988334655762,7
-11014.0,-12753.0,-10305.0,92,1.2733988761901855,7
-11481.0,-12431.0,-10402.0,94,1.2874338626861572,7
-10953.0,-12690.0,-10644.0,94,1.2874557971954346,7
-11662.0,-9602.0,-12656.0,99,1.340756893157959,7
-10690.0,-12594.0,-10768.0,100,1.35211181640625,7
-11141.0,-11455.0,-11456.0,100,1.3521349430084229,7
-10369.0,-12340.0,-11269.0,101,1.3626368045806885,7
-10514.0,-13019.0,-10419.0,102,1.3718559741973877,7
-11105.0,-11441.0,-11626.0,102,1.3718698024749756,7
-11032.0,-11721.0,-11424.0,102,1.3718788623809814,7
-12656.0,-11629.0,-9814.0,104,1.3912158012390137,7
-12075.0,-12359.0,-9832.0,104,1.3912618160247803,7
-11604.0,-12462.0,-10111.0,105,1.4024879932403564,7
-12766.0,-11376.0,-10003.0,107,1.4151959419250488,7
-12197.0,-9934.0,-11966.0,108,1.4214258193969727,7
-12646.0,-10271.0,-11278.0,108,1.4214389324188232,7
-11981.0,-11388.0,-10734.0,109,1.4287829399108887,7
-12244.0,-9796.0,-11979.0,112,1.448645830154419,7
-12232.0,-11399.0,-10645.0,114,1.4657669067382812,7
-12320.0,-11097.0,-11038.0,114,1.465770959854126,7
-12690.0,-11610.0,-9820.0,114,1.4657809734344482,7
-13521.0,-10425.0,-10344.0,114,1.4658160209655762,7
-12778.0,-11308.0,-10213.0,114,1.4658198356628418,7
-12983.0,-11105.0,-10229.0,114,1.4658257961273193,7
-13282.0,-10749.0,-10472.0,115,1.4780588150024414,7
-11648.0,-11893.0,-10717.0,116,1.4876019954681396,7
-11693.0,-11286.0,-11298.0,118,1.498966932296753,7
-11060.0,-13089.0,-10088.0,120,1.510650873184204,7
-11832.0,-10994.0,-11402.0,120,1.510685920715332,7
-11597.0,-12093.0,-10749.0,120,1.5107009410858154,7
-11383.0,-11295.0,-11507.0,121,1.5181798934936523,7
-11641.0,-11902.0,-10877.0,121,1.5181989669799805,7
-11631.0,-11522.0,-11383.0,122,1.5244178771972656,7
-11660.0,-11363.0,-11238.0,122,1.5244379043579102,7
-12145.0,-11860.0,-10446.0,124,1.5330297946929932,7
-12383.0,-11765.0,-10433.0,124,1.533038854598999,7
-10210.0,-10555.0,-12764.0,128,1.5678348541259766,8
-9981.0,-11218.0,-12397.0,128,1.5678939819335938,8
-10135.0,-10939.0,-12551.0,128,1.5679268836975098,8
-9812.0,-12412.0,-11517.0,130,1.6191530227661133,8
-9605.0,-12405.0,-11552.0,130,1.6192100048065186,8
-9671.0,-12500.0,-11342.0,130,1.619215965270996,8
-9824.0,-12542.0,-11232.0,130,1.6192588806152344,8
-10234.0,-11346.0,-12272.0,131,1.635558843612671,8
-9723.0,-12703.0,-11260.0,131,1.635577917098999,8
-11013.0,-9789.0,-12904.0,132,1.6591119766235352,8
-11372.0,-10774.0,-11882.0,135,1.7019288539886475,8
-12033.0,-9798.0,-12272.0,138,1.7475979328155518,8
-12404.0,-9636.0,-11964.0,138,1.7476069927215576,8
-11469.0,-9572.0,-12743.0,139,1.7603909969329834,8
-12694.0,-10214.0,-11164.0,139,1.7604568004608154,8
-10494.0,-11818.0,-11631.0,140,1.79414701461792,8
-12028.0,-10091.0,-12058.0,144,1.8419029712677002,8
-13380.0,-10227.0,-10408.0,144,1.8420050144195557,8
-12889.0,-10208.0,-11146.0,145,1.8570690155029297,8
-11087.0,-11203.0,-11791.0,148,1.891493797302246,8
-11007.0,-11764.0,-11275.0,148,1.8915460109710693,8
-12171.0,-11822.0,-10311.0,149,1.9033739566802979,8
-12138.0,-11180.0,-11028.0,150,1.9093818664550781,8
-10953.0,-11015.0,-12122.0,150,1.9094009399414062,8
-13356.0,-9263.0,-11206.0,152,1.9302189350128174,8
-12824.0,-10313.0,-11059.0,152,1.9302518367767334,8
-13218.0,-9700.0,-11124.0,153,1.9415509700775146,8
-11585.0,-10360.0,-12269.0,154,1.954253911972046,8
-11723.0,-10647.0,-11889.0,154,1.954267978668213,8
-11697.0,-10015.0,-12360.0,155,2.010967969894409,8
-11387.0,-10193.0,-12598.0,155,2.0109729766845703,8
-11191.0,-9885.0,-12788.0,155,2.010976791381836,8
-11097.0,-11638.0,-11536.0,156,2.023622989654541,8
-10805.0,-11630.0,-11762.0,156,2.0236289501190186,8
-12140.0,-11356.0,-10858.0,156,2.0236430168151855,8
-11198.0,-11173.0,-11882.0,156,2.0236618518829346,8
-11786.0,-11315.0,-11284.0,156,2.0236759185791016,8
-11173.0,-11086.0,-11970.0,157,2.0351128578186035,8
-11465.0,-11094.0,-11744.0,157,2.035144805908203,8
-11610.0,-11246.0,-11534.0,158,2.0420939922332764,8
-11345.0,-10802.0,-12224.0,158,2.042111873626709,8
-11499.0,-10523.0,-12378.0,158,2.0421159267425537,8
-10953.0,-11586.0,-11683.0,159,2.0494039058685303,8
-12047.0,-10363.0,-11667.0,170,2.184762954711914,8
-12539.0,-10539.0,-11019.0,170,2.184798002243042,8
-12850.0,-10796.0,-10654.0,172,2.2046380043029785,8
-13211.0,-10241.0,-10720.0,172,2.20465087890625,8
-13039.0,-10943.0,-10138.0,173,2.2132368087768555,8
-12193.0,-12088.0,-9894.0,174,2.2200698852539062,8
-11434.0,-12374.0,-10485.0,174,2.220101833343506,8
-11996.0,-12065.0,-10309.0,174,2.2201058864593506,8
-11946.0,-11882.0,-10546.0,175,2.2255399227142334,8
-12944.0,-11116.0,-10012.0,180,2.278503894805908,8
-11403.0,-11530.0,-11256.0,182,2.2893738746643066,8
-11262.0,-12816.0,-9915.0,184,2.302426815032959,8
-11262.0,-12611.0,-10185.0,185,2.308912992477417,8
-11568.0,-12551.0,-10114.0,188,2.322950839996338,8
-10659.0,-10895.0,-12331.0,197,2.4141669273376465,8
-11286.0,-13179.0,-9505.0,200,2.44245982170105,8
-10576.0,-13030.0,-10291.0,200,2.4424798488616943,8
-10200.0,-12792.0,-10816.0,200,2.442511796951294,8
-10741.0,-13410.0,-9681.0,200,2.442530870437622,8
-10724.0,-12023.0,-11402.0,204,2.4715588092803955,8
-11022.0,-12412.0,-10624.0,206,2.4824278354644775,8
-11997.0,-11458.0,-10686.0,208,2.494198799133301,8
-12371.0,-11950.0,-9863.0,212,2.5284628868103027,8
-13261.0,-10254.0,-10638.0,224,2.5869109630584717,8
-13089.0,-10623.0,-10474.0,225,2.59436297416687,8
-11603.0,-10969.0,-11606.0,226,2.6015219688415527,8
-12070.0,-10170.0,-11971.0,226,2.6015307903289795,8
-12665.0,-10419.0,-11247.0,226,2.6015398502349854,8
-12576.0,-10354.0,-11385.0,226,2.60154390335083,8
-11947.0,-11078.0,-11281.0,227,2.6166739463806152,8
-12292.0,-10137.0,-11824.0,228,2.623518943786621,8
-13335.0,-9872.0,-11092.0,228,2.623522996902466,8
-12981.0,-10856.0,-10373.0,228,2.623541831970215,8
-12501.0,-11007.0,-10857.0,231,2.63847279548645,8
-12125.0,-11474.0,-10576.0,232,2.647218942642212,8
-11234.0,-11226.0,-11668.0,235,2.6627748012542725,8
-11330.0,-12172.0,-10887.0,242,2.692473888397217,8
-11110.0,-12129.0,-10997.0,244,2.706533908843994,8
-11346.0,-11556.0,-11448.0,244,2.706547975540161,8
-12465.0,-11447.0,-10531.0,248,2.718148946762085,8
-9988.0,-11412.0,-12165.0,256,2.7659029960632324,9
-10992.0,-9646.0,-13079.0,258,2.8074898719787598,9
-10947.0,-10226.0,-12632.0,258,2.807525873184204,9
-10373.0,-10499.0,-12870.0,259,2.827401876449585,9
-10840.0,-9700.0,-13235.0,259,2.827432870864868,9
-9933.0,-11996.0,-11776.0,262,2.8788998126983643,9
-10150.0,-12191.0,-11480.0,262,2.8789308071136475,9
-10894.0,-9757.0,-13026.0,266,2.9470458030700684,9
-10544.0,-11005.0,-12307.0,268,2.9759268760681152,9
-10915.0,-10921.0,-12165.0,268,2.975958824157715,9
-12376.0,-10057.0,-11653.0,276,3.0826518535614014,9
-11974.0,-10354.0,-11767.0,278,3.102829933166504,9
-12062.0,-11440.0,-10578.0,280,3.1241579055786133,9
-12330.0,-10047.0,-11779.0,288,3.1886789798736572,9
-12029.0,-10038.0,-12063.0,288,3.1886889934539795,9
-12244.0,-10299.0,-11610.0,288,3.188692808151245,9
-12770.0,-9954.0,-11614.0,289,3.2049858570098877,9
-12044.0,-11327.0,-10894.0,296,3.276625871658325,9
-11990.0,-11224.0,-11107.0,297,3.3045308589935303,9
-11549.0,-10711.0,-12047.0,300,3.325225830078125,9
-11263.0,-10525.0,-12366.0,300,3.325237989425659,9
-11489.0,-10712.0,-11917.0,302,3.334791898727417,9
-11225.0,-11664.0,-11357.0,303,3.3396759033203125,9
-11525.0,-10169.0,-12346.0,306,3.3759779930114746,9
-12215.0,-10287.0,-11698.0,306,3.3759958744049072,9
-12986.0,-9811.0,-11432.0,306,3.3760018348693848,9
-12408.0,-10287.0,-11581.0,308,3.3951308727264404,9
-11504.0,-10349.0,-12286.0,308,3.3951399326324463,9
-12539.0,-9121.0,-12293.0,308,3.3951449394226074,9
-12503.0,-9395.0,-12238.0,308,3.395150899887085,9
-12513.0,-9613.0,-12119.0,308,3.395155906677246,9
-11350.0,-10628.0,-12132.0,308,3.395164966583252,9
-11533.0,-10076.0,-12325.0,310,3.414080858230591,9
-11370.0,-10847.0,-12015.0,310,3.414108991622925,9
-11236.0,-11418.0,-11563.0,312,3.4881649017333984,9
-10713.0,-11829.0,-11536.0,312,3.4881789684295654,9
-12096.0,-10684.0,-11488.0,313,3.4965639114379883,9
-11515.0,-11277.0,-11507.0,314,3.5040979385375977,9
-11448.0,-11748.0,-11161.0,314,3.5041208267211914,9
-11802.0,-10764.0,-11880.0,316,3.513225793838501,9
-11125.0,-12260.0,-10804.0,336,3.6953938007354736,9
-11048.0,-12513.0,-10577.0,336,3.6954028606414795,9
-10901.0,-12487.0,-10726.0,337,3.7038798332214355,9
-11754.0,-11536.0,-10908.0,339,3.717751979827881,9
-11568.0,-10983.0,-11656.0,342,3.7425918579101562,9
-12984.0,-10183.0,-11040.0,346,3.770838975906372,9
-11868.0,-10981.0,-11400.0,346,3.7708489894866943,9
-12066.0,-11148.0,-11071.0,347,3.7765707969665527,9
-11418.0,-12141.0,-10788.0,348,3.78277587890625,9
-11717.0,-12206.0,-10365.0,348,3.782794952392578,9
-11654.0,-11874.0,-10772.0,349,3.786918878555298,9
-12593.0,-11758.0,-9589.0,360,3.8721988201141357,9
-12843.0,-11581.0,-9666.0,361,3.8785438537597656,9
-12185.0,-11402.0,-10603.0,362,3.8844919204711914,9
-11520.0,-11686.0,-10944.0,364,3.8935489654541016,9
-11102.0,-13033.0,-9834.0,372,3.933633804321289,9
-11233.0,-10241.0,-12561.0,397,4.119632005691528,9
-10737.0,-11796.0,-11477.0,405,4.1722729206085205,9
-10398.0,-12422.0,-11006.0,408,4.187367916107178,9
-10515.0,-12067.0,-11362.0,408,4.187372922897339,9
-11054.0,-10856.0,-12110.0,408,4.187381982803345,9
-11140.0,-11463.0,-11526.0,409,4.193111896514893,9
-10721.0,-11991.0,-11434.0,410,4.197253942489624,9
-12755.0,-10045.0,-11288.0,436,4.3292670249938965,9
-13055.0,-11194.0,-9840.0,448,4.368575811386108,9
-12808.0,-10243.0,-11077.0,452,4.396870851516724,9
-12603.0,-10082.0,-11546.0,452,4.3968799114227295,9
-12075.0,-10341.0,-11788.0,455,4.411548852920532,9
-12722.0,-10121.0,-11346.0,457,4.4245898723602295,9
-12993.0,-11013.0,-10143.0,458,4.430666923522949,9
-12603.0,-10871.0,-10679.0,460,4.438283920288086,9
-11920.0,-11677.0,-10560.0,464,4.4550559520721436,9
-11214.0,-12764.0,-10151.0,480,4.516034841537476,9
-11452.0,-12669.0,-10138.0,480,4.5160439014434814,9
-11302.0,-12462.0,-10544.0,480,4.51606297492981,9
-11310.0,-12279.0,-10685.0,481,4.523829936981201,9
-11939.0,-11555.0,-10789.0,481,4.523838996887207,9
-11403.0,-11997.0,-10890.0,485,4.539489984512329,9
-10793.0,-10505.0,-12478.0,512,4.707749843597412,10
-10026.0,-11127.0,-12564.0,516,4.763599872589111,10
-10180.0,-10848.0,-12718.0,516,4.763635873794556,10
-9790.0,-12809.0,-10972.0,520,4.823553800582886,10
-9981.0,-12643.0,-11027.0,520,4.82358980178833,10
-10808.0,-11457.0,-11687.0,534,5.007217884063721,10
-12252.0,-10193.0,-11613.0,554,5.239240884780884,10
-11806.0,-11409.0,-10976.0,556,5.25693678855896,10
-11899.0,-9596.0,-12498.0,572,5.361811876296997,10
-11594.0,-9672.0,-12571.0,572,5.361816883087158,10
-11742.0,-9905.0,-12377.0,572,5.361893892288208,10
-11969.0,-9637.0,-12419.0,573,5.379050016403198,10
-13159.0,-9439.0,-11183.0,573,5.379138946533203,10
-12613.0,-9743.0,-11739.0,573,5.379155874252319,10
-12183.0,-9813.0,-12059.0,574,5.394152879714966,10
-12898.0,-10023.0,-11353.0,574,5.394178867340088,10
-12368.0,-11032.0,-10626.0,575,5.456884860992432,10
-12457.0,-10449.0,-11314.0,576,5.467857837677002,10
-11010.0,-11456.0,-11564.0,588,5.579113006591797,10
-12034.0,-11633.0,-10625.0,591,5.603716850280762,10
-11881.0,-11350.0,-11055.0,591,5.603739023208618,10
-11109.0,-10804.0,-12212.0,596,5.633219957351685,10
-11538.0,-11187.0,-11557.0,596,5.6332478523254395,10
-11891.0,-10902.0,-11584.0,598,5.640154838562012,10
-13463.0,-9489.0,-11084.0,604,5.675328969955444,10
-13004.0,-10122.0,-10972.0,604,5.675369024276733,10
-12743.0,-10302.0,-11076.0,604,5.675447940826416,10
-12369.0,-10008.0,-11852.0,610,5.727248907089233,10
-11401.0,-10144.0,-12412.0,612,5.740933895111084,10
-12229.0,-9299.0,-12531.0,612,5.740952968597412,10
-12133.0,-9625.0,-12390.0,612,5.740969896316528,10
-11824.0,-10182.0,-12235.0,614,5.754426956176758,10
-12556.0,-9827.0,-11910.0,615,5.759183883666992,10
-11498.0,-10916.0,-11754.0,616,5.766108989715576,10
-11865.0,-10694.0,-11667.0,620,5.781610012054443,10
-11961.0,-10394.0,-11631.0,620,5.781613826751709,10
-11057.0,-11204.0,-11740.0,621,5.788853883743286,10
-11044.0,-11452.0,-11728.0,622,5.794571876525879,10
-11776.0,-11097.0,-11403.0,623,5.805198907852173,10
-11576.0,-11817.0,-10900.0,624,5.811793804168701,10
-11464.0,-10751.0,-11905.0,628,5.8252058029174805,10
-10994.0,-12467.0,-10650.0,667,6.137722969055176,10
-12257.0,-11885.0,-10205.0,690,6.2659149169921875,10
-12346.0,-11482.0,-10469.0,690,6.265919923782349,10
-11707.0,-11540.0,-10995.0,692,6.274245023727417,10
-12944.0,-11510.0,-9206.0,698,6.297808885574341,10
-12702.0,-11835.0,-9148.0,698,6.297813892364502,10
-12604.0,-11747.0,-9449.0,698,6.297853946685791,10
-12755.0,-11394.0,-9671.0,699,6.307631969451904,10
-12749.0,-11421.0,-9853.0,710,6.38975191116333,10
-12037.0,-11418.0,-10695.0,712,6.406582832336426,10
-11270.0,-12810.0,-9871.0,729,6.47374701499939,10
-10945.0,-10243.0,-12658.0,768,6.701249837875366,10
-10473.0,-12468.0,-10938.0,777,6.752256870269775,10
-10581.0,-13125.0,-10131.0,781,6.77794885635376,10
-11660.0,-12481.0,-9973.0,811,6.895442008972168,10
-11922.0,-12192.0,-10161.0,826,6.980870962142944,10
-12509.0,-10678.0,-11007.0,832,7.001633882522583,10
-12941.0,-10667.0,-10553.0,864,7.103423833847046,10
-12500.0,-10154.0,-11493.0,869,7.13970685005188,10
-12283.0,-10495.0,-11461.0,874,7.164556980133057,10
-12265.0,-10624.0,-11395.0,874,7.164561986923218,10
-12241.0,-11242.0,-10673.0,884,7.224362850189209,10
-13044.0,-10626.0,-10539.0,884,7.224380970001221,10
-13337.0,-10121.0,-10948.0,884,7.224391937255859,10
-12812.0,-10737.0,-10847.0,884,7.2243969440460205,10
-11330.0,-11629.0,-11284.0,925,7.412158012390137,10
-11177.0,-12235.0,-10709.0,932,7.4347147941589355,10
-10792.0,-9794.0,-12966.0,953,7.524420976638794,11
-11216.0,-9938.0,-12710.0,961,7.629838943481445,11
-10237.0,-11289.0,-12160.0,963,7.661935806274414,11
-10408.0,-11229.0,-12303.0,964,7.680405855178833,11
-10388.0,-11853.0,-11610.0,964,7.680419921875,11
-9974.0,-12024.0,-11633.0,964,7.680437803268433,11
-10192.0,-11924.0,-11715.0,964,7.680508852005005,11
-10012.0,-12878.0,-10530.0,970,7.763187885284424,11
-11323.0,-9759.0,-12877.0,989,7.978595018386841,11
-10543.0,-11013.0,-12377.0,996,8.04506802558899,11
-12225.0,-10151.0,-11641.0,1022,8.267935991287231,11
-12037.0,-9883.0,-12118.0,1060,8.503384828567505,11
-12199.0,-9345.0,-12337.0,1062,8.531806945800781,11
-12019.0,-9820.0,-12182.0,1062,8.531898975372314,11
-12279.0,-9459.0,-12181.0,1063,8.548847913742065,11
-12209.0,-9563.0,-12218.0,1063,8.548852920532227,11
-12689.0,-9943.0,-11631.0,1066,8.580259799957275,11
-12994.0,-10172.0,-11045.0,1066,8.580268859863281,11
-12587.0,-10293.0,-11363.0,1070,8.616403818130493,11
-11752.0,-11319.0,-11120.0,1082,8.697981834411621,11
-11374.0,-11248.0,-11522.0,1098,8.79285192489624,11
-11580.0,-11172.0,-11594.0,1102,8.8086838722229,11
-11938.0,-10524.0,-11628.0,1106,8.817652940750122,11
-12196.0,-11131.0,-10998.0,1108,8.824627876281738,11
-12298.0,-9329.0,-12299.0,1120,8.905577898025513,11
-12092.0,-9663.0,-12236.0,1120,8.905622959136963,11
-12184.0,-10374.0,-11637.0,1128,8.946609020233154,11
-11909.0,-9712.0,-12446.0,1128,8.946626901626587,11
-11233.0,-10472.0,-12444.0,1136,8.981060981750488,11
-10942.0,-10791.0,-12249.0,1138,8.988304853439331,11
-11342.0,-11105.0,-11640.0,1145,9.01767086982727,11
-11311.0,-11373.0,-11590.0,1152,9.042176008224487,11
-11577.0,-10691.0,-11916.0,1160,9.063488006591797,11
-10513.0,-12392.0,-11028.0,1174,9.135018825531006,11
-10581.0,-12330.0,-11041.0,1174,9.13502287864685,11
-10308.0,-12654.0,-10919.0,1174,9.135027885437012,11
-10436.0,-12645.0,-10801.0,1174,9.135031938552856,11
-12859.0,-11553.0,-9427.0,1253,9.649948835372925,11
-11679.0,-11961.0,-10684.0,1266,9.693383932113647,11
-10528.0,-12383.0,-11040.0,1416,10.469373941421509,11
-10829.0,-11733.0,-11536.0,1432,10.524832963943481,11
-11694.0,-11910.0,-10607.0,1484,10.734705924987793,11
-12007.0,-10386.0,-11621.0,1553,10.967269897460938,11
-12554.0,-10130.0,-11477.0,1568,11.013619899749756,11
-12653.0,-10521.0,-11076.0,1574,11.033145904541016,11
-12809.0,-11040.0,-10263.0,1578,11.05014181137085,11
-11731.0,-11401.0,-11116.0,1634,11.191351890563965,11
-10751.0,-10476.0,-12532.0,1663,11.374936819076538,12
-11495.0,-9248.0,-12881.0,1664,11.38733696937561,12
-11241.0,-9482.0,-13019.0,1672,11.472620964050293,12
-11182.0,-9891.0,-12772.0,1672,11.47264289855957,12
-9752.0,-11955.0,-12075.0,1682,11.588135957717896,12
-9906.0,-11676.0,-12229.0,1682,11.588176012039185,12
-10066.0,-11961.0,-11779.0,1682,11.588181018829346,12
-9675.0,-12208.0,-11848.0,1682,11.588202953338623,12
-9912.0,-12240.0,-11625.0,1682,11.588207006454468,12
-9879.0,-12518.0,-11229.0,1682,11.588212013244629,12
-10963.0,-9442.0,-13171.0,1721,11.9839608669281,12
-10867.0,-9742.0,-13207.0,1721,11.983964920043945,12
-11209.0,-9933.0,-12744.0,1721,11.983969926834106,12
-11159.0,-9750.0,-12981.0,1721,11.983978986740112,12
-10972.0,-10495.0,-12428.0,1724,12.005282878875732,12
-11780.0,-9721.0,-12533.0,1780,12.412765979766846,12
-11051.0,-11206.0,-11834.0,1791,12.47111988067627,12
-12182.0,-9962.0,-11909.0,1825,12.70746397972107,12
-12232.0,-10145.0,-11672.0,1825,12.707510948181152,12
-12770.0,-10259.0,-11101.0,1829,12.74783182144165,12
-12694.0,-10469.0,-11034.0,1831,12.758096933364868,12
-12108.0,-10466.0,-11531.0,1838,12.809221982955933,12
-12726.0,-11241.0,-10322.0,1866,12.985422849655151,12
-11885.0,-11401.0,-11008.0,1900,13.113158941268921,12
-12730.0,-9453.0,-11918.0,1920,13.240509986877441,12
-12740.0,-9671.0,-11799.0,1920,13.240514993667603,12
-12015.0,-10344.0,-11791.0,1921,13.245134830474854,12
-12006.0,-9632.0,-12397.0,1935,13.361037015914917,12
-11686.0,-10045.0,-12312.0,1935,13.361040830612183,12
-11979.0,-9904.0,-12236.0,1937,13.372275829315186,12
-12244.0,-10348.0,-11546.0,1937,13.37227988243103,12
-11607.0,-11549.0,-10950.0,1963,13.448104858398438,12
-10449.0,-12607.0,-10817.0,2000,13.59460997581482,12
-10232.0,-12171.0,-11432.0,2000,13.594613790512085,12
-10309.0,-11918.0,-11659.0,2000,13.594663858413696,12
-11350.0,-12186.0,-10621.0,2062,14.001106023788452,12
-11024.0,-10285.0,-12521.0,2242,14.800014972686768,12
-11575.0,-11620.0,-10990.0,2377,15.346673011779785,12
-11930.0,-10367.0,-11646.0,2400,15.419209003448486,12
-12811.0,-11368.0,-9689.0,2422,15.489704847335815,12
-11008.0,-9719.0,-13002.0,2574,16.23281478881836,13
-10936.0,-9400.0,-13199.0,2575,16.24346399307251,13
-10215.0,-11621.0,-11909.0,2586,16.361727952957153,13
-9774.0,-11953.0,-12005.0,2590,16.40684485435486,13
-10167.0,-11496.0,-12125.0,2590,16.406858921051025,13
-10142.0,-11409.0,-12213.0,2591,16.41873598098755,13
-9927.0,-10944.0,-12576.0,2592,16.42709183692932,13
-10314.0,-11125.0,-12467.0,2592,16.427100896835327,13
-9922.0,-11909.0,-11926.0,2593,16.43950581550598,13
-11393.0,-9617.0,-12859.0,2643,16.822381019592285,13
-11890.0,-9954.0,-12135.0,2786,17.619881868362427,13
-12916.0,-10001.0,-11311.0,2795,17.677255868911743,13
-12142.0,-11170.0,-10951.0,2848,17.980191946029663,13
-12673.0,-10523.0,-10854.0,2898,18.128161907196045,13
-12306.0,-9236.0,-12278.0,2938,18.280496835708618,13
-12816.0,-9466.0,-11909.0,2942,18.290103912353516,13
-10401.0,-12634.0,-10843.0,3020,18.558385848999023,13
-11241.0,-13144.0,-9567.0,3203,19.33939790725708,13
-12586.0,-11986.0,-9292.0,3344,19.89389181137085,13
-12358.0,-11990.0,-9831.0,3345,19.89877486228943,13
-10132.0,-10902.0,-12594.0,3534,20.628196954727173,14
-10209.0,-10649.0,-12821.0,3534,20.628214836120605,14
-10755.0,-10475.0,-12511.0,3534,20.62821888923645,14
-10363.0,-10370.0,-12975.0,3542,20.70383381843567,14
-10909.0,-10196.0,-12665.0,3542,20.703860998153687,14
-10064.0,-10508.0,-13067.0,3543,20.712843894958496,14
-10670.0,-9881.0,-13016.0,3543,20.712875843048096,14
-10975.0,-9805.0,-12943.0,3543,20.71287989616394,14
-9958.0,-11540.0,-12085.0,3561,20.851709842681885,14
-9682.0,-12152.0,-11779.0,3572,20.96218490600586,14
-10945.0,-10342.0,-12542.0,3630,21.329933881759644,14
-11601.0,-9771.0,-12532.0,3650,21.417040824890137,14
-11218.0,-11030.0,-11872.0,3752,21.90183687210083,14
-12922.0,-9900.0,-11458.0,3820,22.360752820968628,14
-12224.0,-10492.0,-11487.0,3840,22.459802865982056,14
-11717.0,-11411.0,-11020.0,3886,22.72538995742798,14
-11984.0,-11378.0,-10766.0,3886,22.72540783882141,14
-10264.0,-10579.0,-12695.0,4398,24.64286494255066,15
-10202.0,-10795.0,-12687.0,4400,24.657148838043213,15
-10310.0,-10558.0,-12747.0,4412,24.757051944732666,15
-10937.0,-9775.0,-12976.0,4413,24.76634383201599,15
-9738.0,-12606.0,-11054.0,4436,24.888584852218628,15
-9949.0,-11380.0,-12337.0,4436,24.888598918914795,15
-9804.0,-11819.0,-11931.0,4437,24.90206289291382,15
-10021.0,-12014.0,-11635.0,4437,24.90206789970398,15
-10170.0,-11953.0,-11528.0,4444,24.966826915740967,15
-10712.0,-10900.0,-12300.0,4448,25.00719690322876,15
-10013.0,-11775.0,-11971.0,4458,25.069504022598267,15
-9989.0,-12015.0,-11638.0,4460,25.08124089241028,15
-11818.0,-9585.0,-12515.0,4662,26.13788080215454,15
-12830.0,-10233.0,-11010.0,4697,26.36770987510681,15
-13266.0,-9283.0,-11187.0,5299,28.912208795547485,16
-11677.0,-9629.0,-12645.0,5382,29.367369890213013,16
-12419.0,-10196.0,-11521.0,5407,29.464416980743408,16
-11087.0,-9761.0,-12865.0,5743,30.696431875228882,17
-10105.0,-11169.0,-12427.0,5757,30.771976947784424,17
-10259.0,-10890.0,-12581.0,5761,30.793330907821655,17
-12752.0,-10062.0,-11276.0,5955,31.55864381790161,17
-10311.0,-10569.0,-12697.0,6094,32.16012382507324,18
-12758.0,-9961.0,-11423.0,6296,32.882723808288574,18
