z1,z2,z3,node,time,depth
-4717.0,-2349.0,-1587.0,1,0.011121034622192383,1
-2738.0,-4577.0,-1382.0,1,0.011124134063720703,1
-851.0,-3621.0,-4047.0,1,0.01112818717956543,1
-1501.0,-2631.0,-4498.0,1,0.011132001876831055,1
-2233.0,-1798.0,-4721.0,1,0.011136054992675781,1
-4393.0,-1467.0,-3129.0,1,0.011139154434204102,1
-2127.0,-4759.0,-2235.0,1,0.011142969131469727,1
-1564.0,-4345.0,-3164.0,1,0.011146068572998047,1
-4474.0,-2817.0,-2091.0,1,0.011150121688842773,1
-3027.0,-1449.0,-4525.0,1,0.0111541748046875,1
-3748.0,-4110.0,-1124.0,1,0.011157035827636719,1
-4150.0,-1935.0,-3633.0,1,0.011161088943481445,1
-4140.0,-3254.0,-2015.0,1,0.011164188385009766,1
-2131.0,-4512.0,-2654.0,1,0.01116800308227539,1
-3956.0,-3856.0,-1164.0,1,0.011172056198120117,1
-4007.0,-3639.0,-1660.0,1,0.011188983917236328,1
-4341.0,-3202.0,-1736.0,1,0.011193990707397461,1
-1511.0,-3082.0,-4272.0,1,0.011197090148925781,1
-1352.0,-4141.0,-3536.0,1,0.011201143264770508,1
-1544.0,-4123.0,-3515.0,1,0.011204957962036133,1
-1694.0,-3803.0,-3746.0,1,0.01120901107788086,1
-3365.0,-4389.0,-1105.0,1,0.011213064193725586,1
-3060.0,-4348.0,-1880.0,1,0.011217117309570312,1
-2702.0,-4462.0,-2233.0,1,0.011221170425415039,1
-2012.0,-3602.0,-3761.0,1,0.011224985122680664,1
-2264.0,-4127.0,-3009.0,1,0.011228084564208984,1
-2835.0,-4077.0,-2588.0,1,0.011232137680053711,1
-1925.0,-2450.0,-4480.0,1,0.011236190795898438,1
-3081.0,-1834.0,-4486.0,1,0.011240005493164062,1
-1193.0,-3283.0,-4257.0,1,0.011244058609008789,1
-2485.0,-4645.0,-1882.0,2,0.02205801010131836,2
-2489.0,-4398.0,-2301.0,2,0.022065162658691406,2
-3279.0,-3420.0,-2795.0,2,0.022073030471801758,2
-3261.0,-2186.0,-4039.0,2,0.022080183029174805,2
-2708.0,-3470.0,-3216.0,2,0.02208399772644043,2
-1583.0,-2788.0,-4270.0,2,0.02210712432861328,2
-1978.0,-4018.0,-3098.0,2,0.0221099853515625,2
-1775.0,-2770.0,-4249.0,2,0.022118091583251953,2
-2123.0,-2641.0,-4252.0,2,0.022132158279418945,2
-2210.0,-3319.0,-3648.0,2,0.02213597297668457,2
-3087.0,-2658.0,-3485.0,3,0.031861066818237305,2
-2018.0,-2557.0,-4338.0,3,0.0319061279296875,2
-2961.0,-3894.0,-2624.0,3,0.031919002532958984,2
-2828.0,-4279.0,-2269.0,3,0.031939029693603516,2
-2265.0,-3972.0,-2797.0,4,0.046044111251831055,3
-4304.0,-2186.0,-2532.0,4,0.04605913162231445,3
-4547.0,-1718.0,-2028.0,4,0.04606318473815918,3
-2278.0,-4201.0,-2432.0,4,0.04607105255126953,3
-4020.0,-2477.0,-3051.0,4,0.04614400863647461,3
-3831.0,-2868.0,-2608.0,4,0.04615211486816406,3
-2381.0,-3054.0,-3690.0,5,0.05519413948059082,3
-2849.0,-2533.0,-3936.0,5,0.0552220344543457,3
-4235.0,-2372.0,-2553.0,5,0.055230140686035156,3
-3931.0,-2863.0,-2718.0,5,0.05525708198547363,3
-1939.0,-4530.0,-2675.0,6,0.0646209716796875,3
-1350.0,-2741.0,-4416.0,6,0.06462812423706055,3
-1202.0,-2909.0,-4300.0,6,0.06463217735290527,3
-2299.0,-3556.0,-3460.0,6,0.06466507911682129,3
-1703.0,-3429.0,-3789.0,6,0.06466913223266602,3
-1639.0,-4095.0,-3235.0,6,0.06467318534851074,3
-1981.0,-3757.0,-3445.0,6,0.06467604637145996,3
-1831.0,-4077.0,-3214.0,6,0.06468009948730469,3
-2239.0,-2490.0,-4010.0,6,0.06468415260314941,3
-2740.0,-3010.0,-3499.0,6,0.06469106674194336,3
-1958.0,-2863.0,-4051.0,6,0.06469511985778809,3
-2198.0,-2909.0,-3891.0,6,0.0646979808807373,3
-1851.0,-3261.0,-3905.0,6,0.06470203399658203,3
-1882.0,-4144.0,-3179.0,7,0.0714271068572998,3
-1681.0,-4296.0,-3112.0,7,0.07143115997314453,3
-4074.0,-2613.0,-2333.0,8,0.08297109603881836,4
-2348.0,-2013.0,-4447.0,8,0.08298301696777344,4
-3740.0,-3050.0,-2257.0,8,0.08299112319946289,4
-3136.0,-2487.0,-3635.0,8,0.08299517631530762,4
-3970.0,-2623.0,-2456.0,8,0.08299899101257324,4
-2704.0,-3717.0,-2797.0,9,0.09337115287780762,4
-4381.0,-1606.0,-2743.0,9,0.09338998794555664,4
-4137.0,-2380.0,-2784.0,9,0.0934140682220459,4
-3635.0,-3131.0,-2479.0,9,0.09343314170837402,4
-3692.0,-3024.0,-2392.0,10,0.10152816772460938,4
-3149.0,-3070.0,-3019.0,10,0.1015310287475586,4
-3546.0,-3517.0,-2146.0,10,0.10153508186340332,4
-3881.0,-3725.0,-1479.0,10,0.10155010223388672,4
-3186.0,-4165.0,-1916.0,10,0.10155296325683594,4
-4089.0,-3471.0,-1519.0,10,0.10155701637268066,4
-3432.0,-3936.0,-1662.0,11,0.10868597030639648,4
-3463.0,-3384.0,-2472.0,11,0.10874414443969727,4
-3101.0,-3058.0,-3184.0,11,0.10875916481018066,4
-2968.0,-3443.0,-2829.0,11,0.1087651252746582,4
-2837.0,-3321.0,-3048.0,12,0.1177370548248291,4
-1597.0,-4146.0,-3128.0,12,0.1177520751953125,4
-1864.0,-3923.0,-3251.0,12,0.11776995658874512,4
-2065.0,-3625.0,-3374.0,12,0.11777806282043457,4
-1681.0,-2983.0,-4051.0,12,0.11778116226196289,4
-2570.0,-2732.0,-3645.0,12,0.11778497695922852,4
-2260.0,-4374.0,-2590.0,13,0.12511897087097168,4
-1269.0,-2765.0,-4301.0,14,0.13304901123046875,4
-1045.0,-3451.0,-4141.0,14,0.13305306434631348,4
-1043.0,-3603.0,-4026.0,14,0.13308405876159668,4
-1550.0,-3078.0,-4092.0,14,0.13309597969055176,4
-1786.0,-2691.0,-4141.0,14,0.13311100006103516,4
-1546.0,-3971.0,-3630.0,14,0.1331191062927246,4
-3225.0,-3492.0,-2212.0,17,0.1569969654083252,5
-3022.0,-3516.0,-2812.0,18,0.16686415672302246,5
-3562.0,-2725.0,-3001.0,18,0.166884183883667,5
-4000.0,-1385.0,-3718.0,18,0.1669139862060547,5
-3368.0,-2142.0,-3934.0,18,0.16692209243774414,5
-3045.0,-3489.0,-2709.0,19,0.1734621524810791,5
-3559.0,-3409.0,-2037.0,20,0.18219804763793945,5
-3416.0,-4059.0,-1564.0,20,0.1822061538696289,5
-2757.0,-3600.0,-2709.0,20,0.18220901489257812,5
-3019.0,-3612.0,-2437.0,20,0.18223118782043457,5
-2948.0,-3968.0,-2138.0,20,0.18224310874938965,5
-4324.0,-2267.0,-2176.0,22,0.19238805770874023,5
-3282.0,-3489.0,-2425.0,22,0.19239211082458496,5
-3415.0,-3104.0,-2780.0,22,0.1923961639404297,5
-3565.0,-3551.0,-2017.0,22,0.1923999786376953,5
-2957.0,-3200.0,-2903.0,24,0.20500802993774414,5
-1763.0,-3607.0,-3520.0,24,0.2050161361694336,5
-2840.0,-3478.0,-2821.0,24,0.20502400398254395,5
-1747.0,-3826.0,-3359.0,25,0.21039915084838867,5
-1490.0,-3384.0,-3805.0,26,0.21708917617797852,5
-2791.0,-3263.0,-3065.0,26,0.21711397171020508,5
-2072.0,-4145.0,-3030.0,27,0.22144317626953125,5
-2391.0,-3789.0,-2833.0,33,0.26099395751953125,6
-2482.0,-3124.0,-3243.0,33,0.2610599994659424,6
-4154.0,-1636.0,-2617.0,34,0.26940107345581055,6
-2788.0,-3585.0,-2726.0,36,0.28433918952941895,6
-2225.0,-3171.0,-3655.0,36,0.2843501567840576,6
-2243.0,-2249.0,-4495.0,36,0.28435707092285156,6
-3514.0,-2790.0,-2975.0,36,0.28437209129333496,6
-2474.0,-3539.0,-3130.0,36,0.2843799591064453,6
-2951.0,-2376.0,-3904.0,36,0.28438305854797363,6
-2895.0,-1838.0,-4426.0,36,0.28438711166381836,6
-3248.0,-2679.0,-3405.0,36,0.28439998626708984,6
-3200.0,-2744.0,-3379.0,36,0.28440403938293457,6
-3131.0,-2728.0,-3457.0,36,0.2844080924987793,6
-2280.0,-2099.0,-4411.0,37,0.293442964553833,6
-1781.0,-2979.0,-4042.0,37,0.29345011711120605,6
-1973.0,-2961.0,-4021.0,37,0.29345703125,6
-4138.0,-2074.0,-3247.0,38,0.30054211616516113,6
-3264.0,-2915.0,-3094.0,38,0.30055999755859375,6
-3916.0,-2004.0,-3547.0,38,0.3005709648132324,6
-3964.0,-2483.0,-2963.0,38,0.30057501792907715,6
-3682.0,-2456.0,-3387.0,39,0.3056831359863281,6
-3135.0,-4307.0,-1184.0,40,0.31579113006591797,6
-3518.0,-4028.0,-1203.0,40,0.3157951831817627,6
-3726.0,-3774.0,-1243.0,40,0.3157989978790283,6
-3271.0,-3983.0,-1637.0,40,0.3158071041107178,6
-3490.0,-3674.0,-1751.0,40,0.3158261775970459,6
-3364.0,-3857.0,-1715.0,40,0.3158299922943115,6
-3121.0,-4298.0,-1401.0,42,0.32910799980163574,6
-2890.0,-3215.0,-3064.0,42,0.32912302017211914,6
-2446.0,-4264.0,-2350.0,42,0.3291301727294922,6
-3498.0,-4004.0,-1460.0,42,0.32913708686828613,6
-3358.0,-3461.0,-2316.0,42,0.3291440010070801,6
-2297.0,-4416.0,-2322.0,43,0.3341059684753418,6
-2719.0,-3075.0,-3354.0,44,0.33890795707702637,6
-3585.0,-3068.0,-2497.0,45,0.34241509437561035,6
-3801.0,-3405.0,-2136.0,47,0.34830403327941895,6
-2334.0,-3557.0,-3099.0,48,0.35668301582336426,6
-2435.0,-3873.0,-2830.0,48,0.3566901683807373,6
-1533.0,-3151.0,-3935.0,48,0.35670900344848633,6
-2445.0,-4558.0,-2250.0,49,0.3634519577026367,6
-2068.0,-3782.0,-3147.0,49,0.3634641170501709,6
-2387.0,-3599.0,-2999.0,50,0.36815404891967773,6
-2287.0,-3695.0,-3074.0,53,0.3819000720977783,6
-1722.0,-3162.0,-3918.0,56,0.392956018447876,6
-1596.0,-3345.0,-3882.0,58,0.4043619632720947,6
-1816.0,-3155.0,-3927.0,62,0.41380906105041504,6
-3286.0,-2934.0,-2872.0,69,0.4691600799560547,7
-2082.0,-1908.0,-4639.0,72,0.4882071018218994,7
-3064.0,-3181.0,-2900.0,72,0.48822498321533203,7
-3324.0,-1366.0,-3982.0,72,0.4882321357727051,7
-3270.0,-981.0,-4021.0,72,0.4882361888885498,7
-3504.0,-1766.0,-3750.0,72,0.48824310302734375,7
-3027.0,-2255.0,-3953.0,72,0.4882500171661377,7
-2596.0,-3090.0,-3474.0,72,0.4882540702819824,7
-3238.0,-2684.0,-3352.0,73,0.49718213081359863,7
-1975.0,-2809.0,-4136.0,74,0.5039710998535156,7
-2441.0,-2440.0,-4267.0,74,0.503978967666626,7
-2516.0,-3488.0,-3237.0,75,0.5092341899871826,7
-3448.0,-2525.0,-3301.0,77,0.5188260078430176,7
-3765.0,-2589.0,-3061.0,78,0.5228531360626221,7
-3405.0,-3237.0,-2831.0,78,0.5228559970855713,7
-3605.0,-3546.0,-1713.0,81,0.5446031093597412,7
-3074.0,-3785.0,-2174.0,83,0.5549211502075195,7
-2803.0,-4444.0,-1897.0,86,0.5684051513671875,7
-3204.0,-3855.0,-1936.0,86,0.5684130191802979,7
-3990.0,-2704.0,-2100.0,88,0.5777060985565186,7
-3343.0,-3653.0,-2086.0,89,0.5814471244812012,7
-2894.0,-3282.0,-3008.0,90,0.5858860015869141,7
-3042.0,-3114.0,-3124.0,90,0.5858900547027588,7
-1187.0,-3437.0,-3797.0,96,0.6062991619110107,7
-1851.0,-4299.0,-2863.0,96,0.6063451766967773,7
-1599.0,-3994.0,-3243.0,96,0.606348991394043,7
-1672.0,-3941.0,-3272.0,97,0.6127960681915283,7
-2561.0,-3690.0,-2866.0,98,0.6180400848388672,7
-1964.0,-2978.0,-3805.0,100,0.6325869560241699,7
-2408.0,-3542.0,-3046.0,104,0.6450331211090088,7
-2619.0,-3179.0,-3239.0,105,0.6497139930725098,7
-2179.0,-3747.0,-3176.0,106,0.6549150943756104,7
-2053.0,-3930.0,-3140.0,106,0.6549229621887207,7
-1833.0,-3925.0,-3329.0,106,0.6549451351165771,7
-2578.0,-4173.0,-2605.0,109,0.6644079685211182,7
-1247.0,-3131.0,-4084.0,112,0.6728789806365967,7
-1551.0,-3372.0,-3863.0,114,0.6795871257781982,7
-1832.0,-2561.0,-4278.0,122,0.6976420879364014,7
-2024.0,-3323.0,-3588.0,142,0.8161211013793945,8
-1777.0,-2618.0,-4364.0,142,0.8161320686340332,8
-1934.0,-2076.0,-4523.0,142,0.8161439895629883,8
-3147.0,-2363.0,-3674.0,142,0.8161749839782715,8
-2879.0,-2423.0,-3837.0,142,0.8161790370941162,8
-2098.0,-2939.0,-3906.0,142,0.8161900043487549,8
-2282.0,-3557.0,-3151.0,143,0.824951171875,8
-3134.0,-2211.0,-3848.0,144,0.8317630290985107,8
-3172.0,-1695.0,-4100.0,144,0.8317780494689941,8
-2630.0,-2055.0,-4362.0,145,0.8365330696105957,8
-2132.0,-2267.0,-4295.0,146,0.8431940078735352,8
-3333.0,-2359.0,-3734.0,146,0.8432049751281738,8
-3113.0,-2354.0,-3923.0,146,0.8432271480560303,8
-2613.0,-2355.0,-4240.0,146,0.8432300090789795,8
-2336.0,-3136.0,-3684.0,147,0.848701000213623,8
-2708.0,-2681.0,-3709.0,149,0.8556480407714844,8
-3705.0,-2954.0,-2427.0,150,0.867901086807251,8
-3690.0,-2225.0,-3151.0,150,0.8679361343383789,8
-3423.0,-2927.0,-2851.0,155,0.8854100704193115,8
-2845.0,-4109.0,-1985.0,162,0.9237561225891113,8
-3225.0,-3846.0,-1961.0,163,0.9276039600372314,8
-2464.0,-3187.0,-3364.0,166,0.9373071193695068,8
-3029.0,-3607.0,-2490.0,174,0.9626359939575195,8
-3866.0,-2996.0,-2203.0,182,0.9850339889526367,8
-4266.0,-2883.0,-1778.0,184,0.9893519878387451,8
-4238.0,-2529.0,-2326.0,186,0.9924349784851074,8
-1968.0,-4250.0,-2811.0,190,1.004211187362671,8
-1990.0,-3869.0,-3197.0,218,1.0918090343475342,8
-1293.0,-3398.0,-3874.0,222,1.0992770195007324,8
-2902.0,-2556.0,-3549.0,265,1.2942790985107422,9
-2989.0,-2901.0,-3259.0,276,1.3378901481628418,9
-3037.0,-2836.0,-3285.0,276,1.3378980159759521,9
-2920.0,-2885.0,-3337.0,278,1.352985143661499,9
-2413.0,-2150.0,-4274.0,278,1.353020191192627,9
-2693.0,-2751.0,-3539.0,279,1.3585801124572754,9
-2224.0,-2756.0,-3942.0,280,1.3649749755859375,9
-2910.0,-3136.0,-3070.0,280,1.364995002746582,9
-3137.0,-2368.0,-3621.0,281,1.370185136795044,9
-3952.0,-1450.0,-3692.0,282,1.3739650249481201,9
-2900.0,-2663.0,-3688.0,285,1.3872170448303223,9
-3194.0,-2639.0,-3482.0,285,1.387221097946167,9
-2444.0,-3084.0,-3582.0,287,1.3949201107025146,9
-3107.0,-2753.0,-3389.0,288,1.3994300365447998,9
-2501.0,-2983.0,-3536.0,290,1.407015085220337,9
-3534.0,-2815.0,-2748.0,292,1.4159820079803467,9
-3390.0,-2732.0,-3130.0,294,1.4248740673065186,9
-3167.0,-3040.0,-3053.0,300,1.440716028213501,9
-3293.0,-2857.0,-3089.0,300,1.4407241344451904,9
-3033.0,-3864.0,-1982.0,316,1.50856614112854,9
-2104.0,-3835.0,-3134.0,324,1.5349640846252441,9
-3508.0,-3235.0,-2164.0,324,1.5349681377410889,9
-2842.0,-3529.0,-2648.0,325,1.538926124572754,9
-3030.0,-3758.0,-2208.0,325,1.5389301776885986,9
-3174.0,-3672.0,-2088.0,328,1.5486061573028564,9
-2975.0,-3567.0,-2567.0,332,1.558161973953247,9
-3767.0,-2893.0,-2307.0,356,1.6146180629730225,9
-2286.0,-4001.0,-2611.0,368,1.638801097869873,9
-2610.0,-3552.0,-2917.0,381,1.687680959701538,9
-2364.0,-3123.0,-3371.0,399,1.7374951839447021,9
-2719.0,-3354.0,-2993.0,402,1.7467491626739502,9
-2561.0,-3819.0,-2776.0,414,1.7726011276245117,9
-4024.0,-2531.0,-2420.0,496,2.152665138244629,10
-3049.0,-3075.0,-2909.0,504,2.1759581565856934,10
-2666.0,-2732.0,-3602.0,504,2.1759660243988037,10
-2936.0,-2520.0,-3554.0,505,2.183899164199829,10
-2404.0,-3108.0,-3495.0,508,2.2037479877471924,10
-3030.0,-2412.0,-3726.0,510,2.2157070636749268,10
-3124.0,-1760.0,-4074.0,512,2.2254719734191895,10
-3735.0,-1602.0,-3654.0,517,2.240354061126709,10
-3074.0,-2830.0,-3198.0,520,2.251569986343384,10
-2367.0,-2777.0,-3807.0,520,2.251589059829712,10
-3122.0,-2516.0,-3614.0,521,2.256510019302368,10
-2902.0,-2511.0,-3803.0,521,2.256520986557007,10
-3040.0,-3206.0,-2832.0,522,2.2611069679260254,10
-3356.0,-2281.0,-3548.0,524,2.2678041458129883,10
-3427.0,-2400.0,-3519.0,525,2.2708749771118164,10
-2823.0,-2209.0,-4121.0,529,2.281219959259033,10
-3919.0,-2161.0,-3320.0,542,2.3666629791259766,10
-3136.0,-3515.0,-2170.0,580,2.475445032119751,10
-3918.0,-3308.0,-1869.0,644,2.6056861877441406,10
-1920.0,-4315.0,-2785.0,652,2.630479097366333,10
-2050.0,-3077.0,-3775.0,692,2.742772102355957,10
-2810.0,-2702.0,-3487.0,816,3.1582021713256836,11
-2668.0,-2580.0,-3717.0,818,3.168600082397461,11
-2495.0,-2774.0,-3743.0,822,3.186784029006958,11
-2303.0,-2792.0,-3764.0,826,3.2049241065979004,11
-2332.0,-2704.0,-3840.0,833,3.229997158050537,11
-2853.0,-1946.0,-4073.0,849,3.2651710510253906,11
-2693.0,-2965.0,-3515.0,854,3.28006911277771,11
-2849.0,-1968.0,-4289.0,860,3.292175054550171,11
-3659.0,-3779.0,-1333.0,928,3.4565069675445557,11
-2354.0,-2826.0,-3704.0,1204,4.245382070541382,12
-2854.0,-2825.0,-3387.0,1204,4.245393991470337,12
-2675.0,-2377.0,-4005.0,1205,4.248321056365967,12
-2941.0,-3215.0,-2843.0,1460,4.8388941287994385,13
-3456.0,-1831.0,-3724.0,1464,4.858136177062988,13
-2229.0,-2578.0,-3844.0,1468,4.869400978088379,13
-3182.0,-2778.0,-3096.0,1528,5.014249086380005,13
-2001.0,-1932.0,-4524.0,1746,5.499222993850708,14
-1860.0,-4170.0,-2832.0,1926,5.867021083831787,15
