z1,z2,z3,node,time,depth
-11175.0,-2724.0,-10979.0,1,0.0053670406341552734,1
-11262.0,-2510.0,-10866.0,1,0.0053920745849609375,1
-10402.0,-5676.0,-10123.0,1,0.00539398193359375,1
-10243.0,-5797.0,-10241.0,1,0.005399942398071289,1
-7231.0,-8296.0,-7582.0,1,0.005450010299682617,1
-10761.0,-4201.0,-10801.0,1,0.005455970764160156,1
-10329.0,-5529.0,-10216.0,2,0.012562036514282227,2
-5974.0,-8833.0,-5753.0,3,0.01892399787902832,2
-9896.0,-6089.0,-9385.0,11,0.0710439682006836,4
-9969.0,-6236.0,-9292.0,13,0.08053898811340332,4
-9374.0,-6412.0,-9700.0,25,0.14768290519714355,5
-8042.0,-7689.0,-8229.0,32,0.1821448802947998,6
-9298.0,-6269.0,-9760.0,49,0.2724320888519287,6
-9244.0,-6855.0,-8494.0,52,0.2857940196990967,6
-9100.0,-6851.0,-8751.0,54,0.2952759265899658,6
-6030.0,-8710.0,-5800.0,61,0.3264319896697998,6
-8117.0,-7694.0,-8167.0,66,0.3540220260620117,7
-9384.0,-6001.0,-9735.0,82,0.4369039535522461,7
-9460.0,-6144.0,-9675.0,85,0.45209288597106934,7
-8951.0,-6561.0,-8904.0,89,0.47182703018188477,7
-9810.0,-6357.0,-9410.0,105,0.5427398681640625,7
-9604.0,-6148.0,-9418.0,160,0.7867119312286377,8
-8302.0,-7323.0,-8046.0,185,0.8978579044342041,8
-5704.0,-8565.0,-6222.0,189,0.9198858737945557,8
-9457.0,-6148.0,-9642.0,195,0.9443669319152832,8
-8375.0,-7470.0,-7953.0,218,1.0309650897979736,8
-5777.0,-8712.0,-6129.0,243,1.126188039779663,8
-8176.0,-7824.0,-8063.0,270,1.237828016281128,9
-9330.0,-6587.0,-8469.0,306,1.392772912979126,9
-9171.0,-6708.0,-8587.0,354,1.5907719135284424,9
-9816.0,-4673.0,-10320.0,397,1.7559969425201416,9
-9892.0,-4816.0,-10260.0,405,1.7844150066375732,9
-8299.0,-7327.0,-8013.0,429,1.8644940853118896,9
-8865.0,-6829.0,-8929.0,828,3.343177080154419,10
-6919.0,-8361.0,-6234.0,952,3.7593209743499756,10
-9027.0,-6704.0,-8844.0,1341,5.143028974533081,11
-10502.0,-4235.0,-10635.0,1414,5.379824876785278,11
-10405.0,-4916.0,-9937.0,1421,5.401458024978638,11
-9513.0,-6361.0,-9426.0,1509,5.680118083953857,11
-5818.0,-8739.0,-5784.0,1833,6.725754976272583,12
-8461.0,-7202.0,-7928.0,2001,7.398568868637085,12
-6376.0,-8431.0,-6775.0,2755,9.64515495300293,12
-7745.0,-7693.0,-8245.0,2937,10.185925006866455,13
-7312.0,-8253.0,-7414.0,2991,10.318444967269897,13
-8659.0,-6620.0,-8937.0,3265,11.17059588432312,13
-10657.0,-4320.0,-10419.0,3699,12.439634084701538,13
-10461.0,-4793.0,-9984.0,3739,12.544166088104248,13
-8644.0,-6976.0,-8885.0,3917,12.95732307434082,13
-8941.0,-6972.0,-8869.0,3917,12.957324981689453,13
-10542.0,-4251.0,-10496.0,5367,16.72433304786682,14
-10839.0,-4247.0,-10480.0,5367,16.724334955215454,14
-9533.0,-6291.0,-9582.0,5460,16.91837501525879,14
-7287.0,-8173.0,-7629.0,6241,18.600826025009155,15
-6001.0,-8561.0,-6206.0,6869,20.078418970108032,15
-10675.0,-4287.0,-10414.0,6966,20.276679039001465,15
-10916.0,-2758.0,-10813.0,7085,20.494792938232422,15
-9024.0,-6708.0,-8811.0,7380,21.005725860595703,15
-6074.0,-8708.0,-6113.0,7665,21.50257706642151,15
-6457.0,-8388.0,-6607.0,7842,21.86045002937317,15
-11239.0,-2487.0,-10869.0,10900,26.825140953063965,17
-10015.0,-4803.0,-10301.0,10958,26.904973030090332,17
-8568.0,-6833.0,-8945.0,11163,27.248406887054443,17
-8687.0,-7127.0,-8832.0,11758,28.037471055984497,18
-8840.0,-6995.0,-8708.0,11774,28.054764986038208,18
-8173.0,-7571.0,-8214.0,11787,28.068882942199707,18
-8232.0,-7701.0,-8110.0,11841,28.13187003135681,18
-9596.0,-6274.0,-9487.0,12090,28.551231861114502,18
-9437.0,-6395.0,-9605.0,12266,28.75921607017517,18
-9434.0,-6399.0,-9572.0,12468,29.005270957946777,18
-9646.0,-6397.0,-9344.0,12878,29.47692894935608,18
-8018.0,-7178.0,-8341.0,13403,30.244831085205078,18
-8628.0,-6997.0,-8936.0,13466,30.317533016204834,19
-10516.0,-4408.0,-10532.0,14112,31.06729292869568,19
-10486.0,-4284.0,-10657.0,14116,31.071300983428955,19
-10926.0,-4033.0,-10367.0,14217,31.182729959487915,19
-8438.0,-7453.0,-7858.0,14868,31.87546706199646,20
-6736.0,-8354.0,-6492.0,14932,31.935846090316772,20
-5737.0,-8782.0,-5952.0,14983,31.98610806465149,20
-9163.0,-6834.0,-8656.0,15118,32.164538860321045,20
-9004.0,-6955.0,-8774.0,15266,32.30404806137085,20
-10493.0,-4687.0,-9626.0,15380,32.44248986244202,20
-10406.0,-4901.0,-9739.0,15384,32.44727087020874,20
-10903.0,-4010.0,-10370.0,15509,32.563190937042236,20
-9793.0,-4924.0,-10250.0,15576,32.62822508811951,20
-9510.0,-6542.0,-9512.0,15618,32.66932201385498,20
-8777.0,-7012.0,-8803.0,15712,32.766594886779785,20
-8254.0,-7687.0,-8001.0,16092,33.24648904800415,21
-6034.0,-8722.0,-5764.0,16114,33.277419090270996,21
-6233.0,-8546.0,-5786.0,16129,33.29245185852051,21
-7309.0,-8159.0,-7520.0,16136,33.29934906959534,21
-8277.0,-7436.0,-8071.0,16282,33.45281100273132,21
-10483.0,-4779.0,-9875.0,16626,33.77719306945801,21
-10893.0,-4077.0,-10437.0,16634,33.78454399108887,21
-9001.0,-6959.0,-8741.0,16718,33.877909898757935,21
-6673.0,-8371.0,-6587.0,16834,33.99421787261963,21
-7618.0,-7899.0,-7068.0,16900,34.06122589111328,21
-7493.0,-7925.0,-7377.0,17000,34.15227389335632,22
-7552.0,-8055.0,-7273.0,17028,34.18176007270813,22
-6012.0,-8736.0,-5873.0,17082,34.232677936553955,22
-8651.0,-6746.0,-9006.0,17158,34.31210708618164,22
-8710.0,-6876.0,-8902.0,17160,34.314082860946655,22
-8218.0,-7306.0,-8175.0,17166,34.318981885910034,22
-8492.0,-6867.0,-9124.0,17230,34.37491989135742,22
-8059.0,-7427.0,-8293.0,17252,34.394078969955444,22
-8565.0,-7014.0,-9031.0,17448,34.57740306854248,22
-8132.0,-7574.0,-8200.0,17456,34.5842719078064,22
-9077.0,-7102.0,-8681.0,17470,34.597774028778076,22
-8780.0,-7106.0,-8697.0,17476,34.603785037994385,22
-8191.0,-7704.0,-8096.0,17532,34.65746188163757,22
-8624.0,-7144.0,-8927.0,17542,34.66543006896973,22
-6037.0,-8816.0,-5658.0,17666,34.78285002708435,23
-6093.0,-8693.0,-5705.0,17682,34.7959840297699,23
-7762.0,-7431.0,-8309.0,17790,34.88094186782837,23
-10290.0,-4757.0,-10222.0,17908,34.97746992111206,23
-7894.0,-7708.0,-8112.0,17952,35.01162600517273,23
-7742.0,-7599.0,-8351.0,17990,35.04483199119568,24
-6137.0,-8691.0,-6018.0,18008,35.05614686012268,24
-5837.0,-8601.0,-6140.0,18016,35.06172299385071,24
-9596.0,-5999.0,-9507.0,18082,35.107789039611816,24
-9669.0,-6146.0,-9414.0,18168,35.17299509048462,24
-6439.0,-8414.0,-6680.0,18210,35.1978919506073,25
-6714.0,-8368.0,-6601.0,18212,35.19891691207886,25
-6651.0,-8385.0,-6696.0,18226,35.20562195777893,25
-6776.0,-8340.0,-6841.0,18234,35.209429025650024,25
-6676.0,-8465.0,-6481.0,18236,35.210469007492065,25
-6732.0,-8342.0,-6528.0,18240,35.212514877319336,25
-6479.0,-8344.0,-6857.0,18246,35.21578788757324,25
-7596.0,-7913.0,-7177.0,18256,35.22063398361206,26
