z1,z2,z3,node,time,depth
7081.0,7355.0,6899.0,1,0.11420893669128418,1
8118.0,6022.0,8214.0,1,0.11422014236450195,1
6343.0,8556.0,6200.0,1,0.11423993110656738,1
5264.0,12254.0,5128.0,1,0.1143341064453125,1
6050.0,8531.0,7069.0,1,0.11447906494140625,1
5223.0,12291.0,5200.0,1,0.11448907852172852,1
13554.0,3967.0,14488.0,1,0.11455202102661133,1
6648.0,9204.0,6084.0,2,0.22532010078430176,2
5217.0,12280.0,5282.0,3,0.26401495933532715,2
5536.0,12151.0,5513.0,5,0.42089295387268066,3
5519.0,12077.0,5773.0,5,0.42090296745300293,3
6464.0,11589.0,5614.0,9,0.7865259647369385,4
6294.0,10773.0,6539.0,10,0.8460030555725098,4
5709.0,11651.0,6243.0,11,0.873528003692627,4
5258.0,12243.0,5210.0,14,1.1439731121063232,4
5920.0,11261.0,5957.0,14,1.1439831256866455,4
5879.0,11298.0,6029.0,14,1.1440670490264893,4
5926.0,11272.0,5875.0,14,1.1440770626068115,4
5833.0,11362.0,6155.0,14,1.1441600322723389,4
5811.0,11560.0,5901.0,15,1.1751079559326172,4
5858.0,11534.0,5747.0,15,1.175119161605835,4
5817.0,11571.0,5819.0,15,1.1751289367675781,4
5632.0,12070.0,5837.0,17,1.399738073348999,5
5649.0,12144.0,5577.0,17,1.3997490406036377,5
6660.0,11332.0,5698.0,18,1.477139949798584,5
5885.0,11309.0,5947.0,28,2.0213711261749268,5
5874.0,11325.0,6083.0,29,2.070013999938965,5
5852.0,11523.0,5829.0,30,2.1343250274658203,5
6339.0,11129.0,6459.0,50,3.242948055267334,6
5880.0,11336.0,6001.0,59,3.675891160964966,6
6398.0,10974.0,6190.0,60,3.732100009918213,6
6259.0,11347.0,5873.0,70,4.383474111557007,7
5763.0,11731.0,5643.0,115,6.442641019821167,7
5757.0,11720.0,5725.0,115,6.442785024642944,7
6049.0,11424.0,5795.0,118,6.540008068084717,7
6111.0,11255.0,6461.0,138,7.736056089401245,8
6276.0,11188.0,6085.0,138,7.736148118972778,8
6159.0,10891.0,6681.0,169,9.106697082519531,8
5839.0,11373.0,6073.0,200,10.469620943069458,8
5804.0,11694.0,5571.0,210,10.75816011428833,8
6199.0,11254.0,6360.0,241,12.48551607131958,9
5798.0,11683.0,5653.0,310,15.128921031951904,9
6240.0,11233.0,6174.0,352,17.003118991851807,10
6863.0,10958.0,6076.0,364,17.443061113357544,10
5627.0,11990.0,6545.0,369,17.570024013519287,10
6008.0,11461.0,5867.0,410,18.667150020599365,10
12988.0,4766.0,12920.0,447,19.594336986541748,11
13292.0,4793.0,12605.0,447,19.594347953796387,11
6484.0,11186.0,6179.0,561,22.980059146881104,11
9601.0,5891.0,9421.0,580,23.52330708503723,12
8035.0,6722.0,8910.0,580,23.523777961730957,12
11708.0,5441.0,11156.0,581,23.601715087890625,12
11677.0,5419.0,11333.0,581,23.601725101470947,12
11161.0,5390.0,11595.0,581,23.601736068725586,12
11697.0,5402.0,11480.0,581,23.601746082305908,12
12946.0,4791.0,13124.0,582,23.690502166748047,12
13529.0,3999.0,14482.0,732,27.46518301963806,13
11344.0,5722.0,11430.0,734,27.601354122161865,13
10906.0,5812.0,11628.0,734,27.601396083831787,13
11085.0,5715.0,11599.0,734,27.60140609741211,13
12861.0,4465.0,13774.0,880,31.02194094657898,14
12767.0,4828.0,13754.0,881,31.05794906616211,14
10845.0,5854.0,10483.0,884,31.300841093063354,14
10814.0,5832.0,10660.0,884,31.300872087478638,14
10834.0,5815.0,10807.0,884,31.300883054733276,14
13428.0,4710.0,13366.0,1046,35.40369701385498,15
13206.0,4592.0,13561.0,1046,35.403780937194824,15
11026.0,5508.0,11737.0,1220,39.82632899284363,16
11198.0,5745.0,11458.0,1221,39.84337401390076,16
12374.0,5035.0,11964.0,1346,41.875118017196655,17
11480.0,5426.0,11468.0,1346,41.875182151794434,17
11511.0,5448.0,11291.0,1346,41.87521314620972,17
13776.0,4085.0,14293.0,1356,42.635859966278076,17
13250.0,4818.0,12809.0,1372,43.363994121551514,17
12742.0,4860.0,13748.0,1464,44.86487293243408,18
11416.0,5664.0,11491.0,1471,45.261455059051514,18
13083.0,4583.0,13579.0,1475,45.5634400844574,18
11551.0,5716.0,11120.0,1490,46.21523308753967,18
12394.0,5018.0,12111.0,1572,48.01820611953735,19
11531.0,5431.0,11438.0,1572,48.01834201812744,19
12363.0,4996.0,12288.0,1572,48.01839303970337,19
12850.0,4590.0,13747.0,1586,48.73984503746033,19
12930.0,4743.0,13436.0,1586,48.73987698554993,19
12183.0,5218.0,13024.0,1586,48.74001097679138,19
12157.0,5088.0,13033.0,1588,48.872820138931274,19
10865.0,5837.0,10630.0,1602,49.448976039886475,19
11728.0,5424.0,11303.0,1602,49.448997020721436,19
12237.0,5293.0,12075.0,1674,51.22073316574097,20
11374.0,5706.0,11402.0,1674,51.220837116241455,20
11343.0,5684.0,11579.0,1674,51.22084712982178,20
12206.0,5271.0,12252.0,1674,51.220951080322266,20
12652.0,5082.0,11937.0,1676,51.35507893562317,20
12132.0,5120.0,13027.0,1676,51.35508894920349,20
11827.0,5593.0,11110.0,1676,51.35510015487671,20
12825.0,4622.0,13741.0,1676,51.35510993003845,20
12097.0,5220.0,13050.0,1697,52.21992897987366,20
11571.0,5699.0,11267.0,1726,53.1311399936676,20
11710.0,5780.0,11025.0,1784,54.527292013168335,21
12535.0,5269.0,11852.0,1784,54.52736496925354,21
12836.0,4497.0,13768.0,1786,54.61233615875244,21
12343.0,5013.0,12141.0,1787,54.654524087905884,21
12086.0,5345.0,13023.0,1815,55.5828640460968,21
12790.0,4722.0,13764.0,1815,55.582874059677124,21
12103.0,5355.0,12744.0,1816,55.6331250667572,21
13047.0,4740.0,13546.0,1906,58.131885051727295,22
12765.0,4754.0,13758.0,1908,58.20285701751709,22
12072.0,5252.0,13044.0,1908,58.20287799835205,22
13072.0,4708.0,13552.0,1947,59.31830811500549,22
12147.0,5310.0,12762.0,1953,59.5761079788208,22
13751.0,4117.0,14287.0,2046,61.91973304748535,23
13181.0,4624.0,13555.0,2047,61.947524070739746,23
11354.0,5723.0,11255.0,2048,61.993860960006714,23
11323.0,5701.0,11432.0,2048,61.99389314651489,23
12186.0,5288.0,12105.0,2048,61.993903160095215,23
12217.0,5310.0,11928.0,2048,61.99391412734985,23
12049.0,5358.0,13034.0,2174,64.90511798858643,24
12061.0,5377.0,13017.0,2196,65.77915596961975,24
11662.0,5726.0,11038.0,2198,65.84756112098694,24
12487.0,5215.0,11865.0,2200,65.90553092956543,24
11381.0,5540.0,11520.0,2212,66.28340411186218,24
12264.0,5110.0,12340.0,2340,69.56990313529968,25
12886.0,4788.0,13418.0,2420,71.39809608459473,25
12074.0,5326.0,13040.0,2440,72.13514399528503,25
12233.0,5088.0,12517.0,2496,73.40347909927368,26
12158.0,5250.0,13018.0,2515,73.90043902397156,26
13058.0,4615.0,13573.0,2530,74.28469705581665,26
12923.0,4852.0,13348.0,2616,76.38489508628845,26
12056.0,5380.0,12334.0,2702,78.4480550289154,27
12213.0,5105.0,12370.0,2706,78.51148700714111,27
12244.0,5127.0,12193.0,2858,81.83913111686707,28
13631.0,4281.0,14277.0,2988,84.62841701507568,29
13853.0,4399.0,14082.0,2988,84.62843799591064,29
13403.0,4742.0,13360.0,2996,84.7475380897522,29
13656.0,4249.0,14283.0,3025,85.51798915863037,29
13878.0,4367.0,14088.0,3025,85.51799893379211,29
12076.0,5363.0,12481.0,3202,88.77238011360168,31
12107.0,5385.0,12304.0,3588,95.59613513946533,36
