z1,z2,z3,node,time,depth
11018.0,6362.0,9963.0,1,0.15989208221435547,1
9563.0,6639.0,9691.0,1,0.15991997718811035,1
5044.0,14858.0,4397.0,1,0.15994691848754883,1
5033.0,14934.0,4385.0,1,0.15996193885803223,1
4891.0,11318.0,5362.0,1,0.15997600555419922,1
15429.0,4772.0,14956.0,1,0.16006088256835938,1
8923.0,8091.0,8425.0,2,0.6316468715667725,2
8019.0,9205.0,7500.0,2,0.631706953048706,2
5413.0,13771.0,4995.0,2,0.6318800449371338,2
6835.0,10154.0,6906.0,2,0.6319658756256104,2
4742.0,14794.0,5045.0,3,0.7577190399169922,2
4680.0,14683.0,5231.0,3,0.7577390670776367,2
4630.0,14999.0,5689.0,3,0.7577788829803467,2
4648.0,14629.0,5416.0,3,0.7578790187835693,2
4637.0,14811.0,5696.0,3,0.7578999996185303,2
5154.0,13799.0,5082.0,5,1.344594955444336,3
4943.0,17164.0,4951.0,5,1.3446569442749023,3
5079.0,13698.0,5283.0,5,1.3449680805206299,3
7699.0,11254.0,6868.0,5,1.3451290130615234,3
4732.0,14421.0,5446.0,6,1.4952850341796875,3
7643.0,11306.0,6864.0,6,1.49544095993042,3
8856.0,8177.0,9121.0,9,2.0821659564971924,4
4662.0,14634.0,5412.0,13,2.6498610973358154,4
4746.0,14426.0,5442.0,13,2.6499030590057373,4
7700.0,9234.0,7792.0,17,3.464332103729248,5
6067.0,13425.0,5356.0,20,3.952751874923706,5
4826.0,14586.0,5075.0,30,5.308403015136719,5
4694.0,14688.0,5227.0,31,5.347902059555054,5
9213.0,7790.0,8915.0,57,9.643160104751587,7
12611.0,5899.0,12987.0,57,9.643189907073975,7
12795.0,5806.0,12906.0,57,9.643236875534058,7
5792.0,13650.0,5361.0,70,11.57056999206543,7
4778.0,14480.0,5257.0,89,13.482558012008667,7
4764.0,14475.0,5261.0,89,13.482572078704834,7
5027.0,16956.0,4981.0,103,15.561841011047363,8
4724.0,14745.0,5226.0,116,16.925891876220703,8
7700.0,9769.0,7252.0,136,18.792421102523804,9
4957.0,17169.0,4947.0,153,20.88529396057129,9
5338.0,13670.0,5196.0,160,21.682717084884644,9
8399.0,8747.0,8023.0,197,25.11020588874817,10
12480.0,6116.0,13042.0,204,26.153599977493286,10
12664.0,6023.0,12961.0,204,26.15367293357849,10
12786.0,6061.0,12892.0,204,26.153687953948975,10
4756.0,14799.0,5041.0,256,30.905935049057007,10
5864.0,13640.0,5308.0,292,34.6903440952301,11
5982.0,13575.0,5345.0,293,34.76377606391907,11
5135.0,14096.0,5182.0,298,35.05060887336731,11
8166.0,8910.0,8188.0,341,37.98496890068054,12
12917.0,5844.0,12837.0,356,39.92149591445923,12
12842.0,5849.0,12896.0,357,39.97865104675293,12
12658.0,5942.0,12977.0,357,39.97866487503052,12
6824.0,11303.0,8213.0,388,42.38029098510742,12
13812.0,5277.0,13477.0,426,44.83115100860596,13
15213.0,4860.0,14870.0,427,44.89499497413635,13
12602.0,6154.0,12973.0,445,47.24335503578186,13
12964.0,5887.0,12827.0,448,47.60181498527527,13
13861.0,5323.0,13412.0,524,52.25213694572449,14
9487.0,7657.0,9342.0,524,52.252891063690186,14
15582.0,4880.0,14761.0,527,52.49695301055908,14
5279.0,13783.0,5163.0,584,57.0557758808136,14
12527.0,6159.0,13032.0,663,62.852046966552734,15
12649.0,6197.0,12963.0,667,63.205857038497925,15
12491.0,6050.0,13138.0,670,63.479580879211426,15
12538.0,6093.0,13128.0,674,63.847270011901855,15
5538.0,13755.0,5076.0,702,65.73766207695007,15
5463.0,13654.0,5277.0,702,65.73767590522766,15
15861.0,5172.0,14637.0,751,68.09932804107666,16
13591.0,5406.0,13811.0,754,68.42329692840576,16
13676.0,5347.0,13624.0,754,68.42331194877625,16
13307.0,5826.0,12755.0,754,68.42338109016418,16
12984.0,5727.0,12913.0,755,68.47875905036926,16
12360.0,6267.0,13193.0,782,71.04737687110901,16
12407.0,6310.0,13183.0,784,71.17729306221008,16
15366.0,4968.0,14675.0,894,77.37104392051697,17
4840.0,14591.0,5071.0,1018,84.7607250213623,17
12899.0,5786.0,13100.0,1036,86.42987704277039,18
12479.0,6276.0,12191.0,1036,86.42990589141846,18
12848.0,5797.0,13060.0,1037,86.4585599899292,18
12780.0,5980.0,12908.0,1097,91.42020201683044,18
13827.0,5711.0,13146.0,1179,94.1620979309082,19
12394.0,6335.0,12378.0,1192,95.55552792549133,19
12343.0,6346.0,12338.0,1194,95.68598294258118,19
4808.0,14537.0,5256.0,1301,102.01306891441345,19
13108.0,5980.0,12763.0,1335,103.35641288757324,20
13356.0,5872.0,12690.0,1337,103.5935480594635,20
13727.0,5336.0,13664.0,1528,116.20659494400024,21
12763.0,5856.0,13247.0,1542,117.45244002342224,21
15645.0,5260.0,14551.0,1680,125.88450908660889,22
13114.0,6105.0,12584.0,1702,127.74452590942383,22
12975.0,6258.0,12464.0,1848,136.7544128894806,23
12528.0,6322.0,12126.0,1852,137.18001508712769,23
13398.0,5685.0,13640.0,2303,164.73791408538818,25
13483.0,5626.0,13453.0,2303,164.7379710674286,25
12713.0,6036.0,12941.0,2390,169.8737668991089,25
12897.0,5943.0,12860.0,2390,169.8738079071045,25
13019.0,5981.0,12791.0,2390,169.87394905090332,25
13725.0,5393.0,13559.0,2440,171.32987594604492,26
13033.0,5773.0,12848.0,2441,171.48278307914734,26
12733.0,5937.0,12918.0,2604,180.99585604667664,26
12915.0,6259.0,12592.0,2860,193.9432508945465,28
13163.0,6151.0,12519.0,2870,194.48144102096558,28
12706.0,6065.0,12929.0,2953,198.64990210533142,28
13668.0,5602.0,13241.0,3052,203.93558502197266,29
12755.0,6111.0,12864.0,3052,203.9356050491333,29
12840.0,6052.0,12677.0,3052,203.93572688102722,29
12791.0,6006.0,12742.0,3145,208.28921508789062,29
12582.0,6253.0,12996.0,3174,210.10512709617615,29
12655.0,6076.0,12889.0,3345,218.2394609451294,30
12866.0,6213.0,12657.0,3906,246.4507908821106,34
13619.0,5556.0,13306.0,3906,246.45080494880676,34
13534.0,5615.0,13493.0,3906,246.45081901550293,34
13776.0,5382.0,13599.0,4296,266.1057839393616,39
12704.0,6122.0,12824.0,4550,275.59337091445923,45
13532.0,5672.0,13388.0,4584,277.1886329650879,47
13583.0,5661.0,13428.0,4594,277.4417929649353,47
13640.0,5452.0,13746.0,4614,278.0236699581146,49
