z1,z2,z3,node,time,depth
-10209.0,-6769.0,-7508.0,1,0.006606101989746094,1
-9723.0,-8222.0,-6615.0,1,0.006623029708862305,1
-10568.0,-6662.0,-6842.0,1,0.0066301822662353516,1
-6696.0,-9035.0,-5592.0,1,0.006636142730712891,1
-8540.0,-8500.0,-6512.0,2,0.013962030410766602,2
-8326.0,-8572.0,-6837.0,2,0.01396799087524414,2
-10194.0,-7405.0,-6657.0,3,0.020135164260864258,2
-9835.0,-7512.0,-7323.0,3,0.02013707160949707,2
-9173.0,-7921.0,-7313.0,6,0.04084897041320801,3
-8290.0,-8141.0,-7229.0,7,0.04679298400878906,3
-8438.0,-7862.0,-7545.0,9,0.059664011001586914,4
-10097.0,-7479.0,-6800.0,10,0.0652930736541748,4
-8064.0,-7242.0,-8050.0,18,0.10860705375671387,5
-7952.0,-7952.0,-7342.0,20,0.11803913116455078,5
-7049.0,-8478.0,-7279.0,24,0.1348881721496582,5
-6914.0,-8699.0,-7028.0,24,0.1349351406097412,5
-8996.0,-7774.0,-7379.0,32,0.16975998878479004,6
-7578.0,-8278.0,-7188.0,32,0.16977310180664062,6
-9123.0,-7622.0,-7353.0,44,0.22481918334960938,6
-7924.0,-8647.0,-6831.0,50,0.25019097328186035,6
-7550.0,-8027.0,-7336.0,50,0.2502169609069824,6
-8861.0,-7995.0,-7128.0,65,0.31139397621154785,7
-7882.0,-7959.0,-7403.0,70,0.3328421115875244,7
-8923.0,-8175.0,-6907.0,99,0.44895505905151367,7
-8440.0,-8505.0,-6675.0,106,0.47748303413391113,7
-9578.0,-7618.0,-6763.0,108,0.4851040840148926,7
-8724.0,-8661.0,-5980.0,110,0.4921729564666748,7
-9690.0,-6908.0,-7471.0,116,0.5140390396118164,7
-9270.0,-7837.0,-6997.0,130,0.5629260540008545,8
-10022.0,-6840.0,-7538.0,144,0.6227061748504639,8
-9910.0,-7550.0,-6830.0,160,0.6835460662841797,8
-8809.0,-7845.0,-7409.0,256,1.0055770874023438,9
-8674.0,-8066.0,-7158.0,256,1.0055789947509766,9
-8655.0,-7222.0,-7738.0,302,1.1638431549072266,9
-9248.0,-7119.0,-7842.0,319,1.2216880321502686,9
-9842.0,-7087.0,-7071.0,376,1.398055076599121,9
-9382.0,-7670.0,-6974.0,482,1.7146451473236084,9
-7965.0,-7402.0,-7902.0,608,2.0724070072174072,10
-9714.0,-7602.0,-7041.0,689,2.304033041000366,10
-8332.0,-8195.0,-7219.0,734,2.4316580295562744,10
-8714.0,-8568.0,-6293.0,778,2.551767110824585,10
-8938.0,-8589.0,-5655.0,810,2.6380090713500977,10
-8323.0,-7575.0,-7645.0,1077,3.338499069213867,11
-8211.0,-8285.0,-6937.0,1171,3.5775880813598633,11
-8342.0,-8134.0,-7091.0,1257,3.7938520908355713,11
-8145.0,-8266.0,-7249.0,1298,3.9005651473999023,11
-7329.0,-8931.0,-5382.0,1362,4.059450149536133,11
-8305.0,-8726.0,-6424.0,1374,4.09010910987854,11
-8518.0,-8615.0,-6060.0,1377,4.0971760749816895,11
-7994.0,-8640.0,-6770.0,1386,4.119819164276123,11
-8106.0,-7930.0,-7478.0,1466,4.32241415977478,11
-7929.0,-7463.0,-7799.0,1788,5.073440074920654,12
-7830.0,-7623.0,-7651.0,1862,5.2588841915130615,12
-6910.0,-8963.0,-5267.0,2270,6.232129096984863,12
-7587.0,-8774.0,-5282.0,2317,6.343722105026245,12
-9536.0,-8293.0,-6645.0,2386,6.502820014953613,12
-9648.0,-7583.0,-7353.0,2500,6.859318017959595,12
-8736.0,-8246.0,-6937.0,3360,8.705841064453125,13
-7237.0,-8782.0,-5977.0,3496,9.010660171508789,13
-7400.0,-8845.0,-5312.0,3549,9.132905006408691,13
-9821.0,-7773.0,-5554.0,3642,9.369584083557129,13
-8519.0,-7523.0,-7434.0,3939,9.948872089385986,14
-9061.0,-7190.0,-7872.0,4312,10.733065128326416,14
-10381.0,-6733.0,-6872.0,4630,11.328619956970215,14
-7640.0,-8458.0,-6967.0,4785,11.617882013320923,14
-7105.0,-8877.0,-5461.0,4953,11.950809001922607,14
-9472.0,-7351.0,-7682.0,5648,13.218142986297607,15
-9360.0,-8061.0,-6974.0,5978,13.8698570728302,15
-7077.0,-8762.0,-6363.0,6657,14.949925184249878,15
-8538.0,-8336.0,-6622.0,7776,16.76412010192871,16
-9928.0,-7530.0,-6716.0,7993,17.043219089508057,16
-8861.0,-8133.0,-7040.0,8112,17.200749158859253,16
-8828.0,-8395.0,-6342.0,8335,17.486489057540894,16
-6831.0,-8814.0,-5843.0,8479,17.665573120117188,16
-7920.0,-8911.0,-5070.0,8575,17.806374073028564,16
-8732.0,-8543.0,-5735.0,8593,17.830708026885986,16
-8919.0,-8472.0,-5705.0,8609,17.853161096572876,16
-7686.0,-8116.0,-7327.0,9202,18.671255111694336,17
-9659.0,-7280.0,-7652.0,9324,18.818228006362915,17
-8376.0,-7563.0,-7712.0,9344,18.842591047286987,17
-9547.0,-7990.0,-6944.0,9586,19.1496000289917,17
-8264.0,-8273.0,-7004.0,9596,19.16280198097229,17
-7862.0,-8348.0,-6998.0,9930,19.636337995529175,17
-8958.0,-8136.0,-6968.0,9942,19.646778106689453,17
-9145.0,-8065.0,-6938.0,9944,19.648961067199707,17
-7453.0,-8024.0,-7408.0,10082,19.812406063079834,17
-6529.0,-8884.0,-5674.0,10109,19.843415021896362,17
-7828.0,-8762.0,-5665.0,10397,20.169249057769775,17
-7879.0,-8353.0,-6870.0,10477,20.27119016647339,17
-7991.0,-7643.0,-7578.0,10715,20.549318075180054,17
-9869.0,-7595.0,-5804.0,11178,21.095991134643555,18
-8839.0,-7433.0,-7489.0,11271,21.200852155685425,18
-8477.0,-7913.0,-7342.0,11456,21.414005994796753,18
-7785.0,-7956.0,-7475.0,12376,22.530697107315063,19
-7758.0,-8015.0,-7363.0,12392,22.546560049057007,19
-9897.0,-6981.0,-7235.0,12438,22.59539818763733,19
-8359.0,-7222.0,-7803.0,12556,22.727970123291016,19
-9785.0,-7691.0,-6527.0,12632,22.807140111923218,19
-9048.0,-8062.0,-7010.0,12842,23.044363975524902,19
-7765.0,-8345.0,-7070.0,12850,23.053604125976562,19
-6243.0,-8765.0,-6018.0,13000,23.2190260887146,19
-6804.0,-8873.0,-5731.0,13086,23.30646300315857,19
-10225.0,-6580.0,-7060.0,13676,23.98225498199463,20
-8386.0,-7163.0,-7915.0,13690,23.99780297279358,20
-8037.0,-7301.0,-7938.0,13784,24.105942964553833,20
-8401.0,-6547.0,-7921.0,13794,24.11630916595459,20
-10078.0,-6848.0,-7024.0,13910,24.329395055770874,20
-8450.0,-7972.0,-7230.0,14038,24.46949005126953,20
-7416.0,-8483.0,-7093.0,14068,24.501222133636475,20
-6118.0,-8878.0,-5915.0,14086,24.52029800415039,20
-7827.0,-8644.0,-6903.0,14122,24.557219982147217,20
-8413.0,-8564.0,-6563.0,14200,24.63351607322693,20
-8191.0,-8674.0,-6532.0,14280,24.71866011619568,20
-8512.0,-8404.0,-6711.0,14326,24.76533818244934,20
-8954.0,-8400.0,-5207.0,14332,24.771295070648193,20
-9141.0,-8329.0,-5177.0,14338,24.777953147888184,20
-9317.0,-8312.0,-6074.0,14346,24.786519050598145,20
-9103.0,-8384.0,-6399.0,14368,24.81186008453369,20
-8303.0,-7964.0,-7240.0,14442,24.902101039886475,20
-8624.0,-7694.0,-7419.0,14482,24.945188999176025,20
-9215.0,-7674.0,-7107.0,14494,24.95746111869812,20
-7748.0,-8415.0,-7160.0,14574,25.044409036636353,21
-7239.0,-8016.0,-7414.0,14586,25.056921005249023,21
-8428.0,-6488.0,-8033.0,14624,25.1037380695343,21
-9039.0,-7442.0,-7436.0,14632,25.111809968948364,21
-8448.0,-7462.0,-7748.0,14634,25.113712072372437,21
-8261.0,-7276.0,-7812.0,14664,25.147549152374268,21
-8349.0,-7622.0,-7600.0,14680,25.164326190948486,21
-8927.0,-8152.0,-6728.0,14702,25.189521074295044,21
-8336.0,-8172.0,-7040.0,14704,25.191532135009766,21
-8237.0,-8332.0,-6892.0,14722,25.211655139923096,21
-8615.0,-7458.0,-7615.0,14726,25.215484142303467,21
-9926.0,-7366.0,-6826.0,14730,25.218793153762817,21
-10064.0,-6977.0,-7102.0,14748,25.237282037734985,21
-7600.0,-8694.0,-6844.0,14930,25.43848204612732,21
-6918.0,-8925.0,-5623.0,14932,25.44033718109131,21
-7327.0,-8767.0,-5492.0,14940,25.44839310646057,21
-7509.0,-8905.0,-5311.0,14970,25.478990077972412,21
-7918.0,-8747.0,-5180.0,14974,25.483160972595215,21
-9028.0,-8129.0,-6907.0,15056,25.574613094329834,21
-8936.0,-8425.0,-5765.0,15060,25.57816505432129,21
-9739.0,-8033.0,-6167.0,15084,25.603223085403442,21
-7712.0,-7984.0,-7552.0,15122,25.64095401763916,21
-9140.0,-7419.0,-7615.0,15150,25.67097806930542,21
-9851.0,-7323.0,-6875.0,15162,25.689587116241455,21
-7374.0,-7795.0,-7665.0,15212,25.73736000061035,22
-10256.0,-6874.0,-6569.0,15312,25.840177059173584,22
-10584.0,-6473.0,-6394.0,15316,25.844391107559204,22
-7354.0,-8184.0,-7260.0,15356,25.891029119491577,22
-7932.0,-8341.0,-6937.0,15460,25.99023413658142,22
-7763.0,-8757.0,-6179.0,15472,26.0005099773407,22
-8044.0,-7631.0,-7645.0,15510,26.038130044937134,22
-10210.0,-7216.0,-6209.0,15540,26.073729991912842,22
-9514.0,-6676.0,-7800.0,15566,26.095729112625122,23
-9701.0,-6605.0,-7770.0,15568,26.097660064697266,23
-8691.0,-6869.0,-7896.0,15572,26.10144305229187,23
-8525.0,-6491.0,-7961.0,15580,26.107635974884033,23
-9136.0,-7445.0,-7364.0,15582,26.10933208465576,23
-8545.0,-7465.0,-7676.0,15584,26.111027002334595,23
-7975.0,-7002.0,-8105.0,15588,26.114659070968628,23
-8303.0,-6601.0,-7930.0,15590,26.116501092910767,23
-8548.0,-8429.0,-6309.0,15606,26.131726026535034,23
-9024.0,-8155.0,-6656.0,15608,26.133574962615967,23
-8433.0,-8175.0,-6968.0,15610,26.135276079177856,23
-10018.0,-7173.0,-6986.0,15616,26.141332149505615,23
-8516.0,-7618.0,-7467.0,15620,26.14511799812317,23
