z1,z2,z3,node,time,depth
-2541.0,-5329.0,-3177.0,1,0.0033919811248779297,1
-3659.0,-3638.0,-4153.0,1,0.0033948421478271484,1
-4072.0,-3069.0,-3652.0,1,0.0033979415893554688,1
-2311.0,-4750.0,-4719.0,1,0.003401041030883789,1
-2371.0,-3828.0,-4719.0,1,0.003403902053833008,1
-1839.0,-3367.0,-4839.0,1,0.003407001495361328,1
-3431.0,-3886.0,-4276.0,1,0.003409862518310547,1
-3445.0,-4245.0,-3814.0,1,0.003412008285522461,1
-3046.0,-4766.0,-3622.0,1,0.0034148693084716797,1
-3640.0,-4497.0,-3105.0,1,0.00341796875,1
-3557.0,-4689.0,-2926.0,1,0.0034208297729492188,1
-3635.0,-4709.0,-2160.0,1,0.003423929214477539,1
-3970.0,-4120.0,-2425.0,1,0.0034270286560058594,1
-4192.0,-3665.0,-3210.0,1,0.003429889678955078,1
-3737.0,-3658.0,-3387.0,2,0.0065670013427734375,2
-3488.0,-3938.0,-3881.0,2,0.00656890869140625,2
-4118.0,-2340.0,-3251.0,2,0.006574869155883789,2
-4105.0,-2011.0,-3400.0,2,0.006577968597412109,2
-3692.0,-3582.0,-3678.0,3,0.010759830474853516,2
-3015.0,-4477.0,-4048.0,3,0.010788917541503906,2
-3120.0,-3912.0,-4109.0,4,0.015338897705078125,3
-2736.0,-4133.0,-4498.0,4,0.01536703109741211,3
-2988.0,-3855.0,-4349.0,5,0.018251895904541016,3
-2899.0,-3425.0,-4396.0,5,0.018257856369018555,3
-3056.0,-4142.0,-4206.0,5,0.018260955810546875,3
-2592.0,-4984.0,-2958.0,7,0.02327895164489746,3
-3018.0,-4963.0,-2882.0,7,0.02328205108642578,3
-3718.0,-3221.0,-3511.0,7,0.023300886154174805,3
-2879.0,-3831.0,-4381.0,8,0.027206897735595703,4
-2798.0,-4236.0,-4273.0,8,0.027211904525756836,4
-3871.0,-3121.0,-3347.0,10,0.03342485427856445,4
-3874.0,-2597.0,-3669.0,10,0.03342795372009277,4
-3124.0,-4786.0,-2856.0,12,0.038899898529052734,4
-3096.0,-4983.0,-2116.0,12,0.038902997970581055,4
-3471.0,-4149.0,-3401.0,12,0.03891587257385254,4
-2456.0,-4486.0,-3729.0,18,0.05411100387573242,5
-2599.0,-3580.0,-4596.0,18,0.05411696434020996,5
-2332.0,-4718.0,-4348.0,39,0.09972786903381348,6
-2686.0,-5065.0,-2187.0,48,0.11319398880004883,6
-3769.0,-4172.0,-2120.0,54,0.12181782722473145,6
-3122.0,-2792.0,-4286.0,75,0.16184091567993164,7
-2382.0,-4357.0,-4057.0,76,0.16415190696716309,7
-2469.0,-3657.0,-4630.0,78,0.16681885719299316,7
-3088.0,-4442.0,-3210.0,152,0.26895785331726074,8
