z1,z2,z3,node,time,depth
2328.0,4746.0,3994.0,1,0.025906085968017578,1
5645.0,2768.0,1924.0,1,0.0259091854095459,1
3465.0,2714.0,4320.0,1,0.025912046432495117,1
4634.0,2201.0,4357.0,1,0.025916099548339844,1
4175.0,2198.0,4927.0,1,0.025919198989868164,1
4176.0,2199.0,4728.0,1,0.025922060012817383,1
5749.0,3235.0,1433.0,1,0.025925159454345703,1
5495.0,2933.0,1783.0,1,0.025928020477294922,1
4441.0,4977.0,1105.0,1,0.025931119918823242,1
5273.0,4522.0,922.0,1,0.025934219360351562,1
5476.0,4173.0,949.0,1,0.02593708038330078,1
5620.0,3675.0,1084.0,1,0.0259401798248291,1
5599.0,3400.0,1292.0,1,0.02594304084777832,1
3164.0,3064.0,4659.0,1,0.02594614028930664,1
3450.0,2692.0,4418.0,1,0.025950193405151367,1
2484.0,3961.0,4299.0,1,0.025953054428100586,1
2770.0,3589.0,4058.0,1,0.025956153869628906,1
3863.0,2241.0,4845.0,1,0.025959014892578125,1
3895.0,2426.0,4188.0,1,0.025962114334106445,1
3910.0,2448.0,4090.0,1,0.025965213775634766,1
3848.0,2219.0,4943.0,1,0.025968074798583984,1
4841.0,2245.0,3920.0,1,0.025971174240112305,1
5231.0,2464.0,2659.0,1,0.025974035263061523,1
3751.0,4835.0,1666.0,1,0.025977134704589844,1
3388.0,5454.0,1611.0,1,0.025979995727539062,1
2624.0,5861.0,2295.0,1,0.025983095169067383,1
2738.0,5904.0,2182.0,1,0.025986194610595703,1
3191.0,5860.0,1733.0,1,0.025989055633544922,1
3077.0,5817.0,1846.0,1,0.025992155075073242,1
3896.0,5219.0,1300.0,1,0.025999069213867188,1
5485.0,3985.0,997.0,1,0.026002168655395508,1
5282.0,4334.0,970.0,1,0.026005029678344727,1
4858.0,4778.0,993.0,1,0.026008129119873047,1
5024.0,3337.0,1784.0,1,0.026011228561401367,1
4500.0,3854.0,1771.0,1,0.026014089584350586,1
2491.0,5807.0,2751.0,1,0.026017189025878906,1
2375.0,5180.0,3404.0,1,0.026020050048828125,1
3575.0,3155.0,3528.0,1,0.026023149490356445,1
3388.0,3795.0,2955.0,1,0.026026010513305664,1
4020.0,2889.0,3298.0,1,0.026029109954833984,1
2625.0,4677.0,3060.0,1,0.02603316307067871,1
2916.0,4327.0,2960.0,1,0.026044130325317383,1
2528.0,5221.0,2813.0,1,0.026047229766845703,1
3032.0,4954.0,2307.0,1,0.026050090789794922,1
2919.0,5339.0,2203.0,1,0.026053190231323242,1
2515.0,4236.0,3852.0,1,0.02605915069580078,1
2359.0,5021.0,3547.0,1,0.02606201171875,1
2418.0,4780.0,3605.0,1,0.02606511116027832,1
2880.0,4030.0,3266.0,1,0.02607107162475586,1
4464.0,3557.0,2077.0,1,0.02607417106628418,1
4356.0,3188.0,2605.0,1,0.0260770320892334,1
5096.0,2651.0,2420.0,1,0.02608013153076172,1
4383.0,2243.0,4291.0,1,0.026084184646606445,1
4822.0,2364.0,3381.0,1,0.026086091995239258,1
4147.0,2344.0,4103.0,1,0.026090145111083984,1
5246.0,2486.0,2561.0,1,0.026093006134033203,1
4837.0,2386.0,3283.0,1,0.026096105575561523,1
4162.0,2366.0,4005.0,1,0.026099205017089844,1
3772.0,5110.0,1458.0,1,0.026102066040039062,1
3892.0,5121.0,1358.0,1,0.026105165481567383,1
3880.0,4402.0,1856.0,1,0.0261080265045166,1
3481.0,5460.0,1558.0,2,0.05370306968688965,2
3562.0,2591.0,5184.0,2,0.05370903015136719,2
2882.0,3488.0,4824.0,2,0.05371212959289551,2
3168.0,3116.0,4583.0,2,0.05375218391418457,2
3303.0,4995.0,2050.0,2,0.05376410484313965,2
3307.0,4379.0,2603.0,2,0.053768157958984375,2
3755.0,4219.0,2219.0,2,0.05379819869995117,2
4284.0,3874.0,1969.0,2,0.05380105972290039,2
3028.0,5504.0,2007.0,2,0.05380415916442871,2
3032.0,4888.0,2560.0,2,0.05380702018737793,2
3060.0,4282.0,3172.0,2,0.05381417274475098,2
2815.0,4414.0,3506.0,2,0.05381608009338379,2
4865.0,4533.0,1082.0,2,0.053832054138183594,2
3717.0,2632.0,4235.0,3,0.07293820381164551,2
3702.0,2610.0,4333.0,3,0.07294106483459473,2
4651.0,2917.0,2650.0,3,0.07294702529907227,2
4175.0,2634.0,3864.0,3,0.07295012474060059,2
4160.0,2612.0,3962.0,3,0.0729532241821289,2
4728.0,4764.0,1117.0,3,0.07296204566955566,2
5216.0,4032.0,1372.0,3,0.07297110557556152,2
4640.0,3338.0,2222.0,3,0.07297420501708984,2
4812.0,4358.0,1248.0,3,0.07298612594604492,2
4313.0,5020.0,1188.0,3,0.07298922538757324,2
4931.0,4415.0,1144.0,3,0.07299208641052246,2
5019.0,3976.0,1435.0,3,0.07300209999084473,2
4984.0,2750.0,2731.0,4,0.10519599914550781,3
3640.0,3361.0,3497.0,4,0.10526204109191895,3
4419.0,3171.0,2661.0,4,0.1052711009979248,3
4750.0,3042.0,2473.0,4,0.10527420043945312,3
4834.0,2915.0,2590.0,4,0.10527706146240234,3
5019.0,2650.0,2997.0,4,0.10528922080993652,3
3887.0,3458.0,2928.0,4,0.10530519485473633,3
4335.0,3298.0,2544.0,4,0.10531401634216309,3
3960.0,3239.0,3158.0,4,0.10532903671264648,3
4375.0,2983.0,3087.0,4,0.1053321361541748,3
4755.0,3470.0,1968.0,4,0.10535120964050293,3
4842.0,3961.0,1549.0,5,0.12735414505004883,3
5045.0,3612.0,1576.0,5,0.12736010551452637,3
5095.0,3423.0,1682.0,5,0.12736916542053223,3
3436.0,4426.0,2420.0,5,0.12737202644348145,3
4305.0,4149.0,1761.0,5,0.12740612030029297,3
4425.0,4160.0,1661.0,5,0.1274092197418213,3
5200.0,3118.0,1929.0,5,0.12741518020629883,3
3457.0,4701.0,2212.0,5,0.12743306159973145,3
3577.0,4712.0,2112.0,5,0.12743616104125977,3
4085.0,4477.0,1801.0,5,0.12744617462158203,3
3170.0,4435.0,2865.0,5,0.1274580955505371,3
5350.0,2953.0,2070.0,5,0.12747907638549805,3
5235.0,2907.0,2133.0,5,0.12748503684997559,3
5271.0,3204.0,1827.0,5,0.1274881362915039,3
2556.0,4615.0,3425.0,6,0.14963912963867188,3
3236.0,4530.0,2570.0,6,0.1496570110321045,3
3767.0,4787.0,1752.0,6,0.1496601104736328,3
3744.0,4295.0,2259.0,6,0.14966320991516113,3
3311.0,4477.0,2545.0,6,0.1496870517730713,3
2803.0,4712.0,2856.0,6,0.1496901512145996,3
4387.0,4239.0,1667.0,6,0.14969420433044434,3
4297.0,4203.0,1744.0,7,0.16565799713134766,3
4676.0,3635.0,1916.0,7,0.16569805145263672,3
4755.0,3384.0,2159.0,7,0.16570115089416504,3
3540.0,4719.0,1996.0,7,0.16571402549743652,3
2835.0,5360.0,2429.0,7,0.1657261848449707,3
2721.0,5317.0,2542.0,7,0.16572904586791992,3
2441.0,4361.0,4098.0,7,0.16573214530944824,3
2472.0,4636.0,3651.0,7,0.16573500633239746,3
5117.0,3498.0,1665.0,8,0.19492101669311523,4
3772.0,3934.0,2638.0,8,0.19503116607666016,4
3380.0,4160.0,2833.0,8,0.19503402709960938,4
3883.0,4074.0,2375.0,9,0.21553707122802734,4
5516.0,3208.0,1575.0,9,0.21554017066955566,4
5507.0,3396.0,1527.0,9,0.21555018424987793,4
4223.0,3757.0,2235.0,9,0.21555304527282715,4
3561.0,3916.0,2875.0,9,0.21557116508483887,4
4896.0,3756.0,1660.0,9,0.2156381607055664,4
4776.0,3745.0,1760.0,9,0.21564102172851562,4
3643.0,4308.0,2401.0,10,0.2382340431213379,4
3759.0,3689.0,2832.0,10,0.2382371425628662,4
3812.0,2915.0,3883.0,10,0.23826813697814941,4
3831.0,3003.0,3468.0,10,0.23827409744262695,4
3816.0,2981.0,3566.0,10,0.23828411102294922,4
3948.0,3575.0,2662.0,11,0.2553391456604004,4
4435.0,2633.0,3227.0,11,0.25537919998168945,4
4585.0,2468.0,3368.0,11,0.25538206100463867,4
4633.0,2200.0,4556.0,11,0.25540614128112793,4
4570.0,2446.0,3466.0,11,0.25541210174560547,4
3944.0,4191.0,2109.0,11,0.2554311752319336,4
2444.0,5373.0,3341.0,12,0.28116416931152344,4
2475.0,5648.0,2894.0,12,0.28117918968200684,4
2455.0,5661.0,3029.0,12,0.2811851501464844,4
2672.0,5242.0,2772.0,12,0.28121304512023926,4
2471.0,5820.0,2886.0,12,0.28122806549072266,4
3105.0,4946.0,2392.0,12,0.2812371253967285,4
3157.0,4273.0,3163.0,12,0.28125619888305664,4
3489.0,4942.0,2053.0,13,0.29708123207092285,4
4195.0,4336.0,1882.0,13,0.29708409309387207,4
3780.0,4592.0,1953.0,13,0.2970871925354004,4
4159.0,4039.0,2188.0,13,0.2971000671386719,4
2981.0,5177.0,2364.0,13,0.2971060276031494,4
3272.0,4827.0,2264.0,13,0.29710912704467773,4
3097.0,3568.0,4042.0,14,0.3133511543273926,4
2611.0,4876.0,3334.0,14,0.31337499618530273,4
2580.0,4601.0,3781.0,14,0.313385009765625,4
3371.0,3247.0,3796.0,14,0.3133881092071533,4
2762.0,4139.0,3822.0,14,0.31339120864868164,4
2785.0,4857.0,2876.0,14,0.31339406967163086,4
2872.0,4580.0,3030.0,14,0.3134000301361084,4
3386.0,3269.0,3698.0,14,0.3134031295776367,4
2991.0,4692.0,2650.0,14,0.31340622901916504,4
2537.0,5001.0,3580.0,14,0.3134150505065918,4
3911.0,3454.0,2835.0,14,0.31342101097106934,4
3218.0,4561.0,2496.0,14,0.313427209854126,4
3839.0,3836.0,2578.0,15,0.32459211349487305,4
3975.0,2877.0,3555.0,15,0.32460808753967285,4
3133.0,4442.0,2749.0,15,0.32461118698120117,4
3424.0,4092.0,2649.0,15,0.3246140480041504,4
3803.0,3539.0,2884.0,15,0.32462310791015625,4
3990.0,2899.0,3457.0,15,0.32463812828063965,4
4094.0,3366.0,2966.0,15,0.3246440887451172,4
3979.0,3320.0,3029.0,15,0.3246471881866455,4
4859.0,3937.0,1477.0,16,0.3593780994415283,5
2859.0,5304.0,2741.0,16,0.3594231605529785,5
3776.0,4494.0,2011.0,17,0.38112401962280273,5
3485.0,4844.0,2111.0,17,0.38112711906433105,5
4938.0,3382.0,2099.0,17,0.38115501403808594,5
4925.0,3595.0,1880.0,17,0.38118910789489746,5
5666.0,3043.0,1716.0,18,0.4007561206817627,5
4963.0,3220.0,2050.0,18,0.4007689952850342,5
5113.0,3055.0,2191.0,18,0.40084314346313477,5
4302.0,3202.0,2857.0,18,0.40087103843688965,5
4452.0,3037.0,2998.0,18,0.40087413787841797,5
3958.0,4034.0,2454.0,19,0.41649913787841797,5
3634.0,3697.0,3105.0,19,0.4165151119232178,5
5486.0,3121.0,1735.0,19,0.41652512550354004,5
4892.0,3772.0,1655.0,20,0.43581318855285645,5
4398.0,2265.0,4193.0,20,0.43582606315612793,5
4506.0,3023.0,2746.0,20,0.43582916259765625,5
5059.0,3126.0,1988.0,20,0.43583202362060547,5
4191.0,2221.0,4630.0,20,0.43587517738342285,5
4475.0,3971.0,1767.0,20,0.43589305877685547,5
5221.0,3393.0,1721.0,21,0.44934821128845215,5
4620.0,2368.0,3634.0,21,0.44939112663269043,5
4605.0,2346.0,3732.0,21,0.44939422607421875,5
4398.0,3108.0,2795.0,22,0.4649341106414795,5
4434.0,3405.0,2489.0,22,0.4649491310119629,5
3926.0,3640.0,2800.0,22,0.4649980068206787,5
3890.0,3343.0,3106.0,22,0.4650230407714844,5
3561.0,3663.0,3224.0,22,0.4650261402130127,5
3060.0,3994.0,3657.0,23,0.47887420654296875,5
3315.0,3347.0,3863.0,23,0.4789280891418457,5
5107.0,4196.0,1289.0,24,0.499190092086792,5
4895.0,4118.0,1450.0,24,0.49921202659606934,5
4776.0,4061.0,1554.0,24,0.49921512603759766,5
3876.0,5232.0,1435.0,25,0.5205910205841064,5
3585.0,5582.0,1535.0,25,0.5205941200256348,5
3747.0,4800.0,1887.0,25,0.5206341743469238,5
3855.0,4957.0,1643.0,25,0.520637035369873,5
3368.0,5467.0,1746.0,25,0.520658016204834,5
3347.0,5192.0,1954.0,25,0.5206642150878906,5
2899.0,5352.0,2338.0,25,0.5206670761108398,5
2514.0,5420.0,3087.0,25,0.5206761360168457,5
4300.0,4788.0,1412.0,25,0.5206952095031738,5
4420.0,4799.0,1312.0,25,0.520698070526123,5
4279.0,4513.0,1620.0,25,0.5207011699676514,5
2467.0,4581.0,4066.0,26,0.5364570617675781,5
2863.0,4650.0,3033.0,26,0.5364789962768555,5
2753.0,4209.0,3825.0,26,0.5364861488342285,5
4050.0,4395.0,2054.0,26,0.5365190505981445,5
3683.0,4808.0,1978.0,28,0.5617091655731201,5
3222.0,3333.0,4424.0,28,0.5617580413818359,5
2816.0,4566.0,3236.0,28,0.5617611408233643,5
3571.0,3771.0,2975.0,29,0.5773990154266357,5
2684.0,3787.0,4750.0,30,0.5863831043243408,5
3278.0,3354.0,3747.0,30,0.5863862037658691,5
2970.0,3415.0,4509.0,30,0.5864012241363525,5
3331.0,4071.0,2889.0,31,0.5935120582580566,5
3295.0,3774.0,3195.0,31,0.5935192108154297,5
3376.0,4776.0,2280.0,32,0.6203370094299316,6
3062.0,4511.0,2937.0,34,0.6568300724029541,6
4241.0,4049.0,2046.0,34,0.6568851470947266,6
4768.0,3887.0,1716.0,36,0.6938211917877197,6
4356.0,3573.0,2336.0,37,0.7107381820678711,6
4771.0,3317.0,2265.0,37,0.7107851505279541,6
4855.0,3190.0,2382.0,37,0.7107880115509033,6
4699.0,2839.0,2978.0,38,0.7259740829467773,6
4549.0,3004.0,2837.0,38,0.7259771823883057,6
4296.0,3538.0,2465.0,38,0.7259891033172607,6
4900.0,2877.0,2614.0,39,0.7344181537628174,6
3962.0,3418.0,3007.0,39,0.7344481945037842,6
4826.0,2807.0,2855.0,40,0.7497520446777344,6
4650.0,3026.0,2710.0,40,0.74977707862854,6
5174.0,3172.0,1925.0,41,0.7631640434265137,6
4434.0,3709.0,2110.0,41,0.7632122039794922,6
4455.0,3984.0,1902.0,41,0.7632150650024414,6
4341.0,3166.0,2703.0,43,0.7829961776733398,6
4460.0,3655.0,2114.0,43,0.7830049991607666,6
4481.0,3930.0,1906.0,43,0.7830080986022949,6
5124.0,2505.0,3244.0,44,0.7968790531158447,6
4388.0,2426.0,3982.0,44,0.7969341278076172,6
3973.0,2682.0,4053.0,44,0.7969372272491455,6
3786.0,3322.0,3480.0,44,0.7969551086425781,6
4146.0,2347.0,4278.0,45,0.8116450309753418,6
3451.0,3222.0,4016.0,45,0.811676025390625,6
4131.0,2325.0,4376.0,45,0.8116910457611084,6
3678.0,4200.0,2554.0,46,0.8237230777740479,6
2775.0,5124.0,2783.0,48,0.8534162044525146,6
3427.0,5104.0,1892.0,49,0.8662750720977783,6
2722.0,5745.0,2325.0,49,0.8662881851196289,6
2899.0,4947.0,2727.0,54,0.933070182800293,6
3726.0,4221.0,2474.0,55,0.9410910606384277,6
2606.0,5118.0,2978.0,55,0.9410970211029053,6
3367.0,3181.0,4113.0,56,0.9543871879577637,6
3044.0,4580.0,2954.0,56,0.9544031620025635,6
4006.0,4553.0,1844.0,56,0.954409122467041,6
3839.0,4140.0,2199.0,56,0.9544150829315186,6
4579.0,3603.0,2014.0,56,0.9544241428375244,6
3314.0,3955.0,3062.0,56,0.9544341564178467,6
4355.0,3913.0,1943.0,56,0.9544401168823242,6
4209.0,4204.0,1871.0,56,0.9544432163238525,6
3116.0,3894.0,3590.0,56,0.9544460773468018,6
3195.0,3843.0,3442.0,56,0.9544491767883301,6
4672.0,3192.0,2442.0,57,0.9724240303039551,6
3270.0,3888.0,3267.0,57,0.9724462032318115,6
3355.0,4217.0,2719.0,57,0.9724709987640381,6
3407.0,3544.0,3490.0,57,0.9724771976470947,6
3229.0,5082.0,2231.0,58,0.9888350963592529,6
3499.0,4457.0,2339.0,58,0.9888620376586914,6
4146.0,3899.0,2394.0,59,0.9991390705108643,6
3449.0,4755.0,2195.0,59,0.9991481304168701,6
4067.0,4150.0,2151.0,59,0.9991550445556641,6
2992.0,3726.0,3988.0,60,1.0097811222076416,6
3023.0,4001.0,3541.0,60,1.0097870826721191,6
3918.0,3585.0,2821.0,60,1.0098021030426025,6
3694.0,3895.0,2750.0,60,1.00980806350708,6
3596.0,3430.0,3320.0,61,1.0196661949157715,6
4011.0,3174.0,3249.0,61,1.0196871757507324,6
3486.0,2989.0,4112.0,61,1.0196959972381592,6
3314.0,3651.0,3441.0,61,1.0197021961212158,6
3177.0,3995.0,3218.0,61,1.019705057144165,6
3186.0,4130.0,3061.0,62,1.0266051292419434,6
2806.0,3886.0,3752.0,63,1.0324790477752686,6
2669.0,4230.0,3529.0,63,1.0324921607971191,6
4357.0,4676.0,1393.0,64,1.0569770336151123,7
3647.0,5253.0,1692.0,64,1.056981086730957,7
5323.0,4333.0,1028.0,64,1.056990146636963,7
5526.0,3984.0,1055.0,64,1.056993007659912,7
4906.0,4532.0,1140.0,64,1.0569961071014404,7
5770.0,3510.0,1225.0,64,1.0569992065429688,7
5661.0,3674.0,1142.0,64,1.0570051670074463,7
5542.0,3617.0,1246.0,64,1.0570080280303955,7
4977.0,4128.0,1308.0,64,1.0570111274719238,7
4497.0,4046.0,1750.0,64,1.0570170879364014,7
3178.0,5138.0,2284.0,64,1.057021141052246,7
5067.0,3687.0,1559.0,65,1.079085111618042,7
4157.0,3700.0,2551.0,72,1.1988601684570312,7
4114.0,3904.0,2400.0,72,1.1989262104034424,7
4905.0,3305.0,2109.0,76,1.2588400840759277,7
5086.0,2833.0,2505.0,77,1.2704811096191406,7
4768.0,2858.0,2906.0,79,1.2833261489868164,7
4796.0,2786.0,3043.0,80,1.2992370128631592,7
4686.0,3323.0,2404.0,81,1.3102161884307861,7
5267.0,2761.0,2353.0,83,1.3353660106658936,7
4527.0,3298.0,2538.0,83,1.3353722095489502,7
5081.0,2629.0,2518.0,84,1.3470580577850342,7
4657.0,2530.0,3330.0,84,1.3470711708068848,7
4353.0,2793.0,3354.0,84,1.347093105316162,7
4368.0,2815.0,3256.0,84,1.3470990657806396,7
4687.0,2551.0,3142.0,85,1.3614280223846436,7
4615.0,3237.0,2506.0,85,1.361476182937622,7
3740.0,3601.0,3247.0,85,1.3614790439605713,7
4754.0,3962.0,1676.0,85,1.3614981174468994,7
3561.0,3628.0,3360.0,86,1.3702502250671387,7
4377.0,3463.0,2397.0,87,1.3784642219543457,7
3852.0,3278.0,3260.0,87,1.3784890174865723,7
3715.0,3622.0,3037.0,87,1.3784921169281006,7
3164.0,3535.0,4219.0,88,1.3927562236785889,7
4004.0,2357.0,4827.0,88,1.392759084701538,7
3324.0,3254.0,4467.0,88,1.3927650451660156,7
4019.0,2379.0,4729.0,88,1.3928101062774658,7
3106.0,3776.0,3891.0,88,1.392822027206421,7
4626.0,3422.0,2368.0,90,1.4411702156066895,7
4610.0,3186.0,2634.0,91,1.4511630535125732,7
4574.0,2889.0,2940.0,91,1.4511661529541016,7
4105.0,3725.0,2607.0,91,1.451172113418579,7
3640.0,3073.0,3982.0,92,1.4644629955291748,7
3750.0,3514.0,3190.0,92,1.4644880294799805,7
4456.0,2908.0,3019.0,93,1.4768710136413574,7
3794.0,3067.0,3659.0,93,1.476896047592163,7
3931.0,2723.0,3882.0,93,1.4769060611724854,7
4041.0,3164.0,3090.0,93,1.476912021636963,7
3969.0,3850.0,2454.0,93,1.4769182205200195,7
3876.0,3829.0,2694.0,95,1.4946691989898682,7
3461.0,4085.0,2765.0,95,1.4946720600128174,7
3840.0,3532.0,3000.0,95,1.494697093963623,7
3954.0,4978.0,1628.0,97,1.5271131992340088,7
4277.0,4723.0,1494.0,97,1.5271291732788086,7
3316.0,4298.0,3029.0,98,1.54085111618042,7
2502.0,5529.0,3246.0,102,1.6426830291748047,7
2702.0,5758.0,2460.0,103,1.6514341831207275,7
3407.0,5117.0,2027.0,103,1.6514501571655273,7
3859.0,4341.0,2196.0,106,1.6791620254516602,7
3651.0,4274.0,2499.0,107,1.6856410503387451,7
3407.0,4712.0,2416.0,109,1.7061870098114014,7
2614.0,4374.0,3753.0,110,1.7159771919250488,7
4212.0,2796.0,3560.0,112,1.732255220413208,7
3845.0,3397.0,3151.0,112,1.7322821617126465,7
3773.0,4083.0,2515.0,112,1.732288122177124,7
3736.0,3721.0,2913.0,112,1.7322912216186523,7
3896.0,3432.0,2933.0,113,1.744157075881958,7
4227.0,2795.0,3470.0,113,1.7441601753234863,7
4242.0,2817.0,3372.0,113,1.7441630363464355,7
4636.0,2895.0,2748.0,113,1.7441670894622803,7
3641.0,4079.0,2727.0,113,1.7442002296447754,7
3720.0,4028.0,2579.0,113,1.7442030906677246,7
3938.0,4161.0,2184.0,114,1.7603731155395508,7
3276.0,4320.0,2824.0,114,1.7603950500488281,7
3738.0,2907.0,4027.0,115,1.7728211879730225,7
2796.0,4579.0,3371.0,115,1.772841215133667,7
3715.0,3774.0,2939.0,116,1.7853522300720215,7
3520.0,4732.0,2131.0,117,1.796288013458252,7
2866.0,4229.0,3540.0,118,1.8052752017974854,7
2690.0,5042.0,2989.0,118,1.805281162261963,7
3158.0,5105.0,2295.0,119,1.8156862258911133,7
3852.0,3528.0,3137.0,120,1.82470703125,7
3924.0,2842.0,3773.0,120,1.8247230052947998,7
3503.0,3841.0,2892.0,120,1.824735164642334,7
3235.0,3754.0,3546.0,122,1.8403801918029785,7
3080.0,3856.0,3717.0,122,1.8404052257537842,7
2995.0,4076.0,3203.0,124,1.8518190383911133,7
3308.0,3667.0,3701.0,124,1.8518311977386475,7
2727.0,3989.0,3857.0,126,1.8610031604766846,7
3378.0,4955.0,2129.0,130,1.9314470291137695,8
4932.0,3997.0,1472.0,131,1.9470160007476807,8
3106.0,5401.0,2172.0,131,1.9470410346984863,8
3226.0,5412.0,2072.0,131,1.947045087814331,8
4447.0,4235.0,1644.0,131,1.9470820426940918,8
3423.0,5006.0,1950.0,131,1.9470851421356201,8
4312.0,4545.0,1557.0,131,1.9470880031585693,8
3634.0,4358.0,2587.0,135,2.017106056213379,8
3382.0,4339.0,2682.0,142,2.1033501625061035,8
3839.0,4092.0,2336.0,142,2.1033871173858643,8
4926.0,3580.0,1901.0,146,2.154527187347412,8
5594.0,2890.0,2336.0,154,2.247400999069214,8
5036.0,3001.0,2280.0,154,2.2474100589752197,8
4209.0,3321.0,2977.0,155,2.2599740028381348,8
4800.0,3744.0,1910.0,160,2.2937240600585938,8
5345.0,2443.0,3114.0,164,2.3301751613616943,8
4792.0,2343.0,3569.0,164,2.330191135406494,8
4856.0,2267.0,3822.0,164,2.3302001953125,8
4807.0,2365.0,3471.0,164,2.330203056335449,8
4491.0,3001.0,2844.0,165,2.341273069381714,8
4821.0,3686.0,1757.0,168,2.3825840950012207,8
4296.0,3501.0,2620.0,168,2.382603168487549,8
4497.0,3474.0,2297.0,169,2.390660047531128,8
4570.0,3255.0,2527.0,169,2.3906631469726562,8
5180.0,2586.0,3071.0,170,2.4028871059417725,8
4218.0,3817.0,2285.0,172,2.419119119644165,8
4290.0,3131.0,2921.0,172,2.419138193130493,8
4369.0,3081.0,3111.0,172,2.4191410541534424,8
4086.0,3813.0,2497.0,173,2.4298582077026367,8
3716.0,4089.0,2631.0,174,2.437859058380127,8
3788.0,3403.0,3267.0,174,2.4378650188446045,8
4069.0,3428.0,2913.0,182,2.5247461795806885,8
4256.0,2788.0,3486.0,182,2.5247890949249268,8
4245.0,3209.0,3058.0,182,2.524792194366455,8
4016.0,3505.0,2745.0,184,2.5442850589752197,8
3838.0,3134.0,3454.0,185,2.553640127182007,8
3823.0,3112.0,3552.0,185,2.5536611080169678,8
4037.0,3780.0,2537.0,186,2.566169023513794,8
4560.0,3375.0,2528.0,187,2.575313091278076,8
3425.0,3788.0,3071.0,190,2.5964300632476807,8
3774.0,3475.0,3316.0,190,2.5964431762695312,8
3272.0,3747.0,3662.0,190,2.5964460372924805,8
3214.0,3988.0,3334.0,190,2.596459150314331,8
3351.0,3644.0,3557.0,191,2.601311206817627,8
4609.0,4707.0,1221.0,192,2.613970994949341,8
3201.0,5181.0,2263.0,192,2.6140201091766357,8
4192.0,4906.0,1333.0,192,2.6140291690826416,8
3570.0,5193.0,1874.0,198,2.694118022918701,8
3716.0,4902.0,1946.0,198,2.6941211223602295,8
2977.0,5098.0,2531.0,198,2.694136142730713,8
2947.0,5124.0,2707.0,204,2.770357131958008,8
3472.0,5309.0,1844.0,204,2.770407199859619,8
4270.0,4701.0,1572.0,205,2.7830071449279785,8
2974.0,5312.0,2417.0,205,2.7830440998077393,8
2972.0,5133.0,2568.0,206,2.792495012283325,8
4176.0,2760.0,3688.0,224,2.9564430713653564,8
3830.0,3375.0,3249.0,224,2.9564921855926514,8
4437.0,3687.0,2195.0,226,2.975487232208252,8
4261.0,3906.0,2050.0,226,2.975518226623535,8
4152.0,4262.0,1916.0,226,2.9755241870880127,8
3566.0,3569.0,3356.0,230,3.0130250453948975,8
3860.0,4415.0,1991.0,231,3.0208210945129395,8
3932.0,3729.0,2627.0,231,3.020825147628784,8
3198.0,4574.0,2631.0,231,3.0208311080932617,8
3712.0,4057.0,2667.0,234,3.050706148147583,8
3012.0,4967.0,2442.0,237,3.074050188064575,8
3540.0,3199.0,3939.0,240,3.096304178237915,8
3195.0,3339.0,4212.0,241,3.102335214614868,8
3422.0,3114.0,4119.0,244,3.1185240745544434,8
2594.0,4402.0,3507.0,249,3.1424810886383057,8
4316.0,4414.0,1736.0,258,3.226870059967041,9
4922.0,4165.0,1331.0,259,3.245192050933838,9
5041.0,4222.0,1227.0,259,3.245195150375366,9
5150.0,4058.0,1310.0,259,3.2451980113983154,9
4567.0,5128.0,1093.0,261,3.2806169986724854,9
3496.0,4787.0,2180.0,262,3.2931060791015625,9
3176.0,4909.0,2519.0,262,3.293121099472046,9
4192.0,4534.0,1657.0,263,3.3040871620178223,9
3529.0,4397.0,2580.0,282,3.5316340923309326,9
3681.0,3927.0,2775.0,286,3.5704071521759033,9
4277.0,3711.0,2451.0,286,3.570416212081909,9
4199.0,3553.0,2715.0,293,3.6478660106658936,9
4003.0,4085.0,2275.0,299,3.712707042694092,9
4271.0,3376.0,2889.0,306,3.778496026992798,9
4298.0,3717.0,2314.0,307,3.7882840633392334,9
4627.0,3601.0,2024.0,307,3.788290023803711,9
4651.0,3752.0,1912.0,320,3.8713531494140625,9
5330.0,2421.0,3212.0,326,3.9228620529174805,9
4649.0,2223.0,4259.0,327,3.931312084197998,9
4610.0,3490.0,2255.0,329,3.946485996246338,9
4647.0,3309.0,2438.0,332,3.989190101623535,9
4858.0,2661.0,3075.0,332,3.9891932010650635,9
4878.0,2978.0,2491.0,334,4.0086610317230225,9
4893.0,3000.0,2393.0,334,4.008664131164551,9
5018.0,3742.0,1694.0,334,4.008680105209351,9
4997.0,3467.0,1902.0,334,4.008683204650879,9
4900.0,3671.0,1748.0,335,4.019675016403198,9
3900.0,3975.0,2524.0,336,4.026973009109497,9
4498.0,3941.0,1891.0,336,4.026979207992554,9
4672.0,2529.0,3240.0,341,4.073657035827637,9
4337.0,3100.0,3020.0,341,4.073667049407959,9
4275.0,3109.0,3019.0,342,4.081252098083496,9
4445.0,3633.0,2212.0,344,4.089699029922485,9
4269.0,3852.0,2067.0,344,4.089705228805542,9
3773.0,3381.0,3365.0,346,4.100064039230347,9
3701.0,4067.0,2729.0,346,4.100067138671875,9
4239.0,4092.0,2077.0,348,4.110279083251953,9
4311.0,3406.0,2713.0,348,4.1102821826934814,9
3780.0,3964.0,2624.0,348,4.110291004180908,9
3082.0,3314.0,5275.0,356,4.192735195159912,9
3676.0,2881.0,4272.0,356,4.192738056182861,9
3368.0,2942.0,5034.0,356,4.192753076553345,9
4241.0,2766.0,3584.0,363,4.272322177886963,9
4157.0,3791.0,2437.0,370,4.333912134170532,9
3722.0,3753.0,3023.0,372,4.351330995559692,9
3421.0,4404.0,2518.0,376,4.376920223236084,9
3246.0,5669.0,1871.0,384,4.432286024093628,9
3015.0,5574.0,2074.0,384,4.432344198226929,9
3523.0,5339.0,1763.0,384,4.432347059249878,9
3141.0,5357.0,2180.0,385,4.444988012313843,9
2506.0,5357.0,3254.0,394,4.524341106414795,9
4151.0,4644.0,1676.0,406,4.692861080169678,9
4172.0,4919.0,1468.0,406,4.692876100540161,9
3960.0,5105.0,1552.0,408,4.712641000747681,9
3161.0,5690.0,1963.0,408,4.712647199630737,9
3132.0,5626.0,1984.0,408,4.7126500606536865,9
3452.0,5340.0,1863.0,408,4.712656021118164,9
3236.0,3718.0,3785.0,443,4.9290242195129395,9
4161.0,2738.0,3786.0,446,4.942994117736816,9
3530.0,3272.0,3662.0,449,4.963834047317505,9
4231.0,3238.0,2944.0,450,4.971173048019409,9
4015.0,3921.0,2344.0,450,4.9711761474609375,9
3271.0,4355.0,2861.0,454,4.996614217758179,9
3328.0,3647.0,3595.0,455,5.005167007446289,9
4091.0,3754.0,2493.0,459,5.035312175750732,9
4052.0,3740.0,2527.0,460,5.043328046798706,9
3527.0,3555.0,3390.0,460,5.043331146240234,9
3592.0,4046.0,2767.0,469,5.119588136672974,9
3413.0,4458.0,2501.0,470,5.126567125320435,9
3447.0,4698.0,2236.0,471,5.13116717338562,9
3427.0,4711.0,2371.0,473,5.144607067108154,9
3406.0,4436.0,2579.0,473,5.14463210105896,9
3243.0,4306.0,2944.0,475,5.1611480712890625,9
3393.0,3400.0,3684.0,478,5.176786184310913,9
3274.0,3505.0,3867.0,480,5.186329126358032,9
3560.0,3133.0,3626.0,480,5.1863322257995605,9
3909.0,2820.0,3871.0,480,5.186344146728516,9
3085.0,3461.0,4446.0,487,5.214235067367554,9
3349.0,3333.0,3889.0,490,5.231248140335083,9
4686.0,4478.0,1408.0,510,5.381066083908081,10
4832.0,4187.0,1480.0,510,5.381133079528809,10
5009.0,3772.0,1618.0,510,5.381136178970337,10
5590.0,3588.0,1244.0,514,5.4430201053619385,10
5611.0,3863.0,1036.0,514,5.443033218383789,10
4731.0,4068.0,1533.0,514,5.443069219589233,10
5471.0,3531.0,1348.0,514,5.443073034286499,10
5492.0,3806.0,1140.0,514,5.443078994750977,10
3856.0,4983.0,1575.0,515,5.466078996658325,10
4525.0,4850.0,1222.0,515,5.466092109680176,10
3976.0,4994.0,1475.0,515,5.466095209121704,10
4880.0,4212.0,1269.0,515,5.466104030609131,10
5000.0,4223.0,1169.0,515,5.466107130050659,10
3835.0,4708.0,1783.0,515,5.466132164001465,10
4052.0,4733.0,1701.0,517,5.500036001205444,10
5163.0,3922.0,1430.0,517,5.5000550746917725,10
4792.0,4196.0,1516.0,517,5.500058174133301,10
4543.0,4470.0,1515.0,517,5.50006103515625,10
3530.0,4693.0,2297.0,520,5.531883001327515,10
5371.0,3267.0,1747.0,572,6.067753076553345,10
4631.0,3804.0,1932.0,572,6.067776203155518,10
4566.0,3384.0,2506.0,588,6.185822010040283,10
4416.0,3549.0,2365.0,594,6.230622053146362,10
5028.0,2813.0,2632.0,628,6.438502073287964,10
5043.0,2835.0,2534.0,628,6.438505172729492,10
4941.0,2853.0,2792.0,629,6.444886207580566,10
4595.0,3468.0,2353.0,630,6.44976806640625,10
4419.0,3687.0,2208.0,630,6.449771165847778,10
4697.0,4020.0,1721.0,639,6.5284411907196045,10
4826.0,3276.0,2312.0,648,6.60731315612793,10
4600.0,3215.0,2604.0,652,6.636213064193726,10
4708.0,2826.0,2934.0,653,6.640060186386108,10
3744.0,3667.0,2930.0,656,6.653901100158691,10
4232.0,3522.0,2569.0,660,6.665514230728149,10
3884.0,2516.0,4637.0,683,6.891435146331787,10
4252.0,3404.0,2933.0,692,6.964391231536865,10
4513.0,3154.0,2732.0,698,7.0035600662231445,10
4289.0,3464.0,2661.0,698,7.003566026687622,10
4606.0,2743.0,3160.0,699,7.009400129318237,10
4553.0,3317.0,2533.0,702,7.021608114242554,10
4539.0,3100.0,2736.0,703,7.028902053833008,10
4210.0,3420.0,2854.0,703,7.028911113739014,10
4297.0,3262.0,2907.0,706,7.053775072097778,10
4348.0,3297.0,2689.0,707,7.0617711544036865,10
3867.0,2848.0,3889.0,716,7.128687143325806,10
3852.0,2826.0,3987.0,716,7.128690004348755,10
3789.0,3497.0,3218.0,726,7.182491064071655,10
4483.0,4474.0,1538.0,734,7.23131799697876,10
4112.0,4748.0,1624.0,734,7.231348037719727,10
4423.0,4650.0,1455.0,738,7.272540092468262,10
3365.0,4792.0,2492.0,760,7.435880184173584,10
2577.0,5022.0,3274.0,796,7.720302104949951,10
2950.0,4902.0,2811.0,812,7.819681167602539,10
2434.0,4516.0,4423.0,836,7.949826002120972,10
3792.0,3117.0,3854.0,855,8.03886604309082,10
3299.0,3933.0,3160.0,857,8.049262046813965,10
4055.0,3457.0,2799.0,858,8.054700136184692,10
4170.0,3503.0,2736.0,858,8.054702997207642,10
3463.0,3680.0,3397.0,866,8.085825204849243,10
3635.0,4362.0,2384.0,874,8.142089128494263,10
3772.0,4018.0,2607.0,874,8.142099142074585,10
4056.0,4183.0,2001.0,875,8.148420095443726,10
3335.0,4230.0,2854.0,880,8.171985149383545,10
3921.0,4223.0,2190.0,884,8.200513124465942,10
3666.0,4870.0,1984.0,884,8.200534105300903,10
2843.0,4616.0,3204.0,900,8.31540322303772,10
3090.0,4713.0,2635.0,900,8.315412044525146,10
3102.0,4167.0,3196.0,914,8.38461422920227,10
3866.0,3233.0,3421.0,922,8.408919095993042,10
3407.0,3092.0,4217.0,932,8.442000150680542,10
2885.0,3635.0,3995.0,942,8.463778018951416,10
4648.0,4448.0,1426.0,962,8.59799313545227,11
4593.0,4281.0,1621.0,966,8.658421039581299,11
4362.0,4356.0,1663.0,967,8.668557167053223,11
4837.0,4503.0,1201.0,968,8.680966138839722,11
4187.0,4854.0,1387.0,969,8.697737216949463,11
4906.0,4042.0,1410.0,969,8.697741031646729,11
4927.0,4317.0,1202.0,969,8.697744131088257,11
4307.0,4865.0,1287.0,969,8.697747230529785,11
4856.0,4721.0,1034.0,969,8.697753190994263,11
4166.0,4579.0,1595.0,969,8.697768211364746,11
3713.0,5233.0,1677.0,969,8.697774171829224,11
5464.0,3710.0,1205.0,971,8.74927020072937,11
4405.0,4839.0,1322.0,971,8.749282121658325,11
4745.0,4522.0,1182.0,971,8.74930214881897,11
4724.0,4247.0,1390.0,971,8.749308109283447,11
4454.0,4872.0,1282.0,972,8.772741079330444,11
4991.0,4684.0,1070.0,972,8.772763013839722,11
4589.0,4562.0,1369.0,972,8.772792100906372,11
5329.0,4025.0,1184.0,972,8.7727952003479,11
3519.0,5241.0,1821.0,974,8.860448122024536,11
4096.0,4108.0,2218.0,998,9.092758178710938,11
3722.0,4123.0,2532.0,1018,9.24784803390503,11
5388.0,3339.0,1631.0,1048,9.502341032028198,11
4626.0,3376.0,2437.0,1070,9.68511700630188,11
4440.0,3446.0,2453.0,1071,9.692030191421509,11
4193.0,3349.0,3022.0,1071,9.692040205001831,11
4236.0,3145.0,3173.0,1074,9.710625171661377,11
4230.0,3481.0,2781.0,1088,9.784846067428589,11
4415.0,3787.0,2108.0,1089,9.789559125900269,11
4187.0,3685.0,2630.0,1089,9.789562225341797,11
5038.0,3180.0,2129.0,1090,9.799097061157227,11
5367.0,3064.0,1839.0,1090,9.79911208152771,11
4958.0,2964.0,2561.0,1094,9.822012186050415,11
4746.0,3150.0,2645.0,1095,9.826184034347534,11
4706.0,3046.0,2646.0,1109,9.876950025558472,11
4856.0,3475.0,1961.0,1126,9.972232103347778,11
4281.0,3479.0,2718.0,1156,10.175397157669067,11
4252.0,3434.0,2825.0,1157,10.182147026062012,11
4389.0,3090.0,3048.0,1157,10.182162046432495,11
4769.0,3334.0,2357.0,1158,10.18813705444336,11
4914.0,3275.0,2185.0,1159,10.193798065185547,11
4678.0,2805.0,3122.0,1161,10.207154035568237,11
4972.0,2985.0,2384.0,1162,10.212804079055786,11
5117.0,2926.0,2212.0,1163,10.218793153762817,11
5195.0,2608.0,2973.0,1176,10.297422170639038,11
4203.0,3795.0,2383.0,1190,10.384358167648315,11
3125.0,3516.0,4382.0,1238,10.652818202972412,11
4277.0,3063.0,3278.0,1259,10.802549123764038,11
4369.0,2576.0,3543.0,1268,10.837709188461304,11
4420.0,2611.0,3325.0,1269,10.853474140167236,11
4448.0,2526.0,3733.0,1274,10.894905090332031,11
4347.0,2868.0,3282.0,1274,10.894926071166992,11
4239.0,3653.0,2555.0,1279,10.927358150482178,11
4573.0,4410.0,1527.0,1337,11.27895712852478,11
4080.0,5116.0,1452.0,1386,11.612107038497925,11
2486.0,5370.0,3389.0,1420,11.958339214324951,11
2720.0,4144.0,4182.0,1494,12.288416147232056,11
4000.0,3899.0,2442.0,1526,12.416208028793335,11
3824.0,4118.0,2297.0,1526,12.416214227676392,11
4473.0,3984.0,1889.0,1554,12.544881105422974,11
4263.0,3092.0,3164.0,1563,12.577907085418701,11
3598.0,4478.0,2324.0,1576,12.65052318572998,11
3713.0,4524.0,2261.0,1588,12.737007141113281,11
3556.0,3749.0,3073.0,1596,12.799232006072998,11
3205.0,4759.0,2572.0,1611,12.869294166564941,11
2765.0,4870.0,3011.0,1612,12.873757123947144,11
2976.0,4670.0,2748.0,1613,12.87684416770935,11
3212.0,3614.0,3979.0,1617,12.900439023971558,11
2857.0,4450.0,3179.0,1682,13.090853214263916,11
5407.0,3927.0,1159.0,1702,13.243208169937134,12
5204.0,4276.0,1132.0,1702,13.243211030960083,12
4982.0,3808.0,1578.0,1702,13.2432382106781,12
4787.0,4475.0,1244.0,1710,13.354052066802979,12
4715.0,4435.0,1342.0,1716,13.428798198699951,12
4042.0,4913.0,1559.0,1716,13.428818225860596,12
5455.0,3898.0,1157.0,1716,13.428821086883545,12
5331.0,4232.0,1121.0,1716,13.42882513999939,12
5252.0,4247.0,1130.0,1716,13.428828001022339,12
4591.0,4769.0,1306.0,1716,13.42884612083435,12
4752.0,4343.0,1325.0,1717,13.448326110839844,12
5194.0,4335.0,1097.0,1723,13.509825229644775,12
3695.0,5527.0,1480.0,1724,13.528213024139404,12
4244.0,5383.0,1227.0,1724,13.528274059295654,12
3399.0,5230.0,1921.0,1726,13.560654163360596,12
3650.0,4704.0,2197.0,1737,13.654267072677612,12
4170.0,3963.0,2148.0,1776,13.941314220428467,12
4304.0,4075.0,1966.0,1777,13.949403047561646,12
3403.0,4614.0,2474.0,1781,13.975261211395264,12
4343.0,3768.0,2135.0,1822,14.22812819480896,12
5517.0,2899.0,1980.0,1867,14.535827159881592,12
4982.0,3445.0,2000.0,1984,15.168007135391235,12
4806.0,3664.0,1855.0,1984,15.168020009994507,12
5185.0,3096.0,2027.0,1992,15.21088719367981,12
5009.0,3315.0,1882.0,1992,15.210899114608765,12
4563.0,2885.0,3106.0,2028,15.384964227676392,12
4160.0,4208.0,1933.0,2040,15.412485122680664,12
4311.0,2967.0,3191.0,2149,15.998847007751465,12
4195.0,3398.0,2952.0,2151,16.016760110855103,12
3933.0,3553.0,2760.0,2164,16.092156171798706,12
4230.0,3572.0,2667.0,2181,16.196831226348877,12
3731.0,3888.0,2866.0,2222,16.39401602745056,12
4667.0,4417.0,1420.0,2241,16.48171305656433,12
3649.0,5122.0,1869.0,2250,16.569298028945923,12
4311.0,4963.0,1229.0,2251,16.580995082855225,12
4566.0,4438.0,1568.0,2255,16.607290029525757,12
2959.0,5290.0,2515.0,2378,17.411051034927368,12
3896.0,3809.0,2724.0,2526,18.071352005004883,12
3787.0,3788.0,2799.0,2532,18.088126182556152,12
4114.0,3942.0,2329.0,2558,18.186567068099976,12
3674.0,3032.0,4034.0,2567,18.25239610671997,12
4210.0,3938.0,2264.0,2611,18.43974804878235,12
3702.0,4173.0,2575.0,2651,18.66621708869934,12
3738.0,4470.0,2269.0,2655,18.685232162475586,12
3650.0,3640.0,3147.0,2706,18.87456703186035,12
5056.0,3877.0,1551.0,2780,19.092729091644287,13
5251.0,3967.0,1346.0,2781,19.111021041870117,13
5370.0,4024.0,1242.0,2781,19.111024141311646,13
5332.0,3994.0,1260.0,2786,19.190781116485596,13
4321.0,4966.0,1205.0,2808,19.44047713279724,13
4300.0,4691.0,1413.0,2808,19.440492153167725,13
4581.0,4356.0,1544.0,2810,19.463741064071655,13
5440.0,3876.0,1255.0,2810,19.463762044906616,13
5321.0,3819.0,1359.0,2810,19.463784217834473,13
4872.0,4354.0,1225.0,2813,19.500445127487183,13
5357.0,4116.0,1053.0,2813,19.50045418739319,13
5154.0,4465.0,1026.0,2813,19.500457048416138,13
4737.0,4664.0,1138.0,2813,19.500460147857666,13
4617.0,4653.0,1238.0,2813,19.50047206878662,13
4143.0,4858.0,1560.0,2813,19.500506162643433,13
5345.0,3781.0,1479.0,2814,19.52177906036377,13
4049.0,4775.0,1705.0,2814,19.52182102203369,13
4250.0,4452.0,1712.0,2815,19.530794143676758,13
4668.0,4939.0,1204.0,2824,19.626371145248413,13
4423.0,4459.0,1615.0,2835,19.742435216903687,13
3718.0,4739.0,1979.0,2858,19.92875599861145,13
3652.0,4682.0,2295.0,2858,19.92877507209778,13
4719.0,3819.0,1895.0,2895,20.164876222610474,13
4126.0,3967.0,2321.0,2895,20.164897203445435,13
4172.0,3872.0,2429.0,2952,20.4778950214386,13
4436.0,4062.0,1900.0,2985,20.66102123260498,13
4856.0,2881.0,2787.0,3056,20.98821520805359,13
4747.0,3831.0,1827.0,3080,21.081950187683105,13
4950.0,3482.0,1854.0,3082,21.085991144180298,13
4635.0,2327.0,4181.0,3092,21.115544080734253,13
4183.0,2641.0,3797.0,3198,21.59841513633728,13
4977.0,2845.0,2846.0,3312,22.081728219985962,13
4354.0,2554.0,3641.0,3358,22.309152126312256,13
4005.0,2867.0,3396.0,3358,22.30916118621826,13
4433.0,2504.0,3831.0,3372,22.392367124557495,13
4521.0,4708.0,1348.0,3491,22.96375608444214,13
4487.0,4744.0,1374.0,3504,23.074207067489624,13
4602.0,4735.0,1262.0,3505,23.08451819419861,13
3739.0,5215.0,1848.0,3671,24.179558038711548,13
3687.0,4571.0,2193.0,3755,24.54667901992798,13
2953.0,5090.0,2661.0,4036,25.621731996536255,13
3365.0,4215.0,2868.0,4082,25.787769079208374,13
3274.0,5373.0,2155.0,4162,25.964643001556396,14
5262.0,3986.0,1331.0,4168,26.038307189941406,14
5397.0,3676.0,1418.0,4168,26.038310050964355,14
5371.0,3630.0,1465.0,4168,26.038313150405884,14
4707.0,4317.0,1535.0,4170,26.071653127670288,14
3645.0,5024.0,1927.0,4210,26.520469188690186,14
4700.0,4413.0,1440.0,4213,26.55194616317749,14
4577.0,4362.0,1528.0,4214,26.627562046051025,14
5261.0,3908.0,1362.0,4214,26.627584218978882,14
4122.0,4583.0,1768.0,4215,26.636320114135742,14
4542.0,4720.0,1339.0,4216,26.64716100692749,14
4871.0,4400.0,1221.0,4216,26.64716410636902,14
4991.0,4411.0,1121.0,4216,26.647167205810547,14
4736.0,4710.0,1134.0,4216,26.647170066833496,14
4554.0,4641.0,1493.0,4218,26.66995906829834,14
4990.0,3915.0,1527.0,4222,26.70170307159424,14
4271.0,4727.0,1504.0,4225,26.720248222351074,14
4083.0,4681.0,1822.0,4230,26.756421089172363,14
4384.0,4564.0,1530.0,4231,26.76448702812195,14
4580.0,4750.0,1321.0,4244,26.899444103240967,14
3860.0,4367.0,2128.0,4339,27.511869192123413,14
5205.0,2582.0,3059.0,4566,28.36449408531189,14
3283.0,3162.0,4520.0,4766,29.042445182800293,14
4786.0,4474.0,1316.0,5020,30.14946222305298,14
4197.0,2774.0,3658.0,5332,31.590813159942627,14
3715.0,4474.0,2163.0,5352,31.627004146575928,14
5213.0,3733.0,1536.0,5706,33.021897077560425,15
4285.0,4669.0,1511.0,5747,33.32167911529541,15
3965.0,4902.0,1588.0,5750,33.33924221992493,15
5212.0,4175.0,1225.0,5752,33.35300016403198,15
3669.0,5237.0,1850.0,5755,33.377846002578735,15
5217.0,3912.0,1535.0,5757,33.394750118255615,15
5133.0,4190.0,1234.0,5758,33.401254177093506,15
4850.0,4125.0,1429.0,5758,33.40126609802246,15
5147.0,4493.0,1067.0,5760,33.42423105239868,15
5282.0,4183.0,1154.0,5760,33.424246072769165,15
4380.0,4646.0,1517.0,5762,33.44291019439697,15
5073.0,4004.0,1399.0,5774,33.53369212150574,15
5449.0,3688.0,1303.0,5785,33.59120416641235,15
4600.0,4581.0,1354.0,5787,33.6063392162323,15
4709.0,4225.0,1488.0,5787,33.60635805130005,15
5320.0,4213.0,1136.0,5800,33.73059105873108,15
4767.0,3933.0,1712.0,6026,34.82170009613037,15
4119.0,2766.0,3804.0,6234,35.42623710632324,15
4022.0,5370.0,1288.0,6561,36.576797008514404,15
4583.0,4823.0,1289.0,6566,36.61117100715637,15
4155.0,4847.0,1584.0,6720,37.33481216430664,15
4712.0,4542.0,1345.0,7184,39.13335204124451,16
4514.0,4758.0,1335.0,7194,39.185033082962036,16
4521.0,4445.0,1547.0,7214,39.306883096694946,16
4596.0,4378.0,1446.0,7219,39.33920621871948,16
5336.0,3841.0,1261.0,7221,39.344980001449585,16
4598.0,4637.0,1320.0,7227,39.390117168426514,16
5458.0,4115.0,1115.0,7264,39.574464082717896,16
5437.0,3840.0,1323.0,7264,39.57447004318237,16
5261.0,4059.0,1178.0,7264,39.57447600364685,16
5201.0,4156.0,1240.0,7275,39.653076171875,16
3565.0,5333.0,1675.0,7309,39.93024301528931,16
3242.0,5571.0,1929.0,7312,39.951494216918945,16
3699.0,5625.0,1422.0,7916,42.00346803665161,16
5246.0,4037.0,1276.0,8513,44.26992201805115,17
5340.0,4044.0,1169.0,8514,44.27837109565735,17
2673.0,5662.0,2756.0,9146,46.40472912788391,17
5621.0,3366.0,1489.0,9320,46.94329309463501,18
4881.0,3903.0,1674.0,9346,47.18014216423035,18
5137.0,4393.0,1142.0,9506,47.777828216552734,18
