z1,z2,z3,node,time,depth
96.0,94.0,57.0,1,0.13039302825927734,1
117.0,55.0,83.0,1,0.13040804862976074,1
117.0,56.0,80.0,1,0.13042306900024414,1
114.0,93.0,57.0,1,0.13048291206359863,1
93.0,61.0,74.0,1,0.13081693649291992,1
68.0,93.0,76.0,1,0.13089203834533691,1
75.0,74.0,73.0,1,0.1310269832611084,1
65.0,65.0,96.0,1,0.131087064743042,1
107.0,88.0,60.0,3,0.30956387519836426,2
108.0,82.0,62.0,3,0.3095738887786865,2
82.0,60.0,92.0,3,0.30960798263549805,2
83.0,67.0,88.0,3,0.3096179962158203,2
117.0,54.0,88.0,3,0.3096280097961426,2
118.0,85.0,60.0,3,0.3096590042114258,2
115.0,87.0,59.0,3,0.30966997146606445,2
81.0,61.0,92.0,3,0.30968189239501953,2
91.0,96.0,59.0,4,0.4840540885925293,3
94.0,85.0,61.0,4,0.4844660758972168,3
90.0,61.0,86.0,7,0.6527130603790283,3
89.0,62.0,86.0,7,0.6527440547943115,3
64.0,72.0,104.0,8,0.8585560321807861,4
61.0,79.0,110.0,8,0.8585660457611084,4
61.0,78.0,112.0,8,0.8585770130157471,4
62.0,75.0,104.0,8,0.858691930770874,4
62.0,76.0,102.0,8,0.8589348793029785,4
67.0,85.0,89.0,9,0.9038190841674805,4
84.0,67.0,87.0,9,0.9038400650024414,4
64.0,78.0,94.0,9,0.9038500785827637,4
90.0,71.0,81.0,9,0.9038910865783691,4
109.0,57.0,91.0,12,1.0561370849609375,4
87.0,65.0,88.0,12,1.056196928024292,4
104.0,74.0,70.0,14,1.1476500034332275,4
103.0,80.0,68.0,14,1.147670030593872,4
109.0,58.0,86.0,14,1.1477110385894775,4
109.0,59.0,83.0,14,1.1477320194244385,4
105.0,60.0,85.0,14,1.1479640007019043,4
117.0,91.0,58.0,15,1.1832489967346191,4
111.0,80.0,63.0,15,1.1833698749542236,4
79.0,72.0,80.0,16,1.518441915512085,5
66.0,92.0,84.0,17,1.6037969589233398,5
64.0,73.0,102.0,17,1.6038389205932617,5
74.0,81.0,80.0,17,1.6038599014282227,5
76.0,94.0,72.0,17,1.603956937789917,5
69.0,78.0,84.0,17,1.6039769649505615,5
89.0,68.0,85.0,18,1.6683988571166992,5
85.0,68.0,86.0,18,1.6684410572052002,5
87.0,92.0,70.0,20,1.793168067932129,5
83.0,65.0,91.0,24,1.9837908744812012,5
82.0,66.0,91.0,24,1.983802080154419,5
119.0,84.0,61.0,28,2.1374778747558594,5
112.0,79.0,64.0,28,2.137497901916504,5
107.0,72.0,71.0,29,2.164022922515869,5
64.0,77.0,96.0,36,2.7823219299316406,6
84.0,65.0,90.0,36,2.782352924346924,6
80.0,68.0,89.0,36,2.7823638916015625,6
80.0,64.0,96.0,36,2.7823739051818848,6
66.0,75.0,94.0,36,2.7824060916900635,6
66.0,78.0,93.0,37,2.818953037261963,6
88.0,66.0,87.0,45,3.2966718673706055,6
84.0,66.0,88.0,48,3.4159700870513916,6
116.0,86.0,60.0,53,3.630159854888916,6
105.0,73.0,71.0,53,3.630213975906372,6
109.0,81.0,63.0,53,3.630234956741333,6
125.0,72.0,70.0,54,3.6638290882110596,6
116.0,76.0,67.0,55,3.6947450637817383,6
108.0,81.0,67.0,56,3.7244949340820312,6
109.0,75.0,69.0,56,3.724514961242676,6
92.0,88.0,67.0,59,4.169913053512573,7
69.0,90.0,80.0,60,4.214005947113037,7
71.0,80.0,82.0,63,4.339003086090088,7
79.0,65.0,92.0,70,4.654079914093018,7
105.0,58.0,93.0,83,5.308006048202515,7
113.0,55.0,90.0,91,5.592541933059692,7
115.0,92.0,58.0,93,5.680804967880249,7
104.0,79.0,69.0,93,5.680836915969849,7
113.0,57.0,82.0,99,5.869168996810913,7
114.0,59.0,79.0,99,5.869189977645874,7
113.0,56.0,85.0,99,5.869241952896118,7
119.0,73.0,70.0,99,5.869252920150757,7
114.0,67.0,73.0,99,5.869262933731079,7
122.0,70.0,71.0,99,5.86928391456604,7
110.0,60.0,81.0,99,5.869355916976929,7
115.0,77.0,66.0,105,6.003437042236328,7
104.0,58.0,105.0,106,6.196655988693237,8
72.0,92.0,76.0,111,6.397243976593018,8
66.0,83.0,91.0,116,7.281553030014038,8
67.0,80.0,91.0,116,7.2816150188446045,8
64.0,76.0,101.0,117,7.308089017868042,8
88.0,67.0,86.0,130,7.735199928283691,8
72.0,72.0,95.0,132,7.78946590423584,8
68.0,75.0,93.0,132,7.78955602645874,8
108.0,71.0,72.0,178,9.363188028335571,8
91.0,68.0,82.0,178,9.363229990005493,8
73.0,89.0,80.0,201,10.182439088821411,9
86.0,69.0,85.0,234,11.19398307800293,9
78.0,68.0,93.0,239,11.30145001411438,9
106.0,77.0,68.0,280,12.717670917510986,9
111.0,79.0,67.0,281,12.748385906219482,9
105.0,59.0,88.0,282,12.771951913833618,9
107.0,76.0,69.0,284,12.807697057723999,9
92.0,67.0,82.0,286,12.840102910995483,9
88.0,84.0,71.0,303,13.352206945419312,10
95.0,78.0,71.0,303,13.352227926254272,10
80.0,91.0,71.0,303,13.352237939834595,10
82.0,94.0,68.0,303,13.352247953414917,10
79.0,71.0,90.0,343,14.474967002868652,10
68.0,74.0,95.0,356,14.77283501625061,10
106.0,82.0,67.0,394,16.27857208251953,10
113.0,78.0,66.0,407,16.612197875976562,10
90.0,67.0,85.0,409,16.665180921554565,10
117.0,69.0,72.0,417,16.840161085128784,10
120.0,66.0,73.0,417,16.840182065963745,10
120.0,58.0,79.0,420,16.91507887840271,10
93.0,80.0,72.0,431,17.300812005996704,11
93.0,91.0,63.0,431,17.300895929336548,11
88.0,93.0,65.0,431,17.30090594291687,11
93.0,81.0,70.0,431,17.300936937332153,11
71.0,77.0,88.0,443,17.56035089492798,11
89.0,71.0,83.0,460,17.931469917297363,11
105.0,83.0,66.0,502,18.939385890960693,11
91.0,66.0,85.0,515,19.26972794532776,11
101.0,82.0,68.0,537,19.912723064422607,12
67.0,89.0,88.0,543,20.04366397857666,12
90.0,87.0,68.0,711,23.94674301147461,14
99.0,84.0,69.0,782,25.853183031082153,15
88.0,91.0,70.0,888,29.09268307685852,17
91.0,94.0,64.0,978,33.5117130279541,20
104.0,93.0,60.0,1034,35.01588797569275,25
