z1,z2,z3,node,time,depth
-64.0,-55.0,-34.0,1,0.013230085372924805,1
-68.0,-42.0,-36.0,1,0.013235092163085938,1
-67.0,-36.0,-41.0,1,0.013239145278930664,1
-65.0,-39.0,-46.0,1,0.013243913650512695,1
-43.0,-68.0,-48.0,1,0.013247966766357422,1
-41.0,-64.0,-58.0,1,0.013252973556518555,1
-33.0,-57.0,-62.0,1,0.013257026672363281,1
-38.0,-51.0,-64.0,1,0.013262033462524414,1
-55.0,-62.0,-37.0,1,0.01326608657836914,1
-59.0,-42.0,-52.0,1,0.013271093368530273,1
-56.0,-39.0,-55.0,1,0.013276100158691406,1
-52.0,-27.0,-59.0,1,0.013279914855957031,1
-37.0,-38.0,-67.0,1,0.013283967971801758,1
-48.0,-38.0,-62.0,1,0.01328897476196289,1
-41.0,-48.0,-64.0,1,0.013293027877807617,1
-41.0,-42.0,-65.0,1,0.01329803466796875,1
-48.0,-48.0,-61.0,1,0.013303041458129883,1
-45.0,-57.0,-60.0,1,0.01330709457397461,1
-45.0,-67.0,-47.0,1,0.013310909271240234,1
-66.0,-46.0,-41.0,1,0.013315916061401367,1
-50.0,-58.0,-54.0,1,0.013319969177246094,1
-57.0,-47.0,-52.0,1,0.013324975967407227,1
-56.0,-51.0,-51.0,1,0.013329029083251953,1
-62.0,-49.0,-45.0,1,0.013334035873413086,1
-54.0,-61.0,-43.0,1,0.013338088989257812,1
-54.0,-58.0,-48.0,1,0.013343095779418945,1
-63.0,-54.0,-40.0,1,0.01334691047668457,1
-33.0,-62.0,-59.0,2,0.022819042205810547,2
-28.0,-45.0,-65.0,2,0.022823095321655273,2
-41.0,-61.0,-59.0,2,0.02283191680908203,2
-38.0,-54.0,-62.0,2,0.022836923599243164,2
-44.0,-46.0,-62.0,2,0.02288198471069336,2
-52.0,-37.0,-58.0,2,0.02290511131286621,2
-53.0,-49.0,-55.0,2,0.022912979125976562,2
-51.0,-41.0,-58.0,2,0.022917985916137695,2
-58.0,-57.0,-40.0,3,0.03218197822570801,2
-56.0,-60.0,-32.0,3,0.03218698501586914,2
-57.0,-56.0,-46.0,3,0.03223013877868652,2
-47.0,-61.0,-50.0,3,0.032256126403808594,2
-55.0,-59.0,-42.0,3,0.03225994110107422,2
-48.0,-63.0,-41.0,3,0.032269954681396484,2
-50.0,-60.0,-49.0,3,0.03227496147155762,2
-51.0,-60.0,-47.0,3,0.03227996826171875,2
-35.0,-65.0,-55.0,4,0.04332995414733887,3
-61.0,-44.0,-48.0,4,0.043395042419433594,3
-43.0,-65.0,-49.0,4,0.043409109115600586,3
-50.0,-62.0,-47.0,4,0.043417930603027344,3
-54.0,-60.0,-44.0,4,0.043431997299194336,3
-54.0,-53.0,-49.0,6,0.061662912368774414,3
-59.0,-46.0,-48.0,6,0.06167197227478027,3
-52.0,-47.0,-56.0,7,0.06994509696960449,3
-57.0,-30.0,-53.0,8,0.08180403709411621,4
-55.0,-58.0,-44.0,8,0.08183097839355469,4
-60.0,-33.0,-50.0,8,0.08184504508972168,4
-60.0,-56.0,-22.0,8,0.08187103271484375,4
-53.0,-60.0,-45.0,8,0.08187603950500488,4
-56.0,-59.0,-35.0,8,0.08188009262084961,4
-51.0,-59.0,-48.0,10,0.09892892837524414,4
-52.0,-62.0,-44.0,11,0.10587692260742188,4
-49.0,-44.0,-59.0,12,0.11602306365966797,4
-54.0,-44.0,-55.0,12,0.1160280704498291,4
-51.0,-55.0,-51.0,12,0.11603307723999023,4
-43.0,-59.0,-56.0,13,0.12199211120605469,4
-56.0,-57.0,-44.0,14,0.12788796424865723,4
-55.0,-45.0,-54.0,15,0.133558988571167,4
-62.0,-36.0,-49.0,18,0.15998291969299316,5
-47.0,-54.0,-55.0,20,0.17765498161315918,5
-46.0,-49.0,-58.0,20,0.1776869297027588,5
-53.0,-63.0,-38.0,20,0.17771410942077637,5
-48.0,-60.0,-50.0,20,0.177717924118042,5
-47.0,-66.0,-38.0,21,0.18483996391296387,5
-50.0,-43.0,-57.0,22,0.1916520595550537,5
-49.0,-46.0,-58.0,22,0.19166111946105957,5
-59.0,-52.0,-41.0,32,0.2581820487976074,6
-52.0,-55.0,-50.0,34,0.2759270668029785,6
-47.0,-59.0,-51.0,36,0.2920501232147217,6
-63.0,-43.0,-44.0,36,0.2920961380004883,6
-39.0,-67.0,-50.0,42,0.3393220901489258,6
-46.0,-62.0,-51.0,43,0.34429001808166504,6
-43.0,-64.0,-53.0,43,0.34429502487182617,6
-61.0,-55.0,-39.0,72,0.5174400806427002,7
-58.0,-53.0,-44.0,72,0.5174460411071777,7
-60.0,-51.0,-43.0,73,0.5238170623779297,7
-38.0,-35.0,-66.0,80,0.5658040046691895,7
-37.0,-40.0,-66.0,80,0.5658271312713623,7
-46.0,-55.0,-55.0,84,0.5944390296936035,7
-47.0,-51.0,-56.0,85,0.6005990505218506,7
-46.0,-53.0,-57.0,85,0.6006040573120117,7
-48.0,-50.0,-57.0,90,0.6223840713500977,7
-45.0,-34.0,-63.0,96,0.6451981067657471,7
-52.0,-42.0,-57.0,97,0.6500051021575928,7
-42.0,-46.0,-63.0,102,0.6780071258544922,7
-42.0,-53.0,-61.0,106,0.6956560611724854,7
-45.0,-44.0,-62.0,106,0.6956651210784912,7
-44.0,-59.0,-54.0,108,0.7023570537567139,7
-45.0,-64.0,-48.0,141,0.8799679279327393,8
-48.0,-51.0,-55.0,144,0.8924899101257324,8
-49.0,-64.0,-37.0,159,0.9795770645141602,8
-40.0,-65.0,-51.0,162,0.9978499412536621,8
-44.0,-62.0,-52.0,164,1.0093331336975098,8
-52.0,-50.0,-52.0,220,1.223526954650879,9
-53.0,-54.0,-49.0,220,1.2235400676727295,9
-49.0,-29.0,-60.0,222,1.2365970611572266,9
-42.0,-48.0,-62.0,284,1.4883451461791992,9
-46.0,-63.0,-47.0,363,1.7664649486541748,10
-58.0,-47.0,-46.0,400,1.8800439834594727,11
-56.0,-58.0,-42.0,417,1.9260339736938477,11
