z1,z2,z3,node,time,depth
-9009.0,-10946.0,-10102.0,1,0.002407073974609375,1
-9959.0,-11036.0,-9628.0,1,0.0024101734161376953,1
-9630.0,-11184.0,-9211.0,1,0.002413034439086914,1
-10466.0,-8939.0,-9847.0,1,0.0024161338806152344,1
-10428.0,-7689.0,-10105.0,1,0.0024290084838867188,1
-9672.0,-9827.0,-10691.0,1,0.002432107925415039,1
-9634.0,-8577.0,-10949.0,1,0.0024352073669433594,1
-8263.0,-8833.0,-10948.0,1,0.002438068389892578,1
-9685.0,-10416.0,-10084.0,2,0.0048770904541015625,2
-9727.0,-7930.0,-10315.0,3,0.006777048110961914,2
-9921.0,-9786.0,-9886.0,4,0.010895013809204102,3
-9167.0,-8583.0,-10853.0,6,0.014045000076293945,3
-9964.0,-9247.0,-9811.0,9,0.020672082901000977,4
-10161.0,-9776.0,-9411.0,11,0.023635149002075195,4
-9899.0,-10185.0,-9879.0,11,0.023638010025024414,4
-7417.0,-9893.0,-10343.0,13,0.026192188262939453,4
-10034.0,-8624.0,-9891.0,16,0.032256126403808594,5
-9951.0,-9448.0,-9792.0,16,0.032259225845336914,5
-9356.0,-10564.0,-9667.0,20,0.04001212120056152,5
-10043.0,-10092.0,-9259.0,22,0.042890071868896484,5
-9253.0,-10471.0,-10007.0,24,0.045339107513427734,5
-9861.0,-8935.0,-10137.0,34,0.06271004676818848,6
-9973.0,-10166.0,-9174.0,45,0.07774114608764648,6
-8615.0,-10268.0,-10131.0,49,0.08215522766113281,6
-10128.0,-9003.0,-9607.0,69,0.10775208473205566,7
-8716.0,-9908.0,-10186.0,86,0.12669920921325684,7
-9887.0,-7756.0,-9916.0,144,0.19455218315124512,9
