z1,z2,z3,node,time,depth
13481.0,8236.0,13599.0,1,0.027358055114746094,1
11498.0,9874.0,10985.0,1,0.027363061904907227,1
8599.0,13528.0,8305.0,1,0.02736806869506836,1
8907.0,12557.0,9043.0,1,0.027373075485229492,1
8841.0,13526.0,8269.0,1,0.027378082275390625,1
8720.0,13692.0,8284.0,1,0.027383089065551758,1
9774.0,11439.0,9707.0,1,0.027387142181396484,1
10902.0,10802.0,10014.0,1,0.02739095687866211,1
10038.0,11504.0,9336.0,1,0.027395963668823242,1
12709.0,8587.0,13539.0,1,0.027400970458984375,1
10633.0,10242.0,11295.0,1,0.0274050235748291,1
10469.0,10429.0,11350.0,1,0.0274200439453125,1
13260.0,8285.0,13499.0,1,0.027430057525634766,1
11125.0,9731.0,12039.0,1,0.0274350643157959,1
9195.0,12561.0,8607.0,1,0.02744007110595703,1
12057.0,8959.0,12879.0,1,0.027444124221801758,1
10634.0,10576.0,10307.0,1,0.027462005615234375,1
12844.0,8799.0,12532.0,1,0.02747511863708496,1
8720.0,13362.0,8290.0,1,0.027479171752929688,1
8242.0,13591.0,8495.0,1,0.02748703956604004,1
9178.0,12367.0,8736.0,1,0.0274960994720459,1
13321.0,8297.0,13391.0,1,0.027500152587890625,1
12013.0,9366.0,11668.0,1,0.027505159378051758,1
12516.0,8894.0,12499.0,1,0.027508974075317383,1
10761.0,10221.0,11112.0,1,0.027541160583496094,1
10919.0,10996.0,9885.0,2,0.06503415107727051,2
10055.0,11698.0,9207.0,2,0.06503796577453613,2
13419.0,8620.0,12927.0,2,0.06505417823791504,2
10986.0,10293.0,10750.0,2,0.06509518623352051,2
10651.0,10770.0,10178.0,2,0.06509900093078613,2
9791.0,11633.0,9578.0,2,0.06511116027832031,2
12818.0,8583.0,13326.0,2,0.06511902809143066,2
13338.0,8491.0,13262.0,2,0.06512999534606934,2
10822.0,10233.0,11004.0,2,0.06516218185424805,2
12893.0,8515.0,13600.0,2,0.06516599655151367,2
13136.0,8420.0,13623.0,2,0.06517410278320312,2
12952.0,8492.0,13562.0,2,0.06517815589904785,2
11515.0,10068.0,10856.0,2,0.06518197059631348,2
12030.0,9560.0,11539.0,2,0.0651860237121582,2
11653.0,9634.0,11526.0,2,0.06519007682800293,2
12751.0,9057.0,12230.0,2,0.06519412994384766,2
11894.0,9600.0,11503.0,2,0.06519818305969238,2
13202.0,8531.0,13226.0,2,0.06520605087280273,2
13254.0,8585.0,13061.0,2,0.06521010398864746,2
13002.0,8511.0,13387.0,2,0.06524896621704102,2
12458.0,9037.0,12418.0,2,0.06525397300720215,2
9299.0,12531.0,8715.0,3,0.08145713806152344,2
11149.0,10068.0,10990.0,3,0.08146905899047852,2
8888.0,12914.0,9171.0,3,0.08147716522216797,2
11420.0,9646.0,12174.0,3,0.08148503303527832,2
10928.0,10157.0,11430.0,3,0.08148908615112305,2
11624.0,9481.0,12085.0,3,0.08150815963745117,2
12116.0,8970.0,12829.0,3,0.08151602745056152,2
12441.0,8807.0,12840.0,3,0.08152008056640625,2
13167.0,8546.0,13253.0,4,0.10141396522521973,3
10125.0,11252.0,10365.0,4,0.10147309303283691,3
9353.0,12116.0,9480.0,4,0.10147714614868164,3
11256.0,10275.0,10809.0,5,0.12917399406433105,3
8990.0,13344.0,8349.0,5,0.12920212745666504,3
9205.0,12188.0,9969.0,5,0.12921714782714844,3
11592.0,9622.0,11634.0,5,0.12922906875610352,3
9369.0,12001.0,9914.0,5,0.12926101684570312,3
10144.0,11456.0,9688.0,5,0.12926506996154785,3
10425.0,10874.0,10287.0,5,0.12926912307739258,3
9465.0,12543.0,8666.0,5,0.1292731761932373,3
10236.0,10883.0,10578.0,5,0.1292891502380371,3
8447.0,13467.0,8638.0,5,0.12933611869812012,3
10364.0,10862.0,10395.0,5,0.12935900688171387,3
9251.0,12314.0,9408.0,5,0.12936711311340332,3
9083.0,12621.0,8957.0,6,0.14934897422790527,3
11435.0,10226.0,10846.0,6,0.14935708045959473,3
9141.0,12456.0,8994.0,6,0.14936113357543945,3
9841.0,11692.0,9375.0,6,0.14936518669128418,3
11170.0,10001.0,11294.0,6,0.1493849754333496,3
9997.0,11577.0,9457.0,6,0.14938902854919434,3
10537.0,11016.0,10030.0,6,0.14939308166503906,3
13675.0,8489.0,13071.0,6,0.14942502975463867,3
12171.0,9519.0,11594.0,6,0.149428129196167,3
10597.0,10665.0,10565.0,6,0.14943218231201172,3
10441.0,10780.0,10483.0,6,0.14943599700927734,3
10474.0,10677.0,10639.0,6,0.14944005012512207,3
9874.0,11589.0,9531.0,6,0.1494441032409668,3
9763.0,11678.0,9506.0,6,0.14944815635681152,3
11275.0,10274.0,10803.0,6,0.14945602416992188,3
12001.0,9402.0,11816.0,6,0.1494600772857666,3
11137.0,10104.0,11138.0,6,0.14946413040161133,3
12455.0,8882.0,12607.0,6,0.14946818351745605,3
9159.0,12724.0,8864.0,7,0.15796518325805664,3
8875.0,13192.0,8613.0,8,0.1831810474395752,4
9006.0,13302.0,8363.0,8,0.18320512771606445,4
8744.0,13248.0,8784.0,8,0.18326306343078613,4
10705.0,10875.0,10151.0,9,0.19868707656860352,4
9884.0,11289.0,10608.0,10,0.223311185836792,4
9062.0,12738.0,9019.0,10,0.22334504127502441,4
8406.0,13519.0,8695.0,10,0.22335219383239746,4
10673.0,10325.0,11214.0,10,0.22336411476135254,4
11450.0,9568.0,12050.0,10,0.22336816787719727,4
12109.0,9013.0,12714.0,10,0.22337603569030762,4
11502.0,9622.0,11885.0,10,0.22338414192199707,4
11464.0,9643.0,11817.0,11,0.2422339916229248,4
8512.0,13573.0,8554.0,11,0.2422490119934082,4
12336.0,9116.0,12442.0,11,0.24237918853759766,4
12533.0,9088.0,12370.0,11,0.242387056350708,4
12397.0,9128.0,12334.0,11,0.24239110946655273,4
10570.0,10913.0,10186.0,12,0.2663400173187256,4
10310.0,10864.0,10694.0,12,0.2664010524749756,4
9440.0,12319.0,9072.0,12,0.266448974609375,4
12083.0,9073.0,12673.0,13,0.2847740650177002,4
12846.0,8950.0,12485.0,13,0.2847781181335449,4
12500.0,9035.0,12371.0,13,0.28478217124938965,4
11591.0,9584.0,11929.0,13,0.2847940921783447,4
9737.0,11528.0,9965.0,13,0.28481411933898926,4
11387.0,9749.0,12018.0,13,0.28482604026794434,4
12460.0,8964.0,12519.0,13,0.28483009338378906,4
12660.0,8987.0,12414.0,13,0.2848341464996338,4
11954.0,9430.0,11893.0,13,0.2848379611968994,4
12408.0,8910.0,12684.0,13,0.28484201431274414,4
11652.0,9596.0,11821.0,13,0.28484511375427246,4
12006.0,9484.0,11728.0,13,0.28485703468322754,4
10771.0,10679.0,10286.0,14,0.2969040870666504,4
11286.0,10171.0,10969.0,14,0.2969231605529785,4
9911.0,11542.0,9686.0,14,0.29693102836608887,4
13007.0,8926.0,12374.0,14,0.2969551086425781,4
12150.0,9469.0,11647.0,14,0.29695916175842285,4
11635.0,9977.0,10964.0,14,0.2969670295715332,4
9722.0,11688.0,9877.0,14,0.29697108268737793,4
11040.0,11160.0,9864.0,16,0.33644819259643555,5
8875.0,13358.0,8534.0,16,0.3364560604095459,5
10176.0,11862.0,9186.0,16,0.3364841938018799,5
11636.0,10232.0,10835.0,16,0.33651208877563477,5
11950.0,9549.0,11747.0,17,0.3531219959259033,5
11166.0,10262.0,10861.0,17,0.35312604904174805,5
12562.0,9163.0,12200.0,17,0.3531529903411865,5
8683.0,13451.0,8548.0,18,0.36917710304260254,5
9158.0,12650.0,8865.0,18,0.3692171573638916,5
8924.0,12751.0,8914.0,18,0.3692209720611572,5
9754.0,11722.0,9836.0,18,0.3692350387573242,5
8515.0,13452.0,8449.0,19,0.37859606742858887,5
10426.0,11231.0,10084.0,20,0.4010121822357178,5
12397.0,9025.0,12526.0,20,0.4010660648345947,5
11928.0,9227.0,13059.0,20,0.4011261463165283,5
12005.0,9185.0,12883.0,20,0.40113401412963867,5
11093.0,10059.0,11364.0,21,0.4239661693572998,5
12241.0,8887.0,12940.0,21,0.42401599884033203,5
12293.0,8941.0,12775.0,21,0.42402005195617676,5
11686.0,9550.0,11946.0,21,0.42403507232666016,5
11300.0,9830.0,11872.0,22,0.43924713134765625,5
9023.0,13241.0,8505.0,23,0.45615196228027344,5
8720.0,13328.0,8592.0,23,0.4561631679534912,5
11461.0,9963.0,11243.0,24,0.47255802154541016,5
12493.0,8861.0,12675.0,25,0.4855191707611084,5
12714.0,8812.0,12775.0,25,0.4855380058288574,5
12662.0,8758.0,12940.0,25,0.48554205894470215,5
11987.0,9327.0,12049.0,25,0.4855539798736572,5
11685.0,9493.0,11977.0,25,0.4855821132659912,5
10282.0,10927.0,10470.0,25,0.4855971336364746,5
10282.0,10982.0,10337.0,26,0.5081291198730469,5
11112.0,10157.0,11248.0,26,0.5081400871276855,5
9681.0,11895.0,9567.0,27,0.5199201107025146,5
10089.0,11233.0,10506.0,27,0.5199241638183594,5
10277.0,10967.0,10538.0,27,0.5199689865112305,5
10249.0,11030.0,10314.0,27,0.5199730396270752,5
9481.0,12246.0,8951.0,28,0.532581090927124,5
10289.0,10931.0,10390.0,30,0.5486881732940674,5
12861.0,8993.0,12403.0,33,0.5971591472625732,6
12725.0,9033.0,12367.0,33,0.5971710681915283,6
9316.0,12725.0,8586.0,39,0.6786110401153564,6
9092.0,12842.0,8879.0,39,0.6786191463470459,6
10194.0,10987.0,10665.0,41,0.7260141372680664,6
12211.0,9192.0,12497.0,42,0.7454869747161865,6
11936.0,9432.0,12089.0,43,0.7599771022796631,6
10072.0,11070.0,10633.0,46,0.8077020645141602,6
10597.0,10408.0,11167.0,46,0.8077139854431152,6
10658.0,10420.0,11059.0,46,0.8077220916748047,6
9087.0,12501.0,9463.0,46,0.8077759742736816,6
10200.0,11049.0,10450.0,46,0.807811975479126,6
10854.0,10193.0,11395.0,47,0.821674108505249,6
10982.0,10172.0,11212.0,47,0.8216781616210938,6
9124.0,12386.0,9716.0,47,0.8216891288757324,6
13207.0,8514.0,13110.0,48,0.8443889617919922,6
12658.0,9080.0,12301.0,48,0.8444051742553711,6
13367.0,8466.0,13153.0,48,0.8444170951843262,6
12818.0,9032.0,12344.0,48,0.844444990158081,6
13835.0,8428.0,13279.0,48,0.8444900512695312,6
13553.0,8429.0,13224.0,48,0.844494104385376,6
12136.0,9352.0,11989.0,50,0.8722290992736816,6
10989.0,10169.0,11322.0,50,0.8722410202026367,6
11662.0,9490.0,12038.0,51,0.885033130645752,6
10966.0,10166.0,11383.0,51,0.8850569725036621,6
9595.0,11760.0,10185.0,52,0.9037330150604248,6
9422.0,12049.0,9726.0,52,0.9037611484527588,6
10945.0,10354.0,10969.0,54,0.9246480464935303,6
11270.0,10191.0,10980.0,54,0.9246561527252197,6
11629.0,9593.0,11882.0,54,0.9246640205383301,6
11417.0,10294.0,10697.0,56,0.9449830055236816,6
10764.0,10835.0,10160.0,58,0.9605300426483154,6
10553.0,10996.0,10019.0,58,0.9605691432952881,6
10643.0,10981.0,10180.0,70,1.1214849948883057,7
11370.0,10163.0,10901.0,70,1.1214900016784668,7
10376.0,11342.0,9908.0,70,1.1215100288391113,7
8906.0,12738.0,9322.0,73,1.1535639762878418,7
9513.0,12055.0,9688.0,73,1.153576135635376,7
10306.0,11125.0,10261.0,78,1.2034590244293213,7
9626.0,11977.0,9434.0,78,1.20346999168396,7
9176.0,12918.0,8735.0,78,1.2034740447998047,7
9710.0,12053.0,9290.0,78,1.2034821510314941,7
9614.0,11939.0,10006.0,81,1.2608330249786377,7
12484.0,9067.0,12390.0,82,1.2806181907653809,7
11212.0,9773.0,11903.0,82,1.2806520462036133,7
12356.0,9088.0,12573.0,82,1.2806639671325684,7
11980.0,9281.0,12894.0,82,1.280691146850586,7
11886.0,9355.0,12486.0,82,1.2806990146636963,7
11277.0,9987.0,11425.0,86,1.3660531044006348,7
11721.0,9538.0,11975.0,86,1.3660621643066406,7
11537.0,9610.0,11914.0,86,1.3660659790039062,7
12144.0,9001.0,12743.0,86,1.3661141395568848,7
12328.0,8929.0,12804.0,86,1.3661260604858398,7
11428.0,9809.0,11689.0,90,1.422814130783081,7
11489.0,9821.0,11581.0,90,1.4228219985961914,7
11813.0,9573.0,11734.0,91,1.4357261657714844,7
10530.0,10441.0,11242.0,92,1.449934959411621,7
10133.0,11082.0,10525.0,92,1.449963092803955,7
9333.0,12167.0,9786.0,93,1.4616191387176514,7
9694.0,11818.0,9829.0,93,1.461623191833496,7
10127.0,11011.0,10674.0,94,1.475654125213623,7
10445.0,10508.0,11263.0,94,1.4756581783294678,7
10959.0,10336.0,10983.0,94,1.4756619930267334,7
10255.0,10990.0,10491.0,94,1.4756700992584229,7
10634.0,10499.0,10972.0,94,1.4756901264190674,7
10573.0,10487.0,11080.0,94,1.475694179534912,7
10541.0,10815.0,10405.0,94,1.4756979942321777,7
9730.0,11652.0,9957.0,94,1.4757020473480225,7
9314.0,12349.0,9302.0,95,1.4866511821746826,7
13510.0,8454.0,13205.0,98,1.5368380546569824,7
13388.0,8394.0,13358.0,98,1.5368421077728271,7
12653.0,8997.0,12478.0,98,1.5369069576263428,7
12877.0,8594.0,13276.0,98,1.536919116973877,7
13202.0,8431.0,13287.0,98,1.5369219779968262,7
13093.0,8435.0,13500.0,98,1.536926031112671,7
9714.0,11792.0,9723.0,102,1.5843591690063477,7
9028.0,12721.0,9022.0,107,1.6815180778503418,7
9173.0,12523.0,8965.0,107,1.6815381050109863,7
11399.0,9834.0,11760.0,108,1.6946501731872559,7
10295.0,11172.0,10166.0,108,1.694688081741333,7
11980.0,9501.0,11854.0,121,1.7883169651031494,7
10755.0,10740.0,10286.0,124,1.802968978881836,7
11619.0,10038.0,10964.0,127,1.8151371479034424,7
12554.0,9241.0,12209.0,128,1.8325259685516357,8
8524.0,13333.0,8978.0,144,2.058922052383423,8
9100.0,12815.0,8828.0,145,2.069693088531494,8
8651.0,13261.0,8670.0,153,2.156752109527588,8
11443.0,9724.0,11924.0,166,2.3303401470184326,8
11086.0,10098.0,12210.0,167,2.3447420597076416,8
11438.0,9645.0,12187.0,167,2.344750165939331,8
9570.0,12110.0,9621.0,176,2.458620071411133,8
11361.0,9842.0,11764.0,180,2.516477108001709,8
12269.0,9149.0,12517.0,180,2.516512155532837,8
11276.0,9909.0,11785.0,182,2.541553020477295,8
11790.0,9737.0,11505.0,182,2.5415570735931396,8
11465.0,9900.0,11494.0,182,2.5415849685668945,8
11404.0,9888.0,11602.0,182,2.541588068008423,8
9575.0,11963.0,9814.0,184,2.56282901763916,8
9484.0,11860.0,10180.0,184,2.562833070755005,8
8732.0,13065.0,9306.0,185,2.5747861862182617,8
9566.0,11839.0,10012.0,185,2.5748140811920166,8
10409.0,10674.0,11135.0,186,2.5852949619293213,8
10470.0,10686.0,11027.0,186,2.585299015045166,8
10562.0,10977.0,10266.0,188,2.612699031829834,8
10237.0,11140.0,10255.0,188,2.6127350330352783,8
10048.0,11149.0,10546.0,188,2.612739086151123,8
10176.0,11128.0,10363.0,188,2.612797975540161,8
9739.0,11776.0,9759.0,189,2.6294500827789307,8
9648.0,11673.0,10125.0,189,2.6294620037078857,8
10297.0,10895.0,10470.0,190,2.636993169784546,8
10694.0,10254.0,11187.0,190,2.6369969844818115,8
12328.0,9160.0,12467.0,196,2.711029052734375,8
11820.0,9570.0,11844.0,198,2.7294061183929443,8
12806.0,8805.0,12708.0,199,2.734361171722412,8
10607.0,10764.0,10481.0,207,2.809030055999756,8
9114.0,12456.0,9473.0,212,2.860910177230835,8
10458.0,11046.0,10251.0,213,2.8670711517333984,8
11221.0,10255.0,10943.0,218,2.9070680141448975,8
9693.0,11859.0,9419.0,234,3.018933057785034,8
10077.0,11318.0,9922.0,250,3.1084630489349365,8
9045.0,12915.0,8893.0,290,3.5433850288391113,9
10480.0,11226.0,9935.0,306,3.660910129547119,9
10419.0,11050.0,10237.0,306,3.6609339714050293,9
10392.0,11272.0,10040.0,307,3.686392068862915,9
11972.0,9288.0,12727.0,326,3.9465529918670654,9
12020.0,9264.0,12722.0,326,3.946561098098755,9
12294.0,9224.0,12473.0,328,3.976241111755371,9
11884.0,9378.0,12254.0,341,4.138370990753174,9
9623.0,12098.0,9539.0,348,4.211655139923096,9
11525.0,9655.0,11709.0,360,4.395792007446289,9
9963.0,11198.0,10729.0,364,4.431313991546631,9
10281.0,10695.0,11318.0,364,4.431317090988159,9
10342.0,10707.0,11210.0,364,4.431321144104004,9
9599.0,11947.0,9970.0,365,4.441277027130127,9
10073.0,11327.0,10310.0,366,4.451706171035767,9
10109.0,11161.0,10438.0,370,4.4948201179504395,9
9497.0,11980.0,9731.0,371,4.504944086074829,9
10413.0,10836.0,10588.0,372,4.516287088394165,9
10506.0,10520.0,11155.0,372,4.516293048858643,9
12404.0,8928.0,12849.0,394,4.740795135498047,9
12352.0,8874.0,13014.0,394,4.740807056427002,9
11432.0,9731.0,11916.0,395,4.752552032470703,9
11898.0,9394.0,12223.0,404,4.834107160568237,9
11950.0,9448.0,12058.0,404,4.834110975265503,9
9679.0,11693.0,9928.0,420,4.951892137527466,9
9692.0,11827.0,9796.0,421,4.959258079528809,9
11917.0,9551.0,11902.0,430,5.017889976501465,9
10574.0,10867.0,10325.0,432,5.028395175933838,9
11628.0,10133.0,10838.0,448,5.139000177383423,9
10674.0,11160.0,9998.0,460,5.211884021759033,9
10159.0,11668.0,9315.0,463,5.234192132949829,9
11309.0,10007.0,11198.0,479,5.315576076507568,9
11476.0,10079.0,10925.0,540,5.866791009902954,10
10570.0,11190.0,9890.0,542,5.883352994918823,10
8878.0,12917.0,9163.0,557,5.988991022109985,10
10452.0,11158.0,10195.0,583,6.168698072433472,10
9831.0,12217.0,9269.0,588,6.195885181427002,10
10138.0,11245.0,10368.0,610,6.508649110794067,10
11272.0,9891.0,11901.0,612,6.532207012176514,10
12166.0,9245.0,12656.0,618,6.6018359661102295,10
12209.0,9291.0,12494.0,620,6.6267170906066895,10
11700.0,9450.0,12193.0,642,6.922173023223877,10
10940.0,10562.0,10960.0,672,7.22527003288269,10
11337.0,9921.0,11677.0,674,7.247287034988403,10
9945.0,11348.0,10493.0,684,7.327717065811157,10
8896.0,12878.0,9251.0,697,7.446514129638672,10
9558.0,11992.0,9623.0,698,7.457671165466309,10
10952.0,10492.0,10857.0,702,7.486216068267822,10
10316.0,11166.0,10189.0,702,7.4862401485443115,10
12203.0,9012.0,12693.0,740,7.8463640213012695,10
12429.0,8884.0,12977.0,740,7.8463990688323975,10
11757.0,9568.0,11927.0,741,7.855395078659058,10
12084.0,9298.0,12154.0,741,7.855408191680908,10
11388.0,9974.0,11499.0,747,7.921252012252808,10
11466.0,10045.0,11155.0,789,8.2119300365448,10
9653.0,11906.0,9380.0,800,8.267320156097412,10
12170.0,9115.0,12537.0,804,8.296447992324829,10
9692.0,11874.0,9789.0,861,8.625377178192139,10
10691.0,11354.0,9869.0,936,9.03380012512207,11
11914.0,9773.0,11399.0,986,9.503460168838501,11
11434.0,10488.0,10568.0,988,9.516448020935059,11
11347.0,9907.0,11797.0,1098,10.40530014038086,11
13188.0,8474.0,13458.0,1118,10.624053001403809,11
13141.0,8519.0,13334.0,1119,10.634124040603638,11
9603.0,11724.0,10265.0,1240,11.707674980163574,11
9430.0,12013.0,9806.0,1240,11.707687139511108,11
9523.0,11974.0,9987.0,1247,11.756393194198608,11
10891.0,10480.0,10965.0,1251,11.780755043029785,11
10375.0,10855.0,10846.0,1259,11.817013025283813,11
13345.0,8512.0,13230.0,1268,11.859184980392456,11
10040.0,11407.0,10180.0,1358,12.583348035812378,11
10172.0,11210.0,10211.0,1406,12.882162094116211,11
9829.0,11970.0,9294.0,1418,12.927580118179321,11
12495.0,8952.0,12548.0,1428,12.991163969039917,11
11023.0,10966.0,9993.0,1493,13.347054958343506,11
9465.0,12315.0,9108.0,1509,13.40885615348816,11
12134.0,9530.0,11647.0,1548,13.558655977249146,11
12173.0,9305.0,11876.0,1549,13.564350128173828,11
10044.0,11421.0,9766.0,1574,13.628196001052856,11
11146.0,10232.0,10958.0,1739,14.711663961410522,12
8855.0,12930.0,9308.0,1769,14.83590817451477,12
10171.0,11142.0,10524.0,1796,15.204447984695435,12
11185.0,9949.0,11982.0,1806,15.290724039077759,12
12330.0,9058.0,12601.0,1832,15.504698038101196,12
13193.0,8573.0,13169.0,1836,15.537758111953735,12
9331.0,12306.0,9777.0,1880,15.871330976486206,12
11386.0,10534.0,10662.0,1938,16.343424081802368,12
10012.0,11315.0,10418.0,1980,16.620857000350952,12
12337.0,8921.0,12929.0,2120,17.57340908050537,12
10348.0,11274.0,10125.0,2234,18.17886209487915,12
11538.0,10458.0,10676.0,2320,18.520763158798218,12
9448.0,12349.0,8795.0,2396,18.819486141204834,12
10147.0,11239.0,10429.0,2686,20.500900983810425,13
11346.0,9682.0,12139.0,2718,20.721861124038696,13
13100.0,8582.0,13381.0,2752,20.959458112716675,13
9547.0,11895.0,10074.0,2893,21.882806062698364,13
9884.0,11336.0,10601.0,2908,21.975409984588623,13
10167.0,11200.0,10402.0,2984,22.356525182724,13
13145.0,8489.0,13335.0,3052,22.745607137680054,13
13011.0,8503.0,13512.0,3053,22.75685405731201,13
11664.0,9564.0,12004.0,3088,22.988614082336426,13
11845.0,9432.0,12185.0,3089,22.99454402923584,13
12528.0,8849.0,12704.0,3096,23.02936816215515,13
13071.0,8742.0,13259.0,3752,26.2451651096344,14
12356.0,9289.0,12338.0,3867,26.875652074813843,14
9439.0,11911.0,10320.0,3928,27.112929105758667,14
9266.0,12200.0,9861.0,3928,27.112941026687622,14
10100.0,11233.0,10477.0,4004,27.427356004714966,14
10039.0,11221.0,10585.0,4004,27.42736005783081,14
13133.0,8563.0,13359.0,4088,27.841453075408936,14
13484.0,8430.0,13342.0,4091,27.87506914138794,14
12675.0,9274.0,12172.0,4494,29.610800981521606,15
11296.0,10521.0,10714.0,4536,29.741937160491943,15
10788.0,10873.0,10157.0,4540,29.756970167160034,15
8819.0,12981.0,8925.0,4561,29.844676971435547,15
12996.0,8757.0,13148.0,4648,30.414201974868774,15
12761.0,8641.0,13374.0,4746,30.91254997253418,15
13126.0,8606.0,13244.0,4752,30.961910009384155,15
12154.0,9250.0,12545.0,4771,31.098015069961548,15
10064.0,11399.0,10349.0,4966,31.876442193984985,15
10003.0,11387.0,10457.0,4966,31.87644600868225,15
8954.0,13140.0,8885.0,4987,31.961436986923218,15
9642.0,11862.0,9868.0,4998,32.010740995407104,15
13180.0,8477.0,13364.0,5110,32.49220013618469,15
12160.0,9819.0,11392.0,5490,34.01875615119934,16
11652.0,10171.0,10835.0,5494,34.02961015701294,16
8614.0,13350.0,8928.0,5504,34.064685106277466,16
12320.0,9254.0,12445.0,5588,34.6123480796814,16
13161.0,8692.0,13230.0,5658,34.917978048324585,16
12945.0,8569.0,13435.0,5680,34.97906303405762,16
12049.0,9300.0,12672.0,5736,35.276307106018066,16
9936.0,11420.0,10532.0,5882,35.82692909240723,16
9875.0,11408.0,10640.0,5882,35.82693314552307,16
12143.0,9291.0,12616.0,6190,37.03730297088623,16
11116.0,10552.0,10603.0,6372,37.6890070438385,17
8797.0,13171.0,9222.0,6602,38.701088190078735,17
11975.0,9404.0,12186.0,6902,39.80013298988342,17
11123.0,10396.0,10729.0,7082,40.42940902709961,18
12676.0,8833.0,12707.0,7485,41.96620297431946,18
13195.0,8587.0,13161.0,7962,43.67989110946655,19
13347.0,8327.0,13363.0,7982,43.7368860244751,19
12796.0,8629.0,13403.0,8170,44.41649103164673,20
13113.0,8498.0,13461.0,8322,44.88018012046814,20
8449.0,13552.0,8597.0,8394,45.09189295768738,21
12980.0,8557.0,13464.0,8446,45.360982179641724,21
13247.0,8407.0,13697.0,8530,45.6108181476593,21
12327.0,9248.0,12451.0,8622,46.016566038131714,22
13248.0,8734.0,13094.0,8846,46.66751313209534,24
