z1,z2,z3,node,time,depth
-8874.0,-5177.0,-5419.0,1,0.007337093353271484,1
-8098.0,-5605.0,-6454.0,1,0.0073680877685546875,1
-9070.0,-5945.0,-4580.0,1,0.007380962371826172,1
-8600.0,-5456.0,-5858.0,1,0.007437944412231445,1
-8967.0,-5013.0,-5237.0,2,0.017477035522460938,2
-7867.0,-7396.0,-6304.0,2,0.017489910125732422,2
-7770.0,-7515.0,-6067.0,2,0.01752495765686035,2
-7986.0,-7211.0,-6209.0,7,0.057702064514160156,3
-8581.0,-5476.0,-5780.0,8,0.0652780532836914,4
-8674.0,-5312.0,-5598.0,8,0.06529092788696289,4
-8391.0,-5306.0,-6093.0,9,0.07231307029724121,4
-7381.0,-7830.0,-6124.0,11,0.08634209632873535,4
-8304.0,-6097.0,-6114.0,16,0.11648702621459961,5
-8372.0,-5326.0,-6015.0,17,0.12269306182861328,5
-7458.0,-6183.0,-6607.0,20,0.1443469524383545,5
-8693.0,-5292.0,-5676.0,36,0.22741389274597168,6
-7510.0,-7378.0,-6423.0,43,0.2631540298461914,6
-7470.0,-7749.0,-5858.0,47,0.2801930904388428,6
-8131.0,-7384.0,-5471.0,54,0.3131749629974365,6
-7857.0,-7663.0,-5910.0,54,0.31317591667175293,6
-7838.0,-7683.0,-5832.0,54,0.3131980895996094,6
-6094.0,-8590.0,-4975.0,55,0.3176290988922119,6
-8294.0,-6364.0,-5720.0,58,0.3341209888458252,6
-8207.0,-6216.0,-5877.0,66,0.3639099597930908,7
-7821.0,-6055.0,-6470.0,81,0.4217700958251953,7
-7362.0,-7850.0,-6046.0,86,0.4435749053955078,7
-8160.0,-7097.0,-5943.0,94,0.47098803520202637,7
-8063.0,-7216.0,-5706.0,94,0.47100210189819336,7
-7342.0,-8019.0,-5864.0,110,0.5356960296630859,7
-7245.0,-8138.0,-5627.0,110,0.5356979370117188,7
-8861.0,-5795.0,-4815.0,113,0.5501430034637451,7
-8587.0,-6074.0,-5254.0,118,0.5667779445648193,7
-8449.0,-6270.0,-5376.0,148,0.6500899791717529,8
-8466.0,-6382.0,-4800.0,198,0.7966330051422119,8
-8472.0,-5726.0,-5864.0,200,0.8046970367431641,8
-7253.0,-8100.0,-6130.0,218,0.8470020294189453,8
-7156.0,-8219.0,-5893.0,218,0.8470110893249512,8
-8275.0,-6384.0,-5642.0,232,0.8933050632476807,8
-8568.0,-6094.0,-5176.0,236,0.9017589092254639,8
-8191.0,-5441.0,-6272.0,271,0.9727909564971924,9
-8578.0,-5818.0,-5675.0,279,0.9928760528564453,9
-8742.0,-5980.0,-4910.0,316,1.0707499980926514,9
-8044.0,-7236.0,-5628.0,338,1.116441011428833,9
-8141.0,-7117.0,-5865.0,338,1.1164500713348389,9
-6005.0,-8671.0,-5241.0,427,1.3187370300292969,9
-7927.0,-7602.0,-5566.0,432,1.3344509601593018,9
-7946.0,-7582.0,-5644.0,432,1.3344531059265137,9
-8597.0,-5798.0,-5753.0,571,1.5571188926696777,10
-8538.0,-6189.0,-5110.0,580,1.5694000720977783,10
-8376.0,-6450.0,-4942.0,599,1.5978360176086426,10
-7547.0,-6102.0,-6341.0,623,1.6543340682983398,10
-6064.0,-8354.0,-5633.0,666,1.7235229015350342,10
-8934.0,-5615.0,-5249.0,739,1.8731060028076172,10
-8485.0,-6362.0,-4878.0,754,1.9107580184936523,10
-8220.0,-7303.0,-5205.0,832,2.0766870975494385,10
-6191.0,-8471.0,-5212.0,842,2.0997118949890137,10
-7414.0,-7675.0,-5988.0,845,2.103437900543213,10
-8568.0,-6085.0,-5281.0,848,2.1104259490966797,10
-8383.0,-6283.0,-5454.0,1622,3.091779947280884,11
-8511.0,-6006.0,-5605.0,1854,3.324105978012085,12
-8645.0,-6099.0,-4673.0,1988,3.441265106201172,12
-8317.0,-6302.0,-5667.0,2270,3.6999239921569824,12
-6634.0,-8382.0,-4697.0,2536,4.00711989402771,12
-6556.0,-8481.0,-4538.0,2539,4.011733055114746,12
-8657.0,-6004.0,-5015.0,2622,4.12092399597168,12
-8484.0,-5142.0,-5911.0,3036,4.447333097457886,13
-8482.0,-6115.0,-5240.0,3473,4.84617805480957,13
-8775.0,-5816.0,-4879.0,3525,4.907497882843018,13
-8536.0,-6349.0,-4757.0,3539,4.940237045288086,13
-8369.0,-6501.0,-4563.0,3603,5.002435922622681,13
-8388.0,-6481.0,-4641.0,3619,5.0196568965911865,13
-7480.0,-7827.0,-5825.0,3782,5.1666579246521,13
-6653.0,-8362.0,-4775.0,3820,5.2100958824157715,13
-8611.0,-5841.0,-5432.0,3938,5.332551956176758,13
-8009.0,-6155.0,-6201.0,4172,5.505507946014404,14
-8688.0,-5846.0,-4929.0,4278,5.575877904891968,14
-6700.0,-6613.0,-6461.0,4592,5.813416957855225,14
-6605.0,-6841.0,-6497.0,4619,5.839637994766235,14
-6477.0,-8295.0,-5198.0,4635,5.853998899459839,14
-8525.0,-6049.0,-5284.0,4790,5.950455904006958,14
-8591.0,-6023.0,-5228.0,4800,5.956118106842041,14
-8482.0,-6293.0,-5133.0,4860,6.008997917175293,14
-8610.0,-6003.0,-5306.0,4880,6.027595043182373,14
-8540.0,-6305.0,-4574.0,4886,6.031954050064087,14
-8420.0,-6847.0,-4293.0,4939,6.153440952301025,14
-8400.0,-6408.0,-4856.0,4988,6.19050407409668,14
-8419.0,-6388.0,-4934.0,5014,6.2099878787994385,14
-6537.0,-8501.0,-4460.0,5245,6.40421199798584,14
-6102.0,-8552.0,-5478.0,5271,6.42692494392395,14
-7646.0,-6283.0,-6338.0,5596,6.683387994766235,15
-8480.0,-6099.0,-5312.0,5674,6.731683969497681,15
-7378.0,-6245.0,-6441.0,5880,6.872579097747803,15
-7143.0,-6423.0,-6490.0,5896,6.881685018539429,15
-7499.0,-5698.0,-6484.0,5920,6.896190881729126,15
-8451.0,-6395.0,-4735.0,6138,7.044878005981445,15
-8517.0,-6369.0,-4679.0,6146,7.049885034561157,15
-8451.0,-6386.0,-4840.0,6184,7.088560104370117,15
-8818.0,-5750.0,-4923.0,6212,7.1120500564575195,15
-8571.0,-6212.0,-4867.0,6224,7.121215105056763,15
-6011.0,-8585.0,-5242.0,6570,7.38321590423584,15
-8409.0,-6473.0,-4699.0,6764,7.564855098724365,15
-8197.0,-5602.0,-6155.0,6770,7.568276882171631,15
-8078.0,-5787.0,-6250.0,6882,7.6407790184021,16
-8461.0,-6119.0,-5234.0,6920,7.659535884857178,16
-8492.0,-6026.0,-5527.0,6922,7.660414934158325,16
-8785.0,-5727.0,-5166.0,6962,7.68501091003418,16
-8805.0,-5545.0,-5370.0,6970,7.689142942428589,16
-8305.0,-5514.0,-5945.0,7012,7.71512508392334,16
-7163.0,-6241.0,-6694.0,7110,7.773515939712524,16
-7229.0,-6215.0,-6638.0,7116,7.777141094207764,16
-6786.0,-6405.0,-6609.0,7160,7.8047568798065186,16
-6539.0,-6867.0,-6553.0,7166,7.808366060256958,16
-6677.0,-6497.0,-6621.0,7171,7.811269044876099,16
-7393.0,-7679.0,-5982.0,7210,7.8373329639434814,16
-7490.0,-7560.0,-6219.0,7212,7.838257074356079,16
-8659.0,-6138.0,-4341.0,7406,7.981829881668091,16
-8744.0,-6096.0,-4374.0,7408,7.9833409786224365,16
-8841.0,-5977.0,-4611.0,7420,7.993695020675659,16
-8470.0,-6375.0,-4813.0,7440,8.010163068771362,16
-8680.0,-5473.0,-5481.0,7550,8.085202932357788,16
-6576.0,-8292.0,-4899.0,7646,8.140819072723389,16
-6108.0,-8466.0,-5479.0,7666,8.153434038162231,16
-8174.0,-7140.0,-5622.0,7734,8.200463056564331,16
-7869.0,-7512.0,-5768.0,7736,8.207868099212646,16
-7966.0,-7393.0,-6005.0,7738,8.208894968032837,16
-6128.0,-8284.0,-5683.0,7894,8.302557945251465,16
-8379.0,-6577.0,-4528.0,7992,8.361562013626099,17
-6095.0,-8261.0,-5926.0,8070,8.416285037994385,17
-8432.0,-6411.0,-4646.0,8148,8.460803985595703,17
-8548.0,-6267.0,-5077.0,8178,8.480237007141113,17
-8389.0,-6655.0,-4495.0,8182,8.482879877090454,17
-8637.0,-6186.0,-4811.0,8202,8.49449896812439,17
-8501.0,-6095.0,-5318.0,8223,8.507104873657227,17
-8478.0,-6574.0,-4229.0,8254,8.55006194114685,17
-8567.0,-6256.0,-5050.0,8268,8.561007976531982,17
-8775.0,-6003.0,-4667.0,8274,8.56324291229248,17
-7923.0,-5710.0,-6276.0,8352,8.614089965820312,17
-6454.0,-8395.0,-5271.0,8376,8.626540899276733,17
-7523.0,-7583.0,-5976.0,8472,8.682274103164673,17
-8719.0,-5753.0,-5222.0,8574,8.741404056549072,18
-7074.0,-6791.0,-6441.0,8610,8.75973391532898,18
-5998.0,-8380.0,-5689.0,8628,8.770775079727173,18
-5978.0,-8562.0,-5485.0,8642,8.7795889377594,18
-6450.0,-7417.0,-6300.0,8646,8.782640933990479,18
-8548.0,-6276.0,-4972.0,8688,8.808013916015625,18
-8792.0,-5289.0,-5377.0,8726,8.828228950500488,18
-8544.0,-6029.0,-5362.0,8742,8.837143898010254,18
-8541.0,-6341.0,-3999.0,8759,8.848697900772095,18
-8638.0,-6222.0,-4236.0,8775,8.861260890960693,18
-8385.0,-6417.0,-4780.0,8792,8.871794939041138,18
-8693.0,-6109.0,-4495.0,8820,8.940284967422485,18
-8406.0,-5752.0,-5920.0,8824,8.942729949951172,18
-8699.0,-5453.0,-5559.0,8830,8.94519305229187,18
-7461.0,-7847.0,-5747.0,8848,8.95514702796936,18
-6077.0,-8559.0,-5186.0,8850,8.95611310005188,18
-6510.0,-8318.0,-4955.0,8872,8.965950965881348,18
-8630.0,-5821.0,-5510.0,8910,8.98732590675354,18
-6194.0,-8258.0,-5627.0,8936,9.001734972000122,18
-8512.0,-5844.0,-5731.0,8948,9.008545875549316,19
-8531.0,-5824.0,-5809.0,8950,9.00971794128418,19
-7081.0,-6347.0,-6522.0,8966,9.016930103302002,19
-8075.0,-7143.0,-5921.0,8974,9.02012300491333,19
-7424.0,-7586.0,-6275.0,8998,9.03140902519226,19
-8368.0,-6844.0,-5560.0,9002,9.03369688987732,19
-8094.0,-7123.0,-5999.0,9004,9.035252094268799,19
-8709.0,-5842.0,-4935.0,9038,9.05285906791687,19
-7187.0,-8126.0,-6186.0,9108,9.094063997268677,19
-8193.0,-7120.0,-5700.0,9112,9.09623908996582,19
-7550.0,-7766.0,-5481.0,9114,9.097332954406738,19
-7569.0,-7746.0,-5559.0,9116,9.09826397895813,19
-7900.0,-7419.0,-6061.0,9120,9.099898099899292,19
-7276.0,-8045.0,-5920.0,9122,9.101309061050415,19
-8403.0,-6094.0,-5815.0,9124,9.102284908294678,19
-8498.0,-6392.0,-4433.0,9130,9.105289936065674,19
-8337.0,-6120.0,-5871.0,9134,9.106935977935791,19
-8616.0,-6204.0,-4297.0,9168,9.121434926986694,20
-8572.0,-6248.0,-4292.0,9196,9.13274097442627,21
