z1,z2,z3,node,time,depth
7837.0,5025.0,7838.0,1,0.05101203918457031,1
5875.0,7119.0,5939.0,1,0.051020145416259766,1
6350.0,6886.0,5861.0,1,0.05102705955505371,1
4346.0,10999.0,4653.0,1,0.05106520652770996,1
5639.0,7555.0,5425.0,1,0.05124711990356445,1
4657.0,10988.0,4461.0,2,0.08482599258422852,2
4828.0,10777.0,4472.0,2,0.08483314514160156,2
4908.0,10901.0,4452.0,2,0.08486318588256836,2
5079.0,10690.0,4463.0,2,0.08487105369567871,2
4597.0,10912.0,4644.0,3,0.11464118957519531,2
4517.0,10788.0,4664.0,3,0.11465620994567871,2
4768.0,10701.0,4655.0,3,0.11466312408447266,2
6383.0,6616.0,6502.0,5,0.1770482063293457,3
5601.0,9885.0,5243.0,7,0.237199068069458,3
5350.0,9972.0,5252.0,7,0.23720717430114746,3
5559.0,9610.0,6400.0,7,0.2372291088104248,3
4756.0,10463.0,5594.0,7,0.23723721504211426,3
4927.0,10252.0,5605.0,7,0.2372450828552246,3
11472.0,4708.0,11261.0,8,0.28574419021606445,4
6911.0,6569.0,6581.0,9,0.3125801086425781,4
5661.0,9961.0,5060.0,10,0.34841012954711914,4
5149.0,10146.0,5459.0,14,0.4495120048522949,4
5912.0,9874.0,5051.0,23,0.7188169956207275,5
5267.0,10664.0,4974.0,24,0.7646851539611816,5
5058.0,10371.0,5408.0,29,0.8740341663360596,5
5229.0,10160.0,5419.0,29,0.8740780353546143,5
5468.0,9835.0,6349.0,31,0.9188470840454102,5
5067.0,10452.0,5402.0,38,1.1265740394592285,6
5350.0,10610.0,5174.0,91,2.4207561016082764,7
5388.0,9821.0,6389.0,105,2.6513750553131104,7
10853.0,4835.0,11208.0,110,2.7471911907196045,8
7834.0,5509.0,8117.0,110,2.747206211090088,8
5143.0,10687.0,5250.0,144,3.5921201705932617,8
5080.0,10512.0,5297.0,146,3.62381911277771,8
4978.0,10357.0,5448.0,163,3.9114530086517334,8
11038.0,4871.0,10994.0,183,4.187525987625122,9
6470.0,6866.0,6462.0,183,4.1875340938568115,9
4970.0,10582.0,5473.0,238,5.24604606628418,9
5179.0,10183.0,5241.0,327,6.700050115585327,10
5430.0,10096.0,5232.0,331,6.736910104751587,10
5589.0,9647.0,6182.0,339,6.805880069732666,10
7612.0,6245.0,7484.0,348,6.919236183166504,11
5391.0,10501.0,5105.0,370,7.33099102973938,11
10857.0,4893.0,10857.0,453,8.593731164932251,12
10739.0,4897.0,10908.0,453,8.593739032745361,12
5741.0,10085.0,5040.0,481,9.04233717918396,12
5369.0,10360.0,5216.0,565,10.20583200454712,13
5540.0,10149.0,5227.0,565,10.205839157104492,13
11524.0,4843.0,11067.0,640,10.97032904624939,14
5490.0,10172.0,5049.0,815,12.949096202850342,16
