z1,z2,z3,node,time,depth
11253.0,10467.0,7747.0,1,0.016299009323120117,1
11760.0,9929.0,8050.0,1,0.016302108764648438,1
7789.0,10255.0,11239.0,1,0.016304969787597656,1
7873.0,9767.0,12033.0,1,0.016308069229125977,1
8438.0,10869.0,9546.0,1,0.016311168670654297,1
10927.0,10741.0,7694.0,1,0.016314983367919922,1
7993.0,10406.0,10184.0,1,0.016318082809448242,1
11655.0,8827.0,9465.0,1,0.01632094383239746,1
9193.0,10944.0,8826.0,1,0.01632404327392578,1
9909.0,10977.0,8219.0,1,0.0163271427154541,1
7933.0,9971.0,11089.0,1,0.016330957412719727,1
10438.0,8720.0,10162.0,1,0.016334056854248047,1
11668.0,8921.0,9144.0,1,0.016337156295776367,1
10684.0,10966.0,7731.0,1,0.016340017318725586,1
9623.0,10028.0,8875.0,1,0.016343116760253906,1
10970.0,9070.0,9252.0,1,0.016345977783203125,1
9882.0,9160.0,9618.0,1,0.01635003089904785,1
10540.0,9257.0,9192.0,1,0.016353130340576172,1
10394.0,10217.0,8290.0,1,0.01635599136352539,1
11628.0,9167.0,8826.0,1,0.01635909080505371,1
10163.0,9639.0,8941.0,1,0.01636195182800293,1
8559.0,9218.0,11520.0,1,0.01636505126953125,1
8915.0,8936.0,11746.0,1,0.01636815071105957,1
9401.0,8741.0,11885.0,1,0.016371965408325195,1
9586.0,8750.0,11081.0,1,0.016375064849853516,1
9863.0,8685.0,10940.0,1,0.016378164291381836,1
10238.0,8878.0,9844.0,1,0.016381025314331055,1
10703.0,8748.0,9924.0,1,0.016384124755859375,1
9931.0,8802.0,10198.0,1,0.016386985778808594,1
9377.0,8880.0,10801.0,1,0.016390085220336914,1
9487.0,8919.0,10521.0,1,0.016392946243286133,1
9021.0,9162.0,10575.0,1,0.016396045684814453,1
8236.0,10181.0,10147.0,1,0.016399145126342773,1
8162.0,9795.0,10937.0,1,0.016402006149291992,1
9131.0,9201.0,10295.0,1,0.01640605926513672,1
8768.0,10395.0,9696.0,2,0.034085988998413086,2
9016.0,9153.0,11687.0,2,0.03409314155578613,2
9213.0,10858.0,9058.0,2,0.03410506248474121,2
9968.0,10933.0,8338.0,2,0.03410816192626953,2
10896.0,8975.0,9418.0,2,0.03412604331970215,2
10985.0,9940.0,8538.0,3,0.0444180965423584,2
10478.0,10478.0,8235.0,3,0.044425010681152344,2
10152.0,10752.0,8182.0,3,0.04444003105163574,2
10128.0,8839.0,10124.0,3,0.04445600509643555,2
9544.0,10237.0,8951.0,3,0.044465065002441406,2
8748.0,10481.0,9464.0,3,0.04446816444396973,2
12132.0,9806.0,8291.0,4,0.06582403182983398,3
9320.0,9818.0,9817.0,4,0.06587409973144531,3
8954.0,9969.0,10125.0,4,0.0659019947052002,3
9011.0,10170.0,9659.0,4,0.06590509414672852,3
10989.0,9740.0,8635.0,4,0.06591415405273438,3
10791.0,9640.0,8873.0,4,0.06593203544616699,3
10046.0,9747.0,9003.0,5,0.08068609237670898,3
10167.0,9755.0,8898.0,5,0.08069205284118652,3
10050.0,9863.0,8960.0,5,0.08071303367614746,3
11529.0,9351.0,8701.0,5,0.08071613311767578,3
9432.0,9750.0,9727.0,5,0.08073806762695312,3
9072.0,9435.0,10560.0,5,0.08074116706848145,3
11022.0,9889.0,8398.0,5,0.08075308799743652,3
10905.0,9997.0,8460.0,5,0.08075594902038574,3
9436.0,9866.0,9684.0,5,0.08075904846191406,3
9549.0,9642.0,9665.0,5,0.08077716827392578,3
10659.0,10214.0,8485.0,6,0.09645700454711914,3
8222.0,9523.0,12096.0,6,0.09646010398864746,3
8440.0,9433.0,11392.0,6,0.09646296501159668,3
9707.0,10289.0,8820.0,6,0.09647798538208008,3
8743.0,9643.0,10450.0,6,0.09651494026184082,3
9459.0,9676.0,9843.0,6,0.09651803970336914,3
9498.0,9718.0,9730.0,6,0.09652113914489746,3
10235.0,10703.0,8272.0,7,0.10761213302612305,3
9119.0,10004.0,9681.0,7,0.10763406753540039,3
9870.0,9963.0,9004.0,7,0.10764002799987793,3
8776.0,9792.0,10213.0,7,0.10766100883483887,3
8102.0,9591.0,11881.0,7,0.10767316818237305,3
10963.0,10690.0,7936.0,8,0.12717914581298828,4
10989.0,10190.0,8148.0,8,0.12718796730041504,4
11350.0,10412.0,7788.0,8,0.12719106674194336,4
10611.0,11287.0,8056.0,8,0.1271970272064209,4
12119.0,9712.0,8612.0,8,0.12721800804138184,4
11747.0,9835.0,8371.0,8,0.12722206115722656,4
9434.0,10450.0,9146.0,8,0.12725210189819336,4
10398.0,10333.0,8247.0,8,0.12725496292114258,4
10281.0,10441.0,8309.0,8,0.1272580623626709,4
10042.0,10814.0,8410.0,8,0.12726211547851562,4
10239.0,10503.0,8369.0,9,0.14302396774291992,4
9523.0,10470.0,8976.0,9,0.14302802085876465,4
10528.0,10060.0,8578.0,9,0.1430950164794922,4
9518.0,9632.0,9962.0,9,0.14310693740844727,4
11119.0,9834.0,8439.0,10,0.1557309627532959,4
9076.0,9551.0,10517.0,10,0.15574002265930176,4
11615.0,9073.0,9147.0,10,0.15576505661010742,4
10560.0,9062.0,9524.0,10,0.15577101707458496,4
9012.0,9231.0,11504.0,10,0.15578913688659668,4
10786.0,8936.0,9698.0,11,0.17025113105773926,4
8937.0,9784.0,10449.0,11,0.1702570915222168,4
11558.0,8882.0,9424.0,11,0.17029094696044922,4
11293.0,8854.0,9662.0,11,0.17029404640197754,4
9789.0,9298.0,9869.0,11,0.1703031063079834,4
9679.0,9259.0,10149.0,11,0.17030596733093262,4
10145.0,9016.0,10095.0,11,0.17030906677246094,4
9464.0,10514.0,8857.0,12,0.18254494667053223,4
9154.0,10902.0,8939.0,12,0.18254804611206055,4
8952.0,10214.0,9540.0,12,0.1825871467590332,4
8709.0,10439.0,9577.0,12,0.18259000778198242,4
8649.0,10004.0,10482.0,12,0.18259310722351074,4
9436.0,10719.0,8789.0,13,0.1923661231994629,4
8949.0,9530.0,10866.0,14,0.20458006858825684,4
10958.0,9873.0,8638.0,14,0.20459914207458496,4
10247.0,9900.0,8886.0,15,0.21307110786437988,4
9531.0,9867.0,9493.0,15,0.21308016777038574,4
8166.0,9911.0,10894.0,15,0.21310114860534668,4
8780.0,9908.0,10170.0,15,0.2131040096282959,4
10766.0,10094.0,8531.0,16,0.23248600959777832,5
11361.0,10067.0,8389.0,16,0.23248910903930664,5
11163.0,9517.0,9114.0,16,0.23251700401306152,5
9995.0,9905.0,9116.0,16,0.23253512382507324,5
11656.0,9724.0,8530.0,18,0.2606320381164551,5
10663.0,8994.0,9606.0,20,0.28486013412475586,5
9553.0,9758.0,9622.0,20,0.28487205505371094,5
9590.0,8866.0,11038.0,20,0.28487515449523926,5
9405.0,8857.0,11842.0,20,0.28488993644714355,5
9803.0,9324.0,9774.0,21,0.2941141128540039,5
10200.0,8747.0,10357.0,21,0.29414796829223633,5
8991.0,10256.0,9427.0,26,0.3440420627593994,5
8681.0,10644.0,9509.0,27,0.3498401641845703,5
10116.0,9642.0,9510.0,29,0.3702571392059326,5
9365.0,9683.0,10187.0,29,0.37027812004089355,5
9009.0,9965.0,9961.0,29,0.3702991008758545,5
10754.0,9362.0,9189.0,30,0.3823671340942383,5
9713.0,9626.0,9704.0,30,0.3823730945587158,5
8962.0,9667.0,10381.0,30,0.3823890686035156,5
8106.0,9707.0,11838.0,30,0.3824009895324707,5
8564.0,9535.0,10936.0,30,0.38241100311279297,5
8360.0,9505.0,11435.0,30,0.3824141025543213,5
8518.0,9513.0,11163.0,31,0.38815808296203613,5
10192.0,10501.0,8521.0,34,0.43596506118774414,6
9853.0,11236.0,8681.0,34,0.435992956161499,6
9372.0,10331.0,9378.0,35,0.4450409412384033,6
11517.0,10154.0,8087.0,36,0.45794010162353516,6
11616.0,9970.0,8212.0,36,0.4579429626464844,6
11010.0,10692.0,7784.0,36,0.45795512199401855,6
9275.0,9857.0,9999.0,36,0.457988977432251,6
10884.0,9778.0,8804.0,36,0.4579920768737793,6
9456.0,10633.0,9021.0,37,0.46759796142578125,6
10211.0,10708.0,8301.0,37,0.46760106086730957,6
11361.0,9617.0,8876.0,37,0.46765995025634766,6
12055.0,9668.0,8671.0,37,0.4676661491394043,6
10883.0,8881.0,9739.0,41,0.5109789371490479,6
10887.0,8803.0,9922.0,41,0.5109820365905762,6
9690.0,9548.0,9793.0,41,0.5109851360321045,6
9807.0,9440.0,9731.0,41,0.5109879970550537,6
10443.0,9170.0,9586.0,42,0.5188839435577393,6
9469.0,8858.0,11143.0,42,0.5189189910888672,6
10535.0,9516.0,9182.0,43,0.5258419513702393,6
11412.0,9459.0,8763.0,46,0.554206132888794,6
9216.0,9901.0,9880.0,50,0.5881450176239014,6
8688.0,10046.0,10369.0,52,0.6033680438995361,6
8945.0,10331.0,9849.0,54,0.6162819862365723,6
8500.0,9868.0,10487.0,54,0.6162970066070557,6
10742.0,10165.0,8575.0,58,0.6473441123962402,6
9025.0,8975.0,11466.0,60,0.6589779853820801,6
8669.0,9257.0,11240.0,60,0.6589839458465576,6
9315.0,9494.0,10259.0,60,0.6589930057525635,6
10219.0,9111.0,9929.0,61,0.6654119491577148,6
8919.0,9052.0,11703.0,61,0.6654210090637207,6
8563.0,9334.0,11477.0,61,0.6654331684112549,6
8522.0,9629.0,11120.0,62,0.6713061332702637,6
9496.0,9941.0,9563.0,62,0.6713221073150635,6
9492.0,9825.0,9606.0,62,0.6713249683380127,6
10034.0,9902.0,9123.0,64,0.6910769939422607,7
9918.0,9767.0,9496.0,65,0.7060620784759521,7
9321.0,10480.0,9391.0,68,0.745203971862793,7
10795.0,9756.0,8830.0,70,0.7643880844116211,7
9929.0,10891.0,8451.0,72,0.7843129634857178,7
9484.0,10428.0,9089.0,72,0.7843191623687744,7
9991.0,9890.0,9392.0,72,0.7843461036682129,7
10172.0,10666.0,8414.0,74,0.8065791130065918,7
11600.0,9827.0,8628.0,74,0.806610107421875,7
9474.0,9175.0,10559.0,82,0.8812651634216309,7
9270.0,9145.0,11058.0,82,0.8812711238861084,7
9686.0,9432.0,9836.0,86,0.903529167175293,7
9397.0,10677.0,8902.0,102,1.0184221267700195,7
9707.0,9885.0,9487.0,104,1.0303730964660645,7
8798.0,10128.0,10116.0,104,1.030419111251831,7
8562.0,10797.0,10146.0,105,1.0372910499572754,7
8339.0,9530.0,11589.0,108,1.05332612991333,7
10875.0,9901.0,8818.0,112,1.0707120895385742,7
8458.0,9309.0,12107.0,120,1.1227750778198242,7
9772.0,9121.0,9898.0,121,1.126880168914795,7
8673.0,9373.0,11197.0,122,1.1338341236114502,7
9371.0,8994.0,11423.0,122,1.133842945098877,7
9029.0,9091.0,11423.0,122,1.1338560581207275,7
10678.0,9864.0,8892.0,140,1.3044581413269043,8
10674.0,9748.0,8935.0,142,1.3175780773162842,8
10138.0,10725.0,8566.0,144,1.3355040550231934,8
9478.0,9097.0,10742.0,162,1.5016169548034668,8
10430.0,9218.0,9472.0,183,1.6315760612487793,8
8942.0,10075.0,10005.0,206,1.7606289386749268,8
9710.0,9861.0,9582.0,206,1.7606630325317383,8
8945.0,10051.0,10100.0,206,1.7606661319732666,8
8283.0,9734.0,11808.0,215,1.8065030574798584,8
8412.0,11192.0,9719.0,220,1.8159990310668945,8
8601.0,10517.0,10082.0,220,1.816004991531372,8
9760.0,9924.0,9284.0,230,1.878965139389038,8
9603.0,9587.0,9984.0,240,1.923828125,8
8852.0,9628.0,10661.0,242,1.9313249588012695,8
10846.0,10798.0,7998.0,268,2.1097209453582764,9
10277.0,10325.0,8352.0,280,2.178086996078491,9
10231.0,10139.0,8773.0,280,2.178102970123291,9
10746.0,9965.0,8672.0,289,2.2633631229400635,9
11136.0,10575.0,7809.0,294,2.3144471645355225,9
11643.0,10037.0,8112.0,294,2.314465045928955,9
11400.0,9614.0,8883.0,295,2.3225080966949463,9
11111.0,8866.0,9743.0,306,2.4021921157836914,9
11002.0,9942.0,8501.0,307,2.410236120223999,9
11390.0,8799.0,9703.0,307,2.4102630615234375,9
10128.0,8713.0,10702.0,312,2.4411699771881104,9
10228.0,9110.0,9977.0,315,2.457267999649048,9
11302.0,9420.0,9043.0,345,2.594532012939453,9
9883.0,11300.0,8392.0,380,2.7459840774536133,9
10072.0,10625.0,8755.0,380,2.7459909915924072,9
8092.0,9933.0,11934.0,398,2.8146679401397705,9
8152.0,10137.0,10990.0,404,2.8263800144195557,9
8844.0,10292.0,10045.0,406,2.829590082168579,9
10860.0,9031.0,9532.0,440,2.9805150032043457,9
10595.0,9003.0,9770.0,440,2.980518102645874,9
8451.0,9347.0,11944.0,444,2.995429039001465,9
8920.0,9253.0,11162.0,452,3.0230820178985596,9
11046.0,9625.0,9176.0,480,3.1540541648864746,10
10088.0,10747.0,8623.0,489,3.2146999835968018,10
10079.0,10531.0,8766.0,490,3.219346046447754,10
11233.0,10520.0,7850.0,500,3.2630770206451416,10
11237.0,10442.0,8033.0,500,3.263082981109619,10
10418.0,10021.0,8858.0,523,3.415285110473633,10
10564.0,9178.0,9481.0,550,3.611889123916626,10
10539.0,9632.0,9139.0,551,3.6180901527404785,10
10418.0,9624.0,9244.0,581,3.7351930141448975,10
11518.0,9128.0,9106.0,602,3.8167409896850586,10
9356.0,10592.0,9362.0,661,4.0693359375,10
9255.0,9943.0,9767.0,666,4.088397026062012,10
9404.0,9793.0,10145.0,701,4.182433128356934,10
9844.0,9044.0,10447.0,766,4.416115999221802,10
8913.0,9291.0,10999.0,768,4.420384168624878,10
10770.0,10210.0,8488.0,807,4.5727691650390625,11
10147.0,10636.0,8750.0,835,4.671286106109619,11
9965.0,10676.0,8790.0,840,4.687175035476685,11
10143.0,10520.0,8793.0,841,4.690729141235352,11
10893.0,10800.0,7846.0,868,4.900951147079468,11
11434.0,10203.0,7997.0,886,5.016966104507446,11
11516.0,9257.0,9022.0,906,5.1215431690216064,11
11491.0,9711.0,8680.0,907,5.128303050994873,11
11350.0,9045.0,9385.0,907,5.128337144851685,11
11419.0,9312.0,8981.0,965,5.325268983840942,11
9128.0,11225.0,9112.0,1026,5.4949469566345215,11
8807.0,9065.0,12170.0,1150,5.860667943954468,11
8811.0,9181.0,12127.0,1170,5.9151670932769775,11
9269.0,9009.0,11225.0,1184,5.944504022598267,11
11167.0,9633.0,9071.0,1223,6.056790113449097,12
11650.0,9890.0,8330.0,1342,6.62114405632019,12
11317.0,9628.0,9019.0,1424,6.878936052322388,12
8851.0,9522.0,11115.0,1640,7.480445146560669,12
11191.0,10428.0,8034.0,1790,7.925936937332153,13
11625.0,10344.0,7988.0,1830,8.088866949081421,13
11354.0,8967.0,9568.0,1862,8.21003794670105,13
10850.0,10720.0,8181.0,2122,8.811613082885742,14
9903.0,11214.0,8624.0,2188,9.024915933609009,14
11407.0,10115.0,8367.0,2210,9.11624002456665,14
11533.0,9998.0,8392.0,2232,9.187319993972778,14
11399.0,9365.0,9084.0,2596,10.096666097640991,15
11619.0,8995.0,9330.0,2601,10.114482164382935,15
10658.0,11289.0,7904.0,3066,11.102524995803833,18
