z1,z2,z3,node,time,depth
-2861.0,-6376.0,-4647.0,1,0.07141780853271484,1
-2558.0,-6199.0,-5244.0,1,0.07142281532287598,1
-7433.0,-3620.0,-2671.0,1,0.07142782211303711,1
-4349.0,-1831.0,-7072.0,1,0.07143282890319824,1
-6539.0,-5385.0,-2542.0,1,0.07143783569335938,1
-3730.0,-6428.0,-4245.0,1,0.07144284248352051,1
-3427.0,-6251.0,-4842.0,1,0.07144689559936523,1
-5666.0,-5913.0,-3666.0,1,0.07145190238952637,1
-3647.0,-5055.0,-6291.0,1,0.0714569091796875,1
-3162.0,-5975.0,-5509.0,1,0.07146191596984863,1
-3277.0,-2811.0,-7199.0,1,0.07146596908569336,1
-3690.0,-2211.0,-7195.0,1,0.07147097587585449,1
-6326.0,-5546.0,-2990.0,1,0.07147598266601562,1
-4906.0,-6207.0,-3375.0,1,0.07148098945617676,1
-5105.0,-6149.0,-3896.0,1,0.07148480415344238,1
-4056.0,-6421.0,-4097.0,1,0.07149100303649902,1
-4840.0,-5873.0,-4563.0,1,0.07149600982666016,1
-6124.0,-4208.0,-5012.0,1,0.07149982452392578,1
-3725.0,-5423.0,-5884.0,1,0.07150602340698242,1
-6774.0,-3234.0,-4843.0,1,0.07150983810424805,1
-2044.0,-5316.0,-6395.0,1,0.07151484489440918,1
-2115.0,-5482.0,-6292.0,1,0.0715188980102539,1
-3031.0,-5167.0,-6398.0,1,0.07152390480041504,1
-3591.0,-4115.0,-6810.0,1,0.07152891159057617,1
-2971.0,-3856.0,-6972.0,1,0.0715339183807373,1
-5526.0,-1734.0,-6409.0,1,0.07153892517089844,1
-4315.0,-3374.0,-6846.0,1,0.07154393196105957,1
-6221.0,-5671.0,-3077.0,1,0.0715479850769043,1
-7345.0,-3680.0,-3079.0,1,0.07155299186706543,1
-7312.0,-3406.0,-3631.0,1,0.07155799865722656,1
-7125.0,-3804.0,-3721.0,1,0.0715630054473877,1
-6407.0,-4659.0,-4319.0,1,0.07156682014465332,1
-5453.0,-4673.0,-5198.0,1,0.07157182693481445,1
-6495.0,-3620.0,-4963.0,1,0.07157588005065918,1
-5306.0,-4872.0,-5143.0,1,0.07158088684082031,1
-5651.0,-5802.0,-3962.0,1,0.07158589363098145,1
-4642.0,-4744.0,-5799.0,1,0.07159090042114258,1
-5171.0,-5012.0,-5124.0,1,0.0715949535369873,1
-3965.0,-3907.0,-6812.0,1,0.07159996032714844,1
-4564.0,-4376.0,-6206.0,1,0.07160401344299316,1
-4680.0,-3941.0,-6406.0,1,0.0716090202331543,1
-6341.0,-3030.0,-5421.0,1,0.07161283493041992,1
-5798.0,-2155.0,-6137.0,1,0.07161784172058105,1
-6012.0,-2322.0,-5917.0,1,0.07162284851074219,1
-5817.0,-2742.0,-6018.0,1,0.07162785530090332,1
-4425.0,-3150.0,-6870.0,1,0.07163190841674805,1
-4271.0,-2862.0,-7039.0,1,0.07163691520690918,1
-4743.0,-1558.0,-6903.0,1,0.0716409683227539,1
-4724.0,-2543.0,-6827.0,1,0.07164597511291504,1
-6059.0,-5613.0,-3533.0,1,0.07165098190307617,1
-6594.0,-4984.0,-3392.0,1,0.0716547966003418,1
-6294.0,-5457.0,-3271.0,1,0.07165980339050293,1
-6595.0,-2391.0,-5287.0,1,0.07166481018066406,1
-6928.0,-3824.0,-4385.0,1,0.0716698169708252,1
-7115.0,-3426.0,-4295.0,1,0.07167387008666992,1
-7447.0,-3052.0,-3393.0,1,0.07167887687683105,1
-5537.0,-3414.0,-6048.0,1,0.07168388366699219,1
-5724.0,-3837.0,-5644.0,1,0.07168793678283691,1
-5691.0,-4004.0,-5590.0,1,0.07169294357299805,1
-4735.0,-3727.0,-6498.0,1,0.07169795036315918,1
-5095.0,-3827.0,-6249.0,1,0.0717020034790039,1
-7083.0,-3186.0,-4387.0,1,0.07170701026916504,1
-7202.0,-3330.0,-4144.0,1,0.07171082496643066,1
-7197.0,-2809.0,-4165.0,1,0.0717158317565918,1
-7078.0,-2665.0,-4408.0,1,0.07172083854675293,1
-4691.0,-3215.0,-6691.0,1,0.07172584533691406,1
-5187.0,-3614.0,-6260.0,1,0.07172989845275879,1
-5603.0,-2575.0,-6238.0,1,0.07173490524291992,1
-5161.0,-2988.0,-6439.0,1,0.07173991203308105,1
-4846.0,-2591.0,-6750.0,1,0.07174396514892578,1
-4845.0,-3503.0,-6522.0,1,0.07174897193908691,1
-2795.0,-4007.0,-6832.0,2,0.1444690227508545,2
-3894.0,-3699.0,-6827.0,2,0.1445329189300537,2
-5740.0,-1901.0,-6189.0,2,0.14455080032348633,2
-6400.0,-2811.0,-5388.0,2,0.14455485343933105,2
-4957.0,-1725.0,-6683.0,2,0.14456892013549805,2
-4938.0,-2710.0,-6607.0,2,0.14457297325134277,2
-5060.0,-2758.0,-6530.0,2,0.1445779800415039,2
-4314.0,-4052.0,-6479.0,2,0.14460992813110352,2
-6157.0,-4041.0,-5066.0,2,0.14468002319335938,2
-5375.0,-3155.0,-6219.0,2,0.144683837890625,2
-5669.0,-3246.0,-5966.0,2,0.14471197128295898,2
-5347.0,-3832.0,-5942.0,2,0.1447160243988037,2
-5292.0,-4046.0,-5850.0,2,0.14472484588623047,2
-5528.0,-4031.0,-5671.0,2,0.1447298526763916,2
-6381.0,-2224.0,-5507.0,3,0.17667794227600098,2
-6946.0,-2895.0,-4518.0,3,0.1766829490661621,2
-6048.0,-2380.0,-5849.0,3,0.17671489715576172,2
-6631.0,-2449.0,-5219.0,3,0.17672395706176758,2
-6682.0,-3222.0,-4873.0,3,0.1767289638519287,2
-5173.0,-4195.0,-5842.0,3,0.17675089836120605,2
-2667.0,-4388.0,-6725.0,3,0.17676496505737305,2
-2738.0,-4554.0,-6622.0,3,0.17676901817321777,2
-6583.0,-3587.0,-4754.0,3,0.17681479454040527,2
-6759.0,-3293.0,-4608.0,3,0.17681884765625,2
-5052.0,-4567.0,-5545.0,3,0.176832914352417,2
-5974.0,-4455.0,-4897.0,3,0.17683792114257812,2
-5456.0,-4646.0,-5149.0,3,0.17684698104858398,2
-4693.0,-4419.0,-5946.0,3,0.17689180374145508,2
-3669.0,-4483.0,-6403.0,3,0.17690491676330566,2
-7214.0,-4023.0,-2535.0,4,0.2172408103942871,3
-7126.0,-4083.0,-2943.0,4,0.21726298332214355,3
-6086.0,-3375.0,-5353.0,4,0.2172679901123047,3
-6269.0,-5190.0,-3742.0,4,0.21727681159973145,3
-6024.0,-4873.0,-4443.0,4,0.21728086471557617,3
-6195.0,-5099.0,-3989.0,4,0.2172858715057373,3
-6793.0,-4617.0,-3151.0,4,0.2172989845275879,3
-6624.0,-4750.0,-3499.0,4,0.21730780601501465,3
-5741.0,-4422.0,-5136.0,4,0.21733498573303223,3
-6232.0,-3987.0,-4906.0,4,0.21733999252319336,3
-6929.0,-4103.0,-3607.0,4,0.21734380722045898,3
-6672.0,-4269.0,-4164.0,4,0.21735286712646484,3
-6580.0,-4778.0,-3599.0,4,0.21735787391662598,3
-6669.0,-4009.0,-4352.0,4,0.2173759937286377,3
-6555.0,-3637.0,-4707.0,4,0.21737980842590332,3
-6545.0,-4038.0,-4509.0,4,0.21738481521606445,3
-6716.0,-4264.0,-4055.0,4,0.21738886833190918,3
-6983.0,-3733.0,-4008.0,4,0.2173938751220703,3
-6760.0,-4236.0,-3955.0,4,0.21739792823791504,3
-7038.0,-4393.0,-2546.0,5,0.24764800071716309,3
-6950.0,-4453.0,-2954.0,5,0.24765300750732422,3
-3118.0,-4687.0,-6375.0,5,0.24770784378051758,3
-5471.0,-4539.0,-5245.0,5,0.2477118968963623,3
-4108.0,-4367.0,-6270.0,5,0.24771690368652344,3
-5951.0,-5329.0,-4083.0,5,0.24776697158813477,3
-6067.0,-2638.0,-5649.0,6,0.2782158851623535,3
-6591.0,-3718.0,-4433.0,6,0.27837085723876953,3
-3899.0,-4065.0,-6607.0,7,0.30140185356140137,3
-6062.0,-4422.0,-4688.0,7,0.30141186714172363,3
-5797.0,-3067.0,-5909.0,7,0.3014698028564453,3
-4748.0,-4205.0,-6038.0,7,0.3014969825744629,3
-5378.0,-4278.0,-5556.0,7,0.301501989364624,3
-5084.0,-2147.0,-6610.0,7,0.30151987075805664,3
-6665.0,-5037.0,-2537.0,8,0.34885692596435547,4
-6903.0,-3866.0,-3965.0,8,0.3488798141479492,4
-6309.0,-5568.0,-2975.0,8,0.3488888740539551,4
-4809.0,-4202.0,-6085.0,8,0.3489208221435547,4
-7060.0,-4264.0,-2662.0,8,0.3489799499511719,4
-6913.0,-4244.0,-3391.0,8,0.34899401664733887,4
-5508.0,-4459.0,-5290.0,8,0.34903883934020996,4
-7116.0,-4115.0,-2535.0,8,0.3490610122680664,4
-7188.0,-3786.0,-2893.0,8,0.34906601905822754,4
-5160.0,-4553.0,-5547.0,8,0.3490748405456543,4
-5893.0,-4955.0,-4456.0,8,0.3490879535675049,4
-4573.0,-6077.0,-4083.0,9,0.39232897758483887,4
-4184.0,-5903.0,-4699.0,9,0.39235401153564453,4
-5014.0,-5855.0,-4236.0,9,0.3923678398132324,4
-4203.0,-4220.0,-6254.0,9,0.3924269676208496,4
-5864.0,-5641.0,-3514.0,9,0.39244985580444336,4
-4747.0,-5351.0,-5074.0,9,0.3924548625946045,4
-4669.0,-4983.0,-5481.0,9,0.3924589157104492,4
-5151.0,-5430.0,-4678.0,9,0.39246392250061035,4
-6465.0,-4828.0,-3754.0,9,0.39249086380004883,4
-4577.0,-4012.0,-6256.0,9,0.3925178050994873,4
-6417.0,-5309.0,-3089.0,9,0.392535924911499,4
-5959.0,-4983.0,-4390.0,9,0.39254093170166016,4
-4790.0,-4611.0,-5778.0,9,0.3925449848175049,4
-6507.0,-5296.0,-2823.0,9,0.3925809860229492,4
-5669.0,-5239.0,-4426.0,9,0.392589807510376,4
-5568.0,-5543.0,-4207.0,9,0.3925948143005371,4
-5503.0,-5653.0,-4154.0,9,0.39259886741638184,4
-5386.0,-4788.0,-5119.0,9,0.39260387420654297,4
-4868.0,-4979.0,-5371.0,9,0.3926079273223877,4
-7024.0,-3922.0,-3855.0,10,0.4237649440765381,4
-6472.0,-4494.0,-4149.0,10,0.4237689971923828,4
-6525.0,-4710.0,-3827.0,10,0.42377400398254395,4
-5614.0,-3460.0,-5874.0,10,0.42385292053222656,4
-7211.0,-3524.0,-3765.0,10,0.4238579273223877,4
-5970.0,-3618.0,-5470.0,10,0.4238619804382324,4
-6175.0,-3485.0,-5239.0,10,0.42386698722839355,4
-5604.0,-3173.0,-6004.0,10,0.4238758087158203,4
-6031.0,-2580.0,-5717.0,10,0.42388081550598145,4
-5836.0,-3000.0,-5818.0,10,0.4238858222961426,4
-6894.0,-4468.0,-3134.0,11,0.45212602615356445,4
-5298.0,-2314.0,-6390.0,11,0.4521307945251465,4
-6674.0,-4592.0,-3776.0,11,0.4521489143371582,4
-7148.0,-3700.0,-3743.0,11,0.4521620273590088,4
-5811.0,-4482.0,-4978.0,11,0.452211856842041,4
-5754.0,-4990.0,-4552.0,11,0.45221686363220215,4
-4891.0,-4665.0,-5496.0,11,0.4522209167480469,4
-5808.0,-3986.0,-5411.0,11,0.45224785804748535,4
-5168.0,-3931.0,-5920.0,11,0.4522528648376465,4
-5620.0,-3818.0,-5682.0,11,0.45226192474365234,4
-2534.0,-3604.0,-7023.0,12,0.49050188064575195,4
-5096.0,-2816.0,-6462.0,12,0.4905428886413574,4
-5730.0,-3658.0,-5486.0,12,0.49054789543151855,4
-3793.0,-3678.0,-6845.0,12,0.49061083793640137,4
-3083.0,-3697.0,-6964.0,12,0.4906158447265625,4
-4858.0,-3981.0,-6062.0,12,0.49066591262817383,4
-4167.0,-3470.0,-6847.0,12,0.4906749725341797,4
-6092.0,-4506.0,-4405.0,12,0.4906928539276123,4
-6369.0,-3733.0,-4705.0,12,0.490710973739624,4
-3948.0,-4008.0,-6515.0,12,0.4907338619232178,4
-5669.0,-4051.0,-5552.0,13,0.5218470096588135,4
-3514.0,-3274.0,-6981.0,13,0.521859884262085,4
-5122.0,-3541.0,-6298.0,13,0.5219089984893799,4
-5383.0,-3126.0,-6217.0,13,0.5219178199768066,4
-5390.0,-3006.0,-6224.0,13,0.5219268798828125,4
-4670.0,-3654.0,-6536.0,13,0.5219368934631348,4
-4548.0,-3606.0,-6613.0,13,0.5219409465789795,4
-5268.0,-2958.0,-6301.0,13,0.5219459533691406,4
-4422.0,-3344.0,-6708.0,13,0.5219500064849854,4
-4941.0,-3539.0,-6418.0,13,0.5219550132751465,4
-5029.0,-3985.0,-6044.0,14,0.5471169948577881,4
-5899.0,-3443.0,-5622.0,14,0.5471489429473877,4
-6186.0,-2644.0,-5608.0,15,0.5653579235076904,4
-6394.0,-3030.0,-5214.0,15,0.5653629302978516,4
-6455.0,-3402.0,-5066.0,15,0.5653669834136963,4
-3937.0,-4799.0,-6255.0,16,0.6026308536529541,5
-3465.0,-6152.0,-4912.0,16,0.6026449203491211,5
-2790.0,-6084.0,-5320.0,16,0.6026577949523926,5
-2876.0,-6081.0,-5301.0,16,0.6027038097381592,5
-3651.0,-5773.0,-5427.0,16,0.6027088165283203,5
-3091.0,-5809.0,-5612.0,16,0.6027138233184814,5
-5912.0,-4648.0,-4682.0,16,0.6027228832244873,5
-5589.0,-5323.0,-4450.0,16,0.602726936340332,5
-6552.0,-4075.0,-4315.0,16,0.6027729511260986,5
-4783.0,-4413.0,-5848.0,16,0.60282301902771,5
-4887.0,-4570.0,-5678.0,16,0.6028368473052979,5
-4188.0,-3790.0,-6574.0,16,0.6028459072113037,5
-6022.0,-5729.0,-2556.0,17,0.6343309879302979,5
-3187.0,-6369.0,-4499.0,17,0.6343410015106201,5
-5467.0,-5971.0,-3145.0,17,0.6343560218811035,5
-3415.0,-4266.0,-6670.0,17,0.6343698501586914,5
-2794.0,-5494.0,-6103.0,17,0.6343739032745361,5
-6876.0,-4286.0,-3306.0,17,0.6343929767608643,5
-6721.0,-4888.0,-2410.0,17,0.6343979835510254,5
-4506.0,-5959.0,-4590.0,17,0.6344168186187744,5
-4762.0,-5505.0,-4970.0,17,0.634429931640625,5
-6679.0,-4306.0,-3970.0,17,0.6344399452209473,5
-5948.0,-4741.0,-4548.0,17,0.6345198154449463,5
-6350.0,-4073.0,-4550.0,17,0.6345338821411133,5
-6147.0,-4665.0,-4363.0,18,0.6728768348693848,5
-5751.0,-4021.0,-5334.0,18,0.6729128360748291,5
-6555.0,-4476.0,-3934.0,18,0.6729168891906738,5
-5282.0,-3759.0,-5980.0,18,0.6729860305786133,5
-6869.0,-4249.0,-3500.0,18,0.673062801361084,5
-6957.0,-4216.0,-3291.0,18,0.6730718612670898,5
-6948.0,-4129.0,-3418.0,18,0.673076868057251,5
-5020.0,-5515.0,-4511.0,19,0.701077938079834,5
-6408.0,-4938.0,-3541.0,19,0.7010929584503174,5
-4476.0,-5362.0,-5086.0,19,0.7011158466339111,5
-4802.0,-5137.0,-5166.0,19,0.701124906539917,5
-4882.0,-4398.0,-5789.0,19,0.7011477947235107,5
-5073.0,-5062.0,-5085.0,19,0.7011518478393555,5
-4724.0,-4769.0,-5573.0,19,0.7011568546295166,5
-5774.0,-4255.0,-5190.0,19,0.7011837959289551,5
-6675.0,-4871.0,-2998.0,19,0.7011928558349609,5
-6553.0,-4795.0,-3545.0,19,0.7011978626251221,5
-6833.0,-4526.0,-2777.0,20,0.7341089248657227,5
-6745.0,-4586.0,-3185.0,20,0.7341148853302002,5
-7051.0,-4250.0,-2791.0,20,0.7342338562011719,5
-7006.0,-3657.0,-3996.0,20,0.7342469692230225,5
-5941.0,-5042.0,-4213.0,20,0.734259843826294,5
-5723.0,-4664.0,-4868.0,20,0.7342729568481445,5
-6831.0,-4374.0,-3433.0,20,0.7343389987945557,5
-5070.0,-3045.0,-6400.0,21,0.7577488422393799,5
-4993.0,-2204.0,-6571.0,21,0.757753849029541,5
-7299.0,-3464.0,-3357.0,21,0.7577588558197021,5
-6102.0,-4255.0,-4974.0,21,0.7577898502349854,5
-6115.0,-2786.0,-5440.0,21,0.7578208446502686,5
-7206.0,-3003.0,-3786.0,21,0.7578299045562744,5
-5753.0,-4200.0,-5319.0,21,0.7578389644622803,5
-5565.0,-4032.0,-5590.0,21,0.7578439712524414,5
-6466.0,-4646.0,-4014.0,22,0.7825548648834229,5
-6332.0,-3647.0,-5044.0,22,0.7825829982757568,5
-6248.0,-4268.0,-4669.0,22,0.782588005065918,5
-5462.0,-4189.0,-5466.0,22,0.78261399269104,5
-6230.0,-3271.0,-5331.0,22,0.7826328277587891,5
-6408.0,-2789.0,-5377.0,22,0.7826368808746338,5
-6888.0,-3606.0,-4488.0,23,0.8064568042755127,5
-6883.0,-3085.0,-4509.0,23,0.8064618110656738,5
-3006.0,-2856.0,-7135.0,24,0.8420999050140381,5
-3528.0,-3655.0,-6863.0,24,0.8422629833221436,5
-3173.0,-3419.0,-7007.0,25,0.867671012878418,5
-5858.0,-3900.0,-5209.0,26,0.8920249938964844,5
-3844.0,-4279.0,-6515.0,26,0.8920478820800781,5
-4544.0,-3392.0,-6631.0,26,0.8920669555664062,5
-5630.0,-3632.0,-5738.0,26,0.8920888900756836,5
-5400.0,-3293.0,-6094.0,26,0.8920979499816895,5
-5622.0,-2833.0,-6038.0,26,0.8921208381652832,5
-5994.0,-3408.0,-5384.0,26,0.8921389579772949,5
-4758.0,-4309.0,-5999.0,26,0.8921530246734619,5
-3460.0,-4200.0,-6643.0,27,0.9117519855499268,5
-4974.0,-4199.0,-5952.0,27,0.9117789268493652,5
-5742.0,-3281.0,-5817.0,27,0.9118239879608154,5
-6477.0,-2161.0,-5388.0,28,0.9329419136047363,5
-6650.0,-2982.0,-4965.0,28,0.932999849319458,5
-6463.0,-3380.0,-5055.0,28,0.9330048561096191,5
-6187.0,-2742.0,-5590.0,28,0.9330317974090576,5
-5926.0,-3157.0,-5671.0,28,0.9330358505249023,5
-5643.0,-2779.0,-6078.0,28,0.9330399036407471,5
-5377.0,-2714.0,-6257.0,29,0.9509589672088623,5
-4143.0,-4062.0,-6311.0,29,0.9509639739990234,5
-5455.0,-3079.0,-6186.0,30,0.9635848999023438,5
-4813.0,-4095.0,-6091.0,30,0.9636030197143555,5
-5265.0,-3982.0,-5853.0,30,0.9636118412017822,5
-4609.0,-3465.0,-6593.0,30,0.9636168479919434,5
-5663.0,-3465.0,-5792.0,30,0.9636259078979492,5
-5918.0,-3179.0,-5682.0,31,0.9827430248260498,5
-4292.0,-4401.0,-6158.0,32,1.016875982284546,6
-3594.0,-5508.0,-5717.0,32,1.0169289112091064,6
-3789.0,-4058.0,-6672.0,32,1.0169579982757568,6
-6357.0,-5157.0,-3533.0,32,1.0169939994812012,6
-5832.0,-5553.0,-3732.0,32,1.0169978141784668,6
-6152.0,-5397.0,-3512.0,32,1.017002820968628,6
-5185.0,-5244.0,-4846.0,32,1.0170300006866455,6
-5226.0,-5777.0,-4193.0,32,1.0170388221740723,6
-3916.0,-6049.0,-4760.0,32,1.0170478820800781,6
-3520.0,-5858.0,-5260.0,32,1.0170528888702393,6
-4239.0,-5455.0,-5428.0,32,1.017056941986084,6
-3678.0,-4453.0,-6473.0,33,1.0459959506988525,6
-3433.0,-4793.0,-6318.0,33,1.0460050106048584,6
-3139.0,-4637.0,-6445.0,33,1.046022891998291,6
-5672.0,-4710.0,-4840.0,33,1.046036958694458,6
-4991.0,-4799.0,-5454.0,33,1.0460410118103027,6
-5343.0,-4873.0,-5062.0,33,1.0460460186004639,6
-5727.0,-4496.0,-4932.0,33,1.0460588932037354,6
-5236.0,-4625.0,-5333.0,33,1.0460638999938965,6
-3170.0,-4606.0,-6515.0,34,1.0845189094543457,6
-3867.0,-4829.0,-6289.0,34,1.084589958190918,6
-4319.0,-4716.0,-6051.0,34,1.0846669673919678,6
-4068.0,-4143.0,-6361.0,34,1.0847389698028564,6
-4222.0,-4431.0,-6192.0,34,1.084744930267334,6
-4564.0,-4542.0,-5930.0,34,1.084764003753662,6
-5490.0,-5175.0,-4614.0,36,1.1406619548797607,6
-5262.0,-4510.0,-5399.0,36,1.1406660079956055,6
-4673.0,-5701.0,-4617.0,36,1.1406710147857666,6
-5275.0,-4988.0,-4939.0,36,1.14072585105896,6
-4794.0,-5329.0,-4914.0,36,1.140730857849121,6
-5810.0,-4696.0,-4701.0,37,1.1675598621368408,6
-5676.0,-4532.0,-5083.0,37,1.167569875717163,6
-5745.0,-4806.0,-4648.0,37,1.1675748825073242,6
-5364.0,-4835.0,-5081.0,37,1.167578935623169,6
-5787.0,-4114.0,-5200.0,38,1.1960349082946777,6
-5800.0,-4592.0,-4740.0,38,1.1960809230804443,6
-5865.0,-4482.0,-4793.0,38,1.1960859298706055,6
-6018.0,-4970.0,-4085.0,38,1.196117877960205,6
-6083.0,-4860.0,-4138.0,38,1.196126937866211,6
-4634.0,-4991.0,-5302.0,39,1.2161099910736084,6
-6188.0,-4719.0,-4124.0,40,1.2415709495544434,6
-6203.0,-4137.0,-4840.0,40,1.2415800094604492,6
-5990.0,-3590.0,-5360.0,40,1.2415850162506104,6
-6049.0,-3547.0,-5298.0,40,1.241602897644043,6
-5144.0,-3089.0,-6292.0,40,1.2416529655456543,6
-6802.0,-3937.0,-4127.0,42,1.289996862411499,6
-6603.0,-3581.0,-4540.0,43,1.3109939098358154,6
-6369.0,-4188.0,-4431.0,43,1.3109989166259766,6
-6193.0,-4482.0,-4577.0,43,1.3110039234161377,6
-6772.0,-4392.0,-3681.0,44,1.3352339267730713,6
-5890.0,-2274.0,-5994.0,44,1.335251808166504,6
-6979.0,-3833.0,-4091.0,44,1.335291862487793,6
-6891.0,-3063.0,-4498.0,45,1.3527069091796875,6
-6896.0,-3584.0,-4477.0,45,1.3527109622955322,6
-6923.0,-3303.0,-4406.0,45,1.352720022201538,6
-5971.0,-3332.0,-5560.0,46,1.3762099742889404,6
-6253.0,-4069.0,-4777.0,47,1.394186019897461,6
-6351.0,-3383.0,-5104.0,47,1.3941948413848877,6
-4923.0,-3871.0,-6115.0,51,1.5019488334655762,6
-5349.0,-3901.0,-5696.0,52,1.5264909267425537,6
-5955.0,-3677.0,-5235.0,52,1.5264959335327148,6
-4554.0,-3679.0,-6501.0,52,1.5265579223632812,6
-4295.0,-3901.0,-6497.0,52,1.526594877243042,6
-4209.0,-3904.0,-6516.0,52,1.5265998840332031,6
-4334.0,-3632.0,-6646.0,52,1.5266129970550537,6
-3428.0,-3293.0,-6868.0,52,1.5266168117523193,6
-5820.0,-3649.0,-5410.0,53,1.5512549877166748,6
-3338.0,-4152.0,-6720.0,54,1.5679619312286377,6
-6589.0,-2610.0,-5113.0,56,1.6082170009613037,6
-4184.0,-3459.0,-6679.0,56,1.6082308292388916,6
-5223.0,-2426.0,-6426.0,56,1.6082398891448975,6
-5404.0,-2428.0,-6306.0,56,1.6082489490509033,6
-6402.0,-3008.0,-5203.0,56,1.608266830444336,6
-6194.0,-2622.0,-5597.0,56,1.6082758903503418,6
-5888.0,-2408.0,-5846.0,58,1.6447079181671143,6
-5801.0,-3284.0,-5646.0,58,1.6447257995605469,6
-6471.0,-2477.0,-5216.0,58,1.6447298526763916,6
-6038.0,-2781.0,-5651.0,58,1.6447348594665527,6
-6621.0,-2850.0,-5021.0,58,1.6447529792785645,6
-6444.0,-2847.0,-5309.0,59,1.682318925857544,6
-4301.0,-3691.0,-6527.0,60,1.6999080181121826,6
-5913.0,-4083.0,-5045.0,60,1.699944019317627,6
-5243.0,-4178.0,-5619.0,62,1.7325389385223389,6
-5820.0,-3865.0,-5355.0,63,1.7427380084991455,6
-4580.0,-6214.0,-3523.0,64,1.782571792602539,7
-4323.0,-4703.0,-5885.0,64,1.7826039791107178,7
-4111.0,-5327.0,-5514.0,64,1.7827129364013672,7
-5683.0,-4569.0,-4889.0,64,1.782721996307373,7
-6577.0,-5140.0,-2639.0,64,1.7827308177947998,7
-3990.0,-5699.0,-5217.0,64,1.7827348709106445,7
-4545.0,-6219.0,-4015.0,64,1.7827448844909668,7
-6694.0,-4417.0,-3674.0,64,1.7827808856964111,7
-6908.0,-4375.0,-3025.0,64,1.7827849388122559,7
-6609.0,-5052.0,-2717.0,64,1.7828078269958496,7
-4065.0,-6181.0,-4437.0,65,1.8175740242004395,7
-3605.0,-5841.0,-5156.0,65,1.817577838897705,7
-7001.0,-4184.0,-2983.0,65,1.8175978660583496,7
-6787.0,-4095.0,-3996.0,65,1.8176119327545166,7
-3944.0,-4117.0,-6368.0,65,1.8177289962768555,7
-5028.0,-4648.0,-5429.0,65,1.817732810974121,7
-5966.0,-5020.0,-4196.0,66,1.9012048244476318,7
-4280.0,-5943.0,-4682.0,66,1.901209831237793,7
-4891.0,-4986.0,-5300.0,66,1.9012508392333984,7
-4826.0,-5096.0,-5247.0,66,1.9012789726257324,7
-4598.0,-4866.0,-5649.0,66,1.9012830257415771,7
-6031.0,-4910.0,-4249.0,66,1.901291847229004,7
-4397.0,-5084.0,-5644.0,67,1.9294569492340088,7
-3031.0,-6060.0,-5342.0,68,1.9655230045318604,7
-3791.0,-6145.0,-4764.0,68,1.9655280113220215,7
-3848.0,-4369.0,-6363.0,68,1.9655640125274658,7
-5600.0,-4835.0,-4805.0,68,1.9655818939208984,7
-4724.0,-4880.0,-5542.0,68,1.9655909538269043,7
-5423.0,-5137.0,-4747.0,68,1.9656100273132324,7
-3849.0,-4618.0,-6326.0,68,1.965627908706665,7
-5004.0,-4658.0,-5464.0,68,1.9656319618225098,7
-4029.0,-4371.0,-6243.0,68,1.9656908512115479,7
-5454.0,-5463.0,-4431.0,69,1.9994189739227295,7
-4892.0,-5863.0,-4220.0,69,1.9994328022003174,7
-5101.0,-4765.0,-5314.0,69,1.9994468688964844,7
-5975.0,-4628.0,-4497.0,69,1.9994609355926514,7
-3676.0,-6007.0,-5053.0,69,1.9994850158691406,7
-3382.0,-5749.0,-5507.0,69,1.9994900226593018,7
-4161.0,-5087.0,-5835.0,69,1.9995508193969727,7
-4856.0,-4939.0,-5435.0,69,1.9995558261871338,7
-4372.0,-3757.0,-6473.0,70,2.0286779403686523,7
-4311.0,-4413.0,-6116.0,70,2.0286879539489746,7
-4829.0,-4652.0,-5539.0,70,2.0287020206451416,7
-5443.0,-4386.0,-5328.0,70,2.0287070274353027,7
-5546.0,-4457.0,-5177.0,70,2.0287489891052246,7
-4433.0,-4461.0,-6039.0,70,2.0287768840789795,7
-4950.0,-4280.0,-5836.0,70,2.028780937194824,7
-6614.0,-4929.0,-2641.0,72,2.091737985610962,7
-6832.0,-4653.0,-2655.0,72,2.091742992401123,7
-6526.0,-4989.0,-3049.0,72,2.0917468070983887,7
-5340.0,-4878.0,-4992.0,72,2.091784954071045,7
-6901.0,-4338.0,-3219.0,72,2.091904878616333,7
-5493.0,-5366.0,-4284.0,72,2.091933012008667,7
-5004.0,-5568.0,-4366.0,72,2.091946840286255,7
-6847.0,-4247.0,-3552.0,73,2.1226539611816406,7
-4831.0,-5330.0,-4833.0,73,2.1227049827575684,7
-6125.0,-4712.0,-4325.0,73,2.1227548122406006,7
-6533.0,-4523.0,-3896.0,73,2.122795820236206,7
-5080.0,-4355.0,-5742.0,74,2.147104024887085,7
-5166.0,-3784.0,-5945.0,74,2.1471128463745117,7
-6936.0,-3942.0,-3809.0,76,2.1946699619293213,7
-6640.0,-4029.0,-4256.0,76,2.194705009460449,7
-4942.0,-5147.0,-4918.0,76,2.1947100162506104,7
-6513.0,-3798.0,-4601.0,76,2.194718837738037,7
-6005.0,-4492.0,-4545.0,76,2.194727897644043,7
-4839.0,-5287.0,-4889.0,77,2.2203009128570557,7
-4938.0,-4962.0,-5148.0,78,2.2405738830566406,7
-5709.0,-4365.0,-5137.0,78,2.2405920028686523,7
-6034.0,-4472.0,-4641.0,79,2.257596969604492,7
-5834.0,-3695.0,-5277.0,80,2.2839949131011963,7
-6244.0,-3127.0,-5197.0,80,2.2840499877929688,7
-6430.0,-3872.0,-4618.0,80,2.28405499458313,7
-5067.0,-2248.0,-6463.0,80,2.284142017364502,7
-5103.0,-3858.0,-5958.0,82,2.3391218185424805,7
-6454.0,-4229.0,-4290.0,82,2.3391778469085693,7
-5482.0,-3125.0,-6081.0,83,2.35917592048645,7
-6092.0,-3968.0,-5104.0,83,2.3592119216918945,7
-6333.0,-3754.0,-4704.0,84,2.38120698928833,7
-5407.0,-4403.0,-5374.0,86,2.413113832473755,7
-6908.0,-3985.0,-3885.0,88,2.4482510089874268,7
-6853.0,-3275.0,-4489.0,89,2.4645140171051025,7
-6109.0,-3528.0,-5224.0,90,2.4813058376312256,7
-6275.0,-4155.0,-4618.0,91,2.5017969608306885,7
-6286.0,-2741.0,-5454.0,91,2.5018370151519775,7
-6539.0,-3551.0,-4833.0,93,2.5395009517669678,7
-3431.0,-3099.0,-7030.0,100,2.6985998153686523,7
-3767.0,-3052.0,-7024.0,100,2.698603868484497,7
-4719.0,-3241.0,-6617.0,100,2.6987178325653076,7
-3983.0,-3649.0,-6613.0,103,2.7573628425598145,7
-4055.0,-3616.0,-6685.0,104,2.778146982192993,7
-5486.0,-2943.0,-6105.0,104,2.7781968116760254,7
-5210.0,-4196.0,-5761.0,106,2.827009916305542,7
-4820.0,-3911.0,-6121.0,108,2.8622188568115234,7
-5659.0,-3764.0,-5682.0,109,2.880403995513916,7
-5132.0,-3828.0,-6168.0,110,2.896883010864258,7
-5894.0,-2092.0,-6018.0,112,2.9338459968566895,7
-6290.0,-2559.0,-5478.0,112,2.9338598251342773,7
-6153.0,-3517.0,-5069.0,112,2.933863878250122,7
-6072.0,-2574.0,-5674.0,112,2.933868885040283,7
-5676.0,-2107.0,-6214.0,112,2.933877944946289,7
-5745.0,-3155.0,-5791.0,114,2.975099802017212,7
-6113.0,-2759.0,-5581.0,115,2.989872932434082,7
-6434.0,-3248.0,-5111.0,117,3.026326894760132,7
-5671.0,-2805.0,-6004.0,118,3.0411360263824463,7
-5811.0,-2961.0,-5844.0,120,3.0678958892822266,7
-5923.0,-3682.0,-5243.0,121,3.0820648670196533,7
-5302.0,-4132.0,-5576.0,125,3.1359968185424805,7
-3985.0,-6255.0,-4200.0,128,3.19046688079834,8
-3505.0,-6251.0,-4556.0,128,3.1904728412628174,8
-3679.0,-5525.0,-5547.0,128,3.1905269622802734,8
-6487.0,-4185.0,-4262.0,128,3.1905570030212402,8
-4266.0,-5211.0,-5459.0,128,3.190586805343628,8
-6713.0,-4626.0,-3095.0,128,3.1906898021698,8
-6696.0,-4425.0,-3555.0,128,3.190701961517334,8
-3090.0,-5345.0,-5892.0,129,3.245405912399292,8
-2437.0,-5847.0,-5589.0,129,3.245410919189453,8
-7027.0,-3990.0,-3214.0,129,3.245457887649536,8
-4300.0,-4799.0,-5785.0,129,3.2455239295959473,8
-4953.0,-4468.0,-5552.0,129,3.245527982711792,8
-6830.0,-4010.0,-3878.0,129,3.245607852935791,8
-3202.0,-5856.0,-5381.0,129,3.245621919631958,8
-4709.0,-5958.0,-4396.0,130,3.2769880294799805,8
-4484.0,-5281.0,-5307.0,130,3.2769968509674072,8
-4491.0,-5580.0,-5051.0,130,3.2770469188690186,8
-6110.0,-4488.0,-4516.0,130,3.277056932449341,8
-4802.0,-5248.0,-5135.0,130,3.2770659923553467,8
-5240.0,-5030.0,-4938.0,130,3.2770698070526123,8
-5908.0,-5066.0,-4160.0,131,3.3018789291381836,8
-5983.0,-4479.0,-4623.0,131,3.3018839359283447,8
-5839.0,-4792.0,-4595.0,131,3.30192494392395,8
-5219.0,-5323.0,-4578.0,132,3.3281209468841553,8
-4118.0,-5650.0,-5215.0,132,3.3281428813934326,8
-5284.0,-5213.0,-4631.0,132,3.328152894973755,8
-4392.0,-4420.0,-6072.0,132,3.328166961669922,8
-4843.0,-4692.0,-5528.0,132,3.3281760215759277,8
-4435.0,-5793.0,-4693.0,134,3.3697309494018555,8
-6122.0,-5243.0,-3902.0,135,3.3842899799346924,8
-5817.0,-4839.0,-4557.0,135,3.384316921234131,8
-3220.0,-5168.0,-6103.0,136,3.405923843383789,8
-4528.0,-5730.0,-4774.0,136,3.405996799468994,8
-4571.0,-4841.0,-5674.0,136,3.4060158729553223,8
-4119.0,-4954.0,-5912.0,136,3.406019926071167,8
-5676.0,-5276.0,-4232.0,137,3.4256248474121094,8
-4243.0,-5232.0,-5632.0,137,3.42566180229187,8
-4536.0,-5352.0,-5283.0,137,3.4256718158721924,8
-4929.0,-5579.0,-4614.0,137,3.4256808757781982,8
-5393.0,-4825.0,-4925.0,137,3.425684928894043,8
-4011.0,-5919.0,-4762.0,138,3.4632740020751953,8
-3744.0,-6163.0,-4463.0,138,3.463277816772461,8
-4112.0,-4655.0,-6168.0,138,3.4632978439331055,8
-4007.0,-4799.0,-6004.0,139,3.478904962539673,8
-5445.0,-4202.0,-5401.0,143,3.532625913619995,8
-5405.0,-4379.0,-5426.0,143,3.5326409339904785,8
-5419.0,-4807.0,-4820.0,144,3.5589818954467773,8
-5354.0,-4917.0,-4767.0,144,3.5590529441833496,8
-6654.0,-4699.0,-3130.0,144,3.559062957763672,8
-6211.0,-5198.0,-3516.0,146,3.599658966064453,8
-5654.0,-4579.0,-5045.0,148,3.632382869720459,8
-5360.0,-4127.0,-5573.0,149,3.698621988296509,8
-5370.0,-4414.0,-5443.0,149,3.698657989501953,8
-4636.0,-4323.0,-5947.0,150,3.715517997741699,8
-5797.0,-4273.0,-5009.0,150,3.7155768871307373,8
-6621.0,-3496.0,-4510.0,155,3.803942918777466,8
-5221.0,-3570.0,-6037.0,157,3.8377089500427246,8
-5830.0,-4106.0,-5063.0,157,3.8377418518066406,8
-6080.0,-4724.0,-4316.0,158,3.8546769618988037,8
-5371.0,-5204.0,-4676.0,158,3.8546969890594482,8
-7400.0,-3346.0,-3223.0,160,3.8856868743896484,8
-7176.0,-3813.0,-3427.0,160,3.885746955871582,8
-7307.0,-2885.0,-3652.0,160,3.885814905166626,8
-7393.0,-3422.0,-2992.0,161,3.9108448028564453,8
-6709.0,-3884.0,-4190.0,161,3.9108588695526123,8
-6989.0,-3539.0,-4037.0,168,4.048501014709473,8
-7112.0,-3862.0,-3447.0,169,4.064535856246948,8
-6054.0,-3742.0,-5132.0,172,4.109059810638428,8
-6179.0,-3702.0,-4976.0,172,4.109072923660278,8
-6345.0,-3789.0,-4647.0,176,4.16358494758606,8
-6234.0,-3488.0,-5068.0,180,4.205302953720093,8
-6359.0,-3361.0,-5093.0,182,4.220074892044067,8
-6547.0,-3529.0,-4822.0,182,4.220078945159912,8
-4462.0,-3151.0,-6789.0,200,4.407214879989624,8
-4856.0,-2878.0,-6620.0,200,4.407272815704346,8
-5608.0,-3679.0,-5700.0,209,4.508742809295654,8
-5830.0,-3219.0,-5644.0,209,4.508810997009277,8
-6025.0,-2799.0,-5543.0,209,4.508814811706543,8
-4748.0,-4022.0,-6129.0,213,4.550867795944214,8
-5616.0,-3343.0,-5876.0,222,4.603729963302612,8
-5956.0,-2405.0,-5752.0,224,4.619194030761719,8
-4229.0,-4059.0,-6292.0,224,4.619229793548584,8
-6708.0,-2754.0,-4870.0,224,4.619256973266602,8
-5843.0,-2755.0,-5750.0,224,4.619279861450195,8
-5841.0,-2338.0,-5853.0,228,4.653981924057007,8
-6532.0,-2849.0,-5068.0,233,4.683547019958496,8
-6086.0,-3045.0,-5532.0,238,4.704303026199341,8
-5757.0,-3165.0,-5780.0,240,4.721019983291626,8
-5438.0,-2927.0,-6200.0,242,4.73251485824585,8
-2487.0,-6033.0,-5347.0,254,4.7927680015563965,9
-2723.0,-5328.0,-6206.0,254,4.792860984802246,9
-3027.0,-4796.0,-6453.0,254,4.792865991592407,9
-3356.0,-6085.0,-4945.0,254,4.792933940887451,9
-3306.0,-5899.0,-5187.0,256,4.839939832687378,9
-3392.0,-5896.0,-5168.0,256,4.839943885803223,9
-6972.0,-4367.0,-2764.0,256,4.839948892593384,9
-6803.0,-4500.0,-3112.0,256,4.840049982070923,9
-6766.0,-4834.0,-2374.0,257,4.860121011734009,9
-3987.0,-5735.0,-5048.0,257,4.86012601852417,9
-6462.0,-5032.0,-3446.0,259,4.89942193031311,9
-6963.0,-3932.0,-3486.0,259,4.899438858032227,9
-6389.0,-5176.0,-3359.0,259,4.899461984634399,9
-4908.0,-5810.0,-4365.0,259,4.899465799331665,9
-5485.0,-4085.0,-5325.0,260,4.93238091468811,9
-5765.0,-4494.0,-4819.0,260,4.932389974594116,9
-3945.0,-5197.0,-5882.0,262,4.965780019760132,9
-4387.0,-5362.0,-5292.0,262,4.965816974639893,9
-4944.0,-5690.0,-4318.0,262,4.965825796127319,9
-4322.0,-5472.0,-5239.0,262,4.965834856033325,9
-4582.0,-4460.0,-5859.0,262,4.965880870819092,9
-3741.0,-4567.0,-6384.0,262,4.965914011001587,9
-4081.0,-5889.0,-4728.0,263,4.989924907684326,9
-3099.0,-5482.0,-5742.0,263,4.989938974380493,9
-3452.0,-5719.0,-5473.0,263,4.989943027496338,9
-4139.0,-4362.0,-6290.0,263,4.98999285697937,9
-4642.0,-4910.0,-5523.0,269,5.057307958602905,9
-6172.0,-4967.0,-4028.0,271,5.099502801895142,9
-6154.0,-4702.0,-4169.0,271,5.0995399951934814,9
-4002.0,-4657.0,-6194.0,272,5.166849851608276,9
-3516.0,-5140.0,-6124.0,272,5.166853904724121,9
-3912.0,-5331.0,-5624.0,272,5.166858911514282,9
-4033.0,-4959.0,-5921.0,272,5.166867971420288,9
-3394.0,-5092.0,-6201.0,272,5.166903972625732,9
-4617.0,-6185.0,-3867.0,273,5.181207895278931,9
-2964.0,-5622.0,-5723.0,274,5.198810815811157,9
-3115.0,-5993.0,-5208.0,274,5.19886589050293,9
-3600.0,-5073.0,-5990.0,274,5.1988749504089355,9
-4610.0,-4998.0,-5279.0,274,5.1989288330078125,9
-5108.0,-4755.0,-5235.0,276,5.223114967346191,9
-5035.0,-5456.0,-4522.0,276,5.223124980926514,9
-4624.0,-5511.0,-4894.0,276,5.223129987716675,9
-5391.0,-5206.0,-4542.0,276,5.22313380241394,9
-5390.0,-4416.0,-5309.0,284,5.309414863586426,9
-5027.0,-4800.0,-5265.0,285,5.3145668506622314,9
-5480.0,-4888.0,-4744.0,289,5.38630485534668,9
-5833.0,-5096.0,-4132.0,292,5.419589996337891,9
-5369.0,-5489.0,-4253.0,292,5.419611930847168,9
-5568.0,-4073.0,-5335.0,294,5.444150924682617,9
-5379.0,-3748.0,-5699.0,295,5.457844972610474,9
-4456.0,-4384.0,-5959.0,297,5.474921941757202,9
-4827.0,-4612.0,-5697.0,300,5.496399879455566,9
-5010.0,-4385.0,-5776.0,301,5.501299858093262,9
-6546.0,-3711.0,-4562.0,302,5.515810966491699,9
-6718.0,-3957.0,-4005.0,302,5.515824794769287,9
-6164.0,-3743.0,-4946.0,302,5.515837907791138,9
-6601.0,-3889.0,-4382.0,306,5.5597779750823975,9
-5360.0,-4310.0,-5482.0,312,5.603200912475586,9
-5425.0,-4200.0,-5535.0,312,5.6032187938690186,9
-5757.0,-5206.0,-4217.0,314,5.612037897109985,9
-5608.0,-4867.0,-4574.0,315,5.616314888000488,9
-6163.0,-3862.0,-4908.0,326,5.738955974578857,9
-5555.0,-3745.0,-5720.0,332,5.794404029846191,9
-5743.0,-3913.0,-5449.0,332,5.794408798217773,9
-6281.0,-4772.0,-4061.0,336,5.839970827102661,9
-5752.0,-5275.0,-4129.0,336,5.8399879932403564,9
-6021.0,-3197.0,-5408.0,344,5.892647981643677,9
-6002.0,-3136.0,-5438.0,344,5.892652988433838,9
-6323.0,-1970.0,-5559.0,350,5.923907995223999,9
-6519.0,-3249.0,-4954.0,350,5.923970937728882,9
-6755.0,-3475.0,-4584.0,362,6.008030891418457,9
-6178.0,-3359.0,-5213.0,362,6.008055925369263,9
-6466.0,-3866.0,-4510.0,364,6.022337913513184,9
-6152.0,-3520.0,-5087.0,366,6.0317909717559814,9
-4779.0,-2037.0,-6791.0,398,6.297454833984375,9
-4385.0,-2310.0,-6960.0,398,6.297463893890381,9
-4322.0,-2117.0,-7023.0,398,6.297467947006226,9
-4942.0,-2528.0,-6631.0,400,6.3247230052948,9
-4565.0,-2953.0,-6786.0,400,6.324749946594238,9
-4452.0,-2864.0,-6919.0,401,6.331594944000244,9
-5257.0,-2864.0,-6312.0,415,6.427809000015259,9
-5388.0,-3632.0,-5845.0,416,6.4398767948150635,9
-5411.0,-3152.0,-6143.0,420,6.466800928115845,9
-5200.0,-3909.0,-5891.0,422,6.481433868408203,9
-5000.0,-3493.0,-6375.0,432,6.543730974197388,9
-5746.0,-3498.0,-5554.0,435,6.558643817901611,9
-5174.0,-3756.0,-6077.0,438,6.576552867889404,9
-6476.0,-2476.0,-5150.0,446,6.61600399017334,9
-6051.0,-3141.0,-5356.0,446,6.616066932678223,9
-6109.0,-1803.0,-5779.0,448,6.638919830322266,9
-5378.0,-2238.0,-6357.0,448,6.638983964920044,9
-6006.0,-2541.0,-5743.0,451,6.6603288650512695,9
-5941.0,-2651.0,-5690.0,451,6.660333871841431,9
-5991.0,-2711.0,-5658.0,455,6.683332920074463,9
-5804.0,-3109.0,-5748.0,455,6.68333888053894,9
-6000.0,-3580.0,-5135.0,462,6.742966890335083,9
-5977.0,-3811.0,-5215.0,466,6.767244815826416,9
-6215.0,-2768.0,-5516.0,470,6.783004999160767,9
-5746.0,-3071.0,-5791.0,480,6.817858934402466,9
-5975.0,-3150.0,-5584.0,480,6.8178629875183105,9
-2967.0,-5325.0,-5910.0,506,6.909202814102173,10
-4090.0,-6130.0,-4113.0,506,6.909260988235474,10
-4346.0,-6165.0,-4061.0,508,7.005756855010986,10
-3717.0,-5995.0,-4806.0,508,7.005807876586914,10
-4919.0,-4880.0,-5226.0,508,7.005812883377075,10
-3806.0,-4884.0,-6088.0,508,7.005817890167236,10
-3361.0,-5161.0,-6083.0,508,7.005821943283081,10
-2594.0,-4915.0,-6449.0,508,7.005853891372681,10
-3275.0,-5164.0,-6102.0,508,7.005908966064453,10
-3084.0,-5238.0,-6067.0,508,7.005913019180298,10
-4235.0,-4909.0,-5732.0,509,7.0261828899383545,10
-2523.0,-5844.0,-5570.0,510,7.04791784286499,10
-3959.0,-5397.0,-5490.0,511,7.066413879394531,10
-3769.0,-5357.0,-5703.0,511,7.06645393371582,10
-6863.0,-4284.0,-3326.0,511,7.066480875015259,10
-6298.0,-4843.0,-3706.0,512,7.0841779708862305,10
-6678.0,-4937.0,-2476.0,513,7.102332830429077,10
-4681.0,-5620.0,-4838.0,514,7.123273849487305,10
-5864.0,-5572.0,-3558.0,515,7.141300916671753,10
-6240.0,-5294.0,-3410.0,515,7.141364812850952,10
-5169.0,-4317.0,-5478.0,518,7.183389902114868,10
-4765.0,-5879.0,-4229.0,522,7.232179880142212,10
-4182.0,-4860.0,-5780.0,522,7.232239007949829,10
-3876.0,-5582.0,-5237.0,522,7.232249021530151,10
-3720.0,-5979.0,-4867.0,523,7.248569011688232,10
-4182.0,-4625.0,-6134.0,524,7.262470960617065,10
-4991.0,-5093.0,-4980.0,525,7.2756288051605225,10
-5991.0,-4577.0,-4510.0,532,7.340973854064941,10
-4839.0,-5249.0,-5054.0,534,7.360538959503174,10
-5113.0,-5824.0,-4115.0,535,7.370167970657349,10
-5050.0,-4753.0,-5411.0,535,7.370190858840942,10
-5766.0,-5493.0,-3882.0,535,7.370210886001587,10
-5516.0,-4875.0,-4629.0,535,7.370215892791748,10
-5295.0,-4579.0,-5290.0,536,7.380149841308594,10
-6115.0,-5464.0,-3406.0,538,7.403733015060425,10
-6636.0,-4629.0,-3472.0,538,7.403793811798096,10
-7011.0,-4017.0,-3097.0,538,7.403901815414429,10
-6489.0,-5066.0,-3100.0,539,7.423061847686768,10
-5108.0,-5064.0,-5058.0,540,7.44392991065979,10
-6243.0,-4798.0,-3969.0,540,7.443948030471802,10
-6344.0,-4680.0,-3835.0,540,7.443951845169067,10
-5298.0,-5104.0,-4845.0,540,7.443965911865234,10
-4413.0,-5212.0,-5458.0,541,7.461241006851196,10
-3660.0,-6230.0,-4597.0,542,7.47843599319458,10
-4526.0,-5065.0,-5413.0,542,7.478503942489624,10
-3833.0,-5674.0,-5321.0,544,7.501751899719238,10
-3988.0,-6015.0,-4612.0,544,7.501756906509399,10
-3892.0,-4881.0,-6170.0,544,7.501779794692993,10
-4330.0,-5253.0,-5348.0,548,7.5481038093566895,10
-4830.0,-5442.0,-4772.0,551,7.575333833694458,10
-4603.0,-4030.0,-6102.0,562,7.665280818939209,10
-4113.0,-5737.0,-4802.0,578,7.833905935287476,10
-4165.0,-5715.0,-4805.0,579,7.845006942749023,10
-6800.0,-4456.0,-3353.0,580,7.855897903442383,10
-5148.0,-5853.0,-3889.0,581,7.863876819610596,10
-5117.0,-4356.0,-5661.0,588,7.927579879760742,10
-5511.0,-4083.0,-5492.0,588,7.927588939666748,10
-5719.0,-4469.0,-5098.0,588,7.927603006362915,10
-5830.0,-3950.0,-5162.0,588,7.927625894546509,10
-5023.0,-4863.0,-5316.0,590,7.953142881393433,10
-5305.0,-4524.0,-5390.0,590,7.953171014785767,10
-5354.0,-4548.0,-5211.0,596,7.992750883102417,10
-4817.0,-4325.0,-5827.0,598,8.000802993774414,10
-6480.0,-4148.0,-4456.0,610,8.095000982284546,10
-5964.0,-4558.0,-4554.0,611,8.108309030532837,10
-5884.0,-3971.0,-5115.0,614,8.125937938690186,10
-5814.0,-4001.0,-5149.0,614,8.125946998596191,10
-6451.0,-4024.0,-4548.0,618,8.149655818939209,10
-7213.0,-3744.0,-3313.0,633,8.247176885604858,10
-7360.0,-3148.0,-3544.0,634,8.261452913284302,10
-7173.0,-3546.0,-3634.0,634,8.26147198677063,10
-6398.0,-3714.0,-4771.0,648,8.4093599319458,10
-5797.0,-3269.0,-5669.0,648,8.409408807754517,10
-5816.0,-3330.0,-5639.0,648,8.409417867660522,10
-5951.0,-3859.0,-5211.0,658,8.489980936050415,10
-5374.0,-3743.0,-5840.0,658,8.489995002746582,10
-6415.0,-4991.0,-3527.0,666,8.55587100982666,10
-6237.0,-3313.0,-5170.0,716,8.835801839828491,10
-4459.0,-2354.0,-6852.0,772,9.190809965133667,10
-4853.0,-2081.0,-6683.0,772,9.19084882736206,10
-4993.0,-1783.0,-6615.0,773,9.201424837112427,10
-4930.0,-2922.0,-6512.0,774,9.213444948196411,10
-4330.0,-2816.0,-6996.0,776,9.230665922164917,10
-5770.0,-3933.0,-5418.0,835,9.594429969787598,10
-6061.0,-2480.0,-5685.0,858,9.671819925308228,10
-5282.0,-2380.0,-6383.0,860,9.683812856674194,10
-6259.0,-2176.0,-5584.0,860,9.683826923370361,10
-5932.0,-2757.0,-5701.0,870,9.74211597442627,10
-5209.0,-2848.0,-6407.0,918,9.91976284980774,10
-4986.0,-3040.0,-6438.0,918,9.9197678565979,10
-3247.0,-4570.0,-6451.0,948,10.056634902954102,11
-3321.0,-5804.0,-5306.0,951,10.110268831253052,11
-4138.0,-4113.0,-6327.0,951,10.110318899154663,11
-4120.0,-5606.0,-4993.0,954,10.165673017501831,11
-3121.0,-5647.0,-5619.0,955,10.182430028915405,11
-4331.0,-5101.0,-5512.0,955,10.182478904724121,11
-3716.0,-5457.0,-5498.0,956,10.201774835586548,11
-4287.0,-5994.0,-4238.0,959,10.238372802734375,11
-3851.0,-6056.0,-4542.0,960,10.250042915344238,11
-6619.0,-4814.0,-3103.0,962,10.279356956481934,11
-6296.0,-5215.0,-3176.0,965,10.318104028701782,11
-6643.0,-4408.0,-3968.0,966,10.332497835159302,11
-5458.0,-5408.0,-4283.0,967,10.342418909072876,11
-4783.0,-4988.0,-5274.0,972,10.394457817077637,11
-3288.0,-5171.0,-5935.0,978,10.456215858459473,11
-3923.0,-4279.0,-6352.0,979,10.474717855453491,11
-4606.0,-5249.0,-5079.0,981,10.500138998031616,11
-4551.0,-5463.0,-4987.0,981,10.50016188621521,11
-4608.0,-4465.0,-5847.0,982,10.514664888381958,11
-4400.0,-5223.0,-5314.0,983,10.524465799331665,11
-4881.0,-4882.0,-5339.0,983,10.524470806121826,11
-5018.0,-5516.0,-4355.0,988,10.573516845703125,11
-5088.0,-5462.0,-4460.0,996,10.637804985046387,11
-4649.0,-5209.0,-5267.0,1004,10.697815895080566,11
-6087.0,-4761.0,-4122.0,1010,10.740999937057495,11
-6019.0,-4572.0,-4489.0,1012,10.773034811019897,11
-5568.0,-4595.0,-4897.0,1012,10.773042917251587,11
-5673.0,-5013.0,-4401.0,1012,10.773051977157593,11
-5588.0,-5545.0,-4073.0,1014,10.803340911865234,11
-5027.0,-5781.0,-4303.0,1014,10.803375959396362,11
-4761.0,-4881.0,-5461.0,1014,10.803414821624756,11
-5358.0,-5682.0,-4311.0,1015,10.81863784790039,11
-5320.0,-5057.0,-4883.0,1016,10.835093975067139,11
-4942.0,-5478.0,-4722.0,1017,10.843547821044922,11
-3548.0,-5879.0,-5139.0,1021,10.890563011169434,11
-4177.0,-6049.0,-4394.0,1021,10.890594959259033,11
-4591.0,-5138.0,-5375.0,1022,10.900807857513428,11
-4110.0,-5479.0,-5350.0,1022,10.900821924209595,11
-4488.0,-5058.0,-5511.0,1023,10.910316944122314,11
-4287.0,-5649.0,-4782.0,1024,10.917052984237671,11
-4040.0,-5282.0,-5622.0,1025,10.922106981277466,11
-2858.0,-4689.0,-6468.0,1026,10.942091941833496,11
-3834.0,-5636.0,-5269.0,1034,11.015544891357422,11
-3657.0,-5819.0,-5159.0,1035,11.026155948638916,11
-5250.0,-4941.0,-4952.0,1040,11.051016807556152,11
-4504.0,-4092.0,-6266.0,1060,11.196753978729248,11
-7174.0,-3825.0,-2856.0,1074,11.283100843429565,11
-7092.0,-3947.0,-3082.0,1075,11.30205488204956,11
-4985.0,-4021.0,-5868.0,1108,11.613574981689453,11
-5820.0,-4351.0,-4964.0,1108,11.613597869873047,11
-4905.0,-4980.0,-5290.0,1114,11.654281854629517,11
-5088.0,-4753.0,-5369.0,1115,11.659907817840576,11
-5465.0,-4717.0,-4947.0,1126,11.719144821166992,11
-6569.0,-3649.0,-4474.0,1141,11.814899921417236,11
-6291.0,-4806.0,-3900.0,1144,11.840449810028076,11
-6320.0,-3954.0,-4697.0,1168,11.991734981536865,11
-6171.0,-3615.0,-5054.0,1169,11.996924877166748,11
-5306.0,-5314.0,-4623.0,1182,12.040596008300781,11
-7311.0,-3544.0,-3218.0,1197,12.147419929504395,11
-7241.0,-2941.0,-3820.0,1200,12.237560987472534,11
-5883.0,-2632.0,-5703.0,1200,12.237579822540283,11
-5909.0,-2532.0,-5794.0,1201,12.249948024749756,11
-7328.0,-2908.0,-3636.0,1201,12.250020980834961,11
-4328.0,-4141.0,-6268.0,1218,12.408363819122314,11
-5524.0,-4610.0,-4914.0,1235,12.537699937820435,11
-5433.0,-3697.0,-5797.0,1238,12.548626899719238,11
-6916.0,-4317.0,-3093.0,1251,12.638427972793579,11
-6936.0,-4156.0,-3593.0,1254,12.657365798950195,11
-6675.0,-3867.0,-4200.0,1255,12.666777849197388,11
-7110.0,-2905.0,-4316.0,1294,12.859968900680542,11
-6840.0,-3093.0,-4646.0,1294,12.860013961791992,11
-6546.0,-2963.0,-5003.0,1294,12.86003589630127,11
-6472.0,-2658.0,-5126.0,1295,12.87398886680603,11
-6620.0,-2946.0,-5012.0,1298,12.899418830871582,11
-6327.0,-3906.0,-4569.0,1319,12.999167919158936,11
-6159.0,-3298.0,-5243.0,1328,13.027010917663574,11
-5791.0,-3488.0,-5495.0,1444,13.702975988388062,11
-5447.0,-3586.0,-5802.0,1446,13.719188928604126,11
-5189.0,-3375.0,-6058.0,1456,13.773383855819702,11
-5973.0,-2891.0,-5598.0,1559,14.190894842147827,11
-3935.0,-5927.0,-4692.0,1626,14.510458946228027,12
-3478.0,-4390.0,-6588.0,1630,14.569087028503418,12
-4121.0,-5690.0,-4957.0,1630,14.569175958633423,12
-3544.0,-4398.0,-6517.0,1631,14.581020832061768,12
-4037.0,-5677.0,-5057.0,1631,14.581024885177612,12
-3802.0,-5454.0,-5479.0,1635,14.632759809494019,12
-4917.0,-5904.0,-4158.0,1651,14.81250286102295,12
-6569.0,-4110.0,-4192.0,1658,14.8942289352417,12
-6181.0,-5230.0,-3597.0,1659,14.90354299545288,12
-5110.0,-4640.0,-5272.0,1672,15.012787818908691,12
-4892.0,-5124.0,-5195.0,1673,15.01915192604065,12
-3620.0,-6036.0,-4857.0,1682,15.124959945678711,12
-3927.0,-4986.0,-5919.0,1684,15.153084993362427,12
-4338.0,-5424.0,-5213.0,1684,15.153127908706665,12
-4190.0,-5023.0,-5761.0,1685,15.164405822753906,12
-3933.0,-5378.0,-5498.0,1688,15.196748971939087,12
-4778.0,-4802.0,-5475.0,1690,15.21566891670227,12
-4329.0,-4402.0,-6077.0,1692,15.232427835464478,12
-6132.0,-4842.0,-4100.0,1724,15.53378701210022,12
-5590.0,-5430.0,-4110.0,1728,15.563650846481323,12
-5468.0,-4784.0,-4902.0,1730,15.575516939163208,12
-5385.0,-4801.0,-4971.0,1731,15.580403804779053,12
-4450.0,-5155.0,-5313.0,1732,15.587131023406982,12
-6472.0,-4865.0,-3560.0,1748,15.6940758228302,12
-5845.0,-4661.0,-4684.0,1751,15.728449821472168,12
-4527.0,-5592.0,-4879.0,1752,15.747731924057007,12
-4979.0,-5479.0,-4641.0,1752,15.74776291847229,12
-4627.0,-5405.0,-5033.0,1752,15.747767925262451,12
-5502.0,-5066.0,-4575.0,1754,15.775120973587036,12
-4603.0,-5252.0,-5245.0,1757,15.797643899917603,12
-5360.0,-4880.0,-4858.0,1757,15.797647953033447,12
-4928.0,-5097.0,-4919.0,1758,15.807343006134033,12
-3742.0,-4998.0,-5944.0,1762,15.84887981414795,12
-4919.0,-5292.0,-4744.0,1763,15.864163875579834,12
-4039.0,-4658.0,-6113.0,1770,15.917263984680176,12
-3643.0,-5634.0,-5534.0,1772,15.926262855529785,12
-4943.0,-5689.0,-4339.0,1898,16.824826955795288,12
-5167.0,-4682.0,-5197.0,1929,17.02748680114746,12
-6226.0,-4916.0,-3847.0,1974,17.239019870758057,12
-5158.0,-4736.0,-5146.0,2011,17.402814865112305,12
-5355.0,-3682.0,-5870.0,2110,18.00484299659729,12
-6473.0,-2343.0,-5364.0,2168,18.35214900970459,12
-6714.0,-2535.0,-5044.0,2169,18.362931966781616,12
-7155.0,-3539.0,-3945.0,2170,18.374138832092285,12
-6658.0,-3367.0,-4632.0,2170,18.37416982650757,12
-5323.0,-2452.0,-6265.0,2338,19.202525854110718,12
-5361.0,-2086.0,-6371.0,2443,19.589110851287842,12
-3728.0,-5804.0,-5022.0,2540,20.135135889053345,13
-4357.0,-5974.0,-4277.0,2540,20.135167837142944,13
-4888.0,-4578.0,-5499.0,2542,20.172948837280273,13
-4149.0,-6028.0,-4515.0,2547,20.23212194442749,13
-3678.0,-5441.0,-5583.0,2554,20.299593925476074,13
-4195.0,-5681.0,-4810.0,2570,20.493968963623047,13
-6458.0,-5061.0,-3118.0,2586,20.625058889389038,13
-6208.0,-4818.0,-3890.0,2604,20.852715015411377,13
-5751.0,-5381.0,-3994.0,2604,20.852741956710815,13
-5505.0,-4931.0,-4606.0,2622,20.985886812210083,13
-4907.0,-5020.0,-5132.0,2622,20.985904932022095,13
-5186.0,-5123.0,-4828.0,2626,21.017635822296143,13
-4517.0,-4570.0,-5806.0,2646,21.18915581703186,13
-4197.0,-5322.0,-5505.0,2648,21.204903841018677,13
-4132.0,-5432.0,-5452.0,2648,21.204917907714844,13
-3970.0,-5249.0,-5763.0,2649,21.215317964553833,13
-3298.0,-5536.0,-5696.0,2649,21.215322017669678,13
-4533.0,-4976.0,-5596.0,2656,21.30898690223694,13
-4881.0,-5177.0,-4963.0,2712,21.674542903900146,13
-4641.0,-5819.0,-4609.0,2721,21.725823879241943,13
-4923.0,-5290.0,-4828.0,2753,21.951122999191284,13
-4509.0,-5542.0,-4880.0,2753,21.951128005981445,13
-5744.0,-5586.0,-3941.0,2756,21.990285873413086,13
-5641.0,-5515.0,-4092.0,2756,21.990317821502686,13
-3105.0,-5162.0,-6187.0,2768,22.07526183128357,13
-3814.0,-5782.0,-4910.0,2769,22.08600091934204,13
-3907.0,-4323.0,-6320.0,2769,22.086010932922363,13
-3806.0,-5507.0,-5426.0,2769,22.0860378742218,13
-3881.0,-5029.0,-5897.0,2770,22.10285997390747,13
-4390.0,-5356.0,-5093.0,2772,22.124071836471558,13
-4866.0,-5322.0,-4725.0,2784,22.195542812347412,13
-4739.0,-5649.0,-4605.0,2785,22.202215909957886,13
-4473.0,-5095.0,-5394.0,2786,22.20708179473877,13
-4253.0,-4733.0,-5919.0,2818,22.405871868133545,13
-4705.0,-4620.0,-5681.0,2826,22.446794986724854,13
-7004.0,-3980.0,-3291.0,2892,22.83436679840088,13
-5766.0,-5202.0,-4099.0,2926,23.111726999282837,13
-5644.0,-4292.0,-5175.0,2995,23.474687814712524,13
-5474.0,-4755.0,-4910.0,3008,23.52682399749756,13
-6965.0,-3053.0,-4490.0,3288,25.004695892333984,13
-6942.0,-3077.0,-4494.0,3290,25.0222008228302,13
-6448.0,-3649.0,-4676.0,3302,25.079972982406616,13
-6601.0,-2885.0,-5042.0,3303,25.0855770111084,13
-5252.0,-4124.0,-5670.0,3487,25.826502799987793,13
-4673.0,-4644.0,-5600.0,3639,26.795701026916504,14
-3719.0,-5710.0,-5229.0,3646,26.870590925216675,14
-4292.0,-5526.0,-5097.0,3728,27.590272903442383,14
-6739.0,-4506.0,-3438.0,3730,27.61540198326111,14
-6651.0,-4609.0,-3540.0,3730,27.615405797958374,14
-6984.0,-4206.0,-2968.0,3730,27.615432024002075,14
-6752.0,-4491.0,-3406.0,3730,27.615468978881836,14
-6840.0,-4388.0,-3304.0,3730,27.615473985671997,14
-6961.0,-3986.0,-3304.0,3731,27.695443868637085,14
-5438.0,-5248.0,-4451.0,3738,27.77034592628479,14
-5035.0,-5113.0,-4897.0,3738,27.770354986190796,14
-5937.0,-5428.0,-3645.0,3741,27.7931067943573,14
-6787.0,-4226.0,-3632.0,3744,27.812803983688354,14
-6240.0,-4273.0,-4414.0,3751,27.864871978759766,14
-3986.0,-4393.0,-6263.0,3793,28.140079975128174,14
-3685.0,-5926.0,-4910.0,3801,28.238204956054688,14
-4327.0,-4530.0,-6019.0,3804,28.273639917373657,14
-4082.0,-4814.0,-5918.0,3804,28.27366280555725,14
-4273.0,-5534.0,-5160.0,3806,28.292303800582886,14
-3311.0,-5583.0,-5610.0,3809,28.309062004089355,14
-3762.0,-5508.0,-5424.0,3810,28.318010807037354,14
-4125.0,-5133.0,-5708.0,3810,28.31801986694336,14
-4926.0,-5203.0,-4927.0,3834,28.46819281578064,14
-5822.0,-5344.0,-3755.0,3925,28.89129090309143,14
-5399.0,-4724.0,-4935.0,3926,28.899250984191895,14
-6166.0,-5119.0,-3893.0,3939,29.015957832336426,14
-4892.0,-5681.0,-4366.0,3948,29.076337814331055,14
-4309.0,-4994.0,-5699.0,3954,29.13517689704895,14
-5494.0,-4968.0,-4688.0,3960,29.175083875656128,14
-3691.0,-4989.0,-6110.0,3981,29.299717903137207,14
-3043.0,-5279.0,-6026.0,4036,29.595978021621704,14
-4406.0,-4913.0,-5714.0,4068,29.761117935180664,14
-5629.0,-4856.0,-4615.0,4148,30.29508090019226,14
-5102.0,-4792.0,-5144.0,4253,30.87939691543579,14
-4947.0,-4908.0,-5199.0,4262,30.91356587409973,14
-3336.0,-2765.0,-7156.0,4594,32.50153684616089,14
-4504.0,-3079.0,-6698.0,4608,32.558626890182495,14
-3272.0,-4622.0,-6332.0,4788,33.46286487579346,15
-2913.0,-5368.0,-5993.0,4788,33.46287798881531,15
-4197.0,-4067.0,-6284.0,4811,33.83061695098877,15
-4171.0,-4773.0,-5861.0,4812,33.841564893722534,15
-3283.0,-5292.0,-6021.0,4830,34.00243782997131,15
-3443.0,-5582.0,-5623.0,4830,34.00244402885437,15
-3839.0,-5334.0,-5596.0,4851,34.195271015167236,15
-4045.0,-5485.0,-5309.0,4862,34.30274701118469,15
-4510.0,-5904.0,-4442.0,4944,34.88073182106018,15
-5656.0,-5626.0,-3796.0,4955,34.976889848709106,15
-3912.0,-5795.0,-4763.0,5026,35.372957944869995,15
-4537.0,-5649.0,-4631.0,5036,35.46355700492859,15
-3940.0,-5753.0,-4865.0,5045,35.52785897254944,15
-3880.0,-5307.0,-5829.0,5048,35.54224491119385,15
-6001.0,-5337.0,-3620.0,5196,36.27199196815491,15
-4863.0,-5642.0,-4483.0,5212,36.3830668926239,15
-4012.0,-5761.0,-4787.0,5213,36.39433693885803,15
-5159.0,-4284.0,-5570.0,5514,37.962711811065674,15
-3458.0,-2813.0,-7079.0,5797,39.215250968933105,15
-3981.0,-4733.0,-6074.0,5963,40.424598932266235,16
-5210.0,-6024.0,-3809.0,6104,41.31056880950928,16
-6049.0,-5326.0,-3663.0,6124,41.486960887908936,16
-5467.0,-5859.0,-3712.0,6322,42.39787793159485,16
-3898.0,-5820.0,-4854.0,6447,43.18063688278198,16
-3753.0,-5520.0,-5336.0,6447,43.18067789077759,16
-3761.0,-4966.0,-6003.0,6456,43.24532890319824,16
-5132.0,-2007.0,-6578.0,6896,44.85788893699646,16
-4277.0,-6037.0,-4120.0,7400,47.729121923446655,17
-4686.0,-5359.0,-4990.0,7409,47.80414795875549,17
-2984.0,-5534.0,-5890.0,7467,47.99531388282776,17
-6960.0,-2532.0,-4511.0,7698,48.88890194892883,17
-6792.0,-2704.0,-4689.0,7708,48.916844844818115,17
-5734.0,-5792.0,-3169.0,7971,50.34693384170532,18
-4906.0,-6095.0,-3942.0,7973,50.35749793052673,18
