z1,z2,z3,node,time,depth
-28812.0,-31075.0,-30950.0,4,0.005961894989013672,3
-29062.0,-29903.0,-32039.0,5,0.007477998733520508,3
-29887.0,-29367.0,-31953.0,6,0.008707046508789062,3
-29420.0,-29860.0,-32033.0,8,0.011659860610961914,4
-30554.0,-29637.0,-31174.0,10,0.014032840728759766,4
-30292.0,-29749.0,-30875.0,16,0.021960973739624023,5
-29439.0,-30656.0,-31201.0,22,0.029079914093017578,5
-29609.0,-30118.0,-31287.0,26,0.03428387641906738,5
-30835.0,-29901.0,-30592.0,27,0.03581094741821289,5
-30005.0,-30542.0,-30673.0,30,0.0396578311920166,5
-29625.0,-30320.0,-31025.0,37,0.04652905464172363,6
-29724.0,-30278.0,-31255.0,41,0.05081295967102051,6
-29590.0,-29322.0,-32119.0,56,0.06612086296081543,6
-29967.0,-30075.0,-31281.0,97,0.10244083404541016,7
-30866.0,-29682.0,-30334.0,105,0.11011791229248047,7
-30724.0,-29099.0,-31260.0,105,0.1101219654083252,7
-29057.0,-30008.0,-32034.0,124,0.12910985946655273,7
-29562.0,-30443.0,-31107.0,135,0.13709187507629395,8
-30696.0,-30220.0,-30248.0,175,0.16965103149414062,8
-29142.0,-30611.0,-31367.0,180,0.1741030216217041,8
-29305.0,-30708.0,-31138.0,180,0.17410993576049805,8
-29866.0,-30861.0,-30329.0,185,0.1788020133972168,8
-29297.0,-30829.0,-30858.0,185,0.17880487442016602,8
-29745.0,-29540.0,-31610.0,245,0.23268699645996094,8
-29583.0,-29957.0,-31804.0,257,0.24053096771240234,9
-30321.0,-29731.0,-30881.0,265,0.24635100364685059,9
-30135.0,-30067.0,-31057.0,309,0.28186488151550293,9
-28635.0,-30454.0,-31642.0,323,0.29264187812805176,9
-28793.0,-30747.0,-31262.0,327,0.2956390380859375,9
-30130.0,-30172.0,-31052.0,335,0.3012509346008301,9
-30151.0,-29525.0,-31261.0,337,0.3034060001373291,9
-30128.0,-29908.0,-31257.0,415,0.3695838451385498,9
-29972.0,-29970.0,-31286.0,487,0.42737698554992676,10
-31021.0,-29565.0,-30416.0,537,0.46918797492980957,10
-30289.0,-30189.0,-30730.0,565,0.5008440017700195,10
-29753.0,-29419.0,-31890.0,567,0.5027689933776855,10
-28630.0,-30559.0,-31637.0,619,0.5478918552398682,10
-29725.0,-30540.0,-30878.0,643,0.5659258365631104,11
-28993.0,-30411.0,-31636.0,647,0.5694358348846436,11
-28813.0,-30657.0,-31333.0,687,0.6049959659576416,11
-29459.0,-30830.0,-30811.0,855,0.752220869064331,11
-29354.0,-30180.0,-31540.0,987,0.8763060569763184,12
-29743.0,-29961.0,-31496.0,987,0.8763079643249512,12
-30734.0,-29651.0,-30727.0,1035,0.9228329658508301,12
-30234.0,-29655.0,-31081.0,1035,0.9228379726409912,12
-29913.0,-29423.0,-31582.0,1079,0.9647598266601562,12
-29340.0,-30224.0,-31257.0,1130,1.008631944656372,13
-29156.0,-30508.0,-31407.0,1135,1.0131938457489014,13
-30289.0,-29832.0,-30785.0,1142,1.0207250118255615,13
-28758.0,-30123.0,-31684.0,1177,1.0704138278961182,13
-30219.0,-29659.0,-31109.0,1240,1.1339528560638428,13
-29892.0,-29721.0,-31401.0,1351,1.2472200393676758,13
-29904.0,-30292.0,-30808.0,1365,1.2616560459136963,13
-29918.0,-29999.0,-31348.0,1394,1.2953269481658936,14
-29088.0,-30640.0,-31429.0,1404,1.3040740489959717,14
-29929.0,-29625.0,-31320.0,1427,1.3284790515899658,14
-28797.0,-30098.0,-31650.0,1432,1.3323569297790527,14
-30920.0,-29315.0,-30551.0,1527,1.4738099575042725,14
-30081.0,-30096.0,-31119.0,1672,1.6322789192199707,15
-29251.0,-30737.0,-31200.0,1674,1.634268045425415,15
-29791.0,-29693.0,-31470.0,1686,1.6484909057617188,15
-29605.0,-30029.0,-31646.0,1718,1.6794359683990479,15
-30222.0,-30417.0,-30570.0,1728,1.687558889389038,15
-30251.0,-29558.0,-31205.0,1776,1.7416460514068604,15
-30670.0,-29128.0,-31322.0,1784,1.7510440349578857,15
-30338.0,-29908.0,-30718.0,1786,1.75272798538208,15
-28676.0,-30712.0,-31497.0,1962,1.9406139850616455,16
-28730.0,-30683.0,-31435.0,1988,1.9673490524291992,16
-29273.0,-30809.0,-31042.0,2004,1.9870288372039795,16
-30392.0,-29879.0,-30656.0,2046,2.0309898853302,16
-30152.0,-30244.0,-30894.0,2050,2.036470890045166,16
-29961.0,-29155.0,-31556.0,2068,2.0555520057678223,16
-29372.0,-30123.0,-31353.0,2170,2.165712833404541,17
-29008.0,-29932.0,-32101.0,2192,2.190091848373413,17
-29845.0,-29664.0,-31408.0,2202,2.199772834777832,17
-30343.0,-29803.0,-30723.0,2206,2.2033698558807373,17
-29956.0,-30466.0,-30740.0,2228,2.2273788452148438,17
-29833.0,-30603.0,-30709.0,2243,2.2439630031585693,17
-29555.0,-30147.0,-31349.0,2256,2.2568650245666504,17
-30484.0,-29464.0,-31498.0,2262,2.2640209197998047,17
-30198.0,-29842.0,-30912.0,2271,2.2773590087890625,17
-30508.0,-29727.0,-30728.0,2271,2.277362823486328,17
-29178.0,-29394.0,-32187.0,2286,2.292949914932251,17
-29775.0,-29491.0,-31732.0,2296,2.301163911819458,17
-29840.0,-29769.0,-31403.0,2312,2.3178889751434326,17
-29654.0,-30105.0,-31579.0,2314,2.3194739818573,17
-29721.0,-29520.0,-31794.0,2316,2.321223020553589,17
-29747.0,-30612.0,-30720.0,2410,2.4339380264282227,18
-30626.0,-30047.0,-30572.0,2440,2.46747088432312,18
-29421.0,-30199.0,-31286.0,2450,2.479689836502075,18
-29796.0,-30688.0,-30653.0,2488,2.525547981262207,18
-28581.0,-30483.0,-31704.0,2546,2.600442886352539,19
-29178.0,-30580.0,-31249.0,2564,2.623898983001709,19
-30243.0,-29679.0,-30925.0,2580,2.641083002090454,19
-29410.0,-30754.0,-30878.0,2682,2.7667438983917236,20
-29676.0,-30571.0,-30743.0,2693,2.779923915863037,20
-30336.0,-29694.0,-30874.0,2806,2.9171738624572754,21
-29838.0,-29555.0,-31559.0,2830,2.944028854370117,21
-29859.0,-29452.0,-31644.0,2968,3.098417043685913,23
-30390.0,-29860.0,-30716.0,3078,3.2162439823150635,26
-30057.0,-29475.0,-31365.0,3100,3.2385900020599365,27
