z1,z2,z3,node,time,depth
-3441.0,-7288.0,-3391.0,1,0.0339968204498291,1
-2712.0,-7101.0,-4195.0,1,0.034001827239990234,1
-2121.0,-6913.0,-4775.0,1,0.03400588035583496,1
-6593.0,-5077.0,-2525.0,1,0.034010887145996094,1
-7068.0,-4286.0,-2474.0,1,0.03401589393615723,1
-2963.0,-6748.0,-5012.0,1,0.03401994705200195,1
-2376.0,-6641.0,-5300.0,1,0.034024953842163086,1
-2158.0,-6719.0,-5201.0,1,0.03402900695800781,1
-5272.0,-6316.0,-2781.0,1,0.034033775329589844,1
-4013.0,-7053.0,-3261.0,1,0.03403878211975098,1
-4547.0,-6786.0,-2881.0,1,0.0340428352355957,1
-7052.0,-4091.0,-3153.0,1,0.034047842025756836,1
-7023.0,-3438.0,-3815.0,1,0.03405189514160156,1
-3430.0,-3626.0,-6873.0,1,0.034056901931762695,1
-4107.0,-4480.0,-6566.0,1,0.03406095504760742,1
-3669.0,-5322.0,-6288.0,1,0.034065961837768555,1
-4117.0,-5642.0,-5749.0,1,0.03407096862792969,1
-4380.0,-5512.0,-5685.0,1,0.03407478332519531,1
-4741.0,-6166.0,-4337.0,1,0.034079790115356445,1
-3181.0,-6670.0,-5111.0,1,0.03408384323120117,1
-3397.0,-5845.0,-5895.0,1,0.034088850021362305,1
-2083.0,-6039.0,-6018.0,1,0.03409290313720703,1
-3160.0,-5545.0,-6222.0,1,0.034097909927368164,1
-2888.0,-6068.0,-5829.0,1,0.03410196304321289,1
-5826.0,-2537.0,-5864.0,1,0.03410696983337402,1
-6521.0,-3748.0,-4623.0,1,0.034111976623535156,1
-6842.0,-3391.0,-4264.0,1,0.03411579132080078,1
-3762.0,-3983.0,-6778.0,1,0.034120798110961914,1
-3586.0,-4443.0,-6691.0,1,0.03412485122680664,1
-4394.0,-3325.0,-6773.0,1,0.03412985801696777,1
-4476.0,-3536.0,-6744.0,1,0.0341339111328125,1
-4593.0,-3655.0,-6654.0,1,0.03413891792297363,1
-5330.0,-3164.0,-6307.0,1,0.034143924713134766,1
-5482.0,-4069.0,-5795.0,1,0.03414797782897949,1
-4276.0,-4709.0,-6384.0,1,0.034152984619140625,1
-4755.0,-5559.0,-5256.0,1,0.03415679931640625,1
-3692.0,-6935.0,-4208.0,1,0.03416180610656738,1
-5076.0,-2754.0,-6527.0,1,0.03416585922241211,1
-4877.0,-2424.0,-6646.0,1,0.03417086601257324,1
-5074.0,-1799.0,-6549.0,1,0.03417491912841797,1
-3148.0,-5285.0,-6413.0,1,0.0341799259185791,1
-2673.0,-5321.0,-6412.0,1,0.03418397903442383,1
-2639.0,-5508.0,-6347.0,1,0.03418898582458496,1
-5173.0,-5659.0,-4507.0,1,0.034192800521850586,1
-5209.0,-2795.0,-6448.0,1,0.03419780731201172,1
-5273.0,-2129.0,-6430.0,1,0.03420281410217285,1
-5896.0,-3077.0,-5701.0,1,0.03420686721801758,1
-6741.0,-3008.0,-4657.0,1,0.03421187400817871,1
-6595.0,-2969.0,-4905.0,1,0.03421592712402344,1
-5713.0,-3652.0,-5743.0,1,0.03422093391418457,1
-6534.0,-3323.0,-4886.0,1,0.0342249870300293,1
-5223.0,-3843.0,-6139.0,1,0.03422999382019043,1
-4681.0,-4857.0,-6018.0,1,0.034233808517456055,1
-4860.0,-4030.0,-6332.0,1,0.03423881530761719,1
-6829.0,-3816.0,-4001.0,1,0.034242868423461914,1
-6490.0,-4605.0,-3703.0,1,0.03424787521362305,1
-6561.0,-4011.0,-4278.0,1,0.03425288200378418,1
-3802.0,-6054.0,-5514.0,1,0.034256935119628906,1
-3946.0,-6415.0,-4802.0,1,0.03426194190979004,1
-4232.0,-6189.0,-4888.0,1,0.034265995025634766,1
-5050.0,-6334.0,-3501.0,1,0.0342710018157959,1
-6577.0,-4882.0,-3204.0,1,0.03427481651306152,1
-5860.0,-5507.0,-3469.0,1,0.034279823303222656,1
-5443.0,-2855.0,-6270.0,1,0.03428483009338379,1
-6142.0,-2747.0,-5474.0,1,0.03428983688354492,1
-6576.0,-3064.0,-4932.0,1,0.03429388999938965,1
-6037.0,-5058.0,-3899.0,1,0.03429889678955078,1
-5178.0,-5091.0,-5235.0,1,0.034303903579711914,1
-5556.0,-4771.0,-5033.0,1,0.03430795669555664,1
-6161.0,-4276.0,-4674.0,1,0.03431296348571777,1
-6253.0,-3943.0,-4900.0,1,0.0343167781829834,1
-5950.0,-4781.0,-4398.0,1,0.03432178497314453,1
-5199.0,-5352.0,-4886.0,1,0.03432583808898926,1
-5595.0,-4759.0,-4990.0,1,0.03433084487915039,1
-5577.0,-5032.0,-4684.0,1,0.03433489799499512,1
-2930.0,-7023.0,-4294.0,2,0.06970787048339844,2
-2036.0,-5933.0,-6051.0,2,0.0697178840637207,2
-2214.0,-6314.0,-5679.0,2,0.06972694396972656,2
-4639.0,-4522.0,-6191.0,2,0.06973981857299805,2
-4587.0,-4412.0,-6283.0,2,0.06974482536315918,2
-2891.0,-5937.0,-5922.0,2,0.06975388526916504,2
-3066.0,-5747.0,-5992.0,2,0.06975793838500977,2
-2329.0,-6535.0,-5333.0,2,0.06980299949645996,2
-2339.0,-6835.0,-4874.0,2,0.0698080062866211,2
-2809.0,-6692.0,-5016.0,2,0.06981182098388672,2
-3719.0,-6293.0,-4988.0,2,0.06981682777404785,2
-4943.0,-5396.0,-5142.0,2,0.06982088088989258,2
-4743.0,-5325.0,-5492.0,2,0.06982588768005371,2
-1996.0,-6392.0,-5580.0,2,0.06983399391174316,2
-4655.0,-5265.0,-5626.0,2,0.06989192962646484,2
-5320.0,-5683.0,-4164.0,2,0.06990981101989746,2
-2545.0,-5710.0,-6117.0,2,0.06992387771606445,2
-4032.0,-5135.0,-6095.0,2,0.06993293762207031,2
-2850.0,-6572.0,-5208.0,2,0.0699458122253418,2
-4340.0,-5677.0,-5391.0,2,0.06995081901550293,2
-4001.0,-5730.0,-5535.0,2,0.06995487213134766,2
-4929.0,-6003.0,-4223.0,2,0.06995987892150879,2
-4443.0,-6158.0,-4487.0,2,0.06996393203735352,2
-3488.0,-6963.0,-4128.0,2,0.06996893882751465,2
-5929.0,-4520.0,-4747.0,2,0.06999588012695312,2
-6569.0,-3276.0,-4526.0,3,0.09517693519592285,2
-3478.0,-7094.0,-3817.0,3,0.09519481658935547,2
-4238.0,-6618.0,-3717.0,3,0.0951988697052002,2
-4963.0,-6148.0,-3617.0,3,0.09520387649536133,2
-4417.0,-6465.0,-4108.0,3,0.09520792961120605,2
-6094.0,-5049.0,-3597.0,3,0.09526681900024414,2
-6851.0,-3706.0,-3684.0,3,0.09527087211608887,2
-6545.0,-4314.0,-3579.0,3,0.09527587890625,2
-6495.0,-4055.0,-4244.0,3,0.09527993202209473,2
-6227.0,-4250.0,-4521.0,3,0.09528493881225586,2
-4840.0,-3680.0,-6374.0,3,0.09528899192810059,2
-4857.0,-4397.0,-6105.0,3,0.09530282020568848,2
-6106.0,-3930.0,-4957.0,3,0.0953068733215332,2
-4283.0,-4020.0,-6653.0,3,0.09531593322753906,2
-4070.0,-3736.0,-6751.0,3,0.0953209400177002,2
-2749.0,-6907.0,-4621.0,3,0.09533500671386719,2
-6314.0,-4527.0,-4022.0,3,0.0953528881072998,2
-5655.0,-5579.0,-3047.0,3,0.09535694122314453,2
-6156.0,-5019.0,-3310.0,3,0.09536099433898926,2
-5794.0,-3392.0,-5438.0,3,0.09536981582641602,2
-3988.0,-3525.0,-6780.0,3,0.09538793563842773,2
-4263.0,-3670.0,-6695.0,3,0.09539294242858887,2
-5585.0,-5405.0,-4157.0,3,0.09540200233459473,2
-5551.0,-5339.0,-4305.0,3,0.09542393684387207,2
-5682.0,-5036.0,-4491.0,3,0.0954289436340332,2
-5355.0,-5963.0,-3586.0,4,0.13540387153625488,3
-6106.0,-2458.0,-5475.0,4,0.13543987274169922,3
-6738.0,-3093.0,-4558.0,4,0.13544392585754395,3
-5090.0,-5031.0,-5369.0,4,0.13545799255371094,3
-6294.0,-3652.0,-4962.0,4,0.13546180725097656,3
-5336.0,-3534.0,-6102.0,4,0.13547086715698242,3
-5010.0,-2465.0,-6567.0,4,0.13547492027282715,3
-6135.0,-4051.0,-4915.0,4,0.13551592826843262,3
-6458.0,-3172.0,-4947.0,4,0.1355288028717041,3
-4028.0,-6217.0,-4808.0,4,0.1355428695678711,3
-3380.0,-6346.0,-5132.0,4,0.13555598258972168,3
-4540.0,-5748.0,-5041.0,4,0.13556480407714844,3
-4278.0,-5536.0,-5548.0,4,0.13556885719299316,3
-4453.0,-5346.0,-5618.0,4,0.13558292388916016,3
-4176.0,-5540.0,-5605.0,4,0.13558697700500488,3
-6440.0,-3691.0,-4714.0,4,0.13559579849243164,3
-6416.0,-3431.0,-4901.0,4,0.13559985160827637,3
-4507.0,-3016.0,-6736.0,4,0.1356048583984375,3
-4589.0,-3227.0,-6707.0,4,0.13561391830444336,3
-6248.0,-4553.0,-4175.0,4,0.13562679290771484,3
-4842.0,-4751.0,-5817.0,4,0.13563179969787598,3
-6016.0,-4797.0,-4248.0,4,0.13564491271972656,3
-4904.0,-3991.0,-6218.0,4,0.13565397262573242,3
-4700.0,-4103.0,-6246.0,4,0.13565897941589355,3
-4706.0,-3346.0,-6617.0,4,0.13566279411315918,3
-4735.0,-3762.0,-6400.0,4,0.1356678009033203,3
-6328.0,-4751.0,-3441.0,5,0.16426396369934082,3
-3501.0,-6371.0,-4889.0,5,0.16429781913757324,3
-4564.0,-6489.0,-3765.0,5,0.16430282592773438,3
-6548.0,-4229.0,-3866.0,5,0.16431689262390137,3
-6340.0,-4220.0,-4401.0,5,0.1643679141998291,3
-5783.0,-3386.0,-5738.0,5,0.16437697410583496,3
-4849.0,-5654.0,-4840.0,5,0.16443085670471191,3
-6030.0,-2466.0,-5591.0,5,0.16449689865112305,3
-5503.0,-4330.0,-5446.0,5,0.16451787948608398,3
-5961.0,-4205.0,-5024.0,5,0.16452288627624512,3
-4161.0,-3645.0,-6714.0,5,0.1645519733428955,3
-2967.0,-6829.0,-4720.0,6,0.1912858486175537,3
-6251.0,-4633.0,-3852.0,6,0.19133996963500977,3
-4116.0,-6578.0,-4007.0,6,0.1913437843322754,3
-3817.0,-6475.0,-4744.0,6,0.19134879112243652,3
-5498.0,-5128.0,-4656.0,6,0.19143390655517578,3
-5236.0,-5490.0,-4476.0,6,0.19144296646118164,3
-4864.0,-5614.0,-4820.0,6,0.19144797325134277,3
-4311.0,-6031.0,-4963.0,6,0.1914517879486084,3
-5126.0,-5252.0,-5000.0,6,0.1915137767791748,3
-4573.0,-5669.0,-5143.0,6,0.19152283668518066,3
-6376.0,-4497.0,-3735.0,7,0.2142930030822754,3
-4888.0,-5050.0,-5425.0,7,0.21437287330627441,3
-2887.0,-6906.0,-4397.0,7,0.21439099311828613,3
-4045.0,-5902.0,-5368.0,7,0.21441388130187988,3
-3871.0,-5735.0,-5619.0,7,0.21442794799804688,3
-3411.0,-6357.0,-5013.0,7,0.2144458293914795,3
-3695.0,-6349.0,-4949.0,7,0.21445488929748535,3
-4689.0,-5916.0,-4548.0,8,0.25279879570007324,4
-4893.0,-6485.0,-3241.0,8,0.2528078556060791,4
-4289.0,-6748.0,-3520.0,8,0.25281190872192383,4
-6937.0,-3599.0,-3696.0,8,0.25282979011535645,4
-4843.0,-5481.0,-4918.0,8,0.25287890434265137,4
-3136.0,-6346.0,-5294.0,8,0.2528879642486572,4
-5000.0,-5409.0,-4798.0,8,0.252896785736084,4
-6222.0,-4328.0,-4416.0,8,0.2529017925262451,4
-6648.0,-4288.0,-3779.0,8,0.25290584564208984,4
-5931.0,-4913.0,-4044.0,8,0.2529149055480957,4
-4924.0,-5611.0,-4641.0,8,0.25291991233825684,4
-4810.0,-6247.0,-3826.0,8,0.25292396545410156,4
-4286.0,-6268.0,-4447.0,8,0.2529327869415283,4
-4897.0,-6516.0,-2623.0,8,0.25296878814697266,4
-5621.0,-5948.0,-2654.0,8,0.2529737949371338,4
-4608.0,-5786.0,-4825.0,8,0.253004789352417,4
-4118.0,-5736.0,-5301.0,8,0.2530088424682617,4
-6428.0,-4810.0,-3354.0,8,0.25304698944091797,4
-5559.0,-5978.0,-2941.0,8,0.25306177139282227,4
-5711.0,-5435.0,-3619.0,8,0.2530667781829834,4
-4738.0,-6583.0,-3161.0,9,0.28151988983154297,4
-3231.0,-6706.0,-4388.0,9,0.28152894973754883,4
-3822.0,-6894.0,-3808.0,9,0.2815418243408203,4
-3701.0,-6563.0,-4530.0,9,0.28154683113098145,4
-5135.0,-3574.0,-6166.0,9,0.28157496452331543,4
-6403.0,-3856.0,-4638.0,9,0.28159189224243164,4
-5305.0,-3871.0,-5882.0,9,0.2815968990325928,4
-5074.0,-4288.0,-5934.0,9,0.28160977363586426,4
-5843.0,-4313.0,-5039.0,9,0.2816147804260254,4
-4752.0,-4213.0,-6154.0,9,0.28162384033203125,4
-4311.0,-4698.0,-6047.0,9,0.28167295455932617,4
-5193.0,-5819.0,-4079.0,10,0.31300783157348633,4
-4873.0,-3101.0,-6505.0,10,0.3130478858947754,4
-4826.0,-5563.0,-4907.0,10,0.31311798095703125,4
-5580.0,-3611.0,-5822.0,10,0.31322193145751953,4
-5002.0,-3533.0,-6245.0,10,0.3132288455963135,4
-4753.0,-3154.0,-6628.0,11,0.3356339931488037,4
-5131.0,-2834.0,-6426.0,11,0.33563899993896484,4
-5831.0,-4854.0,-4131.0,11,0.3356649875640869,4
-5713.0,-2846.0,-5901.0,11,0.33568286895751953,4
-5769.0,-2837.0,-5799.0,11,0.33568692207336426,4
-5784.0,-4436.0,-4910.0,11,0.3357048034667969,4
-5035.0,-5063.0,-5368.0,11,0.33571887016296387,4
-4053.0,-4706.0,-6404.0,12,0.36201000213623047,4
-4087.0,-4130.0,-6608.0,12,0.3620138168334961,4
-5598.0,-4392.0,-5217.0,12,0.36211299896240234,4
-4661.0,-4507.0,-6060.0,12,0.36211681365966797,4
-5014.0,-4145.0,-5993.0,12,0.3621218204498291,4
-4054.0,-5509.0,-5825.0,12,0.36212992668151855,4
-3453.0,-6147.0,-5504.0,12,0.3621389865875244,4
-4177.0,-4136.0,-6583.0,12,0.36214780807495117,4
-4637.0,-4027.0,-6352.0,12,0.3621528148651123,4
-5042.0,-5101.0,-5262.0,12,0.36216187477111816,4
-4656.0,-5832.0,-4687.0,12,0.3621659278869629,4
-3480.0,-5132.0,-6373.0,12,0.362170934677124,4
-4001.0,-4596.0,-6496.0,12,0.36217498779296875,4
-3446.0,-5319.0,-6308.0,12,0.3621799945831299,4
-4200.0,-5880.0,-5164.0,12,0.36218881607055664,4
-3739.0,-5921.0,-5590.0,12,0.36219286918640137,4
-3049.0,-6074.0,-5626.0,13,0.3829779624938965,4
-4661.0,-3700.0,-6451.0,13,0.3830268383026123,4
-2592.0,-5816.0,-6084.0,13,0.38303089141845703,4
-5758.0,-4743.0,-4531.0,13,0.3830399513244629,4
-5757.0,-3693.0,-5359.0,13,0.3830888271331787,4
-5006.0,-4587.0,-5761.0,13,0.38309788703918457,4
-5477.0,-4637.0,-5067.0,13,0.3831019401550293,4
-4584.0,-6317.0,-4077.0,14,0.40221500396728516,4
-4501.0,-6079.0,-4662.0,14,0.40225887298583984,4
-4420.0,-5949.0,-4939.0,14,0.402263879776001,4
-5009.0,-5370.0,-4989.0,14,0.4022679328918457,4
-5250.0,-5810.0,-3777.0,14,0.40230393409729004,4
-3425.0,-6378.0,-4927.0,15,0.4169189929962158,4
-6022.0,-4789.0,-4146.0,15,0.4169318675994873,4
-4016.0,-6566.0,-4347.0,15,0.41693687438964844,4
-5685.0,-4669.0,-4718.0,15,0.41695094108581543,4
-4701.0,-5052.0,-5511.0,15,0.41701292991638184,4
-4638.0,-6196.0,-3926.0,16,0.45076799392700195,5
-5210.0,-6209.0,-3090.0,16,0.4507718086242676,5
-4955.0,-6455.0,-2954.0,16,0.45078587532043457,5
-3217.0,-6476.0,-5017.0,16,0.45084381103515625,5
-5876.0,-5702.0,-2790.0,16,0.4508659839630127,5
-6718.0,-4423.0,-2895.0,17,0.4746999740600586,5
-5790.0,-5765.0,-2498.0,17,0.47470998764038086,5
-6302.0,-5170.0,-2825.0,17,0.4747138023376465,5
-4851.0,-2864.0,-6520.0,17,0.4747188091278076,5
-5764.0,-3432.0,-5470.0,17,0.47474098205566406,5
-5050.0,-3194.0,-6401.0,17,0.4747459888458252,5
-5044.0,-3951.0,-6030.0,17,0.4747498035430908,5
-5722.0,-4522.0,-4900.0,17,0.47478199005126953,5
-5060.0,-4694.0,-5465.0,17,0.4748668670654297,5
-5148.0,-4754.0,-5331.0,17,0.4748709201812744,5
-4499.0,-5868.0,-4849.0,18,0.502593994140625,5
-6064.0,-4645.0,-4340.0,18,0.502600908279419,5
-6151.0,-4922.0,-3841.0,18,0.5026068687438965,5
-4884.0,-3641.0,-6260.0,18,0.5027248859405518,5
-5950.0,-3634.0,-5207.0,18,0.5027508735656738,5
-4708.0,-5671.0,-4922.0,18,0.5027639865875244,5
-5430.0,-4784.0,-5024.0,18,0.502769947052002,5
-4768.0,-4956.0,-5589.0,18,0.502788782119751,5
-4918.0,-4854.0,-5526.0,18,0.5028018951416016,5
-4856.0,-5016.0,-5455.0,18,0.5028088092803955,5
-6256.0,-4065.0,-4580.0,19,0.5268828868865967,5
-5644.0,-3787.0,-5495.0,19,0.5269148349761963,5
-6479.0,-4340.0,-3732.0,19,0.5269818305969238,5
-5299.0,-5422.0,-4513.0,19,0.5269908905029297,5
-5064.0,-5727.0,-4420.0,19,0.5269999504089355,5
-4267.0,-6533.0,-3855.0,19,0.5270040035247803,5
-4543.0,-6228.0,-4114.0,19,0.5270087718963623,5
-5147.0,-5965.0,-3835.0,19,0.527012825012207,5
-5890.0,-5157.0,-3719.0,19,0.5270218849182129,5
-6106.0,-4832.0,-3898.0,19,0.527026891708374,5
-4940.0,-4293.0,-5844.0,20,0.5508818626403809,5
-6143.0,-4068.0,-4825.0,20,0.5509488582611084,5
-5321.0,-4887.0,-5046.0,20,0.5509657859802246,5
-6048.0,-4482.0,-4525.0,20,0.5509748458862305,5
-6461.0,-3952.0,-4365.0,21,0.5680818557739258,5
-4937.0,-3503.0,-6438.0,22,0.5874719619750977,5
-4738.0,-3173.0,-6557.0,22,0.5874898433685303,5
-4198.0,-5007.0,-6084.0,22,0.5874948501586914,5
-5430.0,-2921.0,-6186.0,22,0.587507963180542,5
-4081.0,-4888.0,-6174.0,22,0.587526798248291,5
-5107.0,-3800.0,-6154.0,22,0.5875899791717529,5
-5902.0,-3519.0,-5279.0,22,0.5876169204711914,5
-4931.0,-4260.0,-6067.0,22,0.5876219272613525,5
-5589.0,-4283.0,-5253.0,22,0.5876309871673584,5
-4863.0,-5012.0,-5468.0,23,0.6062510013580322,5
-2117.0,-5852.0,-6083.0,24,0.6297187805175781,5
-3151.0,-5607.0,-6141.0,24,0.6297597885131836,5
-3496.0,-6258.0,-5346.0,24,0.6297647953033447,5
-4680.0,-3585.0,-6414.0,24,0.6298539638519287,5
-4256.0,-4359.0,-6426.0,24,0.6298577785491943,5
-4940.0,-3437.0,-6253.0,24,0.6298849582672119,5
-2932.0,-6110.0,-5629.0,25,0.6519138813018799,5
-3835.0,-6472.0,-4543.0,25,0.6519269943237305,5
-2714.0,-6188.0,-5530.0,25,0.6519320011138916,5
-3235.0,-6225.0,-5405.0,25,0.6519370079040527,5
-3305.0,-6376.0,-4950.0,25,0.6519417762756348,5
-4248.0,-5898.0,-5039.0,25,0.6520087718963623,5
-4641.0,-3350.0,-6493.0,25,0.6520488262176514,5
-4764.0,-5095.0,-5433.0,25,0.652076005935669,5
-3543.0,-5265.0,-6297.0,26,0.6710629463195801,5
-3660.0,-5384.0,-6207.0,26,0.6710679531097412,5
-4531.0,-3703.0,-6445.0,26,0.6710720062255859,5
-3638.0,-4553.0,-6599.0,26,0.6710817813873291,5
-4784.0,-4247.0,-6124.0,26,0.6710999011993408,5
-4960.0,-3787.0,-6211.0,26,0.671104907989502,5
-5637.0,-4423.0,-4967.0,26,0.6711089611053467,5
-4135.0,-5639.0,-5548.0,27,0.6871888637542725,5
-3820.0,-6051.0,-5313.0,27,0.6872267723083496,5
-4591.0,-5666.0,-4942.0,27,0.6872408390045166,5
-4042.0,-6665.0,-3950.0,28,0.7062249183654785,5
-5567.0,-5534.0,-3626.0,28,0.7062339782714844,5
-4646.0,-6287.0,-3790.0,28,0.70623779296875,5
-4342.0,-5832.0,-4955.0,28,0.706291913986206,5
-4901.0,-6041.0,-3926.0,28,0.7063009738922119,5
-5821.0,-5078.0,-3903.0,28,0.706326961517334,5
-6096.0,-4576.0,-4124.0,28,0.7063357830047607,5
-3697.0,-6131.0,-5099.0,28,0.7063407897949219,5
-5185.0,-4910.0,-5076.0,29,0.7203388214111328,5
-4316.0,-5733.0,-5352.0,30,0.7330398559570312,5
-4157.0,-5509.0,-5705.0,30,0.7330758571624756,5
-5588.0,-5038.0,-4384.0,31,0.7408719062805176,5
-4366.0,-6119.0,-4766.0,31,0.7408769130706787,5
-2683.0,-6934.0,-4317.0,32,0.7692739963531494,6
-3274.0,-7122.0,-3737.0,32,0.7693028450012207,6
-2575.0,-6317.0,-5321.0,32,0.7693359851837158,6
-4565.0,-4945.0,-5804.0,32,0.7693498134613037,6
-3840.0,-6891.0,-3607.0,32,0.7693638801574707,6
-4363.0,-6783.0,-3003.0,32,0.7693688869476318,6
-4297.0,-4604.0,-6122.0,32,0.769420862197876,6
-3849.0,-3102.0,-6819.0,33,0.7960360050201416,6
-4107.0,-6781.0,-3091.0,33,0.7960457801818848,6
-3451.0,-5934.0,-5529.0,33,0.7962558269500732,6
-4121.0,-6997.0,-3071.0,34,0.8195209503173828,6
-5124.0,-6272.0,-2798.0,34,0.819525957107544,6
-4601.0,-5856.0,-4682.0,34,0.819584846496582,6
-6054.0,-5302.0,-3080.0,34,0.8196017742156982,6
-5502.0,-5044.0,-4475.0,34,0.8196148872375488,6
-5585.0,-5795.0,-3090.0,34,0.8196859359741211,6
-4168.0,-6417.0,-4242.0,35,0.8381109237670898,6
-5702.0,-3974.0,-5216.0,35,0.8381209373474121,6
-5637.0,-4652.0,-4823.0,35,0.8381597995758057,6
-4790.0,-5466.0,-5046.0,36,0.8585648536682129,6
-4620.0,-6199.0,-4127.0,36,0.8586127758026123,6
-5011.0,-5798.0,-4347.0,36,0.8586177825927734,6
-5651.0,-5116.0,-4325.0,36,0.8586409091949463,6
-5518.0,-3729.0,-5530.0,36,0.8587148189544678,6
-6269.0,-4273.0,-4402.0,36,0.8587188720703125,6
-6626.0,-4131.0,-3790.0,37,0.8750147819519043,6
-5642.0,-5289.0,-3974.0,38,0.8902068138122559,6
-5694.0,-4825.0,-4654.0,38,0.8902227878570557,6
-4855.0,-5336.0,-5276.0,38,0.8902318477630615,6
-5787.0,-4354.0,-4981.0,39,0.9062697887420654,6
-5008.0,-4794.0,-5519.0,39,0.9062979221343994,6
-4422.0,-5897.0,-4836.0,39,0.9063329696655273,6
-4872.0,-5602.0,-4681.0,40,0.9328727722167969,6
-5581.0,-5031.0,-4505.0,40,0.9328789710998535,6
-3715.0,-6103.0,-5071.0,40,0.9329400062561035,6
-4243.0,-6272.0,-4367.0,40,0.9329547882080078,6
-4611.0,-5675.0,-4857.0,40,0.9331138134002686,6
-6047.0,-2992.0,-5391.0,41,0.9496448040008545,6
-5899.0,-4646.0,-4433.0,41,0.949711799621582,6
-5786.0,-4492.0,-4880.0,42,0.9638509750366211,6
-6068.0,-3526.0,-5192.0,43,0.9737329483032227,6
-6065.0,-3893.0,-4965.0,43,0.9737417697906494,6
-3689.0,-5230.0,-6018.0,43,0.9737467765808105,6
-4947.0,-5003.0,-5502.0,44,0.9936017990112305,6
-5156.0,-5394.0,-4646.0,44,0.9936959743499756,6
-5795.0,-4892.0,-4113.0,45,1.0073399543762207,6
-5492.0,-4698.0,-5034.0,45,1.00740385055542,6
-5229.0,-4166.0,-5853.0,46,1.040482997894287,6
-5550.0,-3706.0,-5679.0,46,1.0404880046844482,6
-5151.0,-3991.0,-5993.0,46,1.0404918193817139,6
-4583.0,-4525.0,-6161.0,47,1.049022912979126,6
-4529.0,-6004.0,-4503.0,48,1.0737419128417969,6
-4205.0,-6303.0,-4274.0,48,1.0737879276275635,6
-5333.0,-5121.0,-4810.0,48,1.0738108158111572,6
-5911.0,-3675.0,-5117.0,48,1.0738348960876465,6
-2832.0,-5829.0,-5989.0,48,1.0738399028778076,6
-5602.0,-4644.0,-4861.0,48,1.0738718509674072,6
-3226.0,-6287.0,-5324.0,49,1.091641902923584,6
-5720.0,-5110.0,-3936.0,49,1.0917189121246338,6
-3194.0,-5358.0,-6287.0,50,1.1091978549957275,6
-3768.0,-5735.0,-5739.0,50,1.1092259883880615,6
-3711.0,-4935.0,-6288.0,50,1.1092309951782227,6
-4345.0,-5529.0,-5373.0,50,1.1092698574066162,6
-3278.0,-5473.0,-6131.0,51,1.1247458457946777,6
-5615.0,-4219.0,-5124.0,51,1.1247589588165283,6
-4837.0,-4047.0,-6147.0,51,1.1247777938842773,6
-3835.0,-5003.0,-6173.0,52,1.144885778427124,6
-4409.0,-5380.0,-5625.0,52,1.144927978515625,6
-4094.0,-5792.0,-5390.0,52,1.144941806793213,6
-4872.0,-5772.0,-4406.0,52,1.1449649333953857,6
-5118.0,-5425.0,-4553.0,52,1.1449699401855469,6
-4826.0,-5687.0,-4677.0,53,1.2160799503326416,6
-3341.0,-5606.0,-6055.0,53,1.2160978317260742,6
-4366.0,-5269.0,-5783.0,54,1.236982822418213,6
-5203.0,-4473.0,-5474.0,54,1.2370109558105469,6
-4220.0,-4712.0,-6354.0,54,1.2370378971099854,6
-4187.0,-3855.0,-6661.0,55,1.2557640075683594,6
-3678.0,-5381.0,-6006.0,55,1.255767822265625,6
-3778.0,-6261.0,-4822.0,56,1.2805488109588623,6
-4137.0,-6310.0,-4341.0,56,1.2805747985839844,6
-5428.0,-5556.0,-3897.0,58,1.3144488334655762,6
-4126.0,-6032.0,-5091.0,58,1.314457893371582,6
-4367.0,-5999.0,-4884.0,58,1.3144659996032715,6
-4448.0,-6129.0,-4607.0,58,1.3144710063934326,6
-5313.0,-5360.0,-4322.0,59,1.3300139904022217,6
-4838.0,-5797.0,-4671.0,60,1.3451299667358398,6
-4800.0,-5870.0,-4528.0,60,1.3451387882232666,6
-4772.0,-5760.0,-4746.0,61,1.3642199039459229,6
-4463.0,-5750.0,-5100.0,62,1.3769898414611816,6
-5412.0,-3529.0,-5958.0,64,1.41786789894104,7
-5601.0,-4202.0,-5336.0,64,1.4178948402404785,7
-5643.0,-3112.0,-5906.0,64,1.418015956878662,7
-5543.0,-2612.0,-6149.0,64,1.4180209636688232,7
-3838.0,-6693.0,-3870.0,64,1.4180657863616943,7
-6157.0,-3093.0,-5339.0,65,1.4480068683624268,7
-6622.0,-3913.0,-3839.0,65,1.4480159282684326,7
-6021.0,-5064.0,-3361.0,65,1.4480209350585938,7
-5262.0,-4591.0,-5370.0,65,1.448042869567871,7
-5304.0,-5689.0,-3626.0,65,1.4480478763580322,7
-5244.0,-2525.0,-6389.0,65,1.448051929473877,7
-4866.0,-2845.0,-6591.0,65,1.4480979442596436,7
-2070.0,-5746.0,-6116.0,66,1.4873697757720947,7
-2557.0,-5970.0,-5926.0,66,1.4873828887939453,7
-2533.0,-6092.0,-5831.0,66,1.487400770187378,7
-2843.0,-5744.0,-6012.0,66,1.4875659942626953,7
-3845.0,-3779.0,-6678.0,66,1.4876627922058105,7
-4574.0,-5913.0,-4595.0,68,1.5377109050750732,7
-4493.0,-5783.0,-4872.0,68,1.5377168655395508,7
-6509.0,-4093.0,-3948.0,68,1.537796974182129,7
-3804.0,-6662.0,-4117.0,69,1.5561268329620361,7
-4080.0,-6357.0,-4376.0,69,1.5561308860778809,7
-5054.0,-6076.0,-3485.0,69,1.5561399459838867,7
-5720.0,-5569.0,-3185.0,69,1.556189775466919,7
-6487.0,-4636.0,-3338.0,70,1.574096918106079,7
-5045.0,-5942.0,-3919.0,71,1.587514877319336,7
-5494.0,-5777.0,-3560.0,73,1.629971981048584,7
-6335.0,-4716.0,-3418.0,73,1.630030870437622,7
-5990.0,-4327.0,-4623.0,73,1.6300709247589111,7
-4537.0,-6194.0,-4257.0,74,1.6500048637390137,7
-5312.0,-5043.0,-4849.0,74,1.6500318050384521,7
-4841.0,-5943.0,-4357.0,74,1.6500368118286133,7
-6025.0,-4176.0,-4840.0,74,1.6500499248504639,7
-5158.0,-4741.0,-5277.0,74,1.650080919265747,7
-5070.0,-4681.0,-5411.0,74,1.6500859260559082,7
-5930.0,-4590.0,-4540.0,75,1.671170949935913,7
-4661.0,-6251.0,-3751.0,75,1.6711888313293457,7
-5878.0,-4385.0,-4782.0,76,1.688459873199463,7
-5521.0,-4958.0,-4696.0,76,1.6884729862213135,7
-4828.0,-5393.0,-5189.0,76,1.688478946685791,7
-5667.0,-4882.0,-4567.0,76,1.6884849071502686,7
-6019.0,-4555.0,-4397.0,77,1.7037007808685303,7
-4334.0,-5837.0,-4970.0,77,1.703725814819336,7
-4938.0,-5574.0,-4691.0,77,1.7038018703460693,7
-6075.0,-4623.0,-4232.0,78,1.7165718078613281,7
-5614.0,-4424.0,-5038.0,78,1.716580867767334,7
-5383.0,-4841.0,-5090.0,78,1.7166259288787842,7
-5026.0,-5634.0,-4557.0,79,1.7277648448944092,7
-5409.0,-4674.0,-5183.0,79,1.7277929782867432,7
-5548.0,-2211.0,-5995.0,80,1.7553479671478271,7
-6685.0,-2718.0,-4672.0,80,1.7554028034210205,7
-6464.0,-2783.0,-5049.0,80,1.7554118633270264,7
-4947.0,-5894.0,-4185.0,80,1.755415916442871,7
-5943.0,-2417.0,-5593.0,81,1.776169776916504,7
-6639.0,-3511.0,-4222.0,81,1.7761788368225098,7
-6277.0,-4326.0,-4231.0,81,1.7761919498443604,7
-5688.0,-5143.0,-4218.0,81,1.7762548923492432,7
-5973.0,-3771.0,-5109.0,82,1.7982299327850342,7
-6001.0,-4347.0,-4548.0,82,1.7982428073883057,7
-4684.0,-5842.0,-4630.0,82,1.7982478141784668,7
-6217.0,-3289.0,-5107.0,83,1.8114838600158691,7
-6315.0,-3913.0,-4613.0,84,1.827812910079956,7
-5953.0,-4414.0,-4625.0,86,1.8498289585113525,7
-5622.0,-4463.0,-4987.0,88,1.8786368370056152,7
-5153.0,-3303.0,-6302.0,88,1.878645896911621,7
-4474.0,-5607.0,-5269.0,90,1.9087169170379639,7
-5111.0,-5292.0,-5020.0,90,1.9087347984313965,7
-5095.0,-4549.0,-5585.0,90,1.9087398052215576,7
-4864.0,-5656.0,-4770.0,91,1.9225099086761475,7
-4827.0,-4825.0,-5627.0,92,1.933837890625,7
-5387.0,-4368.0,-5226.0,92,1.9338428974151611,7
-4763.0,-3952.0,-6370.0,94,1.9539098739624023,7
-5405.0,-3706.0,-5940.0,94,1.9539158344268799,7
-5587.0,-4932.0,-4543.0,96,1.986933946609497,7
-6571.0,-3785.0,-4073.0,96,1.9870648384094238,7
-4073.0,-6052.0,-4980.0,96,1.9870779514312744,7
-5458.0,-5472.0,-3756.0,97,2.010140895843506,7
-4335.0,-5690.0,-5160.0,98,2.0296759605407715,7
-4345.0,-4444.0,-6280.0,98,2.029697895050049,7
-5334.0,-4839.0,-5138.0,98,2.0297069549560547,7
-4521.0,-3984.0,-6367.0,98,2.0297298431396484,7
-5513.0,-4012.0,-5452.0,98,2.029733896255493,7
-5341.0,-5279.0,-4396.0,98,2.029756784439087,7
-4948.0,-5570.0,-4563.0,98,2.0297648906707764,7
-5935.0,-4512.0,-4645.0,99,2.0449249744415283,7
-3613.0,-5645.0,-5759.0,104,2.1190338134765625,7
-5362.0,-4925.0,-4746.0,104,2.119095802307129,7
-4612.0,-4992.0,-5770.0,106,2.1462907791137695,7
-3957.0,-4931.0,-6232.0,107,2.156498908996582,7
-4044.0,-5369.0,-5859.0,108,2.167897939682007,7
-4362.0,-5079.0,-5866.0,108,2.1679069995880127,7
-3816.0,-5861.0,-5396.0,108,2.167937994003296,7
-3605.0,-5543.0,-5955.0,108,2.1679468154907227,7
-3954.0,-5981.0,-5191.0,109,2.1840038299560547,7
-4786.0,-5109.0,-5336.0,110,2.193532943725586,7
-4464.0,-5012.0,-5820.0,110,2.193542003631592,7
-4460.0,-5369.0,-5291.0,110,2.193546772003174,7
-4644.0,-4113.0,-6203.0,111,2.2013049125671387,7
-3975.0,-5928.0,-5146.0,113,2.230670928955078,7
-4524.0,-5927.0,-4764.0,116,2.257581949234009,7
-5597.0,-4656.0,-4726.0,117,2.2670769691467285,7
-4935.0,-5680.0,-4524.0,117,2.26708984375,7
-4826.0,-5809.0,-4405.0,118,2.275726795196533,7
-4053.0,-6272.0,-4407.0,120,2.292984962463379,7
-4717.0,-5632.0,-5113.0,120,2.292998790740967,7
-5639.0,-5384.0,-3726.0,122,2.3098299503326416,7
-6815.0,-3485.0,-4053.0,128,2.3655319213867188,8
-6535.0,-3564.0,-4442.0,128,2.365640878677368,8
-6264.0,-4748.0,-3496.0,129,2.4111549854278564,8
-3208.0,-6496.0,-4687.0,129,2.411191940307617,8
-5540.0,-3722.0,-5800.0,130,2.4397189617156982,8
-5309.0,-4139.0,-5852.0,130,2.4397289752960205,8
-4876.0,-3643.0,-6333.0,131,2.462747812271118,8
-3165.0,-6160.0,-5443.0,132,2.492384910583496,8
-2918.0,-6424.0,-5195.0,133,2.514720916748047,8
-3389.0,-6507.0,-4560.0,133,2.5147249698638916,8
-3491.0,-6377.0,-4869.0,136,2.572978973388672,8
-3501.0,-6677.0,-4410.0,136,2.573089838027954,8
-3484.0,-6773.0,-4211.0,136,2.5731048583984375,8
-4000.0,-6666.0,-3793.0,137,2.593371868133545,8
-5350.0,-5587.0,-3797.0,139,2.620659828186035,8
-5330.0,-5488.0,-4042.0,140,2.6339218616485596,8
-4630.0,-6433.0,-3686.0,141,2.6474218368530273,8
-6002.0,-4850.0,-3991.0,142,2.702910900115967,8
-5221.0,-5161.0,-4716.0,142,2.702924966812134,8
-5426.0,-5369.0,-4161.0,143,2.7122879028320312,8
-6700.0,-3506.0,-4176.0,144,2.7328858375549316,8
-6605.0,-3717.0,-4270.0,144,2.732930898666382,8
-6591.0,-3892.0,-3959.0,145,2.7537899017333984,8
-6116.0,-4683.0,-4010.0,145,2.7538628578186035,8
-5738.0,-5003.0,-4212.0,145,2.7539479732513428,8
-5338.0,-5277.0,-4430.0,146,2.773110866546631,8
-5224.0,-4983.0,-4983.0,149,2.8136367797851562,8
-5423.0,-5544.0,-3997.0,149,2.813640832901001,8
-5242.0,-4888.0,-5037.0,150,2.8258118629455566,8
-5329.0,-5165.0,-4538.0,150,2.825833797454834,8
-4870.0,-4661.0,-5616.0,151,2.8378357887268066,8
-5203.0,-4995.0,-5061.0,151,2.8378798961639404,8
-5479.0,-4847.0,-4776.0,152,2.852750778198242,8
-5600.0,-5178.0,-4054.0,152,2.852778911590576,8
-5692.0,-4769.0,-4684.0,154,2.8800559043884277,8
-5093.0,-4664.0,-5596.0,154,2.8800997734069824,8
-5180.0,-5066.0,-5019.0,154,2.8801097869873047,8
-5988.0,-4346.0,-4731.0,155,2.892457962036133,8
-5240.0,-4274.0,-5604.0,155,2.892493963241577,8
-4884.0,-5913.0,-4280.0,156,2.9028618335723877,8
-5389.0,-5457.0,-4163.0,156,2.9028749465942383,8
-4955.0,-5346.0,-5031.0,158,2.9209489822387695,8
-5442.0,-5218.0,-4324.0,160,2.950129985809326,8
-6264.0,-4399.0,-4103.0,160,2.9501798152923584,8
-6775.0,-3570.0,-4070.0,160,2.9501848220825195,8
-4989.0,-5841.0,-3996.0,162,2.9913618564605713,8
-6612.0,-2698.0,-4832.0,162,2.991393804550171,8
-6054.0,-4297.0,-4603.0,163,3.0085089206695557,8
-6379.0,-4027.0,-4346.0,163,3.0085179805755615,8
-5276.0,-4633.0,-5262.0,166,3.049316883087158,8
-6035.0,-3426.0,-5306.0,168,3.0748798847198486,8
-5510.0,-3071.0,-5985.0,168,3.074906826019287,8
-5484.0,-3279.0,-5968.0,169,3.0873749256134033,8
-5292.0,-3333.0,-6116.0,169,3.087380886077881,8
-5965.0,-3665.0,-5194.0,170,3.099355936050415,8
-5347.0,-4965.0,-4766.0,176,3.1579577922821045,8
-5593.0,-5227.0,-4005.0,176,3.1579859256744385,8
-4486.0,-4858.0,-5838.0,178,3.1853809356689453,8
-5123.0,-4543.0,-5589.0,178,3.1854159832000732,8
-5211.0,-4603.0,-5455.0,178,3.1854248046875,8
-5265.0,-5449.0,-4210.0,179,3.1989989280700684,8
-5083.0,-4060.0,-5867.0,179,3.199030876159668,8
-4373.0,-4626.0,-6050.0,179,3.1990349292755127,8
-5674.0,-4561.0,-4835.0,180,3.211352825164795,8
-5215.0,-4808.0,-5225.0,180,3.2113847732543945,8
-4661.0,-5114.0,-5521.0,180,3.2113888263702393,8
-4840.0,-4761.0,-5654.0,180,3.211397886276245,8
-5434.0,-4465.0,-5198.0,181,3.2218117713928223,8
-4320.0,-4744.0,-6039.0,182,3.229315996170044,8
-5330.0,-4400.0,-5503.0,186,3.2684738636016846,8
-5050.0,-3913.0,-6196.0,190,3.2911949157714844,8
-3531.0,-6400.0,-4853.0,192,3.3239247798919678,8
-5873.0,-4953.0,-4054.0,194,3.359980821609497,8
-5238.0,-5433.0,-4327.0,194,3.359985828399658,8
-6117.0,-4375.0,-4446.0,194,3.359994888305664,8
-5295.0,-5194.0,-4667.0,194,3.359998941421509,8
-4504.0,-4045.0,-6327.0,196,3.393115997314453,8
-5493.0,-4440.0,-5185.0,196,3.3931198120117188,8
-6009.0,-4299.0,-4623.0,196,3.3931469917297363,8
-5734.0,-4801.0,-4402.0,196,3.393173933029175,8
-3767.0,-4932.0,-6318.0,198,3.4231739044189453,8
-3523.0,-6298.0,-5049.0,202,3.469817876815796,8
-3190.0,-4898.0,-6413.0,202,3.469916820526123,8
-3341.0,-4781.0,-6430.0,204,3.4947099685668945,8
-3398.0,-4921.0,-6402.0,204,3.49471378326416,8
-3682.0,-4818.0,-6344.0,204,3.4947588443756104,8
-3873.0,-5851.0,-5468.0,205,3.5071628093719482,8
-3948.0,-5235.0,-5961.0,210,3.557804822921753,8
-4436.0,-5420.0,-5328.0,216,3.6080849170684814,8
-4428.0,-4020.0,-6392.0,216,3.6081018447875977,8
-4096.0,-6248.0,-4710.0,233,3.756410837173462,8
-4363.0,-5809.0,-4967.0,234,3.7641029357910156,8
-4444.0,-5939.0,-4690.0,234,3.7641079425811768,8
-4702.0,-5609.0,-5201.0,242,3.8117218017578125,8
-6643.0,-3338.0,-4475.0,256,3.8799028396606445,9
-5341.0,-6027.0,-3043.0,257,3.9055769443511963,9
-6657.0,-3678.0,-4085.0,257,3.905634880065918,9
-5129.0,-6079.0,-3367.0,257,3.9056618213653564,9
-5861.0,-3575.0,-5263.0,259,3.965364933013916,9
-5516.0,-4332.0,-5259.0,259,3.9654018878936768,9
-6381.0,-3929.0,-4463.0,259,3.9654109477996826,9
-5163.0,-3604.0,-6159.0,260,3.994872808456421,9
-5926.0,-3510.0,-5391.0,260,3.994877815246582,9
-5289.0,-3789.0,-5894.0,260,3.9948818683624268,9
-5831.0,-3755.0,-5308.0,260,3.994886875152588,9
-5443.0,-4091.0,-5466.0,260,3.994933843612671,9
-4682.0,-4791.0,-5659.0,260,3.994961977005005,9
-4966.0,-3345.0,-6348.0,261,4.018984794616699,9
-5425.0,-3374.0,-6037.0,261,4.019003868103027,9
-4881.0,-4644.0,-5793.0,262,4.088476896286011,9
-5518.0,-3397.0,-5903.0,263,4.10119891166687,9
-5342.0,-3857.0,-5816.0,263,4.101203918457031,9
-6012.0,-5191.0,-3160.0,272,4.266565799713135,9
-6260.0,-5059.0,-2905.0,272,4.266632795333862,9
-5543.0,-5684.0,-3170.0,272,4.26665997505188,9
-4298.0,-6218.0,-4336.0,273,4.28399395942688,9
-3778.0,-6483.0,-4423.0,273,4.283998966217041,9
-3492.0,-6488.0,-4623.0,273,4.284007787704468,9
-3922.0,-6060.0,-5011.0,274,4.301301956176758,9
-4244.0,-6157.0,-4527.0,274,4.301310777664185,9
-3657.0,-6152.0,-5145.0,275,4.317137002944946,9
-5962.0,-4121.0,-4972.0,276,4.330711841583252,9
-5026.0,-5980.0,-3630.0,283,4.397266864776611,9
-4772.0,-6154.0,-3963.0,283,4.397270917892456,9
-5034.0,-5746.0,-4188.0,283,4.397275924682617,9
-4918.0,-6078.0,-3834.0,284,4.406999826431274,9
-5584.0,-5571.0,-3534.0,284,4.40700888633728,9
-5795.0,-4854.0,-4196.0,284,4.407013893127441,9
-5302.0,-5291.0,-4439.0,284,4.407017946243286,9
-6356.0,-4550.0,-3903.0,289,4.458295822143555,9
-4389.0,-5567.0,-5285.0,292,4.507236957550049,9
-4112.0,-5761.0,-5272.0,292,4.50724983215332,9
-4610.0,-5899.0,-4586.0,292,4.507268905639648,9
-5566.0,-5246.0,-4248.0,294,4.533206939697266,9
-5612.0,-4647.0,-4825.0,294,4.53321099281311,9
-5345.0,-4914.0,-4947.0,294,4.5332159996032715,9
-5347.0,-5367.0,-4225.0,295,4.542809963226318,9
-5545.0,-5658.0,-3640.0,296,4.56286096572876,9
-4540.0,-5920.0,-4473.0,301,4.611677885055542,9
-5643.0,-4690.0,-4689.0,304,4.632447957992554,9
-4552.0,-5698.0,-4930.0,306,4.660394906997681,9
-5052.0,-5451.0,-4706.0,307,4.668597936630249,9
-4839.0,-4593.0,-5841.0,309,4.687074899673462,9
-5267.0,-4953.0,-4906.0,313,4.708895921707153,9
-5781.0,-5102.0,-4155.0,314,4.715145826339722,9
-5264.0,-4936.0,-4968.0,316,4.7275707721710205,9
-5882.0,-4823.0,-4266.0,316,4.727588891983032,9
-6246.0,-3045.0,-5180.0,322,4.796783924102783,9
-6402.0,-4190.0,-4114.0,322,4.796787977218628,9
-6877.0,-3399.0,-4063.0,322,4.796796798706055,9
-6663.0,-3341.0,-4433.0,323,4.813954830169678,9
-6653.0,-3456.0,-4427.0,323,4.813973903656006,9
-6120.0,-4742.0,-3976.0,323,4.813982963562012,9
-5771.0,-4827.0,-4295.0,325,4.844014883041382,9
-4961.0,-5373.0,-4903.0,332,4.925719976425171,9
-6041.0,-3749.0,-5020.0,332,4.925755977630615,9
-5613.0,-4625.0,-4922.0,332,4.925759792327881,9
-5699.0,-3744.0,-5363.0,337,4.973859786987305,9
-5191.0,-4206.0,-5623.0,349,5.055423974990845,9
-5788.0,-4275.0,-5081.0,350,5.058797836303711,9
-5272.0,-4733.0,-5245.0,358,5.137257814407349,9
-5144.0,-5118.0,-4932.0,358,5.1372809410095215,9
-5323.0,-5316.0,-4391.0,362,5.165931940078735,9
-5114.0,-4925.0,-5247.0,362,5.165958881378174,9
-4895.0,-5125.0,-5292.0,364,5.177069902420044,9
-5235.0,-3409.0,-6224.0,376,5.235733985900879,9
-3313.0,-6478.0,-4754.0,384,5.287380933761597,9
-5709.0,-4664.0,-4536.0,386,5.322407960891724,9
-5402.0,-4903.0,-4748.0,388,5.352592945098877,9
-5669.0,-3980.0,-5272.0,393,5.412517786026001,9
-5659.0,-4569.0,-4881.0,394,5.423932790756226,9
-5510.0,-4379.0,-5225.0,395,5.433258771896362,9
-3932.0,-4731.0,-6248.0,396,5.443192958831787,9
-4092.0,-5214.0,-5795.0,400,5.473809003829956,9
-3449.0,-5957.0,-5587.0,406,5.530542850494385,9
-3649.0,-4972.0,-6330.0,410,5.5683488845825195,9
-4200.0,-4362.0,-6396.0,410,5.568352937698364,9
-4489.0,-5567.0,-5249.0,424,5.666828870773315,9
-4425.0,-5788.0,-4916.0,424,5.66683292388916,9
-3317.0,-4687.0,-6443.0,432,5.717148780822754,9
-3699.0,-4675.0,-6479.0,433,5.728200912475586,9
-3688.0,-6745.0,-4291.0,464,5.922607898712158,9
-5746.0,-4846.0,-4382.0,464,5.922653913497925,9
-3617.0,-6255.0,-5025.0,467,5.940688848495483,9
-4228.0,-5999.0,-4971.0,482,6.002225875854492,9
-4399.0,-5971.0,-4767.0,482,6.002237796783447,9
-5129.0,-5378.0,-4763.0,482,6.002254962921143,9
-3942.0,-6225.0,-4885.0,484,6.012699842453003,9
-4698.0,-5419.0,-5284.0,484,6.012704849243164,9
-6116.0,-5272.0,-2793.0,507,6.169388771057129,10
-4834.0,-6124.0,-3676.0,507,6.169429779052734,10
-5832.0,-3785.0,-5284.0,511,6.245954990386963,10
-5810.0,-4593.0,-4480.0,512,6.262555837631226,10
-5616.0,-4021.0,-5409.0,519,6.37734580039978,10
-2591.0,-6770.0,-4917.0,524,6.465190887451172,10
-3374.0,-6551.0,-4587.0,525,6.486806869506836,10
-3274.0,-6566.0,-4524.0,538,6.672670841217041,10
-4787.0,-6490.0,-2771.0,539,6.691677808761597,10
-6156.0,-4918.0,-3341.0,540,6.708893775939941,10
-5388.0,-5809.0,-3380.0,540,6.708934783935547,10
-5932.0,-5188.0,-3437.0,540,6.708938837051392,10
-5266.0,-5695.0,-3737.0,540,6.7089619636535645,10
-6400.0,-4359.0,-3837.0,546,6.783114910125732,10
-4642.0,-6383.0,-3575.0,554,6.853809833526611,10
-4784.0,-6104.0,-3852.0,554,6.8538219928741455,10
-5994.0,-5073.0,-3581.0,558,6.8861517906188965,10
-5054.0,-5847.0,-3846.0,558,6.886155843734741,10
-5762.0,-5317.0,-3654.0,564,6.923861980438232,10
-6211.0,-5152.0,-3295.0,570,6.957896947860718,10
-6686.0,-4361.0,-3244.0,570,6.957906007766724,10
-4213.0,-6493.0,-4028.0,570,6.957927942276001,10
-5367.0,-5913.0,-3475.0,570,6.958012819290161,10
-4954.0,-6064.0,-3825.0,571,6.985553979873657,10
-5850.0,-5287.0,-3725.0,571,6.985630989074707,10
-6451.0,-4136.0,-4203.0,572,7.003644943237305,10
-5023.0,-5748.0,-4236.0,582,7.121043920516968,10
-5639.0,-5175.0,-4168.0,584,7.133987903594971,10
-5855.0,-3879.0,-5124.0,587,7.163724899291992,10
-5383.0,-4422.0,-5270.0,588,7.180166959762573,10
-5424.0,-5327.0,-4362.0,588,7.180180788040161,10
-5536.0,-4421.0,-5075.0,589,7.190454959869385,10
-4453.0,-5368.0,-5354.0,594,7.234227895736694,10
-5202.0,-5212.0,-4696.0,598,7.257869005203247,10
-5670.0,-4383.0,-5096.0,600,7.265048980712891,10
-4773.0,-4886.0,-5569.0,606,7.325819969177246,10
-5064.0,-5401.0,-4595.0,607,7.3324549198150635,10
-5520.0,-5175.0,-4331.0,608,7.339500904083252,10
-5413.0,-4204.0,-5547.0,612,7.364240884780884,10
-5321.0,-4614.0,-5317.0,615,7.378260850906372,10
-6894.0,-3128.0,-3990.0,638,7.51531195640564,10
-6571.0,-4007.0,-3958.0,638,7.515316963195801,10
-6182.0,-4712.0,-3689.0,638,7.5153257846832275,10
-5833.0,-5080.0,-3816.0,638,7.515370845794678,10
-6200.0,-2763.0,-5307.0,638,7.5153889656066895,10
-5898.0,-4863.0,-4068.0,638,7.515410900115967,10
-5956.0,-3245.0,-5309.0,640,7.5490617752075195,10
-6126.0,-3542.0,-5025.0,640,7.549066781997681,10
-6465.0,-3458.0,-4638.0,640,7.549083948135376,10
-6348.0,-3818.0,-4680.0,644,7.594413995742798,10
-6181.0,-3465.0,-5058.0,664,7.753175973892212,10
-6095.0,-4435.0,-4188.0,665,7.764444828033447,10
-5407.0,-3681.0,-5879.0,670,7.807585954666138,10
-5126.0,-4176.0,-5816.0,704,7.988654851913452,10
-5187.0,-4863.0,-5168.0,706,7.998453855514526,10
-4850.0,-4646.0,-5660.0,710,8.015146970748901,10
-4518.0,-4547.0,-6035.0,711,8.024056911468506,10
-5160.0,-4301.0,-5605.0,713,8.041817903518677,10
-5610.0,-3456.0,-5795.0,740,8.141633987426758,10
-3177.0,-6480.0,-5194.0,758,8.275405883789062,10
-5913.0,-4823.0,-4048.0,760,8.297768831253052,10
-4861.0,-5443.0,-4905.0,762,8.343528985977173,10
-5455.0,-4853.0,-4803.0,766,8.376219987869263,10
-2842.0,-4723.0,-6442.0,792,8.575975894927979,10
-4442.0,-5372.0,-5492.0,834,8.859728813171387,10
-3987.0,-5229.0,-5887.0,848,8.912161827087402,10
-4234.0,-6288.0,-4216.0,895,9.146273851394653,10
-4209.0,-6270.0,-4506.0,906,9.197637796401978,10
-5927.0,-5584.0,-2825.0,958,9.37266993522644,11
-6351.0,-4911.0,-2739.0,959,9.3919038772583,11
-6626.0,-2812.0,-4675.0,960,9.416380882263184,11
-6162.0,-2449.0,-5373.0,961,9.432859897613525,11
-5718.0,-3008.0,-5777.0,967,9.544917821884155,11
-5379.0,-3092.0,-6164.0,967,9.544922828674316,11
-5219.0,-4295.0,-5512.0,968,9.565123796463013,11
-5747.0,-3915.0,-5207.0,971,9.60219693183899,11
-5355.0,-5571.0,-3661.0,974,9.645778894424438,11
-5888.0,-3679.0,-5200.0,974,9.645796775817871,11
-5762.0,-3494.0,-5465.0,974,9.645832777023315,11
-5440.0,-3222.0,-6043.0,976,9.680633783340454,11
-5264.0,-3682.0,-5956.0,976,9.680647850036621,11
-5723.0,-3147.0,-5758.0,977,9.696947813034058,11
-5348.0,-3100.0,-6187.0,977,9.696951866149902,11
-4855.0,-4721.0,-5602.0,984,9.794737815856934,11
-5073.0,-4334.0,-5765.0,986,9.813009977340698,11
-4741.0,-4485.0,-5891.0,987,9.822573900222778,11
-4467.0,-4901.0,-5838.0,987,9.822591781616211,11
-4822.0,-4401.0,-5859.0,988,9.8314847946167,11
-3321.0,-6622.0,-4514.0,996,9.962898969650269,11
-3270.0,-6276.0,-5172.0,998,9.990307807922363,11
-3532.0,-6064.0,-5252.0,1002,10.042562007904053,11
-5594.0,-5566.0,-3205.0,1013,10.167467832565308,11
-4382.0,-6220.0,-4144.0,1014,10.182530879974365,11
-3230.0,-6859.0,-4297.0,1020,10.260095834732056,11
-6248.0,-4899.0,-3248.0,1051,10.48754596710205,11
-5135.0,-5977.0,-3569.0,1051,10.487563848495483,11
-5622.0,-5528.0,-3486.0,1051,10.487569808959961,11
-5269.0,-5441.0,-4281.0,1062,10.545722007751465,11
-4964.0,-5812.0,-4196.0,1063,10.55108380317688,11
-6049.0,-4398.0,-4473.0,1067,10.564709901809692,11
-5725.0,-5529.0,-3000.0,1074,10.60938286781311,11
-6186.0,-4856.0,-3603.0,1074,10.609409809112549,11
-5808.0,-5176.0,-3805.0,1074,10.609450817108154,11
-4451.0,-6224.0,-4122.0,1074,10.60949182510376,11
-4017.0,-6262.0,-4519.0,1075,10.628975868225098,11
-6923.0,-3781.0,-3328.0,1076,10.646171808242798,11
-6804.0,-4223.0,-3408.0,1076,10.646186828613281,11
-6682.0,-4109.0,-3765.0,1076,10.64622187614441,11
-6438.0,-4687.0,-3373.0,1076,10.64622688293457,11
-5698.0,-4915.0,-4431.0,1111,10.968710899353027,11
-4941.0,-5953.0,-4112.0,1113,10.97885799407959,11
-5757.0,-4660.0,-4597.0,1130,11.08120584487915,11
-5379.0,-5237.0,-4419.0,1148,11.195458889007568,11
-5795.0,-4546.0,-4765.0,1156,11.237295866012573,11
-5519.0,-4839.0,-4741.0,1164,11.288996934890747,11
-6704.0,-3469.0,-4120.0,1204,11.521528959274292,11
-6219.0,-3139.0,-4969.0,1204,11.521581888198853,11
-6142.0,-4285.0,-4460.0,1209,11.636640787124634,11
-6422.0,-3039.0,-4962.0,1212,11.658300876617432,11
-6104.0,-4396.0,-4288.0,1214,11.680516958236694,11
-5735.0,-4357.0,-4915.0,1242,11.886170864105225,11
-5839.0,-3555.0,-5279.0,1254,11.961466789245605,11
-6080.0,-4013.0,-4957.0,1276,12.107195854187012,11
-5511.0,-3746.0,-5574.0,1300,12.20605993270874,11
-5611.0,-4506.0,-4967.0,1332,12.360883951187134,11
-5404.0,-5102.0,-4741.0,1348,12.428576946258545,11
-2922.0,-5881.0,-5894.0,1403,12.680871963500977,11
-5780.0,-4583.0,-4546.0,1423,12.83147382736206,11
-5729.0,-3812.0,-5316.0,1427,12.85409688949585,11
-3930.0,-4719.0,-6250.0,1508,13.288908958435059,11
-5351.0,-6061.0,-2647.0,1712,14.114435911178589,12
-4416.0,-6592.0,-3295.0,1712,14.114457845687866,12
-6545.0,-3449.0,-4448.0,1725,14.385309934616089,12
-6121.0,-3722.0,-5019.0,1728,14.423747777938843,12
-6322.0,-3037.0,-5064.0,1745,14.63582992553711,12
-6062.0,-3338.0,-5256.0,1745,14.635910987854004,12
-5366.0,-3387.0,-5983.0,1748,14.678075790405273,12
-5246.0,-4201.0,-5723.0,1752,14.73375391960144,12
-5571.0,-3931.0,-5466.0,1752,14.733757972717285,12
-5422.0,-3741.0,-5810.0,1752,14.733762979507446,12
-2850.0,-7100.0,-3971.0,1782,15.044403791427612,12
-2247.0,-6251.0,-5492.0,1782,15.044425964355469,12
-3232.0,-6897.0,-4247.0,1782,15.044475793838501,12
-6289.0,-4615.0,-3523.0,1811,15.338174819946289,12
-4292.0,-6633.0,-3009.0,1814,15.403616905212402,12
-5636.0,-5677.0,-3125.0,1819,15.491782903671265,12
-5533.0,-3849.0,-5522.0,1845,15.750779867172241,12
-5385.0,-4424.0,-5208.0,1860,15.850708961486816,12
-6188.0,-4799.0,-3454.0,1930,16.205813884735107,12
-5121.0,-5988.0,-3581.0,1933,16.244071006774902,12
-5038.0,-5750.0,-4166.0,1970,16.557870864868164,12
-4969.0,-5687.0,-4427.0,1972,16.56728482246399,12
-6008.0,-3650.0,-5040.0,1992,16.681806802749634,12
-5760.0,-4896.0,-4240.0,1993,16.689767837524414,12
-5785.0,-5192.0,-3932.0,1996,16.703077793121338,12
-5093.0,-4686.0,-5332.0,2012,16.792194843292236,12
-5324.0,-4247.0,-5544.0,2071,17.08071780204773,12
-5691.0,-4596.0,-4705.0,2082,17.121853828430176,12
-5320.0,-4903.0,-4961.0,2110,17.238446950912476,12
-6279.0,-4269.0,-4082.0,2140,17.455943822860718,12
-6512.0,-4267.0,-3848.0,2142,17.473556995391846,12
-6139.0,-3114.0,-5247.0,2228,18.111235857009888,12
-5416.0,-4353.0,-5310.0,2312,18.513033866882324,12
-5183.0,-4673.0,-5251.0,2320,18.536165952682495,12
-5356.0,-4603.0,-5194.0,2322,18.542963981628418,12
-3798.0,-5864.0,-5597.0,2628,20.03666377067566,12
-3016.0,-7018.0,-3906.0,2773,20.592143774032593,13
-5462.0,-3719.0,-5837.0,2869,21.767615795135498,13
-2846.0,-6382.0,-5291.0,2906,22.10438299179077,13
-5416.0,-5820.0,-3085.0,2943,22.465739965438843,13
-4838.0,-6172.0,-3667.0,2950,22.537551879882812,13
-5645.0,-5526.0,-3277.0,3121,23.498519897460938,13
-4457.0,-5757.0,-4929.0,3159,23.849134922027588,13
-4259.0,-5778.0,-5020.0,3285,24.430237770080566,13
-6273.0,-4731.0,-3645.0,3394,25.041605949401855,13
-6167.0,-4290.0,-4458.0,3410,25.1460018157959,13
-6361.0,-3393.0,-4943.0,3412,25.157627820968628,13
-5489.0,-2635.0,-6002.0,3510,25.767868995666504,13
-3936.0,-5984.0,-5392.0,3944,27.615468978881836,13
-5882.0,-2528.0,-5762.0,4094,28.455868005752563,14
-6346.0,-2891.0,-5064.0,4095,28.468830823898315,14
-5768.0,-3817.0,-5179.0,4150,28.97547197341919,14
-5834.0,-3369.0,-5438.0,4195,29.331795930862427,14
-2732.0,-6183.0,-5434.0,4266,29.86316180229187,14
-3351.0,-6406.0,-4895.0,4282,29.972408771514893,14
-3002.0,-5968.0,-5659.0,4288,30.079882860183716,14
-5382.0,-5216.0,-4442.0,4609,31.800487995147705,14
-6217.0,-2492.0,-5234.0,4758,32.411616802215576,14
-6748.0,-3940.0,-3594.0,4772,32.50508785247803,14
-6040.0,-4691.0,-4126.0,4774,32.51683688163757,14
-5875.0,-4552.0,-4582.0,4786,32.56470489501953,14
-6845.0,-4011.0,-3322.0,5305,34.693384885787964,15
-5525.0,-3131.0,-5916.0,5373,35.432326793670654,15
-5092.0,-4294.0,-5654.0,5470,36.197149991989136,15
-4861.0,-4294.0,-5835.0,5496,36.42389678955078,15
-5876.0,-5210.0,-3462.0,5624,37.249431848526,15
-3812.0,-6594.0,-4267.0,5770,37.83162784576416,15
-4216.0,-6353.0,-4122.0,5784,37.94994282722473,15
-5862.0,-5237.0,-3614.0,5786,37.96338486671448,15
-6692.0,-3994.0,-3771.0,5798,38.04635000228882,15
-5082.0,-5704.0,-4181.0,5992,38.758519887924194,15
-6820.0,-4418.0,-2729.0,6382,40.31315588951111,16
-6698.0,-4304.0,-3086.0,6382,40.3131628036499,16
-4715.0,-3412.0,-6442.0,6550,41.71412992477417,16
-4005.0,-6298.0,-4426.0,6742,42.79775285720825,16
-5864.0,-5180.0,-3465.0,6834,43.274555921554565,16
-5337.0,-5574.0,-3862.0,6866,43.442978858947754,16
-5503.0,-5547.0,-3720.0,6925,43.66446495056152,16
-5450.0,-5779.0,-3093.0,7280,45.2732949256897,17
-2974.0,-6793.0,-4416.0,7493,46.7250018119812,17
-3103.0,-6733.0,-4474.0,7493,46.72503399848938,17
-5767.0,-5640.0,-2920.0,7684,47.55819487571716,17
-5977.0,-5432.0,-2409.0,7936,48.543062925338745,18
-6074.0,-5161.0,-2873.0,9473,56.6117889881134,22
