z1,z2,z3,node,time,depth
-12256.0,-8922.0,-12001.0,1,0.004658222198486328,1
-12056.0,-10076.0,-11455.0,1,0.004662036895751953,1
-8108.0,-13170.0,-8785.0,1,0.00466609001159668,1
-9763.0,-12120.0,-10124.0,1,0.004669189453125,1
-11413.0,-10816.0,-10957.0,1,0.004673004150390625,1
-11791.0,-9955.0,-11974.0,1,0.0046770572662353516,1
-10199.0,-11370.0,-10843.0,1,0.004680156707763672,1
-11060.0,-10785.0,-11316.0,1,0.0046842098236083984,1
-10682.0,-11646.0,-10299.0,1,0.004687070846557617,1
-9356.0,-12793.0,-8910.0,1,0.004691123962402344,1
-8361.0,-13257.0,-8460.0,1,0.00469517707824707,1
-10016.0,-12207.0,-9799.0,1,0.004698038101196289,1
-9309.0,-12715.0,-9171.0,1,0.004702091217041016,1
-9338.0,-12716.0,-9151.0,1,0.004705190658569336,1
-8250.0,-13133.0,-8502.0,2,0.010239124298095703,2
-10862.0,-11077.0,-10233.0,2,0.010251045227050781,2
-11935.0,-9837.0,-11709.0,2,0.010254144668579102,2
-11803.0,-9989.0,-11780.0,2,0.010258197784423828,2
-10680.0,-11264.0,-10454.0,2,0.010262012481689453,2
-11304.0,-10611.0,-11017.0,2,0.010265111923217773,2
-10452.0,-11457.0,-10518.0,3,0.013727188110351562,2
-11167.0,-10608.0,-11411.0,4,0.020701169967651367,3
-10966.0,-10788.0,-11300.0,4,0.020705223083496094,3
-8721.0,-12665.0,-9331.0,4,0.020733118057250977,3
-9025.0,-12571.0,-9355.0,4,0.020736217498779297,3
-10069.0,-11886.0,-9809.0,6,0.03220415115356445,3
-9851.0,-11936.0,-9887.0,8,0.041439056396484375,4
-11179.0,-10642.0,-11217.0,8,0.0414581298828125,4
-10978.0,-10822.0,-11106.0,8,0.04147005081176758,4
-11110.0,-10670.0,-11035.0,9,0.04600405693054199,4
-8855.0,-12440.0,-9695.0,10,0.05250811576843262,4
-9043.0,-12537.0,-9539.0,10,0.052535057067871094,4
-9716.0,-11855.0,-10168.0,10,0.05253911018371582,4
-9687.0,-11854.0,-10188.0,10,0.052558183670043945,4
-9945.0,-11933.0,-9903.0,11,0.05605721473693848,4
-9475.0,-12609.0,-8688.0,12,0.06226921081542969,4
-9244.0,-12719.0,-9135.0,12,0.06229400634765625,4
-9262.0,-12796.0,-8894.0,12,0.06229805946350098,4
-10789.0,-11469.0,-10394.0,14,0.07052302360534668,4
-10588.0,-11649.0,-10283.0,14,0.070526123046875,4
-9622.0,-11858.0,-10152.0,16,0.08061814308166504,5
-10447.0,-11025.0,-10826.0,16,0.08062314987182617,5
-11361.0,-10455.0,-10996.0,17,0.0860741138458252,5
-11311.0,-10490.0,-11146.0,19,0.092987060546875,5
-10387.0,-11467.0,-10687.0,22,0.10768699645996094,5
-10357.0,-11226.0,-10829.0,23,0.11071109771728516,5
-10515.0,-11232.0,-10794.0,23,0.11071515083312988,5
-9431.0,-12596.0,-9031.0,26,0.12514400482177734,5
-9327.0,-12792.0,-8930.0,27,0.1286630630493164,5
-11231.0,-10909.0,-10781.0,28,0.1320490837097168,5
-10137.0,-12093.0,-9777.0,30,0.13605713844299316,5
-11182.0,-10494.0,-11022.0,36,0.165175199508667,6
-9459.0,-12514.0,-8690.0,40,0.1800251007080078,6
-8266.0,-12995.0,-8638.0,40,0.18004798889160156,6
-9119.0,-12568.0,-9371.0,40,0.1800670623779297,6
-9090.0,-12567.0,-9391.0,40,0.18007111549377441,6
-10350.0,-11347.0,-10700.0,44,0.20086312294006348,6
-9457.0,-12532.0,-8929.0,48,0.2140650749206543,6
-9417.0,-12510.0,-9192.0,52,0.22819113731384277,6
-9296.0,-12624.0,-9214.0,52,0.22820210456848145,6
-9449.0,-12673.0,-8790.0,55,0.23811912536621094,6
-11432.0,-10729.0,-10892.0,58,0.24548006057739258,6
-11480.0,-10349.0,-10810.0,59,0.24746918678283691,6
-10640.0,-11554.0,-10362.0,62,0.2534770965576172,6
-10535.0,-11090.0,-10464.0,67,0.27988100051879883,7
-10428.0,-11337.0,-10572.0,70,0.2900841236114502,7
-11416.0,-10319.0,-11060.0,71,0.2936592102050781,7
-9053.0,-12447.0,-9404.0,80,0.32605719566345215,7
-10685.0,-11149.0,-10402.0,90,0.36054205894470215,7
-10503.0,-11336.0,-10623.0,91,0.3626689910888672,7
-9726.0,-12000.0,-10137.0,94,0.3689231872558594,7
-8482.0,-13143.0,-8438.0,104,0.40019917488098145,7
-9985.0,-11710.0,-9846.0,135,0.48740100860595703,8
-9960.0,-11681.0,-9869.0,156,0.5553021430969238,8
-8387.0,-12881.0,-8616.0,160,0.5676891803741455,8
-9333.0,-12334.0,-9229.0,162,0.5780150890350342,8
-9010.0,-12265.0,-9568.0,162,0.578031063079834,8
-9006.0,-12417.0,-9552.0,164,0.5863630771636963,8
-8071.0,-13050.0,-8798.0,164,0.5863749980926514,8
-8232.0,-13056.0,-8743.0,164,0.5863790512084961,8
-9178.0,-12509.0,-9356.0,165,0.5895631313323975,8
-10764.0,-10943.0,-10443.0,180,0.6278641223907471,8
-9908.0,-11813.0,-9916.0,187,0.6451561450958252,8
-8974.0,-12752.0,-9006.0,196,0.6702589988708496,8
-10552.0,-11036.0,-10467.0,236,0.7567620277404785,8
-10590.0,-10954.0,-10528.0,264,0.8520691394805908,9
-10637.0,-10941.0,-10500.0,286,0.9161601066589355,9
-11560.0,-10201.0,-10795.0,302,0.9698550701141357,9
-8585.0,-12864.0,-8218.0,310,0.9884002208709717,9
-9835.0,-11671.0,-9946.0,440,1.2928102016448975,10
-11737.0,-10036.0,-11570.0,468,1.3952250480651855,10
-9548.0,-12217.0,-8527.0,490,1.4471330642700195,10
-9196.0,-12349.0,-9338.0,546,1.5994551181793213,10
-9441.0,-12437.0,-8931.0,795,2.1797749996185303,11
-9994.0,-11011.0,-10861.0,851,2.2930819988250732,11
-9520.0,-12231.0,-8972.0,1050,2.748220205307007,12
