z1,z2,z3,node,time,depth
-65.0,-70.0,-88.0,5,0.010914087295532227,3
-69.0,-65.0,-81.0,29,0.06090998649597168,5
-63.0,-70.0,-89.0,105,0.18866205215454102,7
-67.0,-72.0,-86.0,149,0.25620317459106445,8
-65.0,-72.0,-87.0,195,0.3239409923553467,8
-57.0,-64.0,-91.0,360,0.5334370136260986,10
-61.0,-64.0,-90.0,714,0.8682851791381836,12
-71.0,-67.0,-79.0,1106,1.154623031616211,14
-69.0,-67.0,-80.0,1158,1.1913251876831055,14
-59.0,-62.0,-92.0,1450,1.3869781494140625,16
-68.0,-67.0,-87.0,1482,1.4081411361694336,16
-71.0,-69.0,-78.0,1494,1.4153330326080322,16
-67.0,-74.0,-85.0,1512,1.42628812789917,16
-68.0,-72.0,-75.0,1546,1.4461500644683838,17
-52.0,-55.0,-93.0,1550,1.4483890533447266,18
