z1,z2,z3,node,time,depth
-13037.0,-14375.0,-10908.0,1,0.028170108795166016,1
-11689.0,-14711.0,-11787.0,1,0.02817511558532715,1
-10695.0,-13536.0,-14028.0,1,0.02818012237548828,1
-13509.0,-14178.0,-10827.0,1,0.028184175491333008,1
-14942.0,-10754.0,-12859.0,1,0.02818918228149414,1
-15201.0,-11935.0,-11637.0,1,0.028192996978759766,1
-15023.0,-12433.0,-10549.0,1,0.0281980037689209,1
-10760.0,-14857.0,-11869.0,1,0.02820301055908203,1
-11568.0,-14744.0,-11251.0,1,0.028207063674926758,1
-12182.0,-14664.0,-10496.0,1,0.02821207046508789,1
-10379.0,-14609.0,-12896.0,1,0.028216123580932617,1
-10561.0,-14649.0,-12800.0,1,0.02822113037109375,1
-13414.0,-12101.0,-14083.0,1,0.028226137161254883,1
-13145.0,-10701.0,-14485.0,1,0.02823019027709961,1
-10898.0,-13201.0,-14247.0,1,0.02823495864868164,1
-10815.0,-12667.0,-14584.0,1,0.028239011764526367,1
-10485.0,-12266.0,-14852.0,1,0.0282440185546875,1
-14552.0,-11089.0,-13366.0,1,0.028249025344848633,1
-13033.0,-14056.0,-12000.0,1,0.02825307846069336,1
-13232.0,-14264.0,-11069.0,1,0.028258085250854492,1
-11161.0,-14129.0,-13397.0,1,0.028263092041015625,1
-13569.0,-12736.0,-13509.0,1,0.02826714515686035,1
-15170.0,-10967.0,-12320.0,1,0.028272151947021484,1
-15125.0,-11699.0,-12161.0,1,0.028277158737182617,1
-13887.0,-13203.0,-12602.0,1,0.028280973434448242,1
-15041.0,-12113.0,-11945.0,1,0.028285980224609375,1
-14251.0,-12941.0,-12306.0,1,0.028290987014770508,1
-13878.0,-13905.0,-11152.0,1,0.028295040130615234,1
-14352.0,-13435.0,-11175.0,1,0.028300046920776367,1
-13874.0,-10862.0,-14037.0,1,0.028304100036621094,1
-13559.0,-11712.0,-14195.0,1,0.028309106826782227,1
-13697.0,-11765.0,-14080.0,1,0.028313159942626953,1
-12420.0,-13539.0,-13530.0,1,0.028318166732788086,1
-11614.0,-13519.0,-13807.0,1,0.02832317352294922,1
-11954.0,-12946.0,-14161.0,1,0.028326988220214844,1
-13170.0,-12976.0,-13689.0,1,0.028331995010375977,1
-11871.0,-12412.0,-14498.0,1,0.02833700180053711,1
-11541.0,-12011.0,-14766.0,1,0.028341054916381836,1
-12030.0,-12275.0,-14522.0,1,0.028345108032226562,1
-10608.0,-11916.0,-14978.0,1,0.028350114822387695,1
-11718.0,-11313.0,-14964.0,1,0.028354167938232422,1
-14486.0,-12025.0,-12826.0,1,0.028359174728393555,1
-14868.0,-11325.0,-12825.0,1,0.02836298942565918,1
-13813.0,-11861.0,-13903.0,1,0.028367996215820312,1
-12766.0,-13806.0,-13002.0,1,0.02837204933166504,1
-11490.0,-14503.0,-12718.0,1,0.028377056121826172,1
-11749.0,-14272.0,-12922.0,1,0.0283811092376709,1
-15285.0,-11521.0,-11853.0,1,0.02838611602783203,1
-15328.0,-11560.0,-11332.0,1,0.028390169143676758,1
-15321.0,-11362.0,-11838.0,1,0.02839517593383789,1
-13610.0,-13214.0,-13023.0,1,0.028400182723999023,1
-13901.0,-13661.0,-11682.0,1,0.02840399742126465,1
-13800.0,-13167.0,-12813.0,1,0.02840900421142578,1
-14765.0,-12902.0,-11298.0,1,0.028413057327270508,1
-14580.0,-13202.0,-10716.0,1,0.02841806411743164,1
-14504.0,-13297.0,-10767.0,1,0.028423070907592773,1
-11664.0,-11661.0,-14892.0,1,0.0284271240234375,1
-12132.0,-11728.0,-14736.0,1,0.028432130813598633,1
-13340.0,-11615.0,-14371.0,1,0.028437137603759766,1
-12577.0,-11323.0,-14761.0,1,0.028441190719604492,1
-12907.0,-11724.0,-14493.0,1,0.028445959091186523,1
-12649.0,-11680.0,-14601.0,1,0.02845001220703125,1
-12471.0,-12898.0,-14026.0,1,0.028455018997192383,1
-12388.0,-12364.0,-14363.0,1,0.028460025787353516,1
-12547.0,-12227.0,-14387.0,1,0.02846503257751465,1
-13478.0,-11668.0,-14256.0,2,0.06125998497009277,2
-13582.0,-13689.0,-12028.0,2,0.061292171478271484,2
-12138.0,-14264.0,-12388.0,2,0.06132316589355469,2
-13292.0,-13683.0,-12500.0,2,0.06132817268371582,2
-13864.0,-13447.0,-12072.0,2,0.06138110160827637,2
-13097.0,-14285.0,-10404.0,2,0.0613861083984375,2
-14014.0,-13720.0,-10597.0,2,0.061398983001708984,2
-14124.0,-13615.0,-11022.0,2,0.06140398979187012,2
-11332.0,-14097.0,-13190.0,2,0.061408042907714844,2
-11782.0,-14192.0,-12811.0,2,0.06141304969787598,2
-10553.0,-13563.0,-13888.0,2,0.0614171028137207,2
-13360.0,-12826.0,-13531.0,2,0.06143498420715332,2
-12628.0,-13472.0,-13363.0,2,0.06143999099731445,2
-12337.0,-13005.0,-13867.0,2,0.06144404411315918,2
-13087.0,-12442.0,-14026.0,2,0.06144905090332031,2
-11378.0,-14673.0,-12066.0,2,0.061480045318603516,2
-11835.0,-14503.0,-12184.0,2,0.061489105224609375,2
-13645.0,-13993.0,-10272.0,2,0.061498165130615234,2
-13559.0,-13933.0,-11498.0,2,0.06150197982788086,2
-11269.0,-13881.0,-13448.0,2,0.06151604652404785,2
-11337.0,-13425.0,-13858.0,2,0.06152510643005371,2
-10621.0,-13107.0,-14298.0,2,0.06152915954589844,2
-10834.0,-12867.0,-14449.0,2,0.06153416633605957,2
-11994.0,-12062.0,-14624.0,2,0.061537981033325195,2
-12511.0,-12014.0,-14489.0,2,0.061547040939331055,2
-12449.0,-14423.0,-11429.0,2,0.061556100845336914,2
-12292.0,-14559.0,-10921.0,2,0.06156110763549805,2
-14902.0,-10864.0,-12848.0,3,0.08411502838134766,2
-11046.0,-14264.0,-13222.0,3,0.08414196968078613,2
-10974.0,-12530.0,-14608.0,3,0.08415102958679199,2
-10609.0,-12600.0,-14600.0,3,0.08415603637695312,2
-14624.0,-12200.0,-12431.0,3,0.08416414260864258,2
-15159.0,-11238.0,-12184.0,3,0.08417296409606934,2
-14222.0,-10853.0,-13647.0,3,0.08417797088623047,2
-14414.0,-11036.0,-13481.0,3,0.08418703079223633,2
-13615.0,-11148.0,-14162.0,3,0.08419108390808105,2
-14531.0,-12638.0,-12053.0,3,0.0842580795288086,2
-14266.0,-13216.0,-11470.0,3,0.08426308631896973,2
-10578.0,-14817.0,-11965.0,4,0.11427998542785645,3
-10969.0,-13781.0,-13550.0,4,0.11432003974914551,3
-12228.0,-13191.0,-13683.0,4,0.11432504653930664,3
-12787.0,-11733.0,-14486.0,4,0.11434316635131836,3
-12181.0,-11613.0,-14757.0,4,0.11434698104858398,3
-12058.0,-11963.0,-14631.0,4,0.11435198783874512,3
-12279.0,-12550.0,-14179.0,4,0.11437416076660156,3
-12978.0,-12628.0,-13842.0,4,0.1143791675567627,3
-13396.0,-12018.0,-14092.0,4,0.11438298225402832,3
-11762.0,-12598.0,-14314.0,4,0.11438798904418945,3
-11104.0,-12599.0,-14497.0,4,0.11439204216003418,3
-11422.0,-13171.0,-13960.0,4,0.1143960952758789,3
-12984.0,-13544.0,-12940.0,4,0.11446809768676758,3
-11196.0,-14633.0,-12162.0,4,0.11451601982116699,3
-11747.0,-14400.0,-12391.0,4,0.11452507972717285,3
-11573.0,-14304.0,-12592.0,4,0.11453413963317871,3
-11983.0,-14456.0,-11427.0,5,0.1397571563720703,3
-13012.0,-13516.0,-12872.0,5,0.13976597785949707,3
-11369.0,-14536.0,-12182.0,5,0.1397700309753418,3
-13416.0,-12686.0,-13559.0,5,0.13979816436767578,3
-10938.0,-12317.0,-14710.0,5,0.13982009887695312,3
-13279.0,-13766.0,-11870.0,5,0.13993215560913086,3
-10978.0,-13208.0,-14054.0,6,0.16034913063049316,3
-12280.0,-14127.0,-12535.0,6,0.16041803359985352,3
-12965.0,-14014.0,-12071.0,6,0.16042208671569824,3
-13165.0,-13566.0,-12822.0,6,0.16042709350585938,3
-12539.0,-13896.0,-12739.0,6,0.1604311466217041,3
-11665.0,-12345.0,-14514.0,6,0.16043615341186523,3
-11228.0,-12933.0,-14245.0,6,0.16043996810913086,3
-13258.0,-11965.0,-14207.0,6,0.16044902801513672,3
-12010.0,-13984.0,-12838.0,6,0.16045808792114258,3
-12726.0,-14216.0,-11867.0,6,0.16049408912658691,3
-12182.0,-12297.0,-14379.0,6,0.1605081558227539,3
-12569.0,-12911.0,-13858.0,6,0.16051697731018066,3
-11922.0,-14383.0,-12059.0,7,0.1768050193786621,3
-13056.0,-13812.0,-12530.0,7,0.1768181324005127,3
-13140.0,-12362.0,-13957.0,7,0.17684102058410645,3
-13493.0,-12414.0,-13565.0,7,0.1768810749053955,3
-13084.0,-11700.0,-14351.0,8,0.2067091464996338,4
-12757.0,-12041.0,-14294.0,8,0.20671415328979492,4
-13341.0,-12862.0,-13283.0,8,0.20671796798706055,4
-13486.0,-12202.0,-13846.0,8,0.20677709579467773,4
-13815.0,-12446.0,-13379.0,8,0.20678114891052246,4
-12486.0,-12377.0,-14195.0,8,0.20681309700012207,4
-11486.0,-12797.0,-14186.0,8,0.2068171501159668,4
-12777.0,-12844.0,-13691.0,8,0.20682215690612793,4
-12181.0,-13952.0,-12631.0,8,0.2068309783935547,4
-13422.0,-14040.0,-10990.0,8,0.2068619728088379,4
-13934.0,-12871.0,-12838.0,8,0.20686697959899902,4
-13411.0,-13276.0,-12692.0,8,0.2068800926208496,4
-13458.0,-13555.0,-12075.0,8,0.20688509941101074,4
-14046.0,-12877.0,-12683.0,8,0.20690703392028809,4
-14044.0,-12292.0,-13207.0,8,0.20696616172790527,4
-10786.0,-13330.0,-13896.0,8,0.2069711685180664,4
-10854.0,-12874.0,-14306.0,8,0.20697999000549316,4
-10782.0,-12182.0,-14761.0,9,0.23596501350402832,4
-14941.0,-12147.0,-11190.0,9,0.23597407341003418,4
-11838.0,-11927.0,-14675.0,9,0.2359790802001953,4
-12270.0,-11781.0,-14621.0,9,0.23598313331604004,4
-14711.0,-12236.0,-12220.0,9,0.23600196838378906,4
-12355.0,-11879.0,-14540.0,9,0.23601007461547852,4
-13770.0,-12173.0,-13660.0,9,0.23606395721435547,4
-15246.0,-11274.0,-11973.0,9,0.2360689640045166,4
-14989.0,-10900.0,-12637.0,9,0.23607301712036133,4
-12921.0,-14226.0,-11348.0,9,0.2360830307006836,4
-14618.0,-12674.0,-11842.0,9,0.23608708381652832,4
-14205.0,-13207.0,-11719.0,9,0.23609614372253418,4
-13753.0,-11201.0,-14047.0,9,0.23612499237060547,4
-14360.0,-10906.0,-13532.0,9,0.2361290454864502,4
-14809.0,-11463.0,-12702.0,9,0.23613810539245605,4
-14098.0,-13394.0,-11425.0,9,0.23614716529846191,4
-14357.0,-13069.0,-11311.0,9,0.23615217208862305,4
-12346.0,-13947.0,-12629.0,10,0.2600250244140625,4
-12369.0,-13703.0,-13159.0,10,0.26003408432006836,4
-12942.0,-13102.0,-13463.0,11,0.276508092880249,4
-12121.0,-14591.0,-11128.0,12,0.29948902130126953,4
-12796.0,-13839.0,-12497.0,12,0.2995121479034424,4
-13255.0,-14020.0,-11599.0,12,0.29956603050231934,4
-14836.0,-11800.0,-12308.0,12,0.2995750904083252,4
-13283.0,-13545.0,-12594.0,12,0.29958009719848633,4
-13532.0,-13934.0,-11357.0,12,0.29958415031433105,4
-13987.0,-13300.0,-11846.0,12,0.2995891571044922,4
-12943.0,-13066.0,-13426.0,12,0.29959797859191895,4
-14533.0,-12220.0,-12453.0,12,0.2996070384979248,4
-13886.0,-12806.0,-12977.0,12,0.29961109161376953,4
-14348.0,-11972.0,-12941.0,12,0.29961609840393066,4
-12651.0,-12561.0,-14022.0,12,0.29966211318969727,4
-12659.0,-12704.0,-13915.0,12,0.299666166305542,4
-11277.0,-13153.0,-13968.0,12,0.29968905448913574,4
-12645.0,-12240.0,-14219.0,13,0.3201911449432373,4
-13252.0,-14235.0,-11069.0,13,0.32020115852355957,4
-12335.0,-14352.0,-11870.0,13,0.3202190399169922,4
-14140.0,-11203.0,-13483.0,13,0.3202500343322754,4
-13319.0,-13011.0,-13318.0,13,0.3202550411224365,4
-13508.0,-12353.0,-13699.0,13,0.32028698921203613,4
-14332.0,-11386.0,-13317.0,13,0.32029104232788086,4
-14092.0,-12314.0,-13021.0,13,0.3203010559082031,4
-14589.0,-11760.0,-12653.0,13,0.32030510902404785,4
-10690.0,-14265.0,-13160.0,14,0.33696508407592773,4
-12692.0,-13854.0,-12670.0,14,0.33697009086608887,4
-12715.0,-13610.0,-13200.0,14,0.33697509765625,4
-11560.0,-14028.0,-13216.0,14,0.33704519271850586,4
-13411.0,-12764.0,-13401.0,15,0.3510260581970215,4
-12920.0,-13251.0,-13498.0,15,0.3510401248931885,4
-12153.0,-12598.0,-14167.0,15,0.3510580062866211,4
-11956.0,-12863.0,-14050.0,15,0.35106706619262695,4
-12221.0,-13173.0,-13835.0,15,0.3510761260986328,4
-12297.0,-12502.0,-14196.0,15,0.35108113288879395,4
-15093.0,-11149.0,-12377.0,16,0.3798949718475342,5
-15016.0,-11197.0,-12507.0,16,0.3798990249633789,5
-14252.0,-11853.0,-13199.0,16,0.37992215156555176,5
-12573.0,-12835.0,-13760.0,16,0.3800179958343506,5
-14443.0,-10598.0,-13399.0,16,0.3800320625305176,5
-14593.0,-10702.0,-13200.0,16,0.3800370693206787,5
-14052.0,-11713.0,-13563.0,16,0.38004612922668457,5
-13970.0,-12063.0,-13399.0,16,0.3800501823425293,5
-13466.0,-11898.0,-14040.0,17,0.40369606018066406,5
-13869.0,-11297.0,-13870.0,17,0.4037141799926758,5
-14147.0,-13371.0,-11552.0,17,0.4037599563598633,5
-11708.0,-11738.0,-14689.0,17,0.40377306938171387,5
-14849.0,-12488.0,-11514.0,17,0.40383315086364746,5
-14777.0,-12348.0,-11923.0,17,0.4038369655609131,5
-11694.0,-12023.0,-14646.0,18,0.4286341667175293,5
-12211.0,-11975.0,-14511.0,18,0.42863917350769043,5
-12590.0,-11998.0,-14369.0,18,0.42864298820495605,5
-14264.0,-12908.0,-12118.0,18,0.42871618270874023,5
-12455.0,-13632.0,-13039.0,18,0.4287290573120117,5
-12351.0,-14215.0,-12146.0,19,0.44851207733154297,5
-13679.0,-13747.0,-11490.0,19,0.44855308532714844,5
-13603.0,-13842.0,-11541.0,19,0.44855809211730957,5
-12094.0,-14272.0,-12388.0,19,0.44860315322875977,5
-14252.0,-12758.0,-12390.0,19,0.4486119747161865,5
-14179.0,-12350.0,-12810.0,19,0.4486391544342041,5
-14296.0,-12280.0,-12642.0,19,0.4486429691314697,5
-12424.0,-13463.0,-13432.0,20,0.4675891399383545,5
-12754.0,-12457.0,-13981.0,21,0.4833099842071533,5
-10866.0,-13504.0,-13821.0,21,0.4833199977874756,5
-11785.0,-13487.0,-13600.0,21,0.4833250045776367,5
-11217.0,-14232.0,-13015.0,21,0.4833381175994873,5
-12038.0,-12139.0,-14421.0,21,0.4833521842956543,5
-11069.0,-13169.0,-14040.0,21,0.48336100578308105,5
-12963.0,-11160.0,-14460.0,22,0.4994840621948242,5
-12377.0,-12556.0,-14034.0,22,0.4996020793914795,5
-12837.0,-12717.0,-13835.0,23,0.5096631050109863,5
-13594.0,-11992.0,-13863.0,24,0.5290720462799072,5
-13042.0,-11760.0,-14330.0,24,0.5290989875793457,5
-10941.0,-12893.0,-14271.0,24,0.5291080474853516,5
-12375.0,-14350.0,-11777.0,25,0.5478119850158691,5
-12657.0,-13875.0,-12511.0,25,0.5478711128234863,5
-13260.0,-13789.0,-12064.0,25,0.547875165939331,5
-14671.0,-11410.0,-12817.0,25,0.5478980541229248,5
-12398.0,-14106.0,-12307.0,25,0.5479559898376465,5
-13174.0,-13497.0,-12730.0,26,0.5665199756622314,5
-13550.0,-12779.0,-13321.0,26,0.5665240287780762,5
-13578.0,-13756.0,-11682.0,26,0.566547155380249,5
-13555.0,-14000.0,-11152.0,26,0.5665521621704102,5
-13288.0,-13750.0,-12154.0,26,0.5665559768676758,5
-12161.0,-14256.0,-12071.0,26,0.5665700435638428,5
-14165.0,-12722.0,-12601.0,26,0.5666019916534424,5
-10744.0,-13756.0,-13751.0,28,0.5920569896697998,5
-13143.0,-12478.0,-13851.0,28,0.5921289920806885,5
-12578.0,-12518.0,-14055.0,28,0.5921380519866943,5
-12502.0,-13189.0,-13694.0,28,0.592156171798706,5
-12510.0,-13332.0,-13587.0,28,0.5921649932861328,5
-10580.0,-13671.0,-13853.0,29,0.6060149669647217,5
-11886.0,-12371.0,-14493.0,29,0.606050968170166,5
-12015.0,-13394.0,-13705.0,29,0.6060690879821777,5
-12057.0,-13942.0,-13177.0,31,0.6237530708312988,5
-14540.0,-11319.0,-13150.0,34,0.6946420669555664,6
-11981.0,-14400.0,-11880.0,34,0.6947021484375,6
-13794.0,-11904.0,-13715.0,34,0.6947331428527832,6
-13868.0,-11333.0,-13749.0,34,0.6947431564331055,6
-14750.0,-10571.0,-13025.0,34,0.6947469711303711,6
-13716.0,-12286.0,-13532.0,34,0.6947841644287109,6
-14130.0,-11931.0,-13371.0,34,0.6947879791259766,6
-12903.0,-11829.0,-14309.0,35,0.7114720344543457,6
-14158.0,-11692.0,-13381.0,35,0.711493968963623,6
-14295.0,-12446.0,-12633.0,35,0.7115030288696289,6
-14018.0,-12457.0,-13054.0,35,0.7115070819854736,6
-14727.0,-11813.0,-12538.0,36,0.7564699649810791,6
-14470.0,-11439.0,-13202.0,36,0.7565460205078125,6
-12466.0,-13945.0,-12612.0,36,0.7565791606903076,6
-12314.0,-13839.0,-12850.0,36,0.7565829753875732,6
-12702.0,-14019.0,-12206.0,37,0.775597095489502,6
-12064.0,-14312.0,-12056.0,37,0.7756011486053467,6
-12087.0,-14068.0,-12586.0,37,0.7756149768829346,6
-14341.0,-12685.0,-12263.0,37,0.7756471633911133,6
-14434.0,-12247.0,-12641.0,37,0.7756521701812744,6
-13646.0,-12406.0,-13584.0,38,0.7960200309753418,6
-14115.0,-12004.0,-13138.0,38,0.7960431575775146,6
-13732.0,-12798.0,-13056.0,38,0.7960469722747803,6
-13587.0,-13458.0,-12493.0,38,0.7960560321807861,6
-13351.0,-13384.0,-12899.0,38,0.7960779666900635,6
-13101.0,-12996.0,-13407.0,38,0.7961010932922363,6
-12948.0,-12014.0,-14110.0,39,0.810589075088501,6
-13480.0,-12253.0,-13732.0,39,0.8105931282043457,6
-13699.0,-12350.0,-13556.0,39,0.8106119632720947,6
-13702.0,-13503.0,-12020.0,39,0.8106300830841064,6
-13626.0,-13598.0,-12071.0,39,0.8106429576873779,6
-13973.0,-12842.0,-12766.0,39,0.8106479644775391,6
-13772.0,-12758.0,-13136.0,39,0.8106570243835449,6
-12704.0,-12801.0,-13724.0,42,0.9031319618225098,6
-11903.0,-13049.0,-13870.0,42,0.9031491279602051,6
-12961.0,-13320.0,-13070.0,42,0.9031670093536377,6
-13619.0,-12697.0,-13234.0,46,0.9508671760559082,6
-13539.0,-12122.0,-13777.0,48,0.9760391712188721,6
-13821.0,-11912.0,-13577.0,48,0.9760441780090332,6
-14209.0,-12244.0,-12853.0,49,0.992211103439331,6
-12634.0,-14119.0,-11981.0,50,1.009343147277832,6
-13632.0,-12120.0,-13775.0,50,1.0093650817871094,6
-13594.0,-12745.0,-13171.0,50,1.009369134902954,6
-12881.0,-12375.0,-14042.0,50,1.0094051361083984,6
-12268.0,-12650.0,-14054.0,50,1.0094091892242432,6
-13892.0,-12174.0,-13385.0,51,1.0192270278930664,6
-12693.0,-13341.0,-13235.0,53,1.046105146408081,6
-12897.0,-13886.0,-12157.0,54,1.0555419921875,6
-14364.0,-12566.0,-12102.0,54,1.0555741786956787,6
-13810.0,-12524.0,-13221.0,54,1.0555870532989502,6
-11640.0,-13569.0,-13531.0,56,1.0734920501708984,6
-11794.0,-13014.0,-14027.0,56,1.073518991470337,6
-11690.0,-12848.0,-14168.0,57,1.0857691764831543,6
-12452.0,-12543.0,-14081.0,57,1.08577299118042,6
-12403.0,-12323.0,-14358.0,58,1.0964560508728027,6
-12206.0,-12588.0,-14241.0,58,1.0964701175689697,6
-11283.0,-13679.0,-13553.0,59,1.1043200492858887,6
-12352.0,-12964.0,-13862.0,60,1.116664171218872,6
-12138.0,-14014.0,-12796.0,60,1.1166729927062988,6
-12161.0,-13770.0,-13326.0,60,1.11667799949646,6
-12201.0,-13846.0,-13206.0,62,1.1296069622039795,6
-12609.0,-12027.0,-14321.0,64,1.1570119857788086,7
-14074.0,-11002.0,-13673.0,64,1.157047986984253,7
-13588.0,-11274.0,-14113.0,64,1.1570570468902588,7
-11227.0,-12249.0,-14623.0,64,1.1570889949798584,7
-12191.0,-12637.0,-14071.0,64,1.1570980548858643,7
-12783.0,-10863.0,-14529.0,65,1.1875810623168945,7
-12727.0,-11427.0,-14562.0,65,1.1875941753387451,7
-13738.0,-11378.0,-13914.0,65,1.1877241134643555,7
-14325.0,-12261.0,-12779.0,66,1.2118351459503174,7
-13924.0,-11847.0,-13524.0,66,1.211902141571045,7
-13906.0,-13346.0,-11843.0,67,1.2291769981384277,7
-14445.0,-12807.0,-11770.0,67,1.2291820049285889,7
-14748.0,-12387.0,-11625.0,67,1.22918701171875,7
-14211.0,-12860.0,-12417.0,67,1.2292141914367676,7
-14588.0,-12565.0,-11933.0,67,1.2292280197143555,7
-14335.0,-12527.0,-12522.0,68,1.2531721591949463,7
-14436.0,-13021.0,-11391.0,68,1.253175973892212,7
-14933.0,-11516.0,-12327.0,68,1.253190040588379,7
-14348.0,-11136.0,-13316.0,68,1.2532031536102295,7
-14676.0,-11142.0,-12991.0,68,1.2532081604003906,7
-14132.0,-12516.0,-12847.0,68,1.2532970905303955,7
-14121.0,-13150.0,-11955.0,72,1.317047119140625,7
-14620.0,-12256.0,-12242.0,72,1.3170511722564697,7
-14381.0,-12044.0,-12700.0,72,1.3170599937438965,7
-14350.0,-12547.0,-12282.0,72,1.3170690536499023,7
-12016.0,-14380.0,-12216.0,72,1.317087173461914,7
-10885.0,-13386.0,-13870.0,72,1.3171000480651855,7
-14379.0,-11459.0,-13224.0,72,1.3171050548553467,7
-14923.0,-11836.0,-12097.0,72,1.3171141147613525,7
-12583.0,-13819.0,-12675.0,72,1.317126989364624,7
-14278.0,-11256.0,-13368.0,73,1.3425281047821045,7
-13635.0,-13838.0,-11447.0,73,1.342560052871704,7
-12664.0,-14283.0,-11590.0,73,1.34256911277771,7
-14281.0,-13112.0,-11668.0,73,1.3425769805908203,7
-13658.0,-13594.0,-11977.0,73,1.3425819873809814,7
-13313.0,-13709.0,-12203.0,73,1.3426129817962646,7
-11565.0,-14360.0,-12487.0,73,1.3426401615142822,7
-13290.0,-13953.0,-11673.0,73,1.342648983001709,7
-14554.0,-11674.0,-12842.0,75,1.373906135559082,7
-14207.0,-11984.0,-12931.0,76,1.3907380104064941,7
-13552.0,-12425.0,-13517.0,76,1.390773057937622,7
-12737.0,-12077.0,-14229.0,76,1.390787124633789,7
-13625.0,-12833.0,-13097.0,76,1.3908190727233887,7
-12982.0,-13657.0,-12574.0,77,1.4024450778961182,7
-12661.0,-12748.0,-13868.0,78,1.4115891456604004,7
-10766.0,-13323.0,-14039.0,80,1.4344301223754883,7
-10601.0,-13598.0,-13802.0,81,1.4546949863433838,7
-12632.0,-13076.0,-13537.0,81,1.4546990394592285,7
-11925.0,-13568.0,-13383.0,81,1.4547040462493896,7
-12233.0,-13238.0,-13638.0,81,1.4547181129455566,7
-11731.0,-13996.0,-13009.0,84,1.4976701736450195,7
-12331.0,-13967.0,-12543.0,84,1.4977421760559082,7
-12110.0,-13873.0,-13035.0,86,1.5160391330718994,7
-11312.0,-13780.0,-13261.0,88,1.536247968673706,7
-13164.0,-12376.0,-13892.0,93,1.5714261531829834,7
-13219.0,-13091.0,-13042.0,94,1.576889991760254,7
-13828.0,-11443.0,-13738.0,96,1.5996551513671875,7
-14710.0,-10681.0,-13014.0,96,1.599696159362793,7
-14120.0,-11948.0,-13142.0,96,1.5997140407562256,7
-12851.0,-11761.0,-14310.0,96,1.5997540950775146,7
-11948.0,-14480.0,-11991.0,98,1.6292471885681152,7
-12336.0,-14451.0,-11289.0,98,1.629350185394287,7
-11966.0,-14625.0,-11545.0,98,1.6293551921844482,7
-12256.0,-14150.0,-12246.0,99,1.6430749893188477,7
-12727.0,-11890.0,-14383.0,100,1.6551530361175537,7
-13542.0,-12238.0,-13671.0,100,1.655184030532837,7
-13692.0,-12920.0,-12841.0,102,1.690762996673584,7
-13275.0,-13991.0,-11599.0,106,1.7298691272735596,7
-14201.0,-13274.0,-11373.0,107,1.7367191314697266,7
-13777.0,-13411.0,-12283.0,110,1.757796049118042,7
-13213.0,-13331.0,-13014.0,110,1.7578129768371582,7
-11935.0,-12591.0,-14216.0,113,1.7817590236663818,7
-11560.0,-13194.0,-13848.0,114,1.7901020050048828,7
-11427.0,-13678.0,-13379.0,116,1.804443120956421,7
-11695.0,-13177.0,-13957.0,117,1.8115460872650146,7
-11591.0,-13349.0,-13808.0,117,1.811554193496704,7
-11735.0,-13253.0,-13837.0,118,1.820101022720337,7
-11611.0,-14224.0,-13018.0,120,1.8346490859985352,7
-12160.0,-13999.0,-12750.0,120,1.8346531391143799,7
-11765.0,-13669.0,-13514.0,120,1.8346619606018066,7
-11962.0,-13404.0,-13631.0,121,1.8436620235443115,7
-12496.0,-12868.0,-13891.0,122,1.848621129989624,7
-13028.0,-13204.0,-13047.0,126,1.905107021331787,7
-13100.0,-13721.0,-12573.0,126,1.9051110744476318,7
-10908.0,-11853.0,-14859.0,128,1.9334180355072021,8
-11964.0,-11598.0,-14773.0,128,1.9334590435028076,8
-12959.0,-11521.0,-14450.0,128,1.9334731101989746,8
-14713.0,-12107.0,-12270.0,133,2.043843984603882,8
-14833.0,-11534.0,-12471.0,133,2.043848991394043,8
-13959.0,-12880.0,-12500.0,133,2.043879985809326,8
-14026.0,-13160.0,-11835.0,134,2.0635881423950195,8
-13950.0,-13255.0,-11886.0,134,2.0636231899261475,8
-14475.0,-11762.0,-12849.0,137,2.113131046295166,8
-14982.0,-11941.0,-11998.0,138,2.1293420791625977,8
-14572.0,-12499.0,-11935.0,138,2.1293511390686035,8
-15028.0,-11147.0,-12517.0,138,2.129369020462036,8
-15122.0,-11176.0,-12325.0,138,2.129373073577881,8
-14777.0,-11345.0,-12847.0,138,2.1293821334838867,8
-14779.0,-11930.0,-12323.0,138,2.129387140274048,8
-14594.0,-11682.0,-12811.0,138,2.1293911933898926,8
-14417.0,-12362.0,-12289.0,142,2.1792781352996826,8
-13563.0,-12136.0,-13712.0,143,2.1853301525115967,8
-14486.0,-12705.0,-11743.0,144,2.206961154937744,8
-14461.0,-12112.0,-12464.0,148,2.2645151615142822,8
-13112.0,-13114.0,-13034.0,151,2.2933430671691895,8
-12275.0,-14149.0,-12420.0,152,2.3063621520996094,8
-13829.0,-12414.0,-13096.0,153,2.3208491802215576,8
-13732.0,-12045.0,-13748.0,154,2.330402135848999,8
-13180.0,-11813.0,-14215.0,154,2.330415964126587,8
-13182.0,-12398.0,-13691.0,156,2.346546173095703,8
-13398.0,-12603.0,-13568.0,158,2.359063148498535,8
-13975.0,-12769.0,-12811.0,158,2.359086036682129,8
-11791.0,-13973.0,-12861.0,160,2.3814361095428467,8
-11699.0,-13040.0,-13939.0,161,2.3964290618896484,8
-11708.0,-13145.0,-13872.0,161,2.396433115005493,8
-12466.0,-12278.0,-14200.0,162,2.4161791801452637,8
-11351.0,-12819.0,-14314.0,162,2.416188955307007,8
-11531.0,-12985.0,-14144.0,163,2.4285101890563965,8
-12078.0,-13236.0,-13663.0,163,2.428582191467285,8
-12369.0,-13642.0,-13239.0,171,2.517839193344116,8
-13360.0,-12867.0,-13110.0,187,2.624941110610962,8
-12621.0,-12807.0,-13741.0,188,2.6304819583892822,8
-13852.0,-12203.0,-13245.0,194,2.680755138397217,8
-14856.0,-11658.0,-12329.0,194,2.6807591915130615,8
-14241.0,-11406.0,-13339.0,195,2.6924691200256348,8
-12400.0,-14054.0,-12275.0,199,2.7466440200805664,8
-13276.0,-14173.0,-11112.0,199,2.746685028076172,8
-13299.0,-13929.0,-11642.0,199,2.746690034866333,8
-13904.0,-11543.0,-13673.0,203,2.790670156478882,8
-13977.0,-11951.0,-13253.0,203,2.7906970977783203,8
-13033.0,-13157.0,-13102.0,204,2.798781156539917,8
-12864.0,-12982.0,-13528.0,204,2.7988030910491943,8
-10863.0,-13343.0,-13879.0,208,2.8280839920043945,8
-12131.0,-12938.0,-13883.0,208,2.828113079071045,8
-12501.0,-12336.0,-14190.0,209,2.8387529850006104,8
-13599.0,-13909.0,-11195.0,212,2.8617401123046875,8
-13622.0,-13665.0,-11725.0,212,2.8617630004882812,8
-14171.0,-12652.0,-12419.0,222,2.9121241569519043,8
-11632.0,-13426.0,-13638.0,227,2.952670097351074,8
-11751.0,-13222.0,-13752.0,229,2.9850070476531982,8
-11542.0,-13543.0,-13554.0,232,3.0035760402679443,8
-12794.0,-12731.0,-13766.0,236,3.0231361389160156,8
-12067.0,-13728.0,-13339.0,246,3.0667340755462646,8
-13077.0,-13965.0,-12043.0,250,3.080183982849121,8
-11881.0,-11378.0,-14883.0,254,3.1096651554107666,9
-12908.0,-11394.0,-14476.0,254,3.109744071960449,9
-12398.0,-11330.0,-14748.0,254,3.109753131866455,9
-14191.0,-10932.0,-13505.0,254,3.1098291873931885,9
-14148.0,-10431.0,-13707.0,254,3.109833002090454,9
-12633.0,-10759.0,-14728.0,255,3.1368141174316406,9
-14251.0,-10415.0,-13565.0,255,3.1368191242218018,9
-13369.0,-11177.0,-14289.0,255,3.136909008026123,9
-12563.0,-11811.0,-14446.0,256,3.1604530811309814,9
-13139.0,-12239.0,-13983.0,258,3.2029831409454346,9
-14488.0,-12913.0,-11719.0,262,3.3252360820770264,9
-14057.0,-13055.0,-12170.0,262,3.3252410888671875,9
-14359.0,-12894.0,-11855.0,263,3.342306137084961,9
-14898.0,-12355.0,-11782.0,263,3.3423149585723877,9
-14653.0,-12534.0,-11675.0,264,3.3595781326293945,9
-14054.0,-12298.0,-13039.0,268,3.4148831367492676,9
-13972.0,-12648.0,-12875.0,268,3.414896011352539,9
-14074.0,-12106.0,-13165.0,269,3.4246840476989746,9
-12507.0,-14419.0,-11082.0,272,3.4782450199127197,9
-13985.0,-12591.0,-12808.0,273,3.4899301528930664,9
-14369.0,-12488.0,-12260.0,274,3.5034079551696777,9
-15089.0,-11708.0,-11672.0,274,3.5034260749816895,9
-14786.0,-12128.0,-11817.0,274,3.5034351348876953,9
-15082.0,-11510.0,-12178.0,274,3.503443956375122,9
-14797.0,-11693.0,-12486.0,275,3.5176031589508057,9
-14371.0,-12472.0,-12391.0,276,3.5252151489257812,9
-14870.0,-11910.0,-12301.0,276,3.525218963623047,9
-14023.0,-13121.0,-12153.0,276,3.5252280235290527,9
-14372.0,-12565.0,-12103.0,277,3.534412145614624,9
-13945.0,-12510.0,-12919.0,284,3.599200963973999,9
-14424.0,-12730.0,-11810.0,286,3.624946117401123,9
-14638.0,-12567.0,-11335.0,287,3.6442489624023438,9
-14187.0,-11276.0,-13390.0,287,3.6442630290985107,9
-13365.0,-13695.0,-11750.0,290,3.6872639656066895,9
-14360.0,-12711.0,-11939.0,291,3.6989331245422363,9
-12687.0,-14039.0,-12120.0,292,3.709050178527832,9
-14242.0,-12064.0,-12807.0,299,3.776419162750244,9
-12720.0,-13942.0,-12471.0,304,3.821911096572876,9
-13587.0,-12705.0,-13185.0,305,3.8305611610412598,9
-13368.0,-13588.0,-12449.0,305,3.8305840492248535,9
-13437.0,-13023.0,-13063.0,306,3.8379831314086914,9
-13728.0,-12056.0,-13748.0,308,3.8526880741119385,9
-13750.0,-12449.0,-13350.0,308,3.8526971340179443,9
-12801.0,-11983.0,-14195.0,308,3.852705955505371,9
-13317.0,-13392.0,-12647.0,310,3.8648741245269775,9
-12946.0,-13416.0,-13028.0,313,3.8832740783691406,9
-13937.0,-12641.0,-12899.0,314,3.8886029720306396,9
-13734.0,-12630.0,-13224.0,314,3.888607978820801,9
-10553.0,-14352.0,-12811.0,318,3.91587495803833,9
-12513.0,-12599.0,-13965.0,318,3.915980100631714,9
-11033.0,-13550.0,-13713.0,319,3.9343221187591553,9
-11232.0,-13916.0,-13408.0,319,3.934359073638916,9
-11554.0,-13700.0,-13376.0,321,3.9551541805267334,9
-12415.0,-12919.0,-13704.0,322,3.971558094024658,9
-11726.0,-13072.0,-13935.0,322,3.971567153930664,9
-11300.0,-13460.0,-13818.0,322,3.971572160720825,9
-11447.0,-13794.0,-13235.0,322,3.9715771675109863,9
-11185.0,-13595.0,-13643.0,322,3.971580982208252,9
-10851.0,-13323.0,-13993.0,323,3.982438087463379,9
-12138.0,-12639.0,-14172.0,324,3.9925570487976074,9
-12419.0,-12655.0,-14031.0,325,4.001432180404663,9
-13328.0,-12230.0,-13738.0,358,4.232181072235107,9
-14676.0,-11236.0,-12863.0,378,4.347872972488403,9
-12360.0,-13978.0,-12395.0,382,4.383936166763306,9
-12533.0,-14064.0,-12004.0,386,4.424008131027222,9
-13214.0,-13798.0,-11822.0,390,4.451636075973511,9
-11113.0,-13068.0,-14070.0,392,4.477910995483398,9
-13193.0,-12491.0,-13586.0,392,4.477970123291016,9
-13590.0,-12003.0,-13863.0,396,4.512685060501099,9
-12663.0,-11930.0,-14310.0,396,4.512701988220215,9
-14078.0,-13090.0,-12041.0,432,4.708554983139038,9
-13719.0,-13608.0,-11703.0,432,4.708564043045044,9
-12657.0,-12821.0,-13694.0,448,4.818907022476196,9
-13226.0,-12412.0,-13656.0,450,4.82880711555481,9
-11808.0,-13959.0,-13135.0,476,4.931993007659912,9
-12544.0,-13006.0,-13575.0,478,4.937932968139648,9
-11880.0,-13961.0,-12888.0,482,4.949256181716919,9
-12874.0,-13759.0,-12551.0,488,4.964231014251709,9
-11203.0,-11874.0,-14818.0,498,5.1233110427856445,10
-11324.0,-12234.0,-14538.0,498,5.123347043991089,10
-11720.0,-11826.0,-14683.0,498,5.123399972915649,10
-12568.0,-12027.0,-14359.0,502,5.192721128463745,10
-13236.0,-12477.0,-13655.0,505,5.243807077407837,10
-14334.0,-13044.0,-11749.0,510,5.329262018203735,10
-14369.0,-11783.0,-13031.0,512,5.362560033798218,10
-14254.0,-12438.0,-12675.0,513,5.375091075897217,10
-14435.0,-12799.0,-11804.0,513,5.3750951290130615,10
-14327.0,-12846.0,-12255.0,513,5.375113010406494,10
-14287.0,-12886.0,-12175.0,513,5.375118017196655,10
-14585.0,-11162.0,-13013.0,526,5.529896020889282,10
-12834.0,-11975.0,-14160.0,527,5.53945517539978,10
-14443.0,-12480.0,-12071.0,530,5.575054168701172,10
-14371.0,-13079.0,-11294.0,531,5.582410097122192,10
-14682.0,-11139.0,-12953.0,533,5.606824159622192,10
-14204.0,-12114.0,-12899.0,534,5.615741968154907,10
-13978.0,-12486.0,-12914.0,534,5.615777969360352,10
-14030.0,-13319.0,-11647.0,536,5.6287009716033936,10
-14053.0,-13075.0,-12177.0,538,5.640900135040283,10
-12853.0,-12173.0,-14052.0,541,5.664415121078491,10
-13668.0,-12521.0,-13340.0,551,5.731394052505493,10
-13400.0,-13636.0,-12049.0,560,5.83610200881958,10
-14629.0,-12463.0,-11906.0,562,5.856996059417725,10
-14374.0,-12674.0,-12046.0,562,5.8570191860198975,10
-11498.0,-12500.0,-14321.0,570,5.920605182647705,10
-12402.0,-12918.0,-13744.0,596,6.103893041610718,10
-13500.0,-12061.0,-13858.0,598,6.114289045333862,10
-13648.0,-12991.0,-13060.0,604,6.149082183837891,10
-13902.0,-12361.0,-13231.0,604,6.1490960121154785,10
-13330.0,-12212.0,-13799.0,611,6.177980184555054,10
-13637.0,-12815.0,-13110.0,614,6.1867921352386475,10
-10371.0,-14312.0,-12907.0,618,6.209989070892334,10
-11155.0,-12073.0,-14676.0,618,6.209994077682495,10
-10862.0,-13685.0,-13640.0,618,6.21004319190979,10
-11278.0,-13110.0,-14010.0,618,6.210074186325073,10
-11079.0,-12744.0,-14315.0,618,6.210079193115234,10
-12165.0,-13633.0,-13308.0,625,6.284569025039673,10
-11101.0,-13094.0,-14123.0,627,6.310136079788208,10
-12243.0,-13024.0,-13800.0,628,6.318852186203003,10
-10900.0,-13543.0,-13716.0,628,6.31887412071228,10
-11382.0,-13110.0,-13982.0,629,6.326321125030518,10
-12905.0,-13461.0,-12942.0,652,6.486164093017578,10
-12944.0,-13125.0,-13103.0,694,6.705763101577759,10
-14103.0,-10976.0,-13529.0,721,6.867709159851074,10
-12337.0,-14222.0,-11865.0,729,6.947091102600098,10
-12844.0,-13604.0,-12689.0,742,7.0333380699157715,10
-12605.0,-12348.0,-14061.0,749,7.085072040557861,10
-13060.0,-14131.0,-11438.0,788,7.329946994781494,10
-13151.0,-13741.0,-12200.0,790,7.34153413772583,10
-10844.0,-12876.0,-14288.0,834,7.509520053863525,10
-10844.0,-13710.0,-13656.0,834,7.509543180465698,10
-11945.0,-14139.0,-12589.0,882,7.688544034957886,10
-11201.0,-12584.0,-14412.0,927,8.039565086364746,11
-12507.0,-12316.0,-14103.0,929,8.072865009307861,11
-14526.0,-12690.0,-11756.0,943,8.243654012680054,11
-14447.0,-12708.0,-11867.0,946,8.284149169921875,11
-14371.0,-12368.0,-12507.0,947,8.30301308631897,11
-15018.0,-11782.0,-11983.0,947,8.303017139434814,11
-14186.0,-12047.0,-12906.0,947,8.303064107894897,11
-14139.0,-12075.0,-12907.0,950,8.339795112609863,11
-14606.0,-11541.0,-12668.0,951,8.352215051651001,11
-13954.0,-11726.0,-13407.0,974,8.551995992660522,11
-14402.0,-11499.0,-12977.0,975,8.562380075454712,11
-14100.0,-12070.0,-12947.0,986,8.669131994247437,11
-14802.0,-11519.0,-12532.0,990,8.70165205001831,11
-12518.0,-13014.0,-13567.0,1004,8.781800985336304,11
-14404.0,-11633.0,-12909.0,1030,8.931838035583496,11
-14574.0,-11482.0,-12968.0,1070,9.285140037536621,11
-13826.0,-11609.0,-13627.0,1072,9.30476713180542,11
-14165.0,-11867.0,-13019.0,1096,9.440312147140503,11
-13625.0,-13235.0,-12530.0,1100,9.466578006744385,11
-13447.0,-12040.0,-13889.0,1110,9.521959066390991,11
-12992.0,-12011.0,-14099.0,1115,9.564081192016602,11
-13580.0,-12600.0,-13291.0,1124,9.58975601196289,11
-13730.0,-12641.0,-13224.0,1125,9.593715190887451,11
-13124.0,-13112.0,-13158.0,1126,9.59716510772705,11
-11056.0,-13245.0,-13926.0,1148,9.664538145065308,11
-12759.0,-12022.0,-14148.0,1148,9.664560079574585,11
-11996.0,-12647.0,-14100.0,1150,9.696766138076782,11
-10783.0,-13779.0,-13583.0,1151,9.70859408378601,11
-11474.0,-12469.0,-14440.0,1151,9.708623170852661,11
-11654.0,-12635.0,-14270.0,1151,9.708642959594727,11
-11283.0,-13275.0,-13904.0,1151,9.708647012710571,11
-10366.0,-13265.0,-14060.0,1164,9.879276037216187,11
-10506.0,-13242.0,-14123.0,1165,9.892560005187988,11
-10986.0,-13229.0,-13948.0,1167,9.90914511680603,11
-11400.0,-13039.0,-14037.0,1169,9.924417972564697,11
-11222.0,-13560.0,-13683.0,1171,9.935083150863647,11
-11711.0,-12480.0,-14364.0,1172,9.944620132446289,11
-13057.0,-11828.0,-14294.0,1254,10.333554029464722,11
-14924.0,-11257.0,-12450.0,1288,10.551505088806152,11
-14383.0,-12252.0,-12296.0,1300,10.633219957351685,11
-13073.0,-13967.0,-11620.0,1323,10.777291059494019,11
-12854.0,-11958.0,-14214.0,1359,10.973751068115234,11
-11292.0,-13818.0,-13363.0,1514,11.52822208404541,11
-13983.0,-11022.0,-13695.0,1536,11.591231107711792,12
-11427.0,-12482.0,-14338.0,1544,11.704514026641846,12
-12396.0,-11452.0,-14719.0,1544,11.704530000686646,12
-12397.0,-14524.0,-10657.0,1586,12.22163200378418,12
-14011.0,-13308.0,-11666.0,1586,12.221708059310913,12
-11845.0,-14658.0,-11009.0,1587,12.237106084823608,12
-14652.0,-11897.0,-12401.0,1670,12.919077157974243,12
-14632.0,-12005.0,-12284.0,1672,12.931074142456055,12
-14531.0,-12294.0,-12083.0,1673,12.935453176498413,12
-14784.0,-12546.0,-11417.0,1680,13.029461145401001,12
-12436.0,-12446.0,-14087.0,1702,13.13946008682251,12
-11377.0,-12140.0,-14601.0,1738,13.330116987228394,12
-11827.0,-14075.0,-12590.0,1748,13.430021047592163,12
-14334.0,-12714.0,-11966.0,1768,13.594763994216919,12
-12472.0,-14179.0,-11959.0,1782,13.695420026779175,12
-14617.0,-11280.0,-12868.0,1808,13.822030067443848,12
-12803.0,-13628.0,-12653.0,1840,13.9428391456604,12
-13518.0,-13476.0,-12277.0,1899,14.208137035369873,12
-12542.0,-12305.0,-14157.0,1935,14.364470958709717,12
-11460.0,-13075.0,-13984.0,1935,14.364480018615723,12
-11612.0,-12643.0,-14294.0,1971,14.607556104660034,12
-14871.0,-12571.0,-10957.0,2420,16.96192717552185,13
-14428.0,-13340.0,-11124.0,2420,16.961963176727295,13
-14412.0,-11675.0,-12891.0,2436,17.144057989120483,13
-14485.0,-12083.0,-12471.0,2436,17.144098043441772,13
-14479.0,-12321.0,-12056.0,2439,17.168045043945312,13
-14849.0,-11930.0,-12111.0,2442,17.188982009887695,13
-14890.0,-11327.0,-12344.0,2504,17.584562063217163,13
-14472.0,-12966.0,-11260.0,2572,17.966176986694336,13
-11602.0,-12666.0,-14180.0,2639,18.294254064559937,13
-14379.0,-12462.0,-12300.0,2684,18.645013093948364,13
-14294.0,-11842.0,-12992.0,2730,18.917209148406982,13
-13495.0,-13720.0,-11747.0,2780,19.094470977783203,13
-10747.0,-13820.0,-13465.0,2849,19.319883108139038,13
-12247.0,-12080.0,-14391.0,2851,19.34465217590332,13
-10692.0,-14338.0,-12766.0,2865,19.472239017486572,13
-10719.0,-13002.0,-14274.0,2891,19.590378999710083,13
-13952.0,-11034.0,-13565.0,3251,20.938717126846313,14
-12201.0,-11595.0,-14631.0,3255,21.000025987625122,14
-11820.0,-11694.0,-14744.0,3268,21.145946979522705,14
-13933.0,-11105.0,-13591.0,3270,21.177675008773804,14
-11282.0,-12242.0,-14562.0,3309,21.582542181015015,14
-11381.0,-12079.0,-14632.0,3309,21.582601070404053,14
-12000.0,-12412.0,-14277.0,3310,21.598908185958862,14
-10989.0,-12734.0,-14322.0,3311,21.614232063293457,14
-12576.0,-12170.0,-14252.0,3313,21.63566303253174,14
-14548.0,-13202.0,-10736.0,3352,21.964123010635376,14
-14863.0,-12611.0,-10857.0,3353,21.98169708251953,14
-14915.0,-12311.0,-10755.0,3354,21.99719214439392,14
-14573.0,-12719.0,-11464.0,3354,21.99725103378296,14
-14442.0,-12997.0,-11298.0,3354,21.99726414680481,14
-13920.0,-13424.0,-11222.0,3355,22.00906205177307,14
-10875.0,-13604.0,-13587.0,3827,24.39871907234192,14
-11505.0,-12413.0,-14380.0,3982,25.09985613822937,14
-13615.0,-13910.0,-10648.0,4272,26.67145299911499,15
-14065.0,-13475.0,-11044.0,4272,26.67145800590515,15
-14568.0,-12991.0,-11102.0,4272,26.67149806022644,15
-14961.0,-12302.0,-10997.0,4278,26.74944019317627,15
-15065.0,-11959.0,-11317.0,4278,26.749449014663696,15
-14901.0,-10966.0,-12543.0,4306,26.963276147842407,15
-14684.0,-11624.0,-12555.0,4533,27.889292001724243,15
-14630.0,-11261.0,-12894.0,4533,27.889296054840088,15
-11080.0,-12224.0,-14692.0,5046,30.320619106292725,16
-11597.0,-12176.0,-14557.0,5046,30.320624113082886,16
-12781.0,-12448.0,-13865.0,5062,30.47466516494751,16
-14388.0,-13380.0,-11044.0,5115,30.717265129089355,16
-14355.0,-12932.0,-11544.0,5115,30.71727418899536,16
-14887.0,-11635.0,-12230.0,5332,31.773362159729004,16
-15011.0,-11293.0,-12239.0,5333,31.782845973968506,16
-11805.0,-12422.0,-14306.0,5548,32.6609160900116,16
-13888.0,-10816.0,-13801.0,6212,35.70350408554077,18
-10095.0,-14056.0,-13431.0,6558,37.325430154800415,18
-10444.0,-13803.0,-13516.0,6558,37.32543396949768,18
-11314.0,-13566.0,-13572.0,6569,37.390398025512695,18
-14019.0,-13653.0,-10719.0,6746,38.28259301185608,19
