z1,z2,z3,node,time,depth
-3694.0,-3113.0,-3309.0,1,0.002535104751586914,1
-4563.0,-2768.0,-2847.0,1,0.0025420188903808594,1
-3493.0,-2031.0,-3442.0,4,0.008437156677246094,3
-3634.0,-1580.0,-3554.0,10,0.018938064575195312,4
-4204.0,-1580.0,-2889.0,41,0.05372118949890137,6
-3763.0,-2220.0,-2890.0,69,0.0747830867767334,7
-4005.0,-1725.0,-2969.0,70,0.07516717910766602,7
-3904.0,-1769.0,-3002.0,80,0.08115601539611816,7
-3758.0,-1923.0,-3135.0,87,0.08551907539367676,7
-3160.0,-2103.0,-3808.0,92,0.08833003044128418,7
-2637.0,-2738.0,-3336.0,99,0.09255504608154297,7
-2889.0,-2268.0,-3597.0,111,0.09965300559997559,7
-2589.0,-2457.0,-3710.0,111,0.0996541976928711,7
-2461.0,-3270.0,-3030.0,115,0.10214710235595703,7
-3031.0,-3270.0,-2365.0,120,0.10527515411376953,7
-2328.0,-2657.0,-3665.0,182,0.13589811325073242,8
-4001.0,-1752.0,-2940.0,232,0.15949010848999023,9
-3696.0,-1644.0,-3298.0,258,0.1712181568145752,9
-3754.0,-1950.0,-3106.0,266,0.17450809478759766,9
-2803.0,-2142.0,-3797.0,278,0.17929911613464355,9
-2686.0,-2440.0,-3648.0,308,0.1916360855102539,9
-3672.0,-1797.0,-3335.0,368,0.21681499481201172,10
-3184.0,-1950.0,-3771.0,374,0.2189631462097168,10
-2481.0,-3144.0,-2964.0,406,0.23105907440185547,10
-4575.0,-1725.0,-2304.0,438,0.24142813682556152,11
-3920.0,-2799.0,-1837.0,440,0.2420060634613037,11
-2685.0,-2618.0,-3676.0,448,0.24477815628051758,11
-3055.0,-3117.0,-2328.0,462,0.24886512756347656,11
-2187.0,-3108.0,-3553.0,464,0.2494490146636963,11
-2457.0,-3297.0,-3001.0,468,0.25057315826416016,11
-3051.0,-3144.0,-2299.0,470,0.2511591911315918,11
-2662.0,-2593.0,-3685.0,474,0.2523322105407715,11
