z1,z2,z3,node,time,depth
3698.0,1633.0,5354.0,1,0.020206212997436523,1
4584.0,1165.0,4752.0,1,0.020209074020385742,1
1731.0,5303.0,3645.0,1,0.020212173461914062,1
2013.0,5716.0,3131.0,1,0.02021503448486328,1
2059.0,3620.0,4879.0,1,0.020219087600708008,1
4281.0,1739.0,4149.0,1,0.020222187042236328,1
4728.0,1181.0,4585.0,1,0.020225048065185547,1
4839.0,1180.0,4501.0,1,0.020228147506713867,1
4789.0,4264.0,1738.0,1,0.020231008529663086,1
3561.0,5738.0,1795.0,1,0.020235061645507812,1
3000.0,5816.0,2072.0,1,0.020238161087036133,1
2264.0,5412.0,2828.0,1,0.02024102210998535,1
2740.0,5671.0,2214.0,1,0.020244121551513672,1
2546.0,5825.0,2314.0,1,0.020247220993041992,1
5286.0,2085.0,3156.0,1,0.02025008201599121,1
5462.0,2458.0,2848.0,1,0.02025318145751953,1
5379.0,1636.0,3623.0,1,0.020257234573364258,1
5079.0,2038.0,3226.0,1,0.020260095596313477,1
5132.0,1381.0,4047.0,1,0.020263195037841797,1
2653.0,4856.0,2826.0,1,0.020266056060791016,1
1700.0,4265.0,4864.0,1,0.020269155502319336,1
3120.0,2210.0,5166.0,1,0.020272016525268555,1
1681.0,5246.0,3811.0,1,0.02027606964111328,1
1716.0,4341.0,4645.0,1,0.0202791690826416,1
1695.0,4443.0,4574.0,1,0.02028203010559082,1
4339.0,2395.0,3244.0,1,0.02028512954711914,1
4685.0,1939.0,3611.0,1,0.02028822898864746,1
4392.0,1738.0,4065.0,1,0.02029109001159668,1
3194.0,5662.0,1972.0,1,0.020295143127441406,1
4246.0,5101.0,1648.0,1,0.020298004150390625,1
3493.0,4936.0,2068.0,1,0.020301103591918945,1
4719.0,3411.0,2178.0,1,0.020304203033447266,1
4839.0,2643.0,2720.0,1,0.020307064056396484,1
4873.0,3212.0,2289.0,1,0.02031111717224121,1
4346.0,3134.0,2613.0,1,0.02031707763671875,1
3036.0,4201.0,2960.0,1,0.02032017707824707,1
2177.0,4597.0,3440.0,1,0.02032303810119629,1
3406.0,4121.0,2680.0,1,0.02032613754272461,1
4473.0,1166.0,4836.0,1,0.02032923698425293,1
3895.0,1743.0,4648.0,1,0.020333051681518555,1
2072.0,3672.0,4618.0,1,0.020336151123046875,1
2645.0,2757.0,5078.0,1,0.020339012145996094,1
2495.0,3027.0,4871.0,1,0.020342111587524414,1
3136.0,2286.0,4947.0,1,0.020345211029052734,1
2661.0,2833.0,4859.0,1,0.020348072052001953,1
2511.0,3103.0,4652.0,1,0.020351171493530273,1
3911.0,1819.0,4429.0,1,0.020355224609375,1
3436.0,2366.0,4341.0,1,0.02035808563232422,1
3969.0,2475.0,3524.0,1,0.02036118507385254,1
2080.0,3895.0,4249.0,1,0.020364046096801758,1
1724.0,4564.0,4276.0,1,0.020367145538330078,1
1703.0,4666.0,4205.0,1,0.020370006561279297,1
4632.0,2596.0,2790.0,1,0.020373106002807617,1
4262.0,2676.0,3070.0,1,0.020376205444335938,1
3073.0,2450.0,5059.0,2,0.04491400718688965,2
4943.0,4065.0,1849.0,2,0.044924020767211914,2
5186.0,3663.0,2080.0,2,0.04496312141418457,2
4217.0,4345.0,2017.0,2,0.044985055923461914,2
4702.0,3449.0,2350.0,2,0.0450291633605957,2
3740.0,2627.0,3892.0,2,0.04504513740539551,2
2939.0,3499.0,3769.0,2,0.045057058334350586,2
3370.0,2707.0,4172.0,2,0.045060157775878906,2
4033.0,2828.0,3438.0,2,0.045063018798828125,2
4130.0,3530.0,2629.0,2,0.04506707191467285,2
5099.0,2848.0,2692.0,2,0.04507017135620117,2
4727.0,3227.0,2549.0,2,0.04507303237915039,2
2802.0,3780.0,3735.0,3,0.0630791187286377,2
3577.0,3313.0,3217.0,3,0.06308221817016602,2
2755.0,3511.0,4008.0,3,0.06308507919311523,2
2244.0,3778.0,4462.0,3,0.06308817863464355,2
2889.0,4595.0,3123.0,3,0.06315422058105469,2
4034.0,4048.0,2325.0,3,0.0631570816040039,2
3735.0,4774.0,2229.0,3,0.06316018104553223,2
2636.0,2940.0,4769.0,3,0.06316304206848145,2
2197.0,3509.0,4735.0,3,0.06316614151000977,2
2972.0,3042.0,4217.0,3,0.06316900253295898,2
3411.0,2473.0,4251.0,3,0.0631721019744873,2
3365.0,4854.0,2509.0,3,0.06319117546081543,2
3664.0,4128.0,2605.0,3,0.06319713592529297,2
4226.0,4291.0,2182.0,3,0.06320619583129883,2
3530.0,3044.0,3490.0,3,0.06321215629577637,2
3976.0,3214.0,2893.0,3,0.06321501731872559,2
2082.0,4435.0,4029.0,4,0.0845491886138916,3
2468.0,3785.0,4187.0,4,0.08455204963684082,3
2167.0,4710.0,3637.0,4,0.08455801010131836,3
2032.0,4378.0,4195.0,4,0.08458709716796875,3
2615.0,4544.0,3212.0,4,0.08459305763244629,3
2518.0,3842.0,4021.0,4,0.08459615707397461,3
3420.0,3418.0,3405.0,4,0.08459901809692383,3
4337.0,3577.0,2559.0,4,0.08461713790893555,3
3844.0,4068.0,2452.0,4,0.08462405204772949,3
4416.0,3987.0,2173.0,4,0.08462715148925781,3
3300.0,4186.0,2863.0,4,0.08466601371765137,3
3123.0,5016.0,2348.0,4,0.0846700668334961,3
1985.0,5079.0,3691.0,5,0.10213208198547363,3
2459.0,5010.0,2926.0,5,0.10214519500732422,3
3309.0,3419.0,3489.0,5,0.1022040843963623,3
4159.0,4286.0,2260.0,5,0.10220718383789062,3
2913.0,5001.0,2684.0,5,0.10221004486083984,3
3107.0,4847.0,2584.0,5,0.10221314430236816,3
3837.0,3329.0,3083.0,5,0.10222506523132324,3
3871.0,1699.0,5231.0,6,0.12087512016296387,3
3293.0,2276.0,5043.0,6,0.12087821960449219,3
4006.0,1742.0,4564.0,6,0.12088513374328613,3
2818.0,2823.0,4955.0,6,0.12088823318481445,3
3201.0,3681.0,3411.0,6,0.12090015411376953,3
3917.0,2285.0,3977.0,6,0.12090301513671875,3
3531.0,2289.0,4476.0,6,0.1209251880645752,3
2868.0,2880.0,4789.0,6,0.12092804908752441,3
2284.0,4324.0,4123.0,6,0.12093806266784668,3
3331.0,2981.0,3915.0,6,0.12096905708312988,3
2404.0,3556.0,4665.0,6,0.1209721565246582,3
2668.0,3572.0,4228.0,6,0.12097501754760742,3
2643.0,3679.0,4138.0,6,0.12097811698913574,3
3306.0,3088.0,3825.0,6,0.12098121643066406,3
3717.0,2977.0,3416.0,6,0.12099409103393555,3
3692.0,3084.0,3326.0,6,0.12099719047546387,3
4192.0,2430.0,3504.0,6,0.12100005149841309,3
4546.0,2442.0,3174.0,6,0.12100601196289062,3
2526.0,4191.0,3948.0,7,0.13738322257995605,3
3947.0,3233.0,2937.0,7,0.1373891830444336,3
4786.0,1837.0,3680.0,7,0.13739609718322754,3
3454.0,4113.0,2941.0,7,0.13741421699523926,3
5268.0,1637.0,3707.0,7,0.13742709159851074,3
5021.0,1382.0,4131.0,7,0.13743305206298828,3
3648.0,3959.0,2841.0,7,0.13744807243347168,3
3278.0,4039.0,3121.0,7,0.1374521255493164,3
3084.0,4193.0,3221.0,7,0.13745522499084473,3
4139.0,3476.0,2794.0,7,0.13748908042907715,3
4371.0,4146.0,2128.0,8,0.1590721607208252,4
4400.0,4902.0,1759.0,8,0.15910816192626953,4
1910.0,4713.0,4135.0,8,0.15913105010986328,4
3252.0,5654.0,2224.0,8,0.1591510772705078,4
3446.0,5500.0,2124.0,8,0.15915417671203613,4
2992.0,5509.0,2366.0,8,0.15915822982788086,4
2350.0,4115.0,4109.0,8,0.15916109085083008,4
2371.0,4013.0,4217.0,8,0.15916705131530762,4
3613.0,4168.0,2610.0,8,0.1591942310333252,4
3946.0,4911.0,2001.0,8,0.15919709205627441,4
2447.0,4817.0,3300.0,8,0.15920305252075195,4
2959.0,4118.0,3323.0,8,0.159210205078125,4
3243.0,4248.0,2890.0,8,0.15921306610107422,4
2842.0,5430.0,2548.0,8,0.15922021865844727,4
3265.0,3322.0,3746.0,9,0.17612504959106445,4
3516.0,2923.0,3886.0,10,0.19251108169555664,4
3883.0,2106.0,4788.0,10,0.19252300262451172,4
3705.0,4295.0,2502.0,10,0.19255423545837402,4
3613.0,3625.0,3077.0,10,0.19255709648132324,4
2478.0,4199.0,3687.0,11,0.2042691707611084,4
2470.0,3976.0,4056.0,11,0.20429420471191406,4
3354.0,2631.0,4391.0,11,0.20430922508239746,4
2931.0,3276.0,4138.0,11,0.20431208610534668,4
2918.0,3224.0,4399.0,11,0.204315185546875,4
4469.0,2723.0,3000.0,12,0.22213101387023926,4
3841.0,3298.0,3120.0,12,0.22214317321777344,4
4349.0,3491.0,2458.0,12,0.22214603424072266,4
4877.0,1366.0,4298.0,12,0.22214913368225098,4
4717.0,1446.0,4413.0,12,0.2221522331237793,4
4153.0,1957.0,4349.0,12,0.22215509414672852,4
2842.0,4326.0,3396.0,12,0.22218012809753418,4
2912.0,3125.0,4474.0,12,0.22219300270080566,4
3961.0,2530.0,3662.0,12,0.22219610214233398,4
3617.0,3859.0,2878.0,12,0.2221992015838623,4
3380.0,3998.0,3038.0,12,0.22220206260681152,4
3500.0,3230.0,3580.0,12,0.22220516204833984,4
3483.0,4094.0,2897.0,13,0.23820209503173828,4
2593.0,3622.0,4304.0,13,0.23820900917053223,4
4993.0,1884.0,3610.0,13,0.2382211685180664,4
2618.0,3515.0,4394.0,13,0.23822808265686035,4
3853.0,4014.0,2617.0,13,0.2382371425628662,4
4793.0,2576.0,3049.0,13,0.2382500171661377,4
5086.0,1435.0,4077.0,13,0.23825311660766602,4
2614.0,3698.0,4182.0,14,0.2527182102203369,4
3172.0,3700.0,3455.0,14,0.2527310848236084,4
2286.0,3402.0,5063.0,14,0.25274014472961426,4
2620.0,2864.0,4988.0,14,0.2527740001678467,4
3420.0,2290.0,4560.0,14,0.252777099609375,4
3395.0,2397.0,4470.0,14,0.2527801990509033,4
3125.0,3431.0,3728.0,14,0.25278306007385254,4
2567.0,3429.0,4455.0,14,0.25278615951538086,4
3900.0,2964.0,3210.0,14,0.2527890205383301,4
3342.0,2962.0,3937.0,14,0.2527921199798584,4
3781.0,2393.0,3971.0,14,0.25280213356018066,4
3806.0,2286.0,4061.0,14,0.252805233001709,4
4204.0,2020.0,3975.0,15,0.263031005859375,4
3769.0,3556.0,3074.0,15,0.2630932331085205,4
4925.0,3949.0,2087.0,16,0.2829570770263672,5
4382.0,4786.0,1997.0,16,0.2829601764678955,5
3984.0,2907.0,3469.0,16,0.28304600715637207,5
2073.0,4922.0,3898.0,17,0.3054661750793457,5
3745.0,4774.0,2220.0,17,0.3054821491241455,5
3967.0,3657.0,2839.0,17,0.30552220344543457,5
1723.0,5080.0,4014.0,18,0.3225111961364746,5
2914.0,4190.0,3362.0,18,0.3225290775299072,5
2117.0,4653.0,3803.0,18,0.32254505157470703,5
2159.0,4487.0,4006.0,18,0.32255101203918457,5
4024.0,3595.0,2812.0,18,0.3225691318511963,5
3873.0,4824.0,2083.0,19,0.3351130485534668,5
2897.0,4957.0,2698.0,19,0.33515000343322754,5
3419.0,4833.0,2325.0,19,0.33515310287475586,5
3091.0,4803.0,2598.0,19,0.3351562023162842,5
3328.0,2465.0,4808.0,20,0.35262608528137207,5
3999.0,4366.0,2375.0,20,0.3526320457458496,5
3412.0,4094.0,2956.0,20,0.3527061939239502,5
2608.0,3805.0,3843.0,20,0.3527090549468994,5
3084.0,4064.0,3229.0,20,0.35271215438842773,5
3321.0,2759.0,4381.0,21,0.3701481819152832,5
1832.0,4306.0,4399.0,21,0.37018322944641113,5
2804.0,3304.0,4198.0,21,0.37018609046936035,5
1824.0,4083.0,4768.0,21,0.37020111083984375,5
2247.0,3438.0,5021.0,21,0.3702080249786377,5
2901.0,4006.0,3389.0,21,0.37021708488464355,5
3377.0,4265.0,2775.0,21,0.3702511787414551,5
3467.0,3409.0,3363.0,22,0.3831520080566406,5
2451.0,3825.0,4392.0,24,0.40517210960388184,5
4154.0,3280.0,2867.0,24,0.4051940441131592,5
4613.0,3984.0,2289.0,24,0.4052410125732422,5
4380.0,4092.0,2293.0,24,0.4052441120147705,5
3009.0,3827.0,3665.0,24,0.40525317192077637,5
3855.0,4006.0,2771.0,24,0.4052560329437256,5
3784.0,3360.0,3147.0,24,0.4052741527557373,5
2309.0,4217.0,4213.0,25,0.4204750061035156,5
5166.0,2853.0,2614.0,25,0.420490026473999,5
5259.0,2404.0,3081.0,25,0.42049312591552734,5
3455.0,3302.0,3619.0,25,0.4205150604248047,5
4678.0,3048.0,2784.0,26,0.4342660903930664,5
4176.0,2522.0,3454.0,26,0.43430614471435547,5
3892.0,2392.0,3887.0,26,0.4343302249908447,5
2843.0,2987.0,4699.0,26,0.43433308601379395,5
4639.0,1872.0,3940.0,27,0.4448370933532715,5
4886.0,2127.0,3516.0,27,0.4448401927947998,5
3178.0,2866.0,4261.0,28,0.4576911926269531,5
3953.0,2399.0,3743.0,28,0.4577341079711914,5
4574.0,1940.0,3695.0,29,0.46535706520080566,5
3506.0,2206.0,4667.0,29,0.465360164642334,5
3031.0,2753.0,4579.0,29,0.4653890132904053,5
3006.0,2860.0,4489.0,29,0.4653952121734619,5
3704.0,2674.0,3797.0,30,0.47521305084228516,5
3819.0,2348.0,3988.0,30,0.4752190113067627,5
3019.0,3311.0,3944.0,30,0.475222110748291,5
3480.0,2611.0,4026.0,30,0.4752321243286133,5
3194.0,2942.0,4042.0,31,0.480457067489624,5
3314.0,4894.0,2514.0,32,0.4949970245361328,6
3676.0,4341.0,2540.0,32,0.49503302574157715,6
3839.0,4584.0,2396.0,33,0.5139100551605225,6
2729.0,5230.0,2786.0,33,0.5139222145080566,6
4713.0,4230.0,2063.0,34,0.5413000583648682,6
3142.0,4622.0,2888.0,34,0.5413060188293457,6
3618.0,4881.0,2274.0,34,0.5413122177124023,6
3375.0,4854.0,2500.0,35,0.5580501556396484,6
4057.0,4425.0,2132.0,36,0.5747852325439453,6
4086.0,5181.0,1763.0,36,0.5748171806335449,6
4629.0,4344.0,1853.0,36,0.5748200416564941,6
3847.0,4425.0,2297.0,37,0.5893690586090088,6
2988.0,4821.0,2777.0,37,0.5893721580505371,6
3792.0,5110.0,1890.0,37,0.5893750190734863,6
3270.0,5234.0,2263.0,37,0.5893781185150146,6
3464.0,5080.0,2163.0,37,0.589381217956543,6
3190.0,4018.0,3165.0,38,0.6230971813201904,6
3215.0,3911.0,3255.0,38,0.6231012344360352,6
2800.0,4255.0,3507.0,39,0.6333482265472412,6
2897.0,3257.0,4405.0,40,0.6488850116729736,6
2890.0,4218.0,3329.0,41,0.6585850715637207,6
3258.0,3295.0,3956.0,42,0.6756651401519775,6
3305.0,2683.0,4600.0,42,0.6756801605224609,6
3355.0,3997.0,3147.0,42,0.6757140159606934,6
3831.0,4256.0,2533.0,42,0.6757211685180664,6
4332.0,3529.0,2630.0,44,0.7030971050262451,6
3179.0,3089.0,4147.0,48,0.7373921871185303,6
4503.0,3292.0,2569.0,48,0.737450122833252,6
4300.0,2267.0,3624.0,48,0.7374680042266846,6
4286.0,3886.0,2477.0,49,0.7504220008850098,6
3259.0,4515.0,2843.0,50,0.7661261558532715,6
3128.0,3832.0,3599.0,50,0.766132116317749,6
3574.0,3958.0,2976.0,50,0.7661452293395996,6
3944.0,3878.0,2696.0,50,0.7661480903625488,6
3019.0,3895.0,3627.0,51,0.821054220199585,6
3084.0,3750.0,3695.0,51,0.82106614112854,6
3059.0,3857.0,3605.0,51,0.8210840225219727,6
2994.0,4002.0,3537.0,51,0.821087121963501,6
3343.0,2333.0,4877.0,52,0.8348410129547119,6
3771.0,2909.0,3692.0,52,0.83486008644104,6
3905.0,1680.0,5284.0,52,0.8348960876464844,6
4308.0,3128.0,3064.0,53,0.845574140548706,6
3618.0,2520.0,4181.0,53,0.8456120491027832,6
3571.0,3601.0,3131.0,54,0.8565800189971924,6
3418.0,3212.0,3620.0,55,0.863828182220459,6
3259.0,2202.0,5320.0,56,0.8743300437927246,6
4034.0,1735.0,4802.0,56,0.8743391036987305,6
4606.0,1447.0,4497.0,56,0.8743422031402588,6
4766.0,1367.0,4382.0,56,0.874345064163208,6
4975.0,1436.0,4161.0,57,0.8821861743927002,6
4871.0,2238.0,3365.0,58,0.8906562328338623,6
4074.0,2594.0,3517.0,58,0.8906872272491455,6
4189.0,2268.0,3708.0,58,0.890693187713623,6
3389.0,3231.0,3664.0,58,0.8906960487365723,6
3850.0,2531.0,3746.0,58,0.8907051086425781,6
3564.0,2862.0,3762.0,59,0.8965651988983154,6
3181.0,3337.0,3930.0,60,0.9048621654510498,6
3756.0,2434.0,4194.0,60,0.904865026473999,6
2705.0,3078.0,4544.0,60,0.9048681259155273,6
3037.0,3924.0,3494.0,62,0.9172530174255371,6
3146.0,3546.0,3699.0,64,0.934049129486084,7
3306.0,4421.0,2820.0,64,0.934096097946167,7
2838.0,4635.0,3128.0,65,0.9488692283630371,7
3469.0,4664.0,2676.0,67,0.9840471744537354,7
3552.0,4024.0,3015.0,70,1.0362122058868408,7
3870.0,2955.0,3648.0,71,1.049131155014038,7
2478.0,4783.0,3370.0,72,1.0667400360107422,7
2839.0,4886.0,2781.0,72,1.0667951107025146,7
2864.0,4779.0,2871.0,72,1.066798210144043,7
2449.0,5123.0,3123.0,73,1.0799150466918945,7
2643.0,4969.0,3023.0,73,1.0799391269683838,7
3001.0,4912.0,2767.0,73,1.079942226409912,7
4559.0,4429.0,1952.0,74,1.0926761627197266,7
3700.0,4440.0,2465.0,74,1.092729091644287,7
3724.0,5225.0,2021.0,75,1.105659008026123,7
3918.0,5071.0,1921.0,75,1.1056652069091797,7
3219.0,4774.0,2796.0,76,1.1186180114746094,7
2891.0,4744.0,3069.0,76,1.1186370849609375,7
2066.0,4359.0,4248.0,77,1.1305651664733887,7
2169.0,4374.0,3809.0,80,1.1661441326141357,7
2556.0,4154.0,3635.0,81,1.1773300170898438,7
2362.0,4308.0,3735.0,81,1.177333116531372,7
2816.0,4299.0,3493.0,81,1.1773571968078613,7
2861.0,3564.0,3980.0,82,1.189810037612915,7
2312.0,3379.0,5016.0,82,1.1898221969604492,7
2328.0,3455.0,4797.0,82,1.1898250579833984,7
3538.0,4055.0,2987.0,83,1.198113203048706,7
2987.0,3362.0,4038.0,83,1.1981360912322998,7
2286.0,4297.0,4157.0,84,1.2104010581970215,7
1966.0,4226.0,4748.0,86,1.2361531257629395,7
2987.0,4253.0,3169.0,86,1.236187219619751,7
2114.0,4719.0,3885.0,86,1.2362182140350342,7
2890.0,3551.0,3978.0,86,1.2362210750579834,7
3498.0,3703.0,3309.0,87,1.2452521324157715,7
3572.0,3528.0,3356.0,90,1.2731671333312988,7
2848.0,4119.0,3407.0,90,1.2731702327728271,7
2909.0,3407.0,4090.0,90,1.2731850147247314,7
3451.0,3333.0,3582.0,91,1.2787480354309082,7
3028.0,3978.0,3329.0,91,1.2787511348724365,7
3663.0,2908.0,3718.0,94,1.2949352264404297,7
3251.0,2862.0,4436.0,96,1.3128361701965332,7
4185.0,2593.0,3433.0,96,1.3128480911254883,7
4107.0,3011.0,3140.0,97,1.3256921768188477,7
3379.0,3747.0,3385.0,98,1.33732008934021,7
3687.0,2658.0,3956.0,99,1.3427371978759766,7
3916.0,3966.0,2757.0,99,1.3427410125732422,7
3542.0,4024.0,3024.0,100,1.3618521690368652,7
2951.0,4662.0,3084.0,100,1.3618731498718262,7
4065.0,3361.0,2891.0,102,1.3788111209869385,7
4180.0,3035.0,3082.0,102,1.378829002380371,7
4160.0,1695.0,5033.0,104,1.3986060619354248,7
4126.0,1714.0,4980.0,104,1.3986420631408691,7
3006.0,2641.0,5097.0,105,1.4104411602020264,7
3056.0,2698.0,4931.0,105,1.4104681015014648,7
4118.0,1866.0,4359.0,107,1.4271981716156006,7
3643.0,2413.0,4271.0,107,1.4272260665893555,7
3199.0,3964.0,3330.0,108,1.436263084411621,7
2652.0,3496.0,4447.0,109,1.4448390007019043,7
2627.0,3603.0,4357.0,109,1.4448730945587158,7
3953.0,1648.0,5103.0,114,1.479377031326294,7
4126.0,2354.0,3914.0,116,1.4921510219573975,7
3075.0,2998.0,4264.0,116,1.4921541213989258,7
3407.0,3844.0,3214.0,118,1.5014710426330566,7
2929.0,3141.0,4315.0,120,1.5167710781097412,7
2849.0,2651.0,5001.0,120,1.516787052154541,7
4044.0,2100.0,4090.0,122,1.529435157775879,7
3544.0,2754.0,3912.0,122,1.5294451713562012,7
4102.0,2756.0,3185.0,124,1.5360610485076904,7
3327.0,3223.0,3703.0,124,1.5360641479492188,7
3499.0,3771.0,3292.0,124,1.5360682010650635,7
2685.0,4246.0,3617.0,128,1.5595850944519043,8
2439.0,4594.0,3669.0,129,1.5705950260162354,8
2468.0,4715.0,3408.0,129,1.570622205734253,8
3415.0,3219.0,3816.0,131,1.5942511558532715,8
3086.0,5319.0,2542.0,132,1.616584062576294,8
4001.0,4226.0,2408.0,143,1.77248215675354,8
3074.0,5068.0,2557.0,144,1.7904160022735596,8
4104.0,4901.0,1885.0,145,1.8031201362609863,8
2453.0,4890.0,3280.0,145,1.803178071975708,8
3026.0,4314.0,3157.0,147,1.8414151668548584,8
4814.0,4042.0,1937.0,151,1.883742094039917,8
3443.0,3777.0,3302.0,152,1.8959500789642334,8
2868.0,4303.0,3349.0,154,1.91664719581604,8
3727.0,3907.0,2869.0,154,1.9166741371154785,8
4097.0,3827.0,2589.0,154,1.916680097579956,8
2335.0,4194.0,4166.0,154,1.9167101383209229,8
3545.0,4794.0,2356.0,155,1.9285001754760742,8
3351.0,4948.0,2456.0,155,1.9285030364990234,8
2741.0,4293.0,3530.0,160,1.9751272201538086,8
2973.0,4663.0,2922.0,160,1.9751331806182861,8
3020.0,4932.0,2649.0,160,1.975142002105713,8
1953.0,4024.0,5001.0,160,1.9751710891723633,8
2994.0,3959.0,3596.0,161,1.9907290935516357,8
2728.0,3455.0,4351.0,163,2.0520520210266113,8
3280.0,3563.0,3584.0,172,2.135745048522949,8
2458.0,3678.0,4307.0,174,2.1514880657196045,8
3760.0,3610.0,2909.0,182,2.208874225616455,8
3873.0,2908.0,3553.0,188,2.238969087600708,8
3503.0,2988.0,3833.0,188,2.2389721870422363,8
4810.0,3298.0,2495.0,192,2.2603821754455566,8
4219.0,3162.0,3002.0,193,2.272956132888794,8
3655.0,2610.0,4180.0,196,2.2998430728912354,8
3847.0,3533.0,3077.0,198,2.311385154724121,8
3905.0,3441.0,3006.0,204,2.3600220680236816,8
3987.0,3779.0,2598.0,206,2.37711501121521,8
3040.0,2622.0,5150.0,211,2.426330089569092,8
4160.0,2446.0,3673.0,215,2.4494612216949463,8
3263.0,3748.0,3372.0,218,2.4702200889587402,8
2730.0,3639.0,4189.0,218,2.4702231884002686,8
3905.0,2795.0,3558.0,220,2.4834821224212646,8
3760.0,1700.0,5315.0,228,2.525912046432495,8
3182.0,2277.0,5127.0,228,2.5259151458740234,8
3240.0,2933.0,4222.0,228,2.525937080383301,8
2707.0,2824.0,5039.0,228,2.525940179824829,8
4253.0,1728.0,4497.0,230,2.5357730388641357,8
4228.0,1835.0,4407.0,230,2.535776138305664,8
3219.0,2571.0,4721.0,232,2.5460782051086426,8
3931.0,2190.0,4409.0,232,2.546081066131592,8
4414.0,2020.0,3810.0,234,2.559622049331665,8
4711.0,2318.0,3480.0,234,2.5596251487731934,8
3914.0,2674.0,3632.0,234,2.5596320629119873,8
4472.0,2676.0,2905.0,236,2.5713961124420166,8
2769.0,3221.0,4430.0,240,2.5860040187835693,8
3044.0,2815.0,4506.0,241,2.5905351638793945,8
2987.0,3491.0,4030.0,243,2.6032731533050537,8
3624.0,2184.0,4483.0,244,2.6070821285247803,8
3487.0,3143.0,3588.0,248,2.6173830032348633,8
2944.0,3923.0,3715.0,254,2.6310322284698486,8
3483.0,3591.0,3335.0,262,2.7026000022888184,9
3605.0,3945.0,2979.0,263,2.7086591720581055,9
4573.0,4145.0,2129.0,286,3.059080123901367,9
4919.0,3203.0,2571.0,286,3.0591161251068115,9
3107.0,5747.0,2037.0,288,3.082829236984253,9
3060.0,5478.0,2310.0,288,3.0829050540924072,9
3758.0,5151.0,2036.0,289,3.0980191230773926,9
4519.0,4479.0,1956.0,290,3.1108031272888184,9
3687.0,4505.0,2412.0,291,3.1203482151031494,9
2587.0,4720.0,3342.0,293,3.146010160446167,9
3442.0,4812.0,2535.0,302,3.230454206466675,9
4751.0,4128.0,2143.0,302,3.2304630279541016,9
2804.0,4022.0,3664.0,306,3.272066116333008,9
2446.0,4570.0,3620.0,306,3.272085189819336,9
2477.0,4552.0,3644.0,307,3.2798972129821777,9
3403.0,3729.0,3397.0,307,3.279909133911133,9
2354.0,4085.0,4104.0,320,3.4349420070648193,9
2548.0,3931.0,4004.0,320,3.4349730014801025,9
3143.0,3977.0,3466.0,324,3.4682211875915527,9
3183.0,4419.0,2875.0,340,3.6006932258605957,9
1974.0,4449.0,4379.0,341,3.6093831062316895,9
3170.0,3297.0,3995.0,342,3.6174871921539307,9
3042.0,3688.0,3751.0,356,3.7077531814575195,9
3412.0,3608.0,3471.0,356,3.7077560424804688,9
3970.0,3610.0,2744.0,360,3.725006103515625,9
3600.0,3690.0,3024.0,360,3.7250092029571533,9
4982.0,2237.0,3281.0,378,3.8102011680603027,9
5555.0,2009.0,3315.0,378,3.810211181640625,9
4411.0,2067.0,3905.0,379,3.820482015609741,9
3226.0,3358.0,3874.0,390,3.893334150314331,9
3352.0,3895.0,3370.0,392,3.9078900814056396,9
3321.0,4582.0,2804.0,394,3.9273521900177,9
3784.0,3958.0,2811.0,396,3.9424681663513184,9
4559.0,3491.0,2293.0,404,3.9905381202697754,9
4189.0,3571.0,2573.0,404,3.99054217338562,9
4364.0,1727.0,4413.0,417,4.10015606880188,9
4455.0,1911.0,3995.0,418,4.1045801639556885,9
4861.0,1462.0,4246.0,442,4.218289136886597,9
4863.0,2069.0,3573.0,443,4.222676038742065,9
3478.0,2195.0,5015.0,448,4.245270013809204,9
4570.0,1868.0,4027.0,450,4.251347064971924,9
3139.0,3141.0,4150.0,454,4.265622138977051,9
3994.0,2104.0,4203.0,458,4.28687310218811,9
3857.0,3063.0,3308.0,462,4.297662019729614,9
2410.0,3220.0,4967.0,470,4.3246331214904785,9
2982.0,2932.0,4662.0,470,4.324643135070801,9
2349.0,3747.0,4571.0,474,4.344552040100098,9
3757.0,2465.0,4144.0,478,4.36004114151001,9
3185.0,2753.0,4449.0,478,4.360047101974487,9
3476.0,3355.0,3528.0,484,4.3764331340789795,9
4042.0,2934.0,3382.0,484,4.376436233520508,9
3114.0,3498.0,3923.0,498,4.428531169891357,10
4309.0,4263.0,2284.0,545,4.980354070663452,10
4715.0,3949.0,2252.0,549,5.018554210662842,10
3032.0,5476.0,2447.0,552,5.0513410568237305,10
3485.0,4713.0,2437.0,556,5.099852085113525,10
3115.0,4793.0,2717.0,556,5.099865198135376,10
4310.0,4184.0,2269.0,558,5.1669511795043945,10
4639.0,4051.0,2144.0,558,5.166954040527344,10
3150.0,4716.0,2835.0,593,5.4557390213012695,10
4539.0,3802.0,2413.0,594,5.4676501750946045,10
2558.0,4694.0,3415.0,596,5.490431070327759,10
2599.0,4468.0,3431.0,597,5.496581077575684,10
2688.0,4131.0,3712.0,601,5.522477149963379,10
2798.0,4269.0,3548.0,608,5.567321062088013,10
1708.0,4488.0,4495.0,610,5.581488132476807,10
2631.0,4588.0,3198.0,611,5.589757204055786,10
2825.0,4157.0,3542.0,611,5.5897910594940186,10
2006.0,4977.0,3762.0,612,5.602068185806274,10
2416.0,4239.0,4015.0,612,5.602074146270752,10
2452.0,3776.0,4501.0,616,5.633647203445435,10
2701.0,3567.0,4357.0,616,5.633662223815918,10
2592.0,3729.0,4062.0,627,5.697838068008423,10
3135.0,2517.0,5020.0,628,5.70777702331543,10
2573.0,3170.0,4613.0,628,5.70779013633728,10
2557.0,3094.0,4832.0,628,5.707793235778809,10
2965.0,3094.0,4410.0,629,5.711114168167114,10
3390.0,2532.0,4769.0,632,5.727978229522705,10
3086.0,3717.0,3684.0,650,5.893722057342529,10
3301.0,3196.0,3858.0,696,6.114882230758667,10
4747.0,1709.0,4060.0,708,6.175302028656006,10
4525.0,2019.0,3726.0,709,6.184255123138428,10
4217.0,3453.0,2797.0,724,6.294300079345703,10
3349.0,4778.0,2728.0,738,6.380458116531372,10
3405.0,3891.0,3128.0,750,6.452471017837524,10
4902.0,1353.0,4431.0,784,6.654684066772461,10
3831.0,1914.0,5015.0,822,6.788828134536743,10
5108.0,1717.0,3822.0,830,6.836629152297974,10
4919.0,2118.0,3341.0,830,6.836642026901245,10
4636.0,1710.0,4144.0,831,6.84415602684021,10
4015.0,1715.0,5064.0,839,6.8936262130737305,10
4526.0,1502.0,4779.0,846,6.913798093795776,10
3288.0,3273.0,3975.0,853,6.9329750537872314,10
4127.0,2385.0,3864.0,860,6.964051008224487,10
3846.0,3275.0,3248.0,866,6.9802141189575195,10
2911.0,2718.0,4962.0,880,7.01411509513855,10
2698.0,3007.0,4730.0,880,7.0141260623931885,10
2723.0,2900.0,4820.0,880,7.014132022857666,10
2457.0,3489.0,4694.0,886,7.033716201782227,10
3269.0,2567.0,4608.0,890,7.052264213562012,10
2056.0,4851.0,4097.0,920,7.124101161956787,11
1973.0,4886.0,4065.0,921,7.183915138244629,11
4542.0,4706.0,1882.0,969,7.607805013656616,11
4088.0,4715.0,2124.0,969,7.607830047607422,11
4968.0,3843.0,2048.0,1002,7.935763120651245,11
4704.0,3981.0,2284.0,1002,7.935784101486206,11
2875.0,5377.0,2645.0,1013,8.044337034225464,11
1769.0,5071.0,4194.0,1014,8.058336019515991,11
1901.0,5592.0,3336.0,1014,8.058380126953125,11
2326.0,5479.0,2789.0,1014,8.058383226394653,11
2718.0,5403.0,2586.0,1015,8.070048093795776,11
1715.0,5227.0,3864.0,1015,8.070067167282104,11
2256.0,5189.0,3197.0,1015,8.070070028305054,11
3785.0,4741.0,2301.0,1020,8.117440223693848,11
2972.0,4745.0,2996.0,1044,8.30650520324707,11
4419.0,4344.0,2018.0,1060,8.420802116394043,11
4470.0,4104.0,2154.0,1060,8.420842170715332,11
4799.0,3971.0,2029.0,1060,8.420845031738281,11
3604.0,4707.0,2593.0,1081,8.569691181182861,11
3075.0,4727.0,2817.0,1084,8.588223218917847,11
3458.0,4072.0,2951.0,1089,8.616514205932617,11
2938.0,3852.0,3726.0,1090,8.621889114379883,11
2502.0,3766.0,4240.0,1090,8.621892213821411,11
2645.0,4633.0,3195.0,1105,8.714332103729248,11
2451.0,4787.0,3295.0,1110,8.760447025299072,11
2374.0,3446.0,4977.0,1122,8.826327085494995,11
2923.0,3631.0,3941.0,1122,8.826340198516846,11
2670.0,3872.0,3804.0,1134,8.886640071868896,11
2654.0,3796.0,4023.0,1134,8.886643171310425,11
3062.0,3796.0,3601.0,1135,8.89022707939148,11
2777.0,3440.0,4357.0,1144,8.924541234970093,11
3927.0,3916.0,2868.0,1160,9.044441223144531,11
2740.0,4091.0,3793.0,1177,9.169018030166626,11
2308.0,4565.0,3785.0,1182,9.198109149932861,11
2427.0,4075.0,4154.0,1194,9.257159233093262,11
3061.0,3830.0,3639.0,1220,9.387797117233276,11
3398.0,3898.0,3049.0,1232,9.42662000656128,11
4379.0,2019.0,4129.0,1259,9.549328088760376,11
4811.0,3329.0,2445.0,1262,9.571476221084595,11
5302.0,2538.0,2963.0,1262,9.57150912284851,11
3911.0,2721.0,3727.0,1265,9.587781190872192,11
3833.0,2976.0,3653.0,1356,10.115272045135498,11
3327.0,2257.0,5096.0,1358,10.122527122497559,11
3657.0,2091.0,5434.0,1378,10.248709201812744,11
4647.0,1338.0,4682.0,1382,10.273954153060913,11
4181.0,2039.0,4289.0,1398,10.321089029312134,11
3443.0,3105.0,3710.0,1430,10.421511173248291,11
3960.0,3138.0,3112.0,1431,10.42559003829956,11
2895.0,2642.0,5181.0,1472,10.602862119674683,11
3545.0,2194.0,4908.0,1472,10.602875232696533,11
3751.0,1969.0,5297.0,1476,10.612849235534668,11
3068.0,2927.0,4450.0,1492,10.65058708190918,11
2339.0,3652.0,4715.0,1532,10.749442100524902,11
3649.0,2723.0,4021.0,1560,10.842759132385254,11
3256.0,3009.0,4003.0,1574,10.868320226669312,11
3359.0,5585.0,2189.0,1660,11.413016080856323,12
4072.0,4872.0,2032.0,1661,11.430453062057495,12
5085.0,3869.0,1972.0,1708,11.897079229354858,12
2005.0,5493.0,3500.0,1728,12.06367015838623,12
1785.0,5147.0,3975.0,1728,12.063682079315186,12
2732.0,5448.0,2583.0,1728,12.063688039779663,12
2538.0,5602.0,2683.0,1728,12.063692092895508,12
2318.0,5256.0,3158.0,1728,12.063728094100952,12
2160.0,5401.0,3313.0,1730,12.085429191589355,12
1790.0,5481.0,3593.0,1730,12.085432052612305,12
2240.0,5113.0,3416.0,1731,12.093926191329956,12
2248.0,5336.0,3047.0,1731,12.093929052352905,12
2590.0,4907.0,3165.0,1741,12.193390130996704,12
4752.0,4159.0,2093.0,1744,12.219088077545166,12
2337.0,4999.0,3328.0,1750,12.257957220077515,12
2531.0,4845.0,3228.0,1750,12.257962226867676,12
2151.0,4634.0,3856.0,1751,12.265294075012207,12
2270.0,4253.0,4171.0,1826,12.748950004577637,12
2677.0,4611.0,3173.0,1832,12.77820110321045,12
2882.0,3977.0,3612.0,1842,12.815184116363525,12
3099.0,4624.0,2953.0,1863,12.944537162780762,12
2623.0,4365.0,3567.0,1863,12.944540023803711,12
1998.0,4754.0,4131.0,1866,12.960310220718384,12
2534.0,3886.0,4007.0,1884,13.082172155380249,12
2134.0,3874.0,4608.0,1912,13.209648132324219,12
3124.0,3863.0,3562.0,1914,13.215922117233276,12
2934.0,3937.0,3693.0,1978,13.538579225540161,12
2448.0,3973.0,4225.0,2008,13.671749114990234,12
4972.0,1461.0,4162.0,2087,14.044937133789062,12
4748.0,2112.0,3541.0,2090,14.066164016723633,12
4588.0,2192.0,3656.0,2090,14.06617021560669,12
3494.0,4659.0,2602.0,2160,14.377519130706787,12
3558.0,3882.0,3195.0,2173,14.449918031692505,12
4333.0,3415.0,2677.0,2207,14.579029083251953,12
2905.0,3054.0,4660.0,2222,14.649035215377808,12
4336.0,1576.0,4902.0,2266,14.872663021087646,12
3719.0,2107.0,4618.0,2266,14.872672080993652,12
4809.0,2253.0,3444.0,2360,15.261665105819702,12
4779.0,2322.0,3379.0,2364,15.275082111358643,12
4721.0,1666.0,4284.0,2365,15.279827117919922,12
4378.0,1632.0,4845.0,2384,15.34482717514038,12
3608.0,2108.0,4702.0,2408,15.397149085998535,12
3626.0,2929.0,3723.0,2452,15.532235145568848,12
3984.0,2278.0,4287.0,2528,15.722132205963135,12
3596.0,4613.0,2646.0,2633,16.32874321937561,13
3454.0,5440.0,2239.0,2722,17.029813051223755,13
3186.0,5439.0,2341.0,2722,17.029837131500244,13
3388.0,5231.0,2316.0,2723,17.041938066482544,13
2346.0,5766.0,2785.0,2724,17.052595138549805,13
3093.0,5367.0,2539.0,2724,17.052601099014282,13
2207.0,5562.0,3031.0,2724,17.052617073059082,13
2095.0,5438.0,3236.0,2724,17.05262017250061,13
2310.0,5403.0,3008.0,2725,17.06663703918457,13
2152.0,5178.0,3682.0,2726,17.075263023376465,13
3107.0,4940.0,2567.0,2747,17.209572076797485,13
3867.0,4931.0,2183.0,2775,17.330209016799927,13
3050.0,4888.0,2738.0,2784,17.386038064956665,13
4014.0,4731.0,2256.0,2801,17.45763611793518,13
3131.0,4602.0,2931.0,2880,17.89021110534668,13
2580.0,3909.0,3982.0,2890,17.917209148406982,13
2073.0,4586.0,3925.0,2918,18.057339191436768,13
2065.0,4363.0,4294.0,2920,18.068182229995728,13
2526.0,3663.0,4376.0,2940,18.22759509086609,13
2222.0,4038.0,4229.0,2952,18.271766185760498,13
4822.0,2317.0,3396.0,3214,19.31861901283264,13
4708.0,2365.0,3575.0,3232,19.39512300491333,13
4066.0,4371.0,2297.0,3292,19.64412522315979,13
3846.0,4025.0,2772.0,3292,19.644134044647217,13
3429.0,3777.0,3325.0,3356,19.855212211608887,13
2930.0,2947.0,4750.0,3372,19.90572714805603,13
4552.0,1545.0,4555.0,3444,20.181461095809937,13
3185.0,3605.0,3630.0,3497,20.29902720451355,13
4751.0,1597.0,4349.0,3544,20.49758005142212,13
3512.0,2111.0,5465.0,3568,20.585824012756348,13
2833.0,2575.0,5220.0,3590,20.635898113250732,13
4441.0,1546.0,4639.0,3596,20.648840188980103,13
3447.0,2931.0,4046.0,3638,20.840265035629272,13
2874.0,3190.0,4539.0,3668,20.90257501602173,13
3209.0,2745.0,4805.0,3709,21.03649115562439,13
4953.0,3772.0,2140.0,3899,22.055301189422607,14
3976.0,5316.0,1866.0,3933,22.28365206718445,14
3044.0,5402.0,2529.0,3936,22.30483317375183,14
3000.0,5449.0,2481.0,3938,22.321381092071533,14
1869.0,5064.0,3953.0,3942,22.359222173690796,14
2072.0,5894.0,3079.0,3942,22.359225034713745,14
2126.0,5420.0,3260.0,3942,22.359228134155273,14
1960.0,5770.0,3284.0,3942,22.35923409461975,14
2565.0,5505.0,2775.0,3943,22.368986129760742,14
1903.0,5045.0,4006.0,3948,22.39902114868164,14
1919.0,5121.0,3787.0,3948,22.39902400970459,14
2185.0,5294.0,3403.0,3949,22.406626224517822,14
3403.0,4757.0,2544.0,4076,22.94637107849121,14
2332.0,4320.0,4132.0,4100,23.086308002471924,14
2144.0,4502.0,3990.0,4104,23.0975661277771,14
2661.0,4535.0,3392.0,4110,23.11922311782837,14
2000.0,4293.0,4728.0,4145,23.239994049072266,14
1786.0,4631.0,4237.0,4162,23.311249017715454,14
2319.0,4740.0,3420.0,4166,23.320237159729004,14
1778.0,4408.0,4606.0,4170,23.336294174194336,14
2311.0,4517.0,3789.0,4174,23.34840202331543,14
1977.0,4856.0,4060.0,4196,23.441129207611084,14
2214.0,3815.0,4598.0,4210,23.491743087768555,14
3780.0,4116.0,2795.0,4350,24.069794178009033,14
4940.0,1539.0,4228.0,4484,24.573594093322754,14
5219.0,1716.0,3738.0,4486,24.585737228393555,14
5070.0,2116.0,3503.0,4508,24.670634031295776,14
5065.0,3059.0,2506.0,4512,24.69304323196411,14
4299.0,4263.0,2293.0,4582,24.95602011680603,14
2873.0,4519.0,3342.0,4605,25.023190021514893,14
4173.0,3495.0,2792.0,4633,25.10027003288269,14
3648.0,4052.0,2824.0,4651,25.155779123306274,14
3831.0,2231.0,4413.0,4754,25.467809200286865,14
3247.0,3672.0,3591.0,4777,25.52035617828369,14
3666.0,2013.0,5157.0,4866,25.778383016586304,14
4225.0,1577.0,4986.0,4872,25.790004014968872,14
2302.0,3478.0,4844.0,4934,25.94743013381958,14
3198.0,2353.0,4908.0,4974,26.09196710586548,14
3124.0,3280.0,4053.0,4984,26.11300015449524,14
3805.0,5627.0,1789.0,5168,27.185606002807617,15
3716.0,5261.0,2043.0,5169,27.191450119018555,15
2089.0,5410.0,3478.0,5182,27.278878211975098,15
1793.0,5370.0,3606.0,5184,27.29077410697937,15
2780.0,5470.0,2547.0,5186,27.301053047180176,15
2724.0,5595.0,2433.0,5187,27.305071115493774,15
2530.0,5749.0,2533.0,5188,27.316479206085205,15
2930.0,4370.0,3310.0,5338,27.887258052825928,15
1770.0,4555.0,4456.0,5410,28.146772146224976,15
1762.0,4332.0,4825.0,5420,28.161297082901,15
1990.0,4901.0,3981.0,5452,28.269341230392456,15
2913.0,4634.0,3093.0,5462,28.320733070373535,15
4832.0,1665.0,4200.0,5703,29.171722173690796,15
5035.0,1634.0,4092.0,5704,29.179352045059204,15
5195.0,1554.0,3977.0,5706,29.189128160476685,15
3450.0,2044.0,5504.0,6058,30.22091317176819,15
2672.0,3398.0,4564.0,6068,30.23859405517578,15
3568.0,2273.0,4628.0,6092,30.29576301574707,15
2302.0,5180.0,3377.0,6327,31.21554207801819,16
1852.0,5548.0,3554.0,6334,31.25993323326111,16
2151.0,5313.0,3350.0,6336,31.26926016807556,16
4522.0,3896.0,2416.0,6782,32.72358202934265,16
4780.0,1619.0,4343.0,6794,32.76587510108948,16
3728.0,2080.0,5118.0,7066,33.451513051986694,16
3351.0,5636.0,2031.0,7257,34.118574142456055,17
2716.0,5372.0,2802.0,7267,34.16246700286865,17
1981.0,5188.0,3748.0,7278,34.23873710632324,17
2154.0,5616.0,3184.0,7283,34.268301010131836,17
1845.0,4809.0,4185.0,7460,34.857972145080566,17
2905.0,4778.0,3053.0,7500,34.98034906387329,17
3335.0,5560.0,2250.0,7932,36.2158842086792,18
4683.0,4837.0,1849.0,8366,37.39693522453308,19
4075.0,5045.0,1980.0,8809,38.69075107574463,20
2028.0,4278.0,4730.0,8842,38.80381917953491,20
2031.0,4167.0,4743.0,9010,39.29315710067749,21
4529.0,5036.0,1738.0,9093,39.50075912475586,22
