z1,z2,z3,node,time,depth
52.0,13.0,48.0,1,0.047872066497802734,1
57.0,28.0,26.0,1,0.04787588119506836,1
47.0,53.0,12.0,1,0.047879934310913086,1
20.0,55.0,33.0,1,0.04788398742675781,1
17.0,49.0,42.0,1,0.04788804054260254,1
37.0,21.0,41.0,1,0.047892093658447266,1
50.0,17.0,41.0,1,0.04789590835571289,1
28.0,49.0,21.0,1,0.04789996147155762,1
42.0,52.0,13.0,1,0.047904014587402344,1
52.0,47.0,14.0,1,0.04790806770324707,1
51.0,26.0,29.0,1,0.04791593551635742,1
58.0,23.0,31.0,1,0.04791998863220215,1
32.0,26.0,37.0,1,0.047924041748046875,1
26.0,49.0,23.0,1,0.0479280948638916,1
26.0,44.0,27.0,1,0.04793190956115723,1
17.0,51.0,40.0,1,0.04793596267700195,1
18.0,41.0,49.0,1,0.04794001579284668,1
19.0,37.0,50.0,1,0.047944068908691406,1
26.0,26.0,57.0,1,0.04795193672180176,1
31.0,23.0,51.0,1,0.047955989837646484,1
25.0,27.0,54.0,1,0.04796004295349121,1
49.0,21.0,35.0,1,0.04796409606933594,1
39.0,33.0,25.0,1,0.04796791076660156,1
35.0,28.0,31.0,1,0.04797196388244629,1
36.0,20.0,48.0,1,0.047976016998291016,1
47.0,15.0,47.0,1,0.04798007011413574,1
43.0,17.0,46.0,1,0.04798388481140137,1
37.0,55.0,15.0,1,0.04798698425292969,1
30.0,55.0,19.0,1,0.047991037368774414,1
33.0,43.0,20.0,1,0.047998905181884766,1
52.0,42.0,16.0,1,0.04800295829772949,1
42.0,49.0,14.0,1,0.04800701141357422,1
47.0,50.0,13.0,1,0.048011064529418945,1
47.0,45.0,15.0,1,0.04801487922668457,1
36.0,46.0,17.0,1,0.0480189323425293,1
43.0,44.0,16.0,1,0.04802703857421875,1
24.0,31.0,43.0,1,0.048033952713012695,1
23.0,30.0,50.0,1,0.04803800582885742,1
22.0,30.0,55.0,1,0.048043012619018555,1
25.0,28.0,48.0,1,0.04804706573486328,1
40.0,23.0,35.0,1,0.048050880432128906,1
45.0,21.0,36.0,1,0.04805397987365723,1
38.0,27.0,31.0,1,0.04805803298950195,1
35.0,36.0,24.0,1,0.048065900802612305,1
52.0,31.0,24.0,1,0.04806995391845703,1
39.0,38.0,21.0,1,0.048085927963256836,1
54.0,18.0,38.0,1,0.04808998107910156,1
54.0,21.0,34.0,1,0.048100948333740234,1
59.0,20.0,35.0,1,0.04810500144958496,1
55.0,15.0,42.0,1,0.04810905456542969,1
33.0,33.0,27.0,1,0.04811692237854004,1
28.0,30.0,37.0,1,0.048120975494384766,1
26.0,34.0,36.0,1,0.04812502861022949,1
20.0,37.0,45.0,1,0.04812908172607422,1
24.0,48.0,27.0,1,0.04814910888671875,1
24.0,43.0,31.0,1,0.0481569766998291,1
18.0,47.0,39.0,1,0.04816102981567383,1
20.0,46.0,36.0,1,0.048165082931518555,1
26.0,29.0,41.0,1,0.04818010330200195,1
18.0,42.0,43.0,1,0.048187971115112305,1
41.0,18.0,49.0,2,0.10391592979431152,2
20.0,36.0,53.0,2,0.10394811630249023,2
44.0,32.0,25.0,2,0.10397195816040039,2
23.0,29.0,58.0,2,0.10397505760192871,2
26.0,27.0,51.0,2,0.10398292541503906,2
32.0,24.0,47.0,2,0.10399508476257324,2
36.0,41.0,21.0,2,0.10400390625,2
19.0,55.0,35.0,2,0.10401105880737305,2
21.0,49.0,33.0,2,0.1040189266204834,2
21.0,33.0,52.0,2,0.10402297973632812,2
21.0,34.0,50.0,2,0.10402703285217285,2
18.0,56.0,37.0,2,0.1040349006652832,2
44.0,37.0,21.0,2,0.10404706001281738,2
38.0,32.0,27.0,2,0.10405111312866211,2
42.0,43.0,17.0,2,0.10405492782592773,2
20.0,41.0,42.0,2,0.1040658950805664,2
36.0,26.0,35.0,2,0.10409402847290039,2
24.0,39.0,36.0,2,0.10415291786193848,2
31.0,30.0,35.0,2,0.10416102409362793,2
29.0,44.0,25.0,2,0.10416507720947266,2
29.0,29.0,39.0,2,0.10418891906738281,2
42.0,19.0,42.0,2,0.10419297218322754,2
37.0,24.0,38.0,2,0.10419607162475586,2
39.0,44.0,18.0,3,0.135545015335083,2
45.0,33.0,24.0,3,0.1355609893798828,2
50.0,28.0,28.0,3,0.13556504249572754,2
21.0,51.0,32.0,3,0.13560104370117188,2
19.0,50.0,36.0,3,0.1356050968170166,2
44.0,23.0,34.0,3,0.13562798500061035,2
39.0,28.0,30.0,3,0.13563203811645508,2
33.0,46.0,19.0,3,0.1356639862060547,2
48.0,16.0,46.0,4,0.2020421028137207,3
49.0,16.0,45.0,4,0.20204710960388184,3
53.0,15.0,44.0,4,0.20209407806396484,3
53.0,19.0,37.0,4,0.2021028995513916,3
34.0,24.0,44.0,4,0.20213890075683594,3
22.0,56.0,30.0,4,0.20218300819396973,3
48.0,39.0,19.0,4,0.20221495628356934,3
27.0,41.0,31.0,4,0.20229005813598633,3
24.0,30.0,49.0,4,0.20229792594909668,3
53.0,40.0,18.0,5,0.24364399909973145,3
50.0,31.0,25.0,5,0.2436830997467041,3
24.0,29.0,53.0,5,0.24378204345703125,3
41.0,21.0,40.0,6,0.27268505096435547,3
46.0,19.0,40.0,6,0.27269697189331055,3
23.0,31.0,48.0,6,0.27275609970092773,3
31.0,45.0,23.0,6,0.27280306816101074,3
20.0,48.0,35.0,7,0.29605698585510254,3
19.0,41.0,44.0,7,0.29606103897094727,3
31.0,25.0,44.0,7,0.2961080074310303,3
29.0,26.0,47.0,7,0.296112060546875,3
20.0,43.0,39.0,7,0.2961161136627197,3
25.0,32.0,40.0,7,0.29613494873046875,3
39.0,31.0,27.0,7,0.2961549758911133,3
46.0,28.0,29.0,7,0.296159029006958,3
53.0,36.0,21.0,8,0.34508299827575684,4
21.0,36.0,47.0,9,0.4040210247039795,4
48.0,20.0,39.0,9,0.4041159152984619,4
44.0,26.0,31.0,10,0.4470250606536865,4
39.0,20.0,46.0,10,0.4470479488372803,4
48.0,38.0,20.0,10,0.4470999240875244,4
44.0,30.0,27.0,11,0.4811539649963379,4
35.0,22.0,52.0,12,0.5114688873291016,4
22.0,35.0,43.0,13,0.5373680591583252,4
39.0,36.0,23.0,14,0.5629920959472656,4
23.0,48.0,30.0,14,0.5630350112915039,4
28.0,40.0,29.0,14,0.5630431175231934,4
22.0,33.0,47.0,14,0.5630509853363037,4
25.0,30.0,46.0,14,0.5630590915679932,4
33.0,25.0,40.0,14,0.5630669593811035,4
34.0,27.0,34.0,14,0.563086986541748,4
23.0,43.0,34.0,14,0.5630989074707031,4
24.0,36.0,39.0,14,0.5631029605865479,4
21.0,38.0,42.0,14,0.5631070137023926,4
35.0,27.0,33.0,15,0.5843830108642578,4
22.0,45.0,35.0,15,0.5844550132751465,4
25.0,33.0,39.0,15,0.5844950675964355,4
41.0,56.0,14.0,22,0.8667099475860596,5
44.0,35.0,23.0,22,0.8667221069335938,5
43.0,42.0,18.0,22,0.8667259216308594,5
39.0,26.0,34.0,22,0.8667490482330322,5
42.0,41.0,19.0,22,0.8667809963226318,5
40.0,47.0,16.0,22,0.8668398857116699,5
40.0,26.0,32.0,23,0.8919780254364014,5
37.0,34.0,26.0,24,0.92038893699646,5
30.0,27.0,44.0,24,0.9204249382019043,5
36.0,21.0,46.0,26,0.9753589630126953,5
26.0,43.0,30.0,28,1.021017074584961,5
31.0,37.0,29.0,28,1.0210208892822266,5
23.0,36.0,42.0,28,1.0210649967193604,5
29.0,39.0,29.0,29,1.0469040870666504,5
30.0,28.0,41.0,29,1.0469439029693604,5
31.0,35.0,31.0,29,1.0469520092010498,5
30.0,36.0,31.0,29,1.0469560623168945,5
32.0,31.0,33.0,30,1.0689809322357178,5
31.0,29.0,37.0,30,1.0689849853515625,5
31.0,40.0,25.0,30,1.0690128803253174,5
28.0,35.0,33.0,30,1.0690159797668457,5
35.0,32.0,29.0,30,1.0690290927886963,5
39.0,41.0,20.0,31,1.0856070518493652,5
28.0,45.0,24.0,31,1.08561110496521,5
33.0,39.0,23.0,31,1.0856149196624756,5
23.0,42.0,36.0,31,1.085629940032959,5
51.0,19.0,39.0,36,1.2640440464019775,6
53.0,25.0,31.0,37,1.3069770336151123,6
50.0,29.0,27.0,42,1.4945108890533447,6
48.0,36.0,22.0,42,1.4945149421691895,6
43.0,37.0,22.0,44,1.566404104232788,6
43.0,22.0,39.0,44,1.566438913345337,6
43.0,47.0,15.0,46,1.624056100845337,6
37.0,52.0,16.0,47,1.6482679843902588,6
35.0,52.0,17.0,47,1.6482720375061035,6
35.0,23.0,45.0,48,1.6725149154663086,6
21.0,47.0,34.0,52,1.7722508907318115,6
21.0,42.0,38.0,52,1.7722549438476562,6
27.0,28.0,44.0,52,1.772305965423584,6
26.0,28.0,47.0,53,1.8004570007324219,6
31.0,26.0,42.0,53,1.8004660606384277,6
23.0,32.0,46.0,53,1.8005640506744385,6
21.0,41.0,40.0,53,1.800584077835083,6
22.0,49.0,31.0,53,1.8005919456481934,6
39.0,23.0,40.0,54,1.825545072555542,6
36.0,24.0,41.0,56,1.867638111114502,6
30.0,46.0,22.0,61,1.967642068862915,6
31.0,39.0,26.0,62,1.9781670570373535,6
30.0,32.0,33.0,62,1.9781899452209473,6
32.0,40.0,24.0,63,1.9879019260406494,6
32.0,30.0,34.0,63,1.9879100322723389,6
52.0,18.0,40.0,73,2.269861936569214,7
41.0,19.0,47.0,85,2.70914888381958,7
47.0,48.0,14.0,89,2.828911066055298,7
46.0,29.0,28.0,90,2.854706048965454,7
45.0,25.0,32.0,91,2.8798160552978516,7
43.0,32.0,26.0,91,2.879910945892334,7
42.0,46.0,16.0,92,2.904849052429199,7
44.0,40.0,19.0,95,2.9661529064178467,7
40.0,19.0,53.0,102,3.1229300498962402,7
27.0,27.0,50.0,104,3.184056043624878,7
22.0,40.0,39.0,104,3.184114933013916,7
19.0,38.0,48.0,104,3.1841790676116943,7
22.0,31.0,53.0,104,3.184206008911133,7
31.0,24.0,49.0,104,3.184217929840088,7
19.0,45.0,40.0,105,3.2082560062408447,7
30.0,24.0,51.0,105,3.20831298828125,7
25.0,40.0,34.0,118,3.4723479747772217,7
23.0,47.0,32.0,121,3.5193328857421875,7
27.0,37.0,32.0,124,3.553931951522827,7
27.0,36.0,34.0,125,3.5613980293273926,7
28.0,38.0,30.0,125,3.561418056488037,7
32.0,38.0,26.0,127,3.592479944229126,7
29.0,34.0,35.0,155,4.3738861083984375,8
53.0,23.0,33.0,162,4.61247706413269,8
41.0,53.0,15.0,169,4.8164451122283936,8
30.0,37.0,30.0,176,5.024933099746704,8
32.0,51.0,19.0,176,5.024956941604614,8
32.0,55.0,18.0,176,5.024960041046143,8
30.0,42.0,26.0,176,5.025015115737915,8
40.0,35.0,24.0,181,5.110538005828857,8
39.0,42.0,19.0,181,5.110542058944702,8
35.0,49.0,18.0,181,5.110565900802612,8
42.0,29.0,29.0,183,5.139059066772461,8
40.0,30.0,28.0,183,5.139082908630371,8
24.0,41.0,35.0,224,5.913872957229614,8
23.0,34.0,44.0,225,5.92905592918396,8
20.0,42.0,41.0,225,5.929063081741333,8
25.0,44.0,30.0,228,5.967195987701416,8
32.0,36.0,30.0,228,5.967220067977905,8
37.0,30.0,30.0,240,6.082420110702515,8
37.0,31.0,28.0,240,6.082427978515625,8
33.0,32.0,30.0,240,6.082431077957153,8
54.0,20.0,36.0,258,6.462604999542236,9
52.0,41.0,18.0,261,6.553796052932739,9
55.0,30.0,26.0,288,7.298757076263428,9
29.0,43.0,27.0,306,7.703233003616333,9
37.0,45.0,18.0,313,7.8243279457092285,9
38.0,38.0,23.0,313,7.824363946914673,9
22.0,39.0,41.0,348,8.450057029724121,9
26.0,39.0,34.0,373,8.781369924545288,9
26.0,42.0,31.0,398,9.00254201889038,9
34.0,29.0,32.0,404,9.031294107437134,9
58.0,30.0,25.0,418,9.226568937301636,10
53.0,33.0,23.0,418,9.226608991622925,10
51.0,24.0,32.0,460,10.283257007598877,10
37.0,44.0,19.0,492,10.798048973083496,10
38.0,35.0,25.0,496,10.861933946609497,10
43.0,34.0,24.0,497,10.869771003723145,10
45.0,20.0,40.0,500,10.930622100830078,10
28.0,26.0,52.0,522,11.238755941390991,10
30.0,25.0,49.0,526,11.320626020431519,10
23.0,38.0,40.0,526,11.32063603401184,10
25.0,46.0,29.0,534,11.421304941177368,10
22.0,44.0,37.0,536,11.436124086380005,10
32.0,33.0,32.0,540,11.459498882293701,10
42.0,25.0,34.0,548,11.554627895355225,10
29.0,32.0,36.0,596,11.97077202796936,10
51.0,16.0,44.0,660,12.99387502670288,11
49.0,34.0,23.0,671,13.200207948684692,11
43.0,39.0,20.0,710,13.659523010253906,11
45.0,31.0,26.0,714,13.712389945983887,11
23.0,40.0,38.0,740,14.056401014328003,11
25.0,36.0,36.0,748,14.150928020477295,11
25.0,47.0,28.0,750,14.163068056106567,11
25.0,41.0,32.0,750,14.163075923919678,11
25.0,51.0,26.0,796,14.486921072006226,11
34.0,38.0,25.0,806,14.562992095947266,11
49.0,27.0,30.0,851,14.894890069961548,12
50.0,20.0,37.0,886,15.53903603553772,12
47.0,18.0,43.0,886,15.53908395767212,12
50.0,35.0,22.0,895,15.739670991897583,12
37.0,39.0,22.0,936,16.141649961471558,12
34.0,23.0,48.0,1013,16.81331706047058,12
32.0,50.0,20.0,1154,18.146583080291748,13
27.0,48.0,24.0,1282,19.094202995300293,13
27.0,42.0,28.0,1282,19.094207048416138,13
47.0,24.0,33.0,1366,19.864670991897583,14
24.0,34.0,42.0,1452,20.450401067733765,14
27.0,47.0,25.0,1492,20.6645610332489,14
30.0,40.0,28.0,1504,20.702850103378296,14
26.0,40.0,33.0,1798,22.671961069107056,16
58.0,25.0,30.0,1828,22.81513500213623,17
49.0,18.0,41.0,1880,23.23396897315979,17
26.0,38.0,35.0,1912,23.388226985931396,17
27.0,31.0,40.0,2042,24.156249046325684,19
54.0,16.0,42.0,2063,24.32298493385315,20
