z1,z2,z3,node,time,depth
9382.0,9170.0,12292.0,1,0.029554128646850586,1
12782.0,9636.0,8178.0,1,0.029558181762695312,1
11731.0,8534.0,9827.0,1,0.029561996459960938,1
11102.0,8709.0,10031.0,1,0.029566049575805664,1
12600.0,8640.0,9163.0,1,0.02957010269165039,1
9499.0,9147.0,11682.0,1,0.029574155807495117,1
11311.0,10984.0,7822.0,1,0.029578208923339844,1
9149.0,11442.0,8481.0,1,0.02958202362060547,1
8871.0,10882.0,9493.0,1,0.029586076736450195,1
8975.0,11586.0,8782.0,1,0.029590129852294922,1
10643.0,11197.0,7863.0,1,0.02959418296813965,1
9604.0,10644.0,8612.0,1,0.029597997665405273,1
9164.0,9651.0,11248.0,1,0.02960205078125,1
8896.0,9879.0,11857.0,1,0.029606103897094727,1
9047.0,9674.0,11858.0,1,0.029610157012939453,1
10096.0,8877.0,11258.0,1,0.02961421012878418,1
8865.0,10524.0,10038.0,1,0.029618024826049805,1
10717.0,9358.0,9295.0,1,0.02962207794189453,1
10088.0,9533.0,9499.0,1,0.029627084732055664,1
11162.0,8983.0,9517.0,1,0.029630184173583984,1
11791.0,8808.0,9313.0,1,0.02963399887084961,1
11926.0,9129.0,8869.0,1,0.029638051986694336,1
12735.0,8961.0,8719.0,1,0.029642105102539062,1
13152.0,8743.0,9015.0,1,0.029647111892700195,1
8623.0,11736.0,10004.0,1,0.029651165008544922,1
8740.0,11713.0,9394.0,1,0.02965521812438965,1
8680.0,11439.0,9908.0,1,0.029659032821655273,1
8713.0,10541.0,10392.0,1,0.029667139053344727,1
9316.0,9809.0,10217.0,1,0.029671192169189453,1
10104.0,8950.0,10650.0,1,0.029675006866455078,1
10213.0,8854.0,10648.0,1,0.029679059982299805,1
12400.0,9465.0,8285.0,1,0.02968311309814453,1
9425.0,11903.0,8090.0,1,0.029687166213989258,1
9880.0,11105.0,8221.0,1,0.02969503402709961,1
10842.0,8679.0,10444.0,1,0.029710054397583008,1
10491.0,8766.0,10745.0,1,0.029714107513427734,1
8643.0,10103.0,12525.0,1,0.029722213745117188,1
8578.0,10604.0,12115.0,1,0.029726028442382812,1
8563.0,11462.0,10518.0,1,0.02973008155822754,1
10923.0,9846.0,8476.0,1,0.02975010871887207,1
12242.0,9472.0,8340.0,1,0.029754161834716797,1
11732.0,9678.0,8326.0,1,0.029758214950561523,1
8521.0,11798.0,11226.0,1,0.029772043228149414,1
13326.0,8687.0,9116.0,2,0.05500912666320801,2
11297.0,9304.0,9073.0,2,0.055045127868652344,2
10223.0,9854.0,9055.0,2,0.05504918098449707,2
12283.0,8637.0,9679.0,2,0.055052995681762695,2
12457.0,8581.0,9780.0,2,0.05510520935058594,2
9451.0,10130.0,9773.0,2,0.055149078369140625,2
8576.0,11222.0,11203.0,2,0.05516409873962402,2
12265.0,9144.0,8729.0,3,0.07318520545959473,2
10827.0,9487.0,9083.0,3,0.07320499420166016,2
8795.0,11190.0,10155.0,3,0.07322120666503906,2
9182.0,11046.0,9189.0,3,0.07322907447814941,2
11456.0,9312.0,8879.0,3,0.07323598861694336,2
8659.0,10897.0,10686.0,3,0.07324910163879395,2
8545.0,11651.0,11826.0,3,0.07325220108032227,2
9637.0,10248.0,9320.0,3,0.07326412200927734,2
11128.0,9126.0,9589.0,4,0.09392809867858887,3
10852.0,9679.0,8851.0,4,0.0939321517944336,3
11757.0,8951.0,9385.0,4,0.09394001960754395,3
10093.0,11690.0,8049.0,4,0.09395599365234375,3
10413.0,10476.0,8462.0,4,0.0939640998840332,3
12174.0,8733.0,9681.0,4,0.09398412704467773,3
10548.0,10892.0,8180.0,4,0.09398818016052246,3
11661.0,9511.0,8701.0,4,0.09399604797363281,3
10382.0,11222.0,8007.0,5,0.11473417282104492,3
10046.0,10487.0,8912.0,5,0.11477398872375488,3
9768.0,9927.0,9924.0,5,0.1148061752319336,3
10863.0,9572.0,8990.0,5,0.11484313011169434,3
9783.0,10210.0,9346.0,6,0.13033699989318848,3
9328.0,11008.0,9215.0,6,0.1303410530090332,3
9011.0,10486.0,10064.0,6,0.130357027053833,3
10234.0,9495.0,9525.0,6,0.1303691864013672,3
9462.0,9771.0,10243.0,6,0.13039708137512207,3
8760.0,10080.0,11915.0,7,0.14566421508789062,3
8642.0,10511.0,11637.0,7,0.1457691192626953,3
8628.0,11202.0,11095.0,7,0.14577698707580566,3
9084.0,10477.0,10372.0,9,0.18941807746887207,4
9054.0,10220.0,10958.0,9,0.1894381046295166,4
11081.0,10263.0,8421.0,9,0.18946599960327148,4
9659.0,10023.0,9926.0,9,0.18950605392456055,4
12226.0,10526.0,7956.0,10,0.21040916442871094,4
11591.0,9633.0,8435.0,11,0.22838807106018066,4
10085.0,10449.0,9075.0,11,0.22842812538146973,4
10962.0,9808.0,8639.0,11,0.22843599319458008,4
10421.0,11184.0,8170.0,11,0.2284400463104248,4
10682.0,11159.0,8026.0,11,0.22844409942626953,4
9224.0,10081.0,10943.0,12,0.24349308013916016,4
10507.0,9183.0,10010.0,12,0.2434980869293213,4
11308.0,8945.0,9543.0,12,0.24350309371948242,4
11248.0,8671.0,10057.0,12,0.24350905418395996,4
10973.0,9449.0,9109.0,12,0.2435309886932373,4
9761.0,9381.0,10824.0,12,0.24355721473693848,4
8951.0,10210.0,11080.0,13,0.25727105140686035,4
11526.0,9190.0,9145.0,13,0.2573070526123047,4
9549.0,9645.0,10930.0,13,0.2573111057281494,4
10321.0,9369.0,10212.0,13,0.25733518600463867,4
9143.0,10436.0,10135.0,14,0.2734382152557373,4
8991.0,10453.0,10489.0,14,0.273449182510376,4
9777.0,9059.0,11779.0,14,0.2734529972076416,4
8695.0,10581.0,11505.0,14,0.2734651565551758,4
9099.0,10152.0,10838.0,14,0.27347707748413086,4
9442.0,9563.0,11345.0,14,0.2734811305999756,4
9594.0,9721.0,10314.0,14,0.2734851837158203,4
11082.0,8960.0,9984.0,15,0.2873091697692871,4
9878.0,9358.0,10214.0,15,0.28731703758239746,4
10272.0,10431.0,8571.0,16,0.3093850612640381,5
10276.0,10132.0,8831.0,16,0.309420108795166,5
8557.0,11578.0,11456.0,18,0.3455491065979004,5
13199.0,9418.0,8474.0,20,0.38661718368530273,5
11438.0,10024.0,8375.0,20,0.3866691589355469,5
12659.0,9254.0,8636.0,20,0.3866732120513916,5
12149.0,9460.0,8622.0,20,0.3866770267486572,5
11280.0,9354.0,9286.0,20,0.3866851329803467,5
11686.0,10362.0,8118.0,20,0.38669705390930176,5
11176.0,10568.0,8104.0,20,0.3867011070251465,5
10223.0,10892.0,8499.0,21,0.4060699939727783,5
11215.0,10530.0,8095.0,21,0.4060790538787842,5
11443.0,9266.0,9099.0,22,0.42276620864868164,5
11108.0,9770.0,8665.0,22,0.422774076461792,5
11050.0,11009.0,7966.0,22,0.42280101776123047,5
12523.0,8918.0,9219.0,23,0.43727707862854004,5
11622.0,8630.0,9829.0,24,0.4503622055053711,5
10447.0,9090.0,10404.0,24,0.4503941535949707,5
10733.0,8775.0,10446.0,24,0.45039820671081543,5
9675.0,9366.0,11122.0,24,0.4504101276397705,5
9214.0,10149.0,10496.0,27,0.4835782051086426,5
9274.0,10423.0,9982.0,27,0.4835820198059082,5
10529.0,10010.0,9034.0,27,0.48358607292175293,5
9986.0,9873.0,9778.0,27,0.4836142063140869,5
10046.0,10147.0,9264.0,27,0.4836301803588867,5
9813.0,9859.0,9804.0,28,0.4975550174713135,5
10767.0,9213.0,9597.0,28,0.4975590705871582,5
10156.0,9270.0,10311.0,28,0.4976210594177246,5
10175.0,9407.0,10186.0,29,0.5076940059661865,5
9381.0,9578.0,11404.0,30,0.5168721675872803,5
9529.0,9404.0,11096.0,30,0.516876220703125,5
8926.0,10136.0,11271.0,30,0.5169150829315186,5
8778.0,10310.0,11579.0,30,0.516923189163208,5
9068.0,10187.0,10470.0,31,0.5277190208435059,5
9128.0,10461.0,9956.0,31,0.5277462005615234,5
10055.0,9763.0,9801.0,31,0.5277500152587891,5
8800.0,10415.0,11079.0,31,0.5277650356292725,5
10648.0,11047.0,8167.0,32,0.5477540493011475,6
10552.0,10593.0,8440.0,32,0.5477621555328369,6
9980.0,11260.0,8208.0,32,0.5477712154388428,6
9409.0,10652.0,9725.0,32,0.5478219985961914,6
9936.0,10270.0,9145.0,33,0.5678892135620117,6
10805.0,10376.0,8481.0,36,0.6142680644989014,6
11545.0,8908.0,9885.0,38,0.6493790149688721,6
10436.0,9449.0,9934.0,39,0.6640331745147705,6
10731.0,10699.0,8281.0,40,0.6834251880645752,6
10749.0,9990.0,8777.0,42,0.7148990631103516,6
10689.0,9716.0,9291.0,42,0.7149190902709961,6
11051.0,9169.0,9855.0,49,0.8038570880889893,6
11396.0,9038.0,9393.0,51,0.822808027267456,6
10913.0,9175.0,9623.0,51,0.8228271007537842,6
9807.0,9316.0,11193.0,56,0.8715991973876953,6
9850.0,9843.0,10199.0,56,0.8716230392456055,6
10993.0,8805.0,10033.0,56,0.8716461658477783,6
10301.0,9128.0,10378.0,56,0.871650218963623,6
10079.0,10091.0,9620.0,57,0.8798601627349854,6
9900.0,10185.0,9238.0,59,0.8977930545806885,6
9840.0,9911.0,9752.0,59,0.8978052139282227,6
9653.0,9665.0,10471.0,60,0.9073622226715088,6
8790.0,10337.0,11329.0,60,0.9073700904846191,6
9078.0,10119.0,10917.0,60,0.9073741436004639,6
9403.0,9683.0,10904.0,62,0.9235210418701172,6
8952.0,10398.0,10725.0,62,0.9235250949859619,6
8848.0,10862.0,9948.0,66,0.9795591831207275,7
9581.0,10624.0,9067.0,66,0.9795620441436768,7
9996.0,10544.0,8631.0,66,0.9795660972595215,7
10664.0,10331.0,8590.0,66,0.9795711040496826,7
8657.0,11419.0,10363.0,66,0.9795901775360107,7
8717.0,11693.0,9849.0,66,0.979621171951294,7
8985.0,11465.0,9240.0,66,0.9796249866485596,7
9159.0,11321.0,8939.0,66,0.9796411991119385,7
10304.0,10770.0,8414.0,66,0.9796481132507324,7
9856.0,10201.0,9654.0,79,1.176820993423462,7
10915.0,10593.0,8248.0,81,1.2092630863189697,7
11894.0,10770.0,7950.0,81,1.2092671394348145,7
11558.0,9822.0,8627.0,85,1.2692711353302002,7
12517.0,8855.0,9266.0,90,1.3280410766601562,7
10190.0,10084.0,9357.0,92,1.3502161502838135,7
11782.0,9281.0,8959.0,102,1.446960210800171,7
11043.0,9327.0,9375.0,104,1.4617362022399902,7
10148.0,9355.0,10238.0,114,1.5433690547943115,7
9434.0,9648.0,11272.0,114,1.5434041023254395,7
9485.0,10265.0,9674.0,116,1.5567331314086914,7
9398.0,10458.0,9980.0,118,1.5720601081848145,7
9501.0,9682.0,10825.0,120,1.6066100597381592,7
8930.0,10293.0,11225.0,121,1.6135880947113037,7
9285.0,10114.0,10626.0,122,1.6203711032867432,7
8682.0,10846.0,10801.0,122,1.620408058166504,7
8985.0,10736.0,10031.0,123,1.6252682209014893,7
8640.0,11253.0,10939.0,123,1.6252801418304443,7
10390.0,9259.0,10235.0,124,1.6347880363464355,7
9762.0,9569.0,10469.0,125,1.640355110168457,7
10315.0,10094.0,8994.0,129,1.6768701076507568,8
9099.0,11047.0,9453.0,132,1.7289330959320068,8
9442.0,10458.0,9960.0,132,1.7289490699768066,8
9087.0,10812.0,9882.0,132,1.7289540767669678,8
10035.0,10506.0,8794.0,133,1.7440061569213867,8
9620.0,10586.0,9230.0,133,1.7440180778503418,8
9198.0,11283.0,9102.0,133,1.7440381050109863,8
9691.0,10518.0,9299.0,134,1.7581980228424072,8
9147.0,11343.0,9102.0,134,1.7582061290740967,8
8854.0,11295.0,9607.0,134,1.7582101821899414,8
9251.0,12047.0,8391.0,134,1.7582650184631348,8
8709.0,12018.0,9803.0,134,1.7582731246948242,8
9817.0,11229.0,8440.0,135,1.7689189910888672,8
11023.0,10425.0,8463.0,148,1.9293591976165771,8
10513.0,10631.0,8449.0,148,1.9293711185455322,8
11425.0,10387.0,8262.0,162,2.190078020095825,8
11875.0,10892.0,8060.0,163,2.202238082885742,8
12450.0,9880.0,8172.0,168,2.2584900856018066,8
11093.0,10582.0,8228.0,172,2.3152031898498535,8
10484.0,10867.0,8355.0,172,2.315242052078247,8
10678.0,10094.0,8630.0,173,2.3247439861297607,8
10954.0,10555.0,8239.0,173,2.32475209236145,8
11917.0,9602.0,8515.0,176,2.3569560050964355,8
12252.0,9098.0,8949.0,180,2.3987910747528076,8
12188.0,9422.0,8785.0,184,2.428929090499878,8
10864.0,9161.0,10363.0,200,2.57584810256958,8
11351.0,9247.0,9441.0,206,2.621319055557251,8
12220.0,9353.0,8777.0,206,2.6213231086730957,8
11376.0,9289.0,9346.0,206,2.621342182159424,8
10396.0,9455.0,10046.0,226,2.767609119415283,8
10668.0,9171.0,10332.0,226,2.7676169872283936,8
9757.0,10460.0,9313.0,234,2.817124128341675,8
9302.0,11258.0,9182.0,234,2.8171520233154297,8
9406.0,10373.0,10053.0,238,2.8431520462036133,8
9436.0,10021.0,10210.0,246,2.8939549922943115,8
8833.0,10753.0,10385.0,246,2.893963098526001,8
8811.0,10880.0,10332.0,246,2.8939712047576904,8
8694.0,10897.0,10645.0,247,2.8974521160125732,8
9048.0,9862.0,11503.0,250,2.9183080196380615,8
9259.0,9978.0,10916.0,252,2.928495168685913,8
10102.0,10276.0,9132.0,256,2.956700086593628,9
9865.0,11791.0,8293.0,264,3.0687739849090576,9
10206.0,10374.0,8811.0,264,3.068834066390991,9
9263.0,10782.0,9512.0,266,3.0967721939086914,9
8840.0,11187.0,9902.0,268,3.1224780082702637,9
9500.0,10707.0,9289.0,270,3.1478800773620605,9
9430.0,10788.0,8913.0,271,3.153776168823242,9
10542.0,10439.0,8563.0,298,3.4538822174072266,9
10333.0,11310.0,8150.0,319,3.7236580848693848,9
10594.0,11285.0,8006.0,319,3.7236621379852295,9
10992.0,10674.0,8137.0,319,3.723666191101074,9
12388.0,9434.0,8366.0,333,3.8958051204681396,9
11335.0,10319.0,8417.0,348,4.0553460121154785,9
11622.0,10342.0,8198.0,349,4.067674160003662,9
10717.0,10056.0,8793.0,366,4.198746204376221,9
10993.0,10517.0,8402.0,366,4.198751211166382,9
10657.0,9782.0,9307.0,369,4.223143100738525,9
11577.0,8839.0,9877.0,381,4.296576023101807,9
12117.0,8777.0,9393.0,396,4.4667840003967285,9
12511.0,8979.0,9205.0,396,4.466800212860107,9
10777.0,9180.0,10034.0,397,4.473544120788574,9
9945.0,9634.0,10013.0,416,4.588315010070801,9
10110.0,10015.0,9418.0,459,4.897616147994995,9
9605.0,10477.0,9667.0,461,4.909950017929077,9
10224.0,9162.0,10643.0,476,4.991850137710571,9
9610.0,9586.0,10823.0,494,5.085822105407715,9
9188.0,10399.0,10463.0,499,5.112393140792847,9
10329.0,10737.0,8482.0,506,5.171086072921753,10
9448.0,10614.0,9888.0,515,5.279240131378174,10
8794.0,11218.0,10242.0,519,5.3283421993255615,10
10245.0,10336.0,8974.0,524,5.390031099319458,10
9919.0,11067.0,8384.0,527,5.41907000541687,10
9464.0,11865.0,8253.0,527,5.41912317276001,10
9517.0,10662.0,9600.0,529,5.434913158416748,10
9278.0,11405.0,8582.0,530,5.445802211761475,10
9104.0,11549.0,8883.0,530,5.44580602645874,10
8869.0,11676.0,9495.0,530,5.445818185806274,10
9000.0,10845.0,9594.0,530,5.4458301067352295,10
9733.0,10607.0,8713.0,532,5.4598541259765625,10
9559.0,10751.0,9014.0,532,5.459858179092407,10
10401.0,10394.0,8672.0,532,5.459874153137207,10
10080.0,9955.0,9569.0,540,5.5232322216033936,10
11150.0,10395.0,8228.0,646,6.725970029830933,10
12431.0,10002.0,8282.0,647,6.7350990772247314,10
11417.0,9516.0,9066.0,648,6.740866184234619,10
10747.0,9783.0,9245.0,652,6.768104076385498,10
12182.0,9359.0,8832.0,661,6.841574192047119,10
11189.0,10357.0,8391.0,690,7.0356011390686035,10
12555.0,8849.0,9211.0,734,7.353954076766968,10
11711.0,8785.0,9780.0,734,7.353974103927612,10
11019.0,9084.0,10031.0,735,7.361982107162476,10
10905.0,9207.0,9829.0,811,7.806625127792358,10
9583.0,10604.0,9614.0,838,7.999396085739136,10
9960.0,10123.0,9745.0,853,8.077431201934814,10
9338.0,10291.0,10136.0,882,8.201135158538818,10
10103.0,9226.0,11133.0,890,8.24489712715149,10
9912.0,10566.0,9159.0,910,8.362119197845459,11
10032.0,10518.0,9112.0,926,8.5347421169281,11
9407.0,10768.0,9368.0,926,8.534793138504028,11
9473.0,10612.0,9692.0,935,8.627015113830566,11
9554.0,11866.0,8191.0,940,8.66663908958435,11
10009.0,11068.0,8322.0,940,8.66664719581604,11
8809.0,11402.0,10009.0,944,8.700997114181519,11
9110.0,10832.0,9427.0,950,8.751507043838501,11
8817.0,11238.0,9787.0,950,8.751519203186035,11
9149.0,10794.0,9590.0,951,8.759080171585083,11
9188.0,11404.0,8644.0,951,8.759083986282349,11
8953.0,11531.0,9256.0,951,8.759092092514038,11
9643.0,10606.0,8775.0,954,8.772175073623657,11
9597.0,10092.0,9799.0,960,8.805615186691284,11
9729.0,10042.0,9870.0,961,8.812400102615356,11
10598.0,10400.0,8651.0,1012,9.320966005325317,11
11633.0,10795.0,8094.0,1058,9.763660192489624,11
10895.0,9952.0,8803.0,1088,10.072426080703735,11
10905.0,10643.0,8382.0,1101,10.169146060943604,11
11514.0,9572.0,8873.0,1104,10.19281005859375,11
10807.0,10057.0,8731.0,1105,10.197063207626343,11
12817.0,9247.0,8581.0,1112,10.239538192749023,11
11883.0,10317.0,8054.0,1112,10.239558219909668,11
11818.0,10182.0,8187.0,1113,10.257444143295288,11
10930.0,8953.0,10174.0,1191,10.673019170761108,11
10711.0,9698.0,9338.0,1313,11.351499080657959,11
10651.0,9424.0,9852.0,1326,11.42558217048645,11
10208.0,9745.0,9492.0,1342,11.544942140579224,11
9740.0,9325.0,11297.0,1380,11.68473219871521,11
10333.0,9066.0,10641.0,1420,11.858285188674927,11
9248.0,10673.0,9949.0,1426,11.872035026550293,11
9284.0,9863.0,11241.0,1436,11.909098148345947,11
10405.0,10095.0,8932.0,1448,11.975683212280273,12
9706.0,11249.0,8522.0,1497,12.409542083740234,12
9239.0,10795.0,9528.0,1510,12.496508121490479,12
9278.0,10757.0,9691.0,1511,12.503169059753418,12
9317.0,11367.0,8745.0,1511,12.503173112869263,12
8914.0,11569.0,9093.0,1512,12.510419130325317,12
8991.0,11094.0,9486.0,1512,12.510426998138428,12
9334.0,11366.0,8670.0,1514,12.522522211074829,12
9017.0,10844.0,9519.0,1514,12.522538185119629,12
9772.0,10569.0,8876.0,1518,12.540021181106567,12
10343.0,10066.0,9048.0,1530,12.598197221755981,12
10002.0,10163.0,9680.0,1626,13.452194213867188,12
10582.0,9411.0,9960.0,1634,13.499370098114014,12
9925.0,10441.0,9207.0,1668,13.756218194961548,12
11378.0,10220.0,8432.0,1712,14.097231149673462,12
11844.0,10355.0,8063.0,1726,14.172497987747192,12
12991.0,9191.0,8682.0,1727,14.186106204986572,12
12012.0,10280.0,8155.0,1728,14.194570064544678,12
10018.0,9237.0,11394.0,1936,15.217649221420288,12
9137.0,10057.0,11472.0,2024,15.596088171005249,12
9409.0,10744.0,9538.0,2156,16.306519031524658,13
10181.0,10468.0,8820.0,2168,16.3660831451416,13
9386.0,11293.0,9036.0,2172,16.3940110206604,13
10222.0,11653.0,8150.0,2176,16.423310041427612,13
9593.0,11828.0,8354.0,2176,16.42336106300354,13
9870.0,11155.0,8527.0,2180,16.444844007492065,13
8776.0,11280.0,10380.0,2184,16.47595500946045,13
9062.0,11460.0,9469.0,2186,16.490185022354126,13
9043.0,11532.0,9194.0,2192,16.517902135849,13
9463.0,11329.0,8771.0,2194,16.529417991638184,13
9146.0,10807.0,9620.0,2194,16.529434204101562,13
9121.0,11548.0,8808.0,2198,16.55283498764038,13
9576.0,10750.0,8939.0,2209,16.583109140396118,13
9789.0,10568.0,8801.0,2210,16.585416078567505,13
10369.0,9816.0,9081.0,2222,16.62516212463379,13
12323.0,9404.0,8723.0,2434,18.072938203811646,13
11660.0,10461.0,8096.0,2447,18.126307010650635,13
10948.0,9014.0,10081.0,2647,19.053539037704468,13
11282.0,9195.0,9510.0,2662,19.142836093902588,13
11222.0,8921.0,10024.0,2690,19.273818016052246,13
9998.0,9570.0,10207.0,2792,19.56374216079712,13
10044.0,11778.0,8192.0,2908,20.257253170013428,14
9415.0,11953.0,8396.0,2908,20.257256984710693,14
9098.0,11431.0,9245.0,2910,20.267563104629517,14
10499.0,10980.0,8323.0,2913,20.277743101119995,14
8886.0,11675.0,9420.0,2941,20.41045117378235,14
9918.0,10531.0,8902.0,2952,20.44618320465088,14
13427.0,9243.0,8678.0,3112,21.423819065093994,14
13373.0,9362.0,8575.0,3145,21.57655906677246,14
11083.0,10518.0,8340.0,3196,21.829557180404663,14
12460.0,9042.0,9266.0,3244,22.144216060638428,14
9619.0,9359.0,11675.0,3482,23.01306915283203,14
10461.0,10056.0,9020.0,3522,23.14532208442688,15
9344.0,11245.0,9128.0,3594,23.535619020462036,15
9376.0,11991.0,8233.0,3614,23.62694215774536,15
9831.0,11193.0,8364.0,3614,23.626946210861206,15
9610.0,11827.0,8279.0,3630,23.70720100402832,15
10677.0,10855.0,8281.0,3636,23.729701042175293,15
10048.0,11030.0,8485.0,3636,23.729713201522827,15
11344.0,10493.0,8196.0,3910,25.057979106903076,15
11583.0,10380.0,8207.0,3945,25.23073410987854,15
9016.0,10091.0,11850.0,4146,25.903244018554688,15
9131.0,11427.0,9266.0,4207,26.11887216567993,16
9739.0,11790.0,8380.0,4272,26.382080078125,16
10065.0,11029.0,8410.0,4288,26.42965602874756,16
11178.0,9648.0,8931.0,4352,26.59410810470581,16
11001.0,11097.0,8109.0,4565,27.560638189315796,16
8880.0,10292.0,11908.0,4718,28.041791200637817,16
10247.0,10957.0,8414.0,4736,28.104140043258667,17
9774.0,11380.0,8364.0,4800,28.374131202697754,17
10194.0,10992.0,8511.0,4836,28.473483085632324,17
11262.0,11072.0,7965.0,5374,30.201597213745117,18
11751.0,10305.0,8299.0,5826,31.51057004928589,21
