z1,z2,z3,node,time,depth
-50.0,-46.0,-43.0,4,0.01057291030883789,3
-41.0,-46.0,-51.0,18,0.03653907775878906,5
-31.0,-46.0,-56.0,26,0.048497915267944336,5
-49.0,-43.0,-50.0,28,0.05084514617919922,5
-35.0,-49.0,-51.0,37,0.06038808822631836,6
-37.0,-43.0,-56.0,54,0.08478307723999023,6
-43.0,-46.0,-50.0,60,0.0904080867767334,6
-44.0,-49.0,-43.0,71,0.09856700897216797,7
-44.0,-36.0,-51.0,108,0.1314089298248291,7
-42.0,-48.0,-49.0,244,0.21283602714538574,9
-35.0,-50.0,-50.0,414,0.3010261058807373,10
-44.0,-47.0,-44.0,434,0.3105320930480957,10
-43.0,-48.0,-44.0,436,0.31151509284973145,10
-44.0,-50.0,-42.0,692,0.43930912017822266,12
-45.0,-48.0,-43.0,710,0.4473559856414795,12
-52.0,-45.0,-38.0,714,0.448962926864624,12
-51.0,-46.0,-38.0,724,0.4533541202545166,12
-36.0,-49.0,-46.0,734,0.45817112922668457,12
-51.0,-45.0,-43.0,774,0.48029112815856934,12
-37.0,-51.0,-44.0,804,0.49422407150268555,13
-46.0,-48.0,-38.0,810,0.4967679977416992,13
-45.0,-49.0,-38.0,816,0.49938297271728516,13
-36.0,-48.0,-51.0,820,0.5012319087982178,13
-31.0,-47.0,-55.0,836,0.5089809894561768,13
-38.0,-45.0,-54.0,844,0.5127220153808594,13
-44.0,-46.0,-45.0,848,0.5145230293273926,13
-42.0,-45.0,-51.0,856,0.5181820392608643,13
-43.0,-47.0,-49.0,866,0.5227599143981934,13
-38.0,-49.0,-45.0,870,0.524482011795044,14
