z1,z2,z3,node,time,depth
-1220.0,-6564.0,-8666.0,1,0.02602100372314453,1
-2097.0,-5610.0,-8753.0,1,0.02612900733947754,1
-6158.0,-6644.0,-5191.0,1,0.026586055755615234,1
-3694.0,-7710.0,-7281.0,1,0.02677607536315918,1
-3217.0,-6223.0,-8165.0,2,0.05971121788024902,2
-4217.0,-6678.0,-7546.0,2,0.0598452091217041,2
-4610.0,-6800.0,-7198.0,3,0.08840203285217285,2
-5301.0,-5625.0,-6573.0,3,0.08877015113830566,2
-5545.0,-7241.0,-5466.0,4,0.12246298789978027,3
-3475.0,-8433.0,-6207.0,6,0.1831672191619873,3
-3475.0,-8224.0,-6894.0,6,0.18326401710510254,3
-5310.0,-6902.0,-6070.0,6,0.1833510398864746,3
-2326.0,-8093.0,-7311.0,7,0.21492815017700195,3
-4845.0,-7139.0,-6594.0,9,0.30859804153442383,4
-4794.0,-6751.0,-6852.0,12,0.42342305183410645,4
-4097.0,-7086.0,-7486.0,13,0.46072912216186523,4
-3189.0,-6282.0,-8131.0,13,0.4608290195465088,4
-2274.0,-7420.0,-7897.0,13,0.46088099479675293,4
-5029.0,-7090.0,-6248.0,18,0.640470027923584,5
-2509.0,-7759.0,-7293.0,19,0.6708312034606934,5
-4332.0,-7425.0,-6882.0,19,0.6709890365600586,5
-6401.0,-5541.0,-3668.0,23,0.8072202205657959,5
-6176.0,-6066.0,-4741.0,23,0.8073241710662842,5
-5284.0,-7329.0,-5841.0,23,0.8074100017547607,5
-3412.0,-8243.0,-6689.0,26,0.9251739978790283,5
-4034.0,-7105.0,-7281.0,26,0.9252350330352783,5
-4547.0,-6819.0,-6993.0,26,0.9252791404724121,5
-4210.0,-7861.0,-6499.0,27,0.9591720104217529,5
-3508.0,-6527.0,-7825.0,29,1.0342190265655518,5
-4072.0,-7288.0,-7163.0,32,1.1985762119293213,6
-4277.0,-6604.0,-7443.0,32,1.1986231803894043,6
-3790.0,-5863.0,-7774.0,32,1.1986711025238037,6
-3277.0,-6149.0,-8062.0,32,1.1987411975860596,6
-4489.0,-5901.0,-7259.0,35,1.3251371383666992,6
-5302.0,-7191.0,-5690.0,38,1.4604780673980713,6
-4705.0,-7197.0,-6418.0,41,1.5938441753387451,6
-4464.0,-7356.0,-6577.0,44,1.7206370830535889,6
-3975.0,-8378.0,-6092.0,44,1.7207331657409668,6
-5221.0,-7348.0,-5636.0,45,1.754317045211792,6
-4521.0,-7246.0,-6764.0,46,1.793532133102417,6
-6251.0,-5695.0,-4907.0,47,1.8837451934814453,6
-1280.0,-6490.0,-8563.0,48,1.9284141063690186,6
-2128.0,-7368.0,-8021.0,48,1.928678035736084,6
-2263.0,-8112.0,-7106.0,58,2.631920099258423,6
-4550.0,-7163.0,-6782.0,59,2.7336339950561523,6
-5098.0,-7319.0,-6070.0,60,2.8695662021636963,6
-3972.0,-7693.0,-6852.0,60,2.8698060512542725,6
-3867.0,-8292.0,-6308.0,61,2.915365219116211,6
-4035.0,-7674.0,-7057.0,63,3.0989890098571777,6
-5368.0,-5175.0,-6322.0,69,3.4391591548919678,7
-4782.0,-7158.0,-6389.0,84,3.8713760375976562,7
-4579.0,-6848.0,-6960.0,89,4.114208221435547,7
-4785.0,-7502.0,-6178.0,105,4.4621500968933105,7
-4566.0,-8016.0,-5791.0,123,4.916152000427246,7
-3851.0,-6186.0,-7658.0,126,5.121045112609863,7
-3610.0,-6345.0,-7817.0,136,5.736536026000977,7
-4634.0,-6153.0,-7043.0,142,6.301864147186279,7
-4086.0,-7778.0,-6695.0,145,6.572620153427124,7
-3815.0,-7526.0,-7177.0,147,6.81428599357605,7
-3740.0,-8039.0,-6696.0,148,6.907276153564453,7
-5115.0,-7643.0,-5625.0,150,7.000349998474121,7
-2924.0,-7727.0,-7114.0,152,7.128307104110718,7
-4500.0,-7545.0,-6411.0,155,7.3996360301971436,7
-5667.0,-6505.0,-6014.0,183,8.099518060684204,8
-5796.0,-6251.0,-5791.0,183,8.09952712059021,8
-2728.0,-7245.0,-7680.0,192,8.335711002349854,8
-4768.0,-7178.0,-6623.0,217,8.887259006500244,8
-5036.0,-6512.0,-6503.0,218,8.959957122802734,8
-4050.0,-7865.0,-6573.0,251,9.627386093139648,8
-5370.0,-7054.0,-6024.0,253,9.732978105545044,8
-5491.0,-7738.0,-4805.0,254,9.774440050125122,8
-5472.0,-7246.0,-5569.0,254,9.7744882106781,8
-5601.0,-6992.0,-5346.0,254,9.77453899383545,8
-5333.0,-7658.0,-5466.0,255,9.805378198623657,8
-4820.0,-7944.0,-5754.0,255,9.805382013320923,8
-6188.0,-5714.0,-4702.0,259,9.956361055374146,8
-4068.0,-7458.0,-6949.0,274,10.35957407951355,8
-5017.0,-7362.0,-6154.0,277,10.61736011505127,8
-4603.0,-5686.0,-7267.0,280,10.94854211807251,8
-4275.0,-5768.0,-7501.0,280,10.948607206344604,8
-2360.0,-7022.0,-8177.0,285,11.075302124023438,8
-1840.0,-6062.0,-8485.0,285,11.075345993041992,8
-2694.0,-7255.0,-7900.0,298,11.28947901725769,8
-3631.0,-7729.0,-7076.0,299,11.359429121017456,8
-4575.0,-7265.0,-6465.0,305,11.735856056213379,8
-3702.0,-5996.0,-7843.0,325,12.471062183380127,8
-3794.0,-7399.0,-7294.0,356,13.682017087936401,8
-4585.0,-7605.0,-6358.0,363,14.00218415260315,8
-4602.0,-7929.0,-5913.0,372,14.288225173950195,8
-2842.0,-8244.0,-6529.0,380,14.667623043060303,8
-3369.0,-5800.0,-8088.0,409,15.540657997131348,9
-4451.0,-5839.0,-7378.0,435,15.831844091415405,9
-4908.0,-5503.0,-6921.0,435,15.831845998764038,9
-5339.0,-6587.0,-6248.0,452,16.051804065704346,9
-5804.0,-6458.0,-5602.0,452,16.051854133605957,9
-4810.0,-7604.0,-5861.0,545,16.825376987457275,9
-5835.0,-6925.0,-5378.0,660,18.126662015914917,9
-5827.0,-6718.0,-5567.0,660,18.126665115356445,9
-3842.0,-8494.0,-5985.0,663,18.23632001876831,9
-6300.0,-6024.0,-4532.0,665,18.29954504966736,9
-3641.0,-8145.0,-6369.0,666,18.329976081848145,9
-4207.0,-8032.0,-6248.0,667,18.35594916343689,9
-6168.0,-5859.0,-4930.0,695,18.807996034622192,9
-4549.0,-7692.0,-6236.0,699,18.98019504547119,9
-2493.0,-6906.0,-8284.0,718,19.973888158798218,9
-3338.0,-6472.0,-7946.0,718,19.973933219909668,9
-2584.0,-6351.0,-8422.0,719,19.993552207946777,9
-3207.0,-6969.0,-7612.0,735,20.19899320602417,9
-3151.0,-6466.0,-7984.0,804,21.322843074798584,9
-4030.0,-5914.0,-7609.0,809,21.47406816482544,9
-4280.0,-6868.0,-7064.0,969,24.368189096450806,10
-5270.0,-5896.0,-6321.0,1479,27.040170192718506,10
-4270.0,-8222.0,-5766.0,1650,27.922904014587402,10
-4945.0,-6828.0,-6607.0,1717,28.464599132537842,10
-3704.0,-8126.0,-6574.0,1773,28.75684118270874,10
-5423.0,-6917.0,-5944.0,1792,28.977856159210205,10
-2420.0,-6948.0,-8074.0,1813,29.497697114944458,10
-3043.0,-6230.0,-8255.0,1815,29.534929990768433,10
-3949.0,-5928.0,-7702.0,1817,29.633509159088135,10
-3790.0,-5105.0,-7799.0,1817,29.633530139923096,10
-2945.0,-6488.0,-8211.0,1832,29.959285020828247,10
-3666.0,-6390.0,-7712.0,1833,29.98068118095398,10
-2786.0,-6906.0,-7926.0,1931,30.721123218536377,10
-3114.0,-6824.0,-7692.0,1933,30.74810218811035,10
-4624.0,-7504.0,-6448.0,1983,31.114278078079224,10
-4004.0,-7207.0,-7281.0,2100,32.121461153030396,10
-2981.0,-6818.0,-7826.0,2296,33.61458206176758,10
-2815.0,-7071.0,-7796.0,2306,33.773102045059204,10
-4300.0,-7611.0,-6618.0,2383,34.26702308654785,10
-5237.0,-6907.0,-6173.0,2412,34.34990310668945,10
-4363.0,-7592.0,-6823.0,2526,35.410006046295166,10
-3695.0,-5640.0,-7887.0,2659,36.24605321884155,11
-2697.0,-5263.0,-8473.0,2661,36.28210711479187,11
-3730.0,-5937.0,-7877.0,2662,36.29342317581177,11
-4733.0,-6829.0,-6764.0,2708,36.539592027664185,11
-4511.0,-5765.0,-7275.0,2749,36.67880702018738,11
-4968.0,-5429.0,-6818.0,2749,36.67883610725403,11
-4435.0,-5500.0,-7409.0,2829,36.88428521156311,11
-6319.0,-6516.0,-3768.0,3815,40.22500801086426,11
-6190.0,-6770.0,-3991.0,3815,40.22501015663147,11
-5909.0,-5743.0,-5467.0,4077,41.05849099159241,11
-4598.0,-7931.0,-6219.0,4081,41.17348098754883,11
-4270.0,-8013.0,-6453.0,4081,41.1734881401062,11
-4619.0,-6988.0,-6808.0,4195,41.864487171173096,11
-2553.0,-6832.0,-8181.0,4217,42.06562614440918,11
-3556.0,-5944.0,-7967.0,4225,42.34777307510376,11
-3006.0,-6620.0,-7996.0,4278,43.06266808509827,11
-3121.0,-7367.0,-7332.0,4723,44.84293007850647,11
-4844.0,-5961.0,-7030.0,4779,45.22784900665283,11
-2334.0,-7346.0,-7794.0,4848,45.51797103881836,11
-2475.0,-7769.0,-7513.0,4849,45.53599810600281,11
-4332.0,-7125.0,-7047.0,4854,45.632039070129395,11
-4461.0,-6871.0,-6824.0,4854,45.63207006454468,11
-4331.0,-6247.0,-7318.0,4892,45.94950819015503,11
-3993.0,-7899.0,-6490.0,5158,46.745633125305176,11
-2755.0,-7986.0,-6898.0,5273,47.234541177749634,11
-3607.0,-8155.0,-6589.0,5339,47.75162220001221,11
-4509.0,-8050.0,-5708.0,5344,47.840325117111206,11
-3363.0,-7137.0,-7442.0,5633,48.74015402793884,11
-4492.0,-7338.0,-6600.0,5715,49.33489108085632,11
-5006.0,-5491.0,-6699.0,6296,51.1425940990448,12
-4589.0,-7064.0,-6803.0,6980,52.72967600822449,12
-5474.0,-7414.0,-5250.0,7673,54.44978308677673,12
-6383.0,-6119.0,-4118.0,7715,54.6693902015686,12
-5179.0,-5989.0,-6439.0,8123,55.56773114204407,12
-4735.0,-7884.0,-5807.0,8171,55.91485619544983,12
-2881.0,-6750.0,-7947.0,8417,56.76567506790161,12
-4277.0,-5846.0,-7468.0,8445,57.22822117805481,12
-3334.0,-6538.0,-7762.0,8617,58.08547902107239,12
-2688.0,-6940.0,-7943.0,8627,58.194080114364624,12
-3461.0,-5721.0,-8080.0,8680,58.375752210617065,12
-3022.0,-7173.0,-7666.0,8923,59.0391161441803,12
-3083.0,-7305.0,-7451.0,8927,59.12505316734314,12
-2631.0,-7274.0,-7695.0,8940,59.237521171569824,12
-4973.0,-5707.0,-6807.0,9497,60.667776107788086,12
-3332.0,-6670.0,-7666.0,9622,60.9704852104187,12
-3249.0,-6208.0,-8028.0,9726,61.52299118041992,12
-2326.0,-8302.0,-6624.0,10143,62.40462899208069,12
-4321.0,-7817.0,-6256.0,10160,62.46353507041931,12
-3241.0,-6955.0,-7545.0,10388,63.253535985946655,12
-3568.0,-6453.0,-7722.0,10389,63.26795721054077,12
-3774.0,-8413.0,-6103.0,10507,63.55068016052246,12
-4837.0,-7968.0,-5474.0,10509,63.58474612236023,12
-4724.0,-7193.0,-6461.0,10766,64.06393599510193,12
-4331.0,-7677.0,-6395.0,10962,64.87323021888733,12
-4058.0,-5855.0,-7643.0,11411,66.25334906578064,13
-3751.0,-6119.0,-7704.0,11513,66.47024917602539,13
-4916.0,-5710.0,-6732.0,11841,67.11093807220459,13
-4877.0,-5745.0,-6922.0,11893,67.2209050655365,13
-5125.0,-5588.0,-6589.0,12901,69.42025399208069,13
-4756.0,-8101.0,-5200.0,13615,70.94160103797913,13
-5609.0,-7199.0,-5157.0,13615,70.94161200523376,13
-4535.0,-7950.0,-6014.0,13733,71.24343419075012,13
-5917.0,-5950.0,-5278.0,14177,72.11879515647888,13
-5095.0,-6999.0,-6178.0,14392,72.65101313591003,13
-3066.0,-6546.0,-7893.0,14577,73.4316132068634,13
-3701.0,-6029.0,-7713.0,14609,73.70894813537598,13
-4050.0,-5700.0,-7658.0,14747,74.23834705352783,13
-1548.0,-6482.0,-8432.0,14854,74.71254920959473,13
-3116.0,-6668.0,-7724.0,14882,74.80465722084045,13
-3477.0,-6060.0,-8049.0,15022,75.43709921836853,13
-3885.0,-6268.0,-7635.0,15047,75.63667416572571,13
-3938.0,-6263.0,-7583.0,16045,77.62929606437683,13
-3486.0,-6681.0,-7656.0,16382,78.81684112548828,13
-4804.0,-7483.0,-6281.0,17791,81.8272111415863,13
-3575.0,-7913.0,-6907.0,17956,82.10022020339966,13
-4173.0,-7138.0,-7011.0,18284,82.6614191532135,14
-5878.0,-5276.0,-5691.0,19585,85.27946615219116,14
-3029.0,-6880.0,-7741.0,20488,86.81601810455322,14
-4577.0,-8131.0,-5590.0,21243,88.09411001205444,14
-4178.0,-8502.0,-5225.0,21256,88.14241909980774,14
-6391.0,-6326.0,-3929.0,21305,88.26287698745728,14
-5023.0,-8068.0,-4887.0,21315,88.3094789981842,14
-6182.0,-6563.0,-4180.0,21317,88.32279920578003,14
-5587.0,-6197.0,-6025.0,21881,89.38270902633667,14
-5259.0,-6279.0,-6259.0,21903,89.44583201408386,14
-4727.0,-7677.0,-5996.0,21969,89.61009812355042,14
-3755.0,-4808.0,-7809.0,22511,91.0798192024231,14
-3990.0,-5774.0,-7761.0,23110,92.43176913261414,14
-3557.0,-6350.0,-7869.0,23183,92.6575710773468,14
-3007.0,-7240.0,-7599.0,23559,93.39151406288147,14
-4690.0,-7285.0,-6420.0,23708,93.61529803276062,14
-3168.0,-7225.0,-7542.0,24601,95.44363212585449,14
-3761.0,-7842.0,-6766.0,25268,96.39771819114685,14
-4102.0,-8331.0,-5869.0,25989,97.82220411300659,14
-4431.0,-8413.0,-5684.0,25991,97.84466218948364,14
-3134.0,-6560.0,-7803.0,27158,99.62252521514893,15
-3113.0,-6757.0,-7733.0,27212,99.68536806106567,15
-4113.0,-7212.0,-7114.0,27258,99.77366900444031,15
-5749.0,-5530.0,-5914.0,28371,101.78854608535767,15
-5886.0,-5483.0,-5502.0,28378,101.82206320762634,15
-5685.0,-5476.0,-6026.0,28383,101.84423613548279,15
-4453.0,-6917.0,-6965.0,29094,102.79373216629028,15
-5244.0,-7123.0,-6029.0,29652,103.6062331199646,15
-5698.0,-6972.0,-5790.0,29669,103.6532781124115,15
-4144.0,-8291.0,-5771.0,29776,103.88987517356873,15
-4959.0,-7532.0,-5857.0,29819,103.94651508331299,15
-4954.0,-7381.0,-5949.0,30203,104.73977208137512,15
-5081.0,-6975.0,-6445.0,30228,104.76591205596924,15
-3053.0,-6635.0,-7965.0,31100,106.56951117515564,15
-3898.0,-6201.0,-7627.0,31102,106.57353019714355,15
-3219.0,-6284.0,-8023.0,31104,106.5769591331482,15
-3695.0,-4882.0,-7912.0,31964,108.07072615623474,15
-5309.0,-5832.0,-6384.0,33305,110.36073112487793,15
-3228.0,-7151.0,-7439.0,33455,110.63250398635864,15
-2356.0,-7192.0,-7963.0,34490,112.33442807197571,15
-3348.0,-7204.0,-7375.0,35323,113.74394202232361,15
-4510.0,-5704.0,-7329.0,36434,115.24387001991272,16
-4852.0,-7055.0,-6615.0,36752,115.68564915657043,16
-5726.0,-6370.0,-5965.0,36824,115.87758708000183,16
-5228.0,-5812.0,-6483.0,36995,116.21781921386719,16
-3353.0,-6773.0,-7571.0,37110,116.37548899650574,16
-4907.0,-6766.0,-6726.0,37517,116.89741516113281,16
-4853.0,-7406.0,-6128.0,37805,117.22620606422424,16
-5161.0,-7460.0,-5667.0,37880,117.30362200737,16
-6310.0,-5769.0,-4171.0,37918,117.37123918533325,16
-4598.0,-8140.0,-5532.0,38097,117.69530010223389,16
-6190.0,-6319.0,-4453.0,38209,118.04898500442505,16
-5821.0,-6949.0,-4449.0,38271,118.19164705276489,16
-6330.0,-4665.0,-4499.0,38607,118.6885130405426,16
-3035.0,-6771.0,-7813.0,39130,119.58120799064636,16
-3726.0,-6316.0,-7609.0,39273,119.77122521400452,16
-3572.0,-6283.0,-7936.0,39531,120.12492108345032,16
-4118.0,-6889.0,-7556.0,39554,120.16893410682678,16
-2899.0,-6624.0,-7975.0,39668,120.38051915168762,16
-3171.0,-6685.0,-7723.0,39701,120.42228507995605,16
-2001.0,-6036.0,-8463.0,39906,120.7290301322937,16
-1321.0,-6414.0,-8514.0,39916,120.74898910522461,16
-2659.0,-6555.0,-8342.0,39928,120.76705121994019,16
-1973.0,-5946.0,-8592.0,39929,120.77350306510925,16
-2880.0,-6689.0,-8001.0,39990,120.84105920791626,16
-3536.0,-5925.0,-8000.0,40270,121.35323405265808,16
-2795.0,-7105.0,-7748.0,40698,121.94851112365723,16
-3317.0,-6737.0,-7599.0,41911,123.83646607398987,16
-2761.0,-7387.0,-7385.0,42372,124.50280714035034,16
-2614.0,-8247.0,-6430.0,42374,124.50453400611877,16
-4427.0,-7294.0,-6608.0,42478,124.62150716781616,16
-5122.0,-7559.0,-5646.0,43008,125.49720120429993,16
-2590.0,-5479.0,-8366.0,43773,126.59939408302307,17
-3756.0,-5583.0,-7805.0,43852,126.67909002304077,17
-5556.0,-5730.0,-6249.0,44603,127.90545010566711,17
-4925.0,-7624.0,-5816.0,44844,128.2124161720276,17
-4089.0,-7261.0,-7019.0,44964,128.34800219535828,17
-4641.0,-7830.0,-5934.0,45416,129.00494813919067,17
-3777.0,-8695.0,-5775.0,45470,129.10078310966492,17
-3946.0,-8608.0,-5454.0,45472,129.10387706756592,17
-4347.0,-8415.0,-4904.0,45514,129.17943811416626,17
-5936.0,-6681.0,-4359.0,45592,129.4000861644745,17
-6254.0,-6373.0,-4341.0,45622,129.45603108406067,17
-5931.0,-6654.0,-4528.0,45775,129.75796914100647,17
-5848.0,-6818.0,-4551.0,45829,129.823312997818,17
-3883.0,-8418.0,-5936.0,45856,129.8493812084198,17
-6333.0,-4929.0,-4120.0,46005,130.05004119873047,17
-3118.0,-6434.0,-8175.0,46720,131.0686070919037,17
-2432.0,-5825.0,-8425.0,46721,131.07136607170105,17
-2920.0,-6751.0,-7858.0,46798,131.1746790409088,17
-1386.0,-6213.0,-8724.0,47174,131.64253306388855,17
-3725.0,-6255.0,-7663.0,47216,131.69385504722595,17
-3095.0,-6659.0,-7782.0,47345,131.85657405853271,17
-3248.0,-6893.0,-7563.0,47750,132.4222400188446,17
-2347.0,-7989.0,-7098.0,48202,133.07660698890686,17
-4390.0,-6112.0,-7269.0,48286,133.1513090133667,17
-3545.0,-6546.0,-7607.0,48288,133.1526951789856,17
-2410.0,-7970.0,-7303.0,48510,133.41797399520874,17
-3867.0,-7968.0,-6495.0,49034,134.22038412094116,17
-3202.0,-7152.0,-7499.0,49163,134.38908505439758,17
-2732.0,-7408.0,-7434.0,49274,134.5669960975647,17
-2719.0,-8375.0,-6355.0,49456,134.83072304725647,17
-4663.0,-6725.0,-6952.0,49978,135.64749813079834,18
-3318.0,-6073.0,-8013.0,50048,135.7541811466217,18
-3152.0,-6424.0,-7955.0,50056,135.7613091468811,18
-2756.0,-5128.0,-8424.0,50076,135.78299021720886,18
-5493.0,-5749.0,-6044.0,50699,136.59090304374695,18
-5824.0,-5438.0,-5571.0,50714,136.6039810180664,18
-4249.0,-7762.0,-6520.0,50964,136.91426014900208,18
-4746.0,-7510.0,-5996.0,50978,136.93241214752197,18
-5265.0,-6926.0,-6099.0,51072,137.03687715530396,18
-4841.0,-7747.0,-5824.0,51178,137.1783311367035,18
-4662.0,-7633.0,-6004.0,51188,137.18987202644348,18
-6195.0,-5888.0,-4554.0,51310,137.41787219047546,18
-4767.0,-7761.0,-5929.0,51432,137.61487698554993,18
-4558.0,-8167.0,-5572.0,51440,137.62334203720093,18
-4488.0,-8092.0,-5804.0,51441,137.62649703025818,18
-4692.0,-7557.0,-6009.0,51470,137.65908312797546,18
-6401.0,-5750.0,-2981.0,51575,137.82441020011902,18
-4618.0,-8055.0,-5541.0,51830,138.31786012649536,18
-6181.0,-5814.0,-5081.0,51976,138.55804920196533,18
-2657.0,-5339.0,-8434.0,52470,139.18629908561707,18
-3617.0,-6276.0,-7766.0,52557,139.29078006744385,18
-4683.0,-5976.0,-7087.0,52603,139.36432719230652,18
-4876.0,-5776.0,-6752.0,52603,139.36432909965515,18
-2032.0,-5811.0,-8543.0,52806,139.70388317108154,18
-1886.0,-6016.0,-8508.0,53120,140.1009590625763,18
-2401.0,-7349.0,-7696.0,53350,140.43167304992676,18
-2566.0,-7475.0,-7485.0,53354,140.43408203125,18
-3711.0,-6195.0,-7665.0,53590,140.74234819412231,18
-2576.0,-7619.0,-7361.0,53756,140.9312961101532,18
-2855.0,-6887.0,-7831.0,54226,141.62734007835388,18
-3982.0,-8312.0,-6263.0,54504,141.99757599830627,18
-3846.0,-7762.0,-6857.0,54626,142.2071840763092,18
-4919.0,-7205.0,-6250.0,54640,142.22848320007324,18
-5128.0,-6596.0,-6306.0,54880,142.63592410087585,19
-3997.0,-5990.0,-7617.0,55156,142.98802304267883,19
-5213.0,-6656.0,-6253.0,55470,143.3796570301056,19
-5819.0,-5421.0,-5681.0,55486,143.46964311599731,19
-4165.0,-7885.0,-6528.0,55742,143.74033308029175,19
-5757.0,-6837.0,-5741.0,55788,143.79751205444336,19
-5046.0,-7440.0,-5712.0,55794,143.80202913284302,19
-5538.0,-7027.0,-5541.0,55806,143.82365012168884,19
-5039.0,-7822.0,-5677.0,55953,144.01810908317566,19
-6198.0,-6526.0,-4264.0,56033,144.16092109680176,19
-4657.0,-7796.0,-6170.0,56352,144.66949009895325,19
-6406.0,-5289.0,-4008.0,56384,144.7090561389923,19
-2810.0,-7394.0,-7354.0,56540,144.9044680595398,19
-2909.0,-6840.0,-7818.0,56606,144.99767112731934,19
-2598.0,-5474.0,-8483.0,56726,145.14672899246216,19
-3823.0,-5997.0,-7707.0,56744,145.1712281703949,19
-3270.0,-6011.0,-8098.0,56764,145.1984920501709,19
-3959.0,-6066.0,-7653.0,56776,145.21582508087158,19
-4411.0,-5915.0,-7339.0,56800,145.23747301101685,19
-4336.0,-5711.0,-7419.0,56802,145.23942804336548,19
-4352.0,-6050.0,-7388.0,56824,145.2719931602478,19
-2500.0,-5732.0,-8439.0,56962,145.54037809371948,19
-2169.0,-7292.0,-7972.0,56990,145.56896710395813,19
-2821.0,-6824.0,-8050.0,56997,145.575581073761,19
-3140.0,-6789.0,-7629.0,57060,145.65311408042908,19
-2295.0,-7223.0,-7967.0,57066,145.6608681678772,19
-2698.0,-5263.0,-8385.0,57114,145.7303650379181,19
-2925.0,-5331.0,-8303.0,57140,145.76639413833618,19
-2869.0,-5474.0,-8285.0,57153,145.78266406059265,19
-4170.0,-7655.0,-6687.0,57482,146.33057022094727,19
-4391.0,-6990.0,-6998.0,57536,146.40944409370422,19
-4847.0,-5776.0,-6812.0,57550,146.43008518218994,19
-3227.0,-7090.0,-7493.0,57628,146.59576606750488,19
-3651.0,-6269.0,-7768.0,57630,146.59734511375427,19
-2864.0,-7819.0,-7064.0,57729,146.7197461128235,19
-3055.0,-6892.0,-7694.0,57784,146.8057930469513,19
-2788.0,-7754.0,-7212.0,57835,146.90646719932556,19
-3888.0,-8095.0,-6378.0,57990,147.09878611564636,19
-2492.0,-7742.0,-7369.0,58032,147.1737630367279,19
-2750.0,-7272.0,-7586.0,58142,147.469642162323,19
-3648.0,-8482.0,-6108.0,58198,147.5487060546875,19
-4495.0,-8026.0,-5975.0,58218,147.57099103927612,19
-3772.0,-5922.0,-7774.0,58584,148.16414713859558,20
-4959.0,-7974.0,-5022.0,59222,149.14312410354614,20
-6406.0,-5498.0,-3321.0,59268,149.21877002716064,20
-5877.0,-6816.0,-4408.0,59360,149.3455982208252,20
-4631.0,-7211.0,-6523.0,59480,149.51856398582458,20
-5482.0,-6782.0,-5895.0,59502,149.5480170249939,20
-5855.0,-5905.0,-5347.0,59526,149.57359409332275,20
-5909.0,-5753.0,-5408.0,59550,149.59798502922058,20
-4144.0,-8082.0,-6458.0,59588,149.6569402217865,20
-4485.0,-7598.0,-6371.0,59596,149.66635012626648,20
-3363.0,-6689.0,-7579.0,59690,149.85967707633972,20
-3446.0,-6352.0,-7941.0,59768,149.93812203407288,20
-3227.0,-6542.0,-7741.0,59850,150.05413913726807,20
-1733.0,-6478.0,-8392.0,59917,150.120836019516,20
-1714.0,-6131.0,-8490.0,59946,150.15965914726257,20
-2597.0,-5413.0,-8537.0,60018,150.23621320724487,20
-2538.0,-5548.0,-8586.0,60074,150.30377221107483,20
-3084.0,-6154.0,-8206.0,60114,150.35978412628174,20
-3538.0,-6003.0,-7967.0,60128,150.3777391910553,20
-1356.0,-7114.0,-8072.0,60152,150.40126299858093,20
-2824.0,-7490.0,-7349.0,60196,150.44645714759827,20
-2703.0,-7834.0,-7121.0,60199,150.45017409324646,20
-3063.0,-7097.0,-7617.0,60224,150.49208998680115,20
-2865.0,-7414.0,-7300.0,60232,150.50198817253113,20
-3295.0,-6908.0,-7532.0,60244,150.5150191783905,20
-4014.0,-7423.0,-7124.0,60438,150.75569105148315,20
-2440.0,-7069.0,-7955.0,60466,150.79077100753784,20
-4003.0,-8115.0,-6333.0,60592,150.9439651966095,20
-2930.0,-7091.0,-7751.0,60612,150.96943020820618,20
-3193.0,-7210.0,-7307.0,60614,150.97157216072083,20
-3258.0,-7009.0,-7517.0,60618,150.9860680103302,20
-2606.0,-7477.0,-7439.0,60620,151.05115818977356,20
-2654.0,-8011.0,-7077.0,60639,151.06946420669556,20
-3384.0,-6940.0,-7512.0,60686,151.14233207702637,20
-3542.0,-8356.0,-6379.0,60758,151.23886704444885,20
-4161.0,-8196.0,-5820.0,60782,151.277419090271,20
-4185.0,-8436.0,-5396.0,60798,151.29135417938232,20
-4519.0,-8266.0,-5551.0,60800,151.2928171157837,20
-4406.0,-7491.0,-6538.0,60872,151.36704421043396,20
-4673.0,-6941.0,-6795.0,60988,151.52739214897156,21
-5364.0,-5766.0,-6170.0,61180,151.7482500076294,21
-5878.0,-5286.0,-5632.0,61246,151.83776211738586,21
-5018.0,-7397.0,-5808.0,61416,152.0626301765442,21
-4681.0,-8245.0,-5059.0,61428,152.0780520439148,21
-6383.0,-6129.0,-4059.0,61504,152.18249702453613,21
-5936.0,-6671.0,-4418.0,61512,152.19277715682983,21
-6324.0,-6264.0,-4108.0,61564,152.34702706336975,21
-5845.0,-5689.0,-5504.0,61692,152.5221061706543,21
-5105.0,-7215.0,-6021.0,61754,152.5920181274414,21
-3732.0,-5998.0,-7735.0,61852,152.72043299674988,21
-3016.0,-4965.0,-8308.0,61994,152.90052914619446,21
-3051.0,-5262.0,-8298.0,62024,152.93270206451416,21
-4000.0,-5990.0,-7604.0,62036,152.9468550682068,21
-3081.0,-7038.0,-7617.0,62092,153.0084011554718,21
-2370.0,-7641.0,-7588.0,62106,153.0252251625061,21
-2660.0,-6975.0,-7931.0,62148,153.07082605361938,21
-3014.0,-6968.0,-7743.0,62254,153.18928503990173,21
-3106.0,-6619.0,-7769.0,62324,153.26977920532227,21
-2865.0,-7292.0,-7541.0,62408,153.40189003944397,21
-2971.0,-7015.0,-7702.0,62434,153.45832419395447,21
-3289.0,-6717.0,-7625.0,62436,153.4598569869995,21
-4108.0,-8243.0,-6258.0,62530,153.63115406036377,21
-2636.0,-7401.0,-7444.0,62608,153.722510099411,21
-5413.0,-5415.0,-6278.0,62824,153.93820905685425,22
-5074.0,-5861.0,-6514.0,62868,153.98106503486633,22
-5562.0,-7267.0,-5117.0,62908,154.03452801704407,22
-4512.0,-8332.0,-5380.0,62930,154.06083703041077,22
-5154.0,-7544.0,-5646.0,62936,154.0682291984558,22
-5224.0,-7425.0,-5472.0,62940,154.074205160141,22
-6246.0,-6176.0,-4471.0,63000,154.13594222068787,22
-5444.0,-5882.0,-6054.0,63134,154.29327416419983,22
-3946.0,-8399.0,-6141.0,63146,154.30912613868713,22
-3810.0,-7849.0,-6735.0,63152,154.31276607513428,22
-5385.0,-6017.0,-6103.0,63156,154.31527519226074,22
-5850.0,-5888.0,-5457.0,63160,154.31954216957092,22
-3381.0,-6553.0,-7731.0,63208,154.37806010246277,22
-3631.0,-6148.0,-7887.0,63224,154.41817617416382,22
-2987.0,-6473.0,-8108.0,63300,154.48885822296143,22
-2305.0,-7842.0,-7378.0,63406,154.6566300392151,22
-4896.0,-7833.0,-5425.0,63652,154.9134840965271,22
-5050.0,-6508.0,-6669.0,63726,154.99693417549133,23
-5349.0,-6803.0,-6091.0,63806,155.07667803764343,23
-5749.0,-5540.0,-5855.0,63812,155.08339619636536,23
-5209.0,-5465.0,-6581.0,63820,155.0909140110016,23
-5178.0,-7784.0,-5222.0,63900,155.17871713638306,23
-5877.0,-6806.0,-4467.0,63958,155.2476670742035,23
-5789.0,-6963.0,-4541.0,63998,155.28996300697327,23
-5848.0,-6828.0,-4492.0,64000,155.2915861606598,23
-3325.0,-6696.0,-7713.0,64077,155.38455605506897,23
-3673.0,-6133.0,-7784.0,64084,155.39059710502625,23
-1623.0,-6686.0,-8352.0,64114,155.41372919082642,23
-3076.0,-6695.0,-7764.0,64134,155.43782019615173,23
-3864.0,-5843.0,-7766.0,64150,155.45591616630554,23
-2639.0,-5398.0,-8434.0,64162,155.46731400489807,23
-3613.0,-6207.0,-7887.0,64174,155.4797010421753,23
-3210.0,-6085.0,-8201.0,64176,155.4812672138214,23
-2496.0,-7572.0,-7583.0,64194,155.4968340396881,23
-3189.0,-7028.0,-7612.0,64204,155.50665616989136,23
-2809.0,-7557.0,-7282.0,64210,155.5116331577301,23
-4683.0,-7369.0,-6399.0,64214,155.53403210639954,23
-2738.0,-7888.0,-7069.0,64238,155.5572440624237,23
-5120.0,-6389.0,-6495.0,64386,155.78076720237732,24
-4991.0,-6643.0,-6718.0,64388,155.78275513648987,24
-5027.0,-5294.0,-6769.0,64394,155.78864002227783,24
-5179.0,-5541.0,-6576.0,64398,155.79275703430176,24
-5234.0,-6459.0,-6323.0,64404,155.7991361618042,24
-4967.0,-5368.0,-6872.0,64410,155.8056001663208,24
-4838.0,-5622.0,-7095.0,64412,155.80714011192322,24
-5294.0,-5885.0,-6344.0,64414,155.80868220329285,24
-5354.0,-5773.0,-6313.0,64420,155.8185679912567,24
-5741.0,-5333.0,-6044.0,64430,155.82530307769775,24
-5284.0,-5669.0,-6501.0,64432,155.82688307762146,24
-5338.0,-5211.0,-6358.0,64436,155.83073115348816,24
-5354.0,-5550.0,-6327.0,64438,155.83216214179993,24
-4353.0,-7228.0,-6952.0,64440,155.83377718925476,24
-4134.0,-7742.0,-6565.0,64442,155.8356351852417,24
-5210.0,-6008.0,-6352.0,64446,155.8398401737213,24
-5200.0,-5792.0,-6509.0,64452,155.8457372188568,24
-5657.0,-5456.0,-6052.0,64454,155.84735202789307,24
-4029.0,-7335.0,-7122.0,64456,155.84914422035217,24
-5781.0,-7077.0,-5317.0,64464,155.85703301429749,24
-5865.0,-6135.0,-5301.0,64470,155.86099910736084,24
-5479.0,-7162.0,-5590.0,64476,155.86431121826172,24
-5616.0,-7115.0,-5178.0,64478,155.86626720428467,24
-4443.0,-8147.0,-5617.0,64486,155.8773341178894,24
-5095.0,-7679.0,-5695.0,64488,155.87897300720215,24
-4876.0,-7869.0,-5495.0,64492,155.88423800468445,24
-5625.0,-7232.0,-4922.0,64498,155.89148116111755,24
-5633.0,-7439.0,-4733.0,64500,155.8931109905243,24
-5555.0,-7351.0,-5096.0,64502,155.89474415779114,24
-6254.0,-6383.0,-4282.0,64506,155.8988161087036,24
-6241.0,-6428.0,-4131.0,64518,155.91252517700195,24
-5357.0,-7898.0,-5042.0,64520,155.9138560295105,24
-6014.0,-6759.0,-4055.0,64540,155.93894720077515,24
-5918.0,-6709.0,-4318.0,64560,155.96638011932373,24
-4959.0,-7129.0,-6289.0,64562,155.96785616874695,24
-6310.0,-5560.0,-4858.0,64568,155.972825050354,24
-6173.0,-5607.0,-5270.0,64572,155.9749550819397,24
-5772.0,-5800.0,-5820.0,64576,155.97737908363342,24
-4681.0,-8036.0,-5746.0,64588,155.99253106117249,24
-4694.0,-7192.0,-6728.0,64590,155.99468302726746,24
-3307.0,-6832.0,-7561.0,64602,156.0125081539154,24
-4739.0,-5833.0,-7105.0,64624,156.03954601287842,24
-3672.0,-6072.0,-7838.0,64660,156.06775522232056,24
-3597.0,-5868.0,-7918.0,64662,156.06922912597656,24
-3159.0,-6358.0,-8126.0,64672,156.07892107963562,24
-2629.0,-7456.0,-7690.0,64678,156.086364030838,24
-2957.0,-7374.0,-7456.0,64680,156.08896708488464,24
-2735.0,-7179.0,-7851.0,64686,156.09322500228882,24
-2537.0,-7496.0,-7534.0,64688,156.09525203704834,24
-4718.0,-6030.0,-7035.0,64696,156.1076261997223,24
-5255.0,-5984.0,-6323.0,64698,156.10942220687866,24
-3878.0,-7276.0,-7286.0,64710,156.1225550174713,24
-2516.0,-7693.0,-7464.0,64718,156.13250017166138,24
-4634.0,-7040.0,-6774.0,64732,156.15174102783203,24
-2432.0,-7816.0,-7472.0,64754,156.17644000053406,24
-2760.0,-7734.0,-7238.0,64758,156.1791651248932,24
-3930.0,-7546.0,-7132.0,64766,156.1875720024109,24
-4436.0,-8161.0,-6024.0,64778,156.20290613174438,24
-3784.0,-8629.0,-5946.0,64780,156.2057490348816,24
-4532.0,-7422.0,-6533.0,64784,156.2104082107544,24
-2646.0,-7806.0,-7154.0,64792,156.22013807296753,24
-2752.0,-7529.0,-7315.0,64800,156.229394197464,24
-4898.0,-5548.0,-6992.0,64812,156.24499320983887,25
-5123.0,-5684.0,-6558.0,64814,156.24657607078552,25
-5064.0,-5819.0,-6607.0,64818,156.24879717826843,25
-5238.0,-6028.0,-6326.0,64820,156.25045204162598,25
-5179.0,-6163.0,-6375.0,64822,156.25215411186218,25
-4820.0,-8012.0,-5477.0,64840,156.27362513542175,25
-5496.0,-7486.0,-5145.0,64844,156.27830505371094,25
-6112.0,-6682.0,-4354.0,64850,156.28570914268494,25
-5872.0,-7068.0,-4068.0,64864,156.2993721961975,25
-5864.0,-6861.0,-4257.0,64868,156.30376410484314,25
-5315.0,-6136.0,-6277.0,64880,156.3168501853943,25
-5240.0,-5932.0,-6357.0,64882,156.31894516944885,25
-4370.0,-7578.0,-6416.0,64896,156.33920001983643,25
-5140.0,-5640.0,-6555.0,64916,156.3604691028595,25
-2234.0,-7091.0,-8182.0,64922,156.36546802520752,25
-3944.0,-6133.0,-7586.0,64926,156.3683111667633,25
-2667.0,-5294.0,-8363.0,64928,156.369863986969,25
-5394.0,-5960.0,-6054.0,64938,156.37920022010803,25
-3899.0,-7403.0,-7169.0,64966,156.40668320655823,25
-4573.0,-8114.0,-5612.0,64986,156.4295301437378,25
-4869.0,-7379.0,-6170.0,65004,156.45502305030823,26
-5090.0,-7931.0,-5355.0,65010,156.45864701271057,26
-4871.0,-8121.0,-5155.0,65012,156.46104311943054,26
-6249.0,-6635.0,-3942.0,65014,156.46324706077576,26
-5794.0,-6980.0,-4431.0,65016,156.4649670124054,26
-5735.0,-7115.0,-4480.0,65024,156.4698610305786,26
-5821.0,-6959.0,-4390.0,65026,156.4713110923767,26
-5872.0,-7058.0,-4127.0,65028,156.4726390838623,26
-5679.0,-7258.0,-4462.0,65030,156.47447609901428,26
-4622.0,-8261.0,-5437.0,65034,156.47670102119446,26
-5022.0,-7110.0,-6494.0,65038,156.48086500167847,26
-4568.0,-7261.0,-6733.0,65040,156.48642706871033,26
-5159.0,-7063.0,-6082.0,65042,156.48893308639526,26
-5151.0,-6856.0,-6271.0,65044,156.4906451702118,26
-3431.0,-6419.0,-7874.0,65056,156.49724912643433,26
-3286.0,-7029.0,-7491.0,65064,156.50142621994019,26
-3065.0,-6695.0,-7818.0,65066,156.503032207489,26
-2899.0,-6948.0,-7788.0,65072,156.50678300857544,26
-3652.0,-6330.0,-7714.0,65074,156.50832414627075,26
-3592.0,-6404.0,-7817.0,65076,156.51001405715942,26
-4860.0,-7340.0,-6299.0,65090,156.51814103126526,26
-4855.0,-7592.0,-5959.0,65092,156.52072310447693,26
-2711.0,-7605.0,-7364.0,65094,156.52322602272034,26
-3909.0,-7743.0,-7062.0,65098,156.52862310409546,26
-4446.0,-7697.0,-6350.0,65100,156.53081512451172,26
-4422.0,-7457.0,-6774.0,65102,156.53268313407898,26
-3711.0,-8060.0,-6745.0,65104,156.5349841117859,26
