z1,z2,z3,node,time,depth
6650.0,5363.0,5803.0,1,0.13123297691345215,1
8441.0,10504.0,4047.0,1,0.13132810592651367,1
6649.0,7805.0,4702.0,1,0.13140106201171875,1
6111.0,6073.0,5366.0,1,0.1314220428466797,1
4575.0,9070.0,8877.0,1,0.1314530372619629,1
6696.0,4719.0,7706.0,1,0.13153815269470215,1
4975.0,7231.0,5924.0,1,0.1316230297088623,1
4799.0,7984.0,9909.0,3,0.30957913398742676,2
4639.0,9173.0,8300.0,3,0.309589147567749,2
6320.0,5981.0,11512.0,3,0.3096001148223877,2
4607.0,8812.0,8957.0,3,0.3096621036529541,2
4896.0,9268.0,7692.0,6,0.6406891345977783,3
4953.0,8031.0,8924.0,6,0.6407110691070557,3
4836.0,8085.0,9367.0,6,0.6407740116119385,3
4671.0,8915.0,8380.0,6,0.6409749984741211,3
4928.0,9010.0,7772.0,6,0.6410059928894043,3
5529.0,7113.0,10649.0,13,1.4099540710449219,4
4881.0,8348.0,9006.0,13,1.4101769924163818,4
4945.0,8451.0,8429.0,13,1.4102191925048828,4
5725.0,6317.0,6962.0,16,1.7449111938476562,5
6504.0,11276.0,5261.0,17,1.8426730632781982,5
6088.0,6984.0,5927.0,17,1.8428380489349365,5
4864.0,8907.0,8349.0,26,2.790860176086426,5
4832.0,9165.0,8269.0,26,2.7908711433410645,5
4849.0,8606.0,8926.0,50,5.266834020614624,6
4913.0,8709.0,8349.0,50,5.266963005065918,6
4914.0,8377.0,8879.0,51,5.377313137054443,6
5591.0,7064.0,10955.0,55,5.809237957000732,7
6642.0,10808.0,5239.0,59,6.163607120513916,7
5562.0,7016.0,11094.0,72,7.241191148757935,7
4932.0,8453.0,8813.0,79,7.883563995361328,7
4946.0,8738.0,8222.0,79,7.883740186691284,7
4850.0,9043.0,8158.0,115,10.887202978134155,8
4882.0,8635.0,8799.0,116,10.949563026428223,8
4818.0,9301.0,8078.0,163,14.294095039367676,9
5558.0,7161.0,10510.0,166,14.55570101737976,10
6504.0,5951.0,10145.0,167,14.667405128479004,10
4916.0,7930.0,9466.0,194,16.34304714202881,10
6349.0,6029.0,11373.0,219,17.84595513343811,11
8942.0,4467.0,9918.0,437,28.86130404472351,14
8793.0,4469.0,9986.0,437,28.86131501197815,14
8700.0,4590.0,9476.0,530,32.98147106170654,15
8849.0,4588.0,9408.0,530,32.98148202896118,15
8963.0,9984.0,4475.0,794,42.378321170806885,18
8647.0,10364.0,4365.0,864,44.78510117530823,19
8009.0,10715.0,4285.0,924,47.34548902511597,20
7499.0,11305.0,4648.0,924,47.345592975616455,20
7559.0,11110.0,4598.0,924,47.345728158950806,20
8164.0,10373.0,4340.0,925,47.39627718925476,20
8601.0,4538.0,10352.0,962,48.853331089019775,21
9414.0,4660.0,9295.0,963,48.940126180648804,21
7045.0,5298.0,7061.0,963,48.94023013114929,21
9857.0,4656.0,9141.0,963,48.940240144729614,21
9771.0,4644.0,9187.0,963,48.94025015830994,21
7732.0,10584.0,4578.0,970,49.69563102722168,21
8987.0,4574.0,9789.0,973,49.87900519371033,21
8838.0,4576.0,9857.0,973,49.87901496887207,21
8745.0,4697.0,9347.0,973,49.87902617454529,21
8894.0,4695.0,9279.0,973,49.87903618812561,21
7931.0,11094.0,4410.0,1011,51.792224168777466,22
7991.0,10899.0,4360.0,1011,51.79232716560364,22
9500.0,4672.0,9249.0,1044,53.288451194763184,23
7852.0,10633.0,4569.0,1057,54.49958395957947,23
8498.0,10095.0,4535.0,1058,54.59413719177246,23
8327.0,9834.0,4581.0,1098,56.944308042526245,24
8766.0,9869.0,4502.0,1099,57.04067301750183,24
8775.0,10226.0,4242.0,1099,57.04068303108215,24
9100.0,9591.0,4697.0,1099,57.04069399833679,24
7714.0,10768.0,4653.0,1105,57.48464798927307,24
8267.0,10029.0,4631.0,1144,59.82513499259949,25
8381.0,10699.0,4097.0,1146,59.948091983795166,25
8201.0,4636.0,10856.0,1172,61.23871397972107,26
8296.0,4604.0,10747.0,1172,61.23872399330139,26
9256.0,4620.0,9406.0,1173,61.29084801673889,26
8715.0,10421.0,4292.0,1196,62.79533410072327,26
8706.0,10064.0,4552.0,1196,62.79542803764343,26
9154.0,4685.0,9114.0,1225,64.18272304534912,27
7949.0,10910.0,4335.0,1244,65.19964003562927,27
8615.0,10311.0,4518.0,1255,65.7165801525116,27
7672.0,10779.0,4628.0,1262,65.98852896690369,27
8104.0,10568.0,4390.0,1264,66.04888916015625,27
8506.0,4570.0,10461.0,1280,66.72548007965088,28
9297.0,9706.0,4670.0,1369,70.9322509765625,29
8639.0,4712.0,10097.0,1559,76.60620307922363,32
8628.0,4577.0,10274.0,1617,78.22659516334534,33
8533.0,4609.0,10383.0,1661,79.50580406188965,34
8323.0,4643.0,10669.0,1699,80.56712818145752,35
8228.0,4675.0,10778.0,1752,81.95387506484985,37
