z1,z2,z3,node,time,depth
-1887.0,-5035.0,-3238.0,1,0.004842042922973633,1
-2638.0,-4773.0,-3225.0,1,0.004845142364501953,1
-4297.0,-3002.0,-3670.0,1,0.004848003387451172,1
-4483.0,-3371.0,-2168.0,1,0.004851102828979492,1
-4885.0,-1897.0,-3532.0,1,0.0048542022705078125,1
-4921.0,-2227.0,-2145.0,1,0.004857063293457031,1
-4805.0,-2690.0,-2186.0,1,0.0048601627349853516,1
-1615.0,-4477.0,-4027.0,1,0.00486302375793457,1
-3525.0,-2288.0,-4503.0,1,0.004866123199462891,1
-4088.0,-2563.0,-4058.0,1,0.004868984222412109,1
-3716.0,-2865.0,-4263.0,1,0.00487208366394043,1
-3614.0,-3372.0,-4140.0,1,0.00487518310546875,1
-2951.0,-3758.0,-4353.0,1,0.004878044128417969,1
-1707.0,-3320.0,-5011.0,1,0.004881143569946289,1
-1184.0,-3775.0,-4729.0,1,0.004884004592895508,1
-2200.0,-4020.0,-4366.0,1,0.004897117614746094,1
-2315.0,-3184.0,-4931.0,1,0.0048999786376953125,1
-3545.0,-2603.0,-4455.0,1,0.004903078079223633,1
-2868.0,-2704.0,-4803.0,1,0.004906177520751953,1
-3051.0,-3097.0,-4585.0,1,0.004909038543701172,1
-2001.0,-4163.0,-4250.0,2,0.010430097579956055,2
-2752.0,-3901.0,-4237.0,2,0.010442972183227539,2
-2813.0,-3352.0,-4589.0,2,0.010452032089233398,2
-3830.0,-2569.0,-4207.0,2,0.010455131530761719,2
-3153.0,-2670.0,-4555.0,2,0.010464191436767578,2
-2642.0,-3090.0,-4781.0,2,0.010467052459716797,2
-3137.0,-4127.0,-2851.0,3,0.01979804039001465,2
-1792.0,-3639.0,-4649.0,3,0.019817113876342773,2
-3039.0,-2966.0,-4611.0,3,0.01983809471130371,2
-3890.0,-3578.0,-3124.0,4,0.02565312385559082,3
-2992.0,-3163.0,-4430.0,4,0.025677204132080078,3
-2116.0,-3327.0,-4815.0,4,0.025680065155029297,3
-3971.0,-3237.0,-2796.0,5,0.029832124710083008,3
-3946.0,-3074.0,-3088.0,5,0.029844045639038086,3
-3415.0,-4051.0,-2525.0,8,0.04246211051940918,4
-3287.0,-3759.0,-3399.0,8,0.0424649715423584,4
-3403.0,-3880.0,-3135.0,8,0.04247117042541504,4
-2509.0,-4092.0,-3436.0,8,0.04247713088989258,4
-3517.0,-3008.0,-4147.0,8,0.04248619079589844,4
-2406.0,-3928.0,-4043.0,10,0.05002403259277344,4
-2840.0,-3109.0,-4495.0,10,0.05002713203430176,4
-3304.0,-2901.0,-4187.0,10,0.05003619194030762,4
-3207.0,-3948.0,-3594.0,10,0.05003809928894043,4
-2184.0,-3652.0,-4396.0,12,0.05640411376953125,4
-2288.0,-3228.0,-4624.0,13,0.05951809883117676,4
-2780.0,-3496.0,-4545.0,14,0.06241011619567871,4
-2707.0,-3197.0,-4678.0,14,0.06241798400878906,4
-3614.0,-3800.0,-2245.0,16,0.06978416442871094,5
-3643.0,-3722.0,-2773.0,16,0.06980299949645996,5
-4590.0,-2399.0,-3160.0,16,0.0698080062866211,5
-4780.0,-2527.0,-2478.0,16,0.06983613967895508,5
-4656.0,-2140.0,-3412.0,16,0.0698390007019043,5
-2994.0,-3463.0,-3865.0,17,0.07348108291625977,5
-3133.0,-3405.0,-4029.0,20,0.08432507514953613,5
-3348.0,-3648.0,-3261.0,21,0.08704400062561035,5
-3065.0,-3462.0,-4297.0,22,0.08899712562561035,5
-3725.0,-3199.0,-3153.0,32,0.11252117156982422,6
-4503.0,-2636.0,-2694.0,34,0.12078309059143066,6
-3294.0,-3616.0,-3384.0,34,0.12079119682312012,6
-4458.0,-3208.0,-2460.0,35,0.1236109733581543,6
-4599.0,-2908.0,-2127.0,35,0.12361407279968262,6
-1900.0,-4443.0,-3779.0,36,0.1282660961151123,6
-2456.0,-4210.0,-3607.0,36,0.1282801628112793,6
-1593.0,-3782.0,-4533.0,36,0.12828302383422852,6
-2809.0,-4269.0,-3383.0,40,0.13814616203308105,6
-2638.0,-4007.0,-3575.0,40,0.1381521224975586,6
-3088.0,-2686.0,-4391.0,44,0.14625310897827148,6
-4175.0,-2231.0,-3848.0,54,0.16461706161499023,6
-3701.0,-3040.0,-3930.0,67,0.19225502014160156,7
-3840.0,-3751.0,-2457.0,68,0.19468212127685547,7
-3544.0,-3580.0,-2802.0,69,0.1967470645904541,7
-2058.0,-4531.0,-3396.0,71,0.2045290470123291,7
-2062.0,-3614.0,-4602.0,72,0.2066500186920166,7
-4572.0,-2336.0,-3472.0,126,0.29589319229125977,8
-4126.0,-2740.0,-3862.0,127,0.2975611686706543,8
-1655.0,-4190.0,-4056.0,132,0.3057680130004883,8
-2779.0,-4473.0,-2892.0,146,0.3311131000518799,8
-3719.0,-3316.0,-3316.0,200,0.41452598571777344,9
-3574.0,-3376.0,-3293.0,201,0.4180130958557129,9
-1477.0,-4071.0,-4263.0,219,0.4445371627807617,9
-2002.0,-4199.0,-3803.0,316,0.575829029083252,10
-2950.0,-3969.0,-3050.0,335,0.6054260730743408,10
-4031.0,-3278.0,-2791.0,376,0.651151180267334,11
-4190.0,-3075.0,-2634.0,376,0.6511540412902832,11
