z1,z2,z3,node,time,depth
-57.0,-55.0,-43.0,25,0.04936814308166504,5
-39.0,-54.0,-60.0,70,0.10196304321289062,7
-48.0,-59.0,-51.0,127,0.1593329906463623,7
-44.0,-51.0,-60.0,138,0.16817212104797363,8
-53.0,-59.0,-45.0,251,0.2801811695098877,8
-51.0,-59.0,-47.0,357,0.3695709705352783,9
-60.0,-47.0,-47.0,382,0.3931891918182373,9
-54.0,-56.0,-49.0,397,0.4055800437927246,9
-43.0,-59.0,-53.0,512,0.5004980564117432,10
-43.0,-56.0,-59.0,518,0.5046331882476807,10
-50.0,-49.0,-57.0,536,0.5205249786376953,10
-45.0,-51.0,-58.0,545,0.5259490013122559,10
-59.0,-45.0,-50.0,742,0.666172981262207,10
-60.0,-40.0,-51.0,748,0.6697351932525635,10
-60.0,-48.0,-46.0,756,0.6756100654602051,10
-59.0,-52.0,-43.0,789,0.7052001953125,10
-47.0,-53.0,-57.0,962,0.8325700759887695,11
-45.0,-60.0,-52.0,964,0.8338010311126709,11
-49.0,-54.0,-56.0,972,0.8384110927581787,11
-47.0,-55.0,-55.0,978,0.8417510986328125,11
-48.0,-48.0,-58.0,994,0.8517541885375977,11
-44.0,-52.0,-59.0,1004,0.8562180995941162,11
-49.0,-46.0,-61.0,1030,0.8767340183258057,11
-49.0,-39.0,-65.0,1038,0.8816020488739014,11
-47.0,-44.0,-62.0,1044,0.8851971626281738,11
-49.0,-47.0,-60.0,1082,0.9096190929412842,11
-53.0,-51.0,-53.0,1134,0.9416260719299316,11
-53.0,-52.0,-52.0,1156,0.9535260200500488,11
-54.0,-49.0,-54.0,1314,1.0497450828552246,11
-54.0,-42.0,-58.0,1322,1.055023193359375,11
-57.0,-43.0,-51.0,1323,1.061676025390625,11
-52.0,-47.0,-55.0,1328,1.0647120475769043,11
-54.0,-50.0,-53.0,1334,1.0690090656280518,11
-55.0,-45.0,-54.0,1336,1.0703580379486084,11
-56.0,-43.0,-53.0,1337,1.0709919929504395,11
-64.0,-45.0,-43.0,1376,1.0954761505126953,11
-55.0,-37.0,-59.0,1404,1.1142091751098633,11
-56.0,-42.0,-54.0,1430,1.1306641101837158,11
-43.0,-57.0,-58.0,1674,1.283290147781372,12
-43.0,-48.0,-64.0,1690,1.2913880348205566,12
-45.0,-41.0,-68.0,1724,1.309514045715332,12
-45.0,-49.0,-63.0,1784,1.3409390449523926,12
-39.0,-51.0,-64.0,1785,1.3414971828460693,12
-43.0,-50.0,-62.0,1800,1.3485960960388184,12
-51.0,-57.0,-49.0,1852,1.373406171798706,12
-53.0,-44.0,-57.0,1888,1.389585018157959,12
-52.0,-55.0,-50.0,2017,1.4531500339508057,12
-50.0,-44.0,-61.0,2024,1.4561309814453125,12
-55.0,-48.0,-52.0,2032,1.4612300395965576,12
-50.0,-52.0,-56.0,2040,1.4715301990509033,12
-44.0,-54.0,-57.0,2041,1.4721121788024902,12
-59.0,-42.0,-51.0,2074,1.4880101680755615,12
-59.0,-49.0,-47.0,2080,1.4916541576385498,12
-62.0,-50.0,-40.0,2081,1.4922502040863037,12
-64.0,-47.0,-40.0,2081,1.492253065109253,12
-58.0,-47.0,-50.0,2088,1.4963610172271729,12
-48.0,-42.0,-62.0,2152,1.5297811031341553,12
-50.0,-45.0,-60.0,2186,1.5487871170043945,12
-49.0,-55.0,-52.0,2380,1.6507971286773682,12
-48.0,-56.0,-53.0,2398,1.6594741344451904,13
-48.0,-57.0,-52.0,2420,1.6702461242675781,13
-44.0,-43.0,-65.0,2464,1.699444055557251,13
-50.0,-41.0,-62.0,2470,1.7025811672210693,13
-45.0,-42.0,-67.0,2514,1.724174976348877,13
-46.0,-44.0,-64.0,2526,1.7290141582489014,13
-39.0,-52.0,-63.0,2540,1.7355520725250244,13
-49.0,-56.0,-50.0,2556,1.7435290813446045,13
-50.0,-60.0,-45.0,2652,1.7854211330413818,13
-57.0,-50.0,-47.0,2674,1.7951030731201172,13
-59.0,-51.0,-46.0,2675,1.795619010925293,13
-50.0,-54.0,-51.0,2676,1.7963531017303467,13
-55.0,-44.0,-55.0,2686,1.8017041683197021,13
-56.0,-50.0,-49.0,2700,1.8079650402069092,13
-51.0,-47.0,-57.0,2702,1.8086791038513184,13
-56.0,-45.0,-51.0,2740,1.8265831470489502,13
-52.0,-40.0,-59.0,2762,1.8369181156158447,13
-62.0,-43.0,-44.0,2773,1.841597080230713,13
-64.0,-40.0,-44.0,2773,1.8415989875793457,13
-51.0,-39.0,-62.0,2790,1.850167989730835,13
-51.0,-40.0,-61.0,2822,1.8663690090179443,13
-46.0,-47.0,-61.0,2830,1.8693370819091797,13
-46.0,-58.0,-52.0,2923,1.9115900993347168,13
-37.0,-59.0,-59.0,3004,1.954035997390747,14
-47.0,-61.0,-51.0,3008,1.9556820392608643,14
-39.0,-43.0,-69.0,3048,1.9732170104980469,14
-38.0,-46.0,-65.0,3072,1.98319411277771,14
-41.0,-44.0,-68.0,3096,1.9930510520935059,14
-39.0,-45.0,-67.0,3104,1.9961981773376465,14
-51.0,-58.0,-48.0,3176,2.0267651081085205,14
-55.0,-40.0,-57.0,3186,2.032263994216919,14
-55.0,-52.0,-50.0,3200,2.03786301612854,14
-61.0,-48.0,-43.0,3220,2.045881986618042,14
-56.0,-52.0,-47.0,3226,2.0487611293792725,14
-58.0,-53.0,-46.0,3228,2.0494890213012695,14
-56.0,-35.0,-58.0,3236,2.0533640384674072,14
-59.0,-37.0,-52.0,3244,2.0572361946105957,14
-46.0,-49.0,-58.0,3256,2.062570095062256,14
-46.0,-40.0,-65.0,3284,2.0743491649627686,14
-60.0,-51.0,-39.0,3302,2.082346200942993,14
-44.0,-57.0,-53.0,3342,2.0991029739379883,14
-58.0,-54.0,-42.0,3359,2.1061670780181885,14
-42.0,-59.0,-55.0,3394,2.1216001510620117,15
-55.0,-47.0,-53.0,3486,2.156867027282715,15
-48.0,-51.0,-57.0,3488,2.157971143722534,15
-50.0,-37.0,-65.0,3518,2.1700620651245117,15
-57.0,-40.0,-52.0,3524,2.1725330352783203,15
-60.0,-42.0,-48.0,3538,2.1779181957244873,15
-52.0,-57.0,-48.0,3564,2.187497138977051,15
-57.0,-56.0,-42.0,3590,2.1976771354675293,15
-44.0,-55.0,-56.0,3602,2.202207088470459,15
-46.0,-39.0,-66.0,3658,2.2241950035095215,16
-56.0,-54.0,-45.0,3670,2.227922201156616,16
