z1,z2,z3,node,time,depth
1005.0,2447.0,3915.0,1,0.04000711441040039,1
4198.0,3746.0,485.0,1,0.040010929107666016,1
3821.0,4170.0,466.0,1,0.040014028549194336,1
4232.0,2324.0,1247.0,1,0.040017127990722656,1
4547.0,2900.0,822.0,1,0.04002094268798828,1
4077.0,2077.0,1434.0,1,0.0400240421295166,1
1245.0,2541.0,3021.0,1,0.04002714157104492,1
2852.0,1628.0,2285.0,1,0.04003000259399414,1
4607.0,1880.0,1590.0,1,0.04003405570983887,1
1085.0,3246.0,2713.0,1,0.04004311561584473,1
1657.0,1803.0,3876.0,1,0.04004693031311035,1
1911.0,1853.0,3018.0,1,0.04005002975463867,1
1190.0,2975.0,2706.0,1,0.04005312919616699,1
3926.0,4034.0,451.0,1,0.04005599021911621,1
4005.0,3842.0,489.0,1,0.04006004333496094,1
3306.0,4678.0,576.0,1,0.04006314277648926,1
4105.0,3137.0,677.0,1,0.04006600379943848,1
3950.0,2890.0,864.0,1,0.0400691032409668,1
1570.0,2427.0,2690.0,1,0.040071964263916016,1
3820.0,1839.0,1682.0,1,0.040075063705444336,1
3297.0,2466.0,1420.0,1,0.04007911682128906,1
3760.0,2859.0,914.0,1,0.04008197784423828,1
3916.0,808.0,2774.0,1,0.0400850772857666,1
3779.0,932.0,2639.0,1,0.04008793830871582,1
3442.0,1208.0,2349.0,1,0.04009103775024414,1
3125.0,801.0,4365.0,1,0.04009413719177246,1
2363.0,1198.0,4590.0,1,0.040097951889038086,1
974.0,3415.0,2844.0,1,0.040101051330566406,1
1054.0,3495.0,2667.0,1,0.04010415077209473,1
742.0,3606.0,3295.0,1,0.040107011795043945,1
933.0,2652.0,3649.0,1,0.04011106491088867,1
828.0,2923.0,3656.0,1,0.04011416435241699,1
790.0,3056.0,3764.0,1,0.04011702537536621,1
1554.0,1886.0,3920.0,1,0.04012012481689453,1
1217.0,2192.0,3732.0,1,0.040123939514160156,1
3124.0,1137.0,2964.0,1,0.04012703895568848,1
3413.0,1083.0,2624.0,1,0.0401301383972168,1
1734.0,3092.0,2071.0,1,0.040132999420166016,1
1515.0,2861.0,2375.0,1,0.040136098861694336,1
2131.0,2401.0,2198.0,1,0.040138959884643555,1
1383.0,3608.0,2158.0,1,0.04014301300048828,1
1377.0,3322.0,2258.0,1,0.0401461124420166,1
1725.0,3959.0,1773.0,1,0.04014897346496582,1
1675.0,3803.0,1831.0,1,0.04015207290649414,1
2486.0,1809.0,2372.0,1,0.04015493392944336,1
2322.0,2631.0,1906.0,1,0.0401611328125,1
2198.0,2608.0,2000.0,1,0.04016399383544922,1
3912.0,3233.0,681.0,1,0.04016709327697754,1
3833.0,3425.0,643.0,1,0.04016995429992676,1
2248.0,1547.0,3206.0,1,0.040174007415771484,1
1994.0,1497.0,4064.0,1,0.040177106857299805,1
3921.0,636.0,3257.0,1,0.04017996788024902,1
2551.0,1240.0,3688.0,1,0.040183067321777344,1
2622.0,1076.0,4215.0,1,0.04018592834472656,1
662.0,3526.0,3472.0,1,0.04018902778625488,1
767.0,3255.0,3465.0,1,0.04019308090209961,1
773.0,3357.0,3341.0,1,0.04019594192504883,1
878.0,3086.0,3334.0,1,0.04019904136657715,1
3142.0,4201.0,677.0,1,0.04020500183105469,1
3247.0,4065.0,662.0,1,0.04020810127258301,1
2482.0,4596.0,1050.0,1,0.04021501541137695,1
2283.0,3995.0,1292.0,1,0.04021811485290527,1
2309.0,2950.0,1714.0,1,0.04022407531738281,1
2853.0,4176.0,857.0,1,0.04023098945617676,1
2931.0,2647.0,1507.0,1,0.04023408889770508,1
3556.0,3334.0,778.0,1,0.0402369499206543,1
2000.0,3681.0,1598.0,1,0.04024314880371094,1
3450.0,761.0,3838.0,2,0.07322907447814941,2
2756.0,1100.0,3839.0,2,0.07323503494262695,2
1852.0,1793.0,3446.0,2,0.07323813438415527,2
1567.0,2203.0,3126.0,2,0.0732419490814209,2
4512.0,1747.0,1821.0,2,0.07324814796447754,2
4157.0,1563.0,1972.0,2,0.07325100898742676,2
3411.0,4542.0,561.0,2,0.07327008247375488,2
3705.0,3779.0,594.0,2,0.0732729434967041,2
3795.0,3329.0,743.0,2,0.07327604293823242,2
2614.0,1396.0,3221.0,2,0.07329511642456055,2
3533.0,1445.0,2241.0,2,0.07330107688903809,2
3911.0,2076.0,1574.0,2,0.07331514358520508,2
2621.0,2203.0,2072.0,2,0.07335996627807617,2
2105.0,2087.0,2695.0,2,0.0733640193939209,2
3189.0,1352.0,2575.0,2,0.07336711883544922,2
2943.0,1865.0,2177.0,2,0.07336997985839844,2
2416.0,2738.0,1785.0,2,0.07338500022888184,2
1781.0,3450.0,1902.0,2,0.07338809967041016,2
1597.0,3274.0,2159.0,2,0.07340097427368164,2
2999.0,2834.0,1405.0,2,0.07342195510864258,2
3093.0,2941.0,1284.0,2,0.07342815399169922,2
3484.0,919.0,3151.0,3,0.11475896835327148,2
3195.0,973.0,3491.0,3,0.11480498313903809,2
1660.0,2125.0,3008.0,3,0.11482405662536621,2
4229.0,1249.0,2257.0,3,0.1148369312286377,2
3960.0,965.0,2582.0,3,0.11484003067016602,2
2319.0,1383.0,3733.0,3,0.11484599113464355,2
3698.0,698.0,3641.0,3,0.11485600471496582,2
1297.0,3242.0,2435.0,3,0.11488699913024902,2
3639.0,4023.0,576.0,3,0.11489605903625488,2
1542.0,2078.0,3401.0,3,0.11490201950073242,2
1401.0,2247.0,3383.0,3,0.11490511894226074,2
1989.0,1669.0,3581.0,3,0.11491107940673828,2
1923.0,1587.0,4446.0,3,0.1149139404296875,2
3287.0,3162.0,1071.0,3,0.11496806144714355,2
3421.0,2940.0,1078.0,3,0.11497116088867188,2
1652.0,1975.0,3393.0,3,0.1149740219116211,2
1796.0,3863.0,1798.0,3,0.11497712135314941,2
1570.0,3582.0,2012.0,3,0.11501097679138184,2
3678.0,3178.0,830.0,3,0.11501812934875488,2
2197.0,3629.0,1569.0,3,0.11502695083618164,2
2767.0,3810.0,1134.0,3,0.11503911018371582,2
4134.0,1116.0,2488.0,4,0.14271211624145508,3
3544.0,1885.0,1980.0,4,0.14271903038024902,3
3379.0,1003.0,3256.0,4,0.14272809028625488,3
2200.0,3991.0,1442.0,4,0.1427309513092041,3
2239.0,4610.0,1416.0,4,0.14273405075073242,3
2509.0,3260.0,1558.0,4,0.14273715019226074,3
1247.0,3755.0,2421.0,4,0.1427619457244873,3
3305.0,1890.0,2015.0,4,0.14280915260314941,3
3006.0,2318.0,1849.0,4,0.14281201362609863,3
2715.0,2310.0,1951.0,4,0.14281797409057617,3
2075.0,4133.0,1517.0,4,0.1428239345550537,3
1849.0,3852.0,1731.0,4,0.14283108711242676,3
1656.0,3592.0,1977.0,4,0.1428370475769043,3
967.0,2580.0,4023.0,5,0.17076706886291504,3
1079.0,3144.0,2837.0,5,0.17079496383666992,3
1186.0,3022.0,2767.0,5,0.17080116271972656,3
1207.0,2674.0,3129.0,5,0.17081713676452637,3
895.0,2785.0,3757.0,5,0.1708230972290039,3
2986.0,3153.0,1213.0,5,0.17086100578308105,3
1179.0,2325.0,3840.0,5,0.1708669662475586,3
1889.0,3469.0,1832.0,5,0.17089200019836426,3
2497.0,3661.0,1293.0,5,0.17092299461364746,3
2751.0,1272.0,3356.0,6,0.2041151523590088,3
3054.0,965.0,3838.0,6,0.20412397384643555,3
2277.0,1672.0,2931.0,6,0.20412802696228027,3
3392.0,3881.0,744.0,6,0.20413994789123535,3
2539.0,2034.0,2328.0,6,0.20416808128356934,3
4278.0,2616.0,1147.0,6,0.20417094230651855,3
3439.0,3536.0,838.0,6,0.20418095588684082,3
2564.0,2427.0,1913.0,6,0.20418715476989746,3
2905.0,1853.0,2241.0,6,0.20419001579284668,3
3693.0,2652.0,1112.0,7,0.23529410362243652,3
3227.0,823.0,4222.0,7,0.23530912399291992,3
1879.0,1772.0,3589.0,7,0.23531508445739746,3
3056.0,3835.0,954.0,7,0.23535895347595215,3
1258.0,2538.0,3318.0,7,0.23537111282348633,3
1809.0,3451.0,1890.0,7,0.23537993431091309,3
2465.0,1220.0,4447.0,7,0.23538613319396973,3
2182.0,1465.0,4071.0,7,0.23539209365844727,3
2421.0,1405.0,3590.0,7,0.23540115356445312,3
2724.0,1098.0,4072.0,7,0.23540496826171875,3
2653.0,1262.0,3545.0,7,0.23540806770324707,3
2013.0,1875.0,2875.0,7,0.2354109287261963,3
2350.0,1569.0,3063.0,7,0.23541712760925293,3
2118.0,2720.0,2006.0,7,0.2354259490966797,3
3230.0,2259.0,1618.0,7,0.235429048538208,3
2958.0,2547.0,1584.0,7,0.23543214797973633,3
2864.0,2440.0,1705.0,7,0.23543500900268555,3
985.0,3353.0,3063.0,7,0.23545002937316895,3
1203.0,2972.0,3003.0,7,0.23545312881469727,3
1590.0,3220.0,2194.0,7,0.23545598983764648,3
1304.0,3477.0,2409.0,8,0.2642519474029541,4
1806.0,2515.0,2529.0,8,0.26426100730895996,4
1409.0,3206.0,2402.0,8,0.2642810344696045,4
1900.0,2622.0,2408.0,8,0.26428914070129395,4
2470.0,1931.0,2680.0,9,0.28417205810546875,4
2148.0,2269.0,2575.0,9,0.28417515754699707,4
1849.0,2697.0,2409.0,9,0.28425097465515137,4
1081.0,3293.0,2774.0,10,0.3101811408996582,4
1102.0,2945.0,3136.0,10,0.3101840019226074,4
3214.0,2708.0,1439.0,10,0.31020593643188477,4
1889.0,1768.0,4071.0,10,0.31022214889526367,4
2688.0,1158.0,4063.0,10,0.3102250099182129,4
877.0,2883.0,4113.0,10,0.31023502349853516,4
3331.0,1056.0,3193.0,11,0.3322460651397705,4
1490.0,3396.0,2229.0,11,0.3322720527648926,4
3567.0,1983.0,1908.0,11,0.3323099613189697,4
2841.0,4226.0,1004.0,11,0.33232808113098145,4
2352.0,3852.0,1358.0,11,0.33233094215393066,4
3135.0,3463.0,1037.0,11,0.33234405517578125,4
2394.0,4065.0,1289.0,11,0.33234715461730957,4
2245.0,3974.0,1428.0,11,0.33236193656921387,4
3240.0,3327.0,1022.0,11,0.33237504959106445,4
3332.0,2936.0,1249.0,11,0.3323781490325928,4
2260.0,3379.0,1727.0,12,0.35565900802612305,4
1955.0,1668.0,3875.0,12,0.35567402839660645,4
2292.0,1362.0,4063.0,12,0.35567712783813477,4
2457.0,2639.0,1842.0,12,0.35573315620422363,4
2657.0,2949.0,1686.0,12,0.35573911666870117,4
1993.0,3123.0,1913.0,12,0.35575413703918457,4
1982.0,1689.0,3545.0,13,0.38442015647888184,4
1589.0,3437.0,2108.0,13,0.3844480514526367,4
1511.0,2908.0,2436.0,13,0.38456201553344727,4
2411.0,3295.0,1570.0,13,0.3846120834350586,4
2175.0,2936.0,1905.0,13,0.3846149444580078,4
3627.0,862.0,3114.0,14,0.4088430404663086,4
3156.0,987.0,3695.0,14,0.4088470935821533,4
3854.0,1693.0,1914.0,14,0.40884995460510254,4
3699.0,1446.0,2101.0,14,0.4088871479034424,4
3264.0,2113.0,1850.0,14,0.4088900089263916,4
2225.0,2508.0,2077.0,14,0.40889716148376465,4
2530.0,3205.0,1571.0,14,0.408980131149292,4
2497.0,2220.0,2111.0,14,0.408998966217041,4
2390.0,2432.0,2040.0,14,0.40900206565856934,4
2580.0,1916.0,2251.0,14,0.4090111255645752,4
2802.0,2917.0,1605.0,14,0.40901994705200195,4
3109.0,1866.0,2037.0,14,0.4090230464935303,4
2754.0,2458.0,1863.0,14,0.409027099609375,4
2647.0,2670.0,1792.0,14,0.4090299606323242,4
1586.0,3267.0,2255.0,15,0.4409201145172119,4
2795.0,2923.0,1505.0,15,0.4409329891204834,4
4338.0,1596.0,1915.0,15,0.4409670829772949,4
2084.0,1711.0,3402.0,15,0.44101715087890625,4
2486.0,3654.0,1389.0,15,0.4410440921783447,4
2316.0,1489.0,3695.0,16,0.46271800994873047,5
2329.0,1806.0,2901.0,16,0.4627571105957031,5
2199.0,2194.0,2574.0,17,0.48272705078125,5
2546.0,1454.0,3445.0,17,0.482759952545166,5
2836.0,2077.0,2106.0,18,0.4982450008392334,5
2608.0,2522.0,1880.0,18,0.4982481002807617,5
2537.0,2505.0,1940.0,18,0.4982941150665283,5
2269.0,3887.0,1490.0,19,0.5151450634002686,5
2107.0,3469.0,1669.0,19,0.5151951313018799,5
2013.0,3362.0,1790.0,19,0.5151979923248291,5
2578.0,3156.0,1606.0,19,0.5152349472045898,5
2862.0,2696.0,1689.0,19,0.5152380466461182,5
1908.0,3633.0,1797.0,19,0.5152411460876465,5
2948.0,3142.0,1317.0,20,0.5465550422668457,5
1240.0,3639.0,2575.0,20,0.5465941429138184,5
2257.0,4024.0,1350.0,20,0.5466001033782959,5
1649.0,3832.0,1889.0,20,0.5466561317443848,5
2333.0,4151.0,1234.0,20,0.5466749668121338,5
2559.0,4432.0,1020.0,20,0.5466821193695068,5
928.0,3750.0,3203.0,20,0.5467009544372559,5
3683.0,2521.0,1348.0,20,0.5467140674591064,5
2677.0,3884.0,1097.0,21,0.5674879550933838,5
2572.0,4020.0,1112.0,21,0.5675311088562012,5
874.0,3133.0,3395.0,22,0.5868439674377441,5
2510.0,3375.0,1472.0,22,0.5868840217590332,5
3146.0,3220.0,1143.0,22,0.5868871212005615,5
1241.0,3562.0,2658.0,22,0.586899995803833,5
2390.0,3783.0,1363.0,23,0.6017351150512695,5
2784.0,3672.0,1168.0,23,0.6017379760742188,5
2679.0,3808.0,1183.0,23,0.6017410755157471,5
1294.0,2501.0,3478.0,23,0.6017651557922363,5
1704.0,1940.0,3865.0,24,0.6261529922485352,5
2413.0,2482.0,2034.0,24,0.6262030601501465,5
1730.0,2735.0,2409.0,24,0.6262061595916748,5
1774.0,2892.0,2217.0,24,0.626209020614624,5
2580.0,1365.0,3413.0,24,0.626230001449585,5
2214.0,1546.0,3500.0,24,0.6262359619140625,5
1465.0,2698.0,2697.0,24,0.6262390613555908,5
1410.0,3132.0,2382.0,24,0.6262459754943848,5
2528.0,2507.0,1933.0,24,0.6262490749359131,5
2484.0,2350.0,2125.0,24,0.626258134841919,5
1858.0,2228.0,2893.0,24,0.6262609958648682,5
1536.0,2566.0,2788.0,24,0.6262640953063965,5
2726.0,2845.0,1734.0,25,0.647191047668457,5
1484.0,3110.0,2329.0,25,0.6472301483154297,5
2285.0,1382.0,4027.0,26,0.675213098526001,5
2053.0,2953.0,2037.0,26,0.6752350330352783,5
3134.0,2842.0,1341.0,26,0.6752381324768066,5
1775.0,1776.0,4392.0,26,0.6752541065216064,5
1770.0,2939.0,2278.0,26,0.6753020286560059,5
2661.0,3145.0,1498.0,26,0.6753699779510498,5
4084.0,2507.0,1328.0,27,0.6961350440979004,5
3449.0,2840.0,1187.0,27,0.6961381435394287,5
3174.0,3571.0,1004.0,27,0.6961729526519775,5
3083.0,3021.0,1274.0,27,0.6961760520935059,5
1532.0,2560.0,2798.0,27,0.696195125579834,5
1404.0,3030.0,2506.0,27,0.696234941482544,5
1696.0,3225.0,2179.0,27,0.6962471008300781,5
1277.0,2368.0,3545.0,28,0.7239429950714111,5
2837.0,2154.0,2003.0,28,0.7239739894866943,5
2417.0,2292.0,2172.0,28,0.7240400314331055,5
2992.0,2401.0,1816.0,28,0.7240900993347168,5
1958.0,2309.0,2560.0,28,0.7241151332855225,5
3344.0,2038.0,1927.0,29,0.7496559619903564,5
2202.0,2269.0,2289.0,29,0.7496750354766846,5
3158.0,1668.0,2266.0,29,0.7496781349182129,5
3087.0,1800.0,2175.0,29,0.7496809959411621,5
3114.0,1511.0,2458.0,29,0.7497210502624512,5
2568.0,2088.0,2202.0,29,0.7497470378875732,5
2453.0,2063.0,2303.0,29,0.7497529983520508,5
2909.0,2705.0,1676.0,29,0.7497920989990234,5
2749.0,1576.0,2884.0,30,0.7749221324920654,5
4288.0,3296.0,634.0,30,0.7749290466308594,5
4016.0,3584.0,600.0,30,0.7750520706176758,5
3777.0,3589.0,635.0,30,0.775054931640625,5
1986.0,2746.0,2235.0,30,0.7750639915466309,5
3911.0,3720.0,615.0,30,0.775083065032959,5
3672.0,3725.0,650.0,30,0.7750861644744873,5
3013.0,1044.0,3732.0,31,0.8058171272277832,5
3487.0,2497.0,1370.0,31,0.805851936340332,5
1693.0,3055.0,2326.0,31,0.805962085723877,5
2593.0,3442.0,1460.0,31,0.8059771060943604,5
3370.0,3032.0,1149.0,31,0.8059930801391602,5
3215.0,2785.0,1336.0,31,0.8059959411621094,5
1092.0,3141.0,3134.0,31,0.8060081005096436,5
3887.0,1139.0,2530.0,33,0.8469500541687012,6
1462.0,2474.0,3133.0,34,0.8671841621398926,6
1140.0,2812.0,3028.0,34,0.8671970367431641,6
915.0,2750.0,4005.0,34,0.8672430515289307,6
1425.0,2402.0,3348.0,34,0.8672490119934082,6
1449.0,2157.0,3927.0,34,0.8672590255737305,6
1127.0,2495.0,3822.0,34,0.8672621250152588,6
1159.0,3224.0,2660.0,35,0.8844349384307861,6
847.0,3335.0,3288.0,35,0.884484052658081,6
2384.0,3402.0,1633.0,37,0.9151041507720947,6
2191.0,3142.0,1879.0,37,0.9151160717010498,6
2217.0,2902.0,1913.0,38,0.9333550930023193,6
2954.0,2305.0,1916.0,39,0.9454209804534912,6
1763.0,3380.0,2048.0,39,0.9454319477081299,6
1583.0,3918.0,2002.0,40,0.9698920249938965,6
1951.0,4240.0,1559.0,40,0.9699201583862305,6
1758.0,3769.0,1897.0,41,0.9934580326080322,6
1889.0,4436.0,1672.0,41,0.9934699535369873,6
2513.0,4347.0,1096.0,41,0.9934821128845215,6
3124.0,4531.0,686.0,41,0.993488073348999,6
3464.0,3286.0,977.0,41,0.9935131072998047,6
2962.0,4113.0,865.0,41,0.9935531616210938,6
3600.0,3915.0,609.0,41,0.993556022644043,6
769.0,3404.0,3402.0,42,1.0153820514678955,6
1839.0,4280.0,1730.0,42,1.0154130458831787,6
1946.0,4158.0,1660.0,42,1.015416145324707,6
1136.0,3833.0,2665.0,42,1.015434980392456,6
1550.0,1925.0,3946.0,44,1.048454999923706,6
1709.0,1907.0,3744.0,44,1.048462152481079,6
2479.0,3624.0,1426.0,44,1.0484960079193115,6
2403.0,3497.0,1542.0,44,1.0484991073608398,6
2569.0,1453.0,3418.0,44,1.0485079288482666,6
1725.0,2804.0,2451.0,46,1.0803239345550537,6
2221.0,1494.0,3972.0,48,1.1115601062774658,6
2983.0,1097.0,3747.0,48,1.1115641593933105,6
2480.0,1372.0,3597.0,48,1.1115920543670654,6
1867.0,3731.0,1889.0,49,1.1340610980987549,6
2064.0,2991.0,2004.0,49,1.1340930461883545,6
1448.0,3190.0,2349.0,49,1.1341331005096436,6
1481.0,3000.0,2473.0,49,1.1341359615325928,6
1845.0,2760.0,2308.0,49,1.134155035018921,6
1801.0,2603.0,2500.0,49,1.1341581344604492,6
2520.0,2270.0,2105.0,50,1.1525890827178955,6
1936.0,2246.0,2603.0,50,1.1525990962982178,6
1738.0,1941.0,3571.0,50,1.1526050567626953,6
1892.0,2089.0,2795.0,50,1.1526110172271729,6
1963.0,1957.0,2886.0,50,1.1526141166687012,6
2100.0,2911.0,1984.0,50,1.1526260375976562,6
1881.0,2680.0,2288.0,50,1.152635097503662,6
1704.0,2079.0,3261.0,50,1.1526470184326172,6
3856.0,3397.0,673.0,52,1.207927942276001,6
4095.0,3392.0,638.0,52,1.2079341411590576,6
1368.0,3110.0,2526.0,52,1.2079589366912842,6
1797.0,2650.0,2561.0,52,1.2079651355743408,6
1406.0,3179.0,2443.0,53,1.2358980178833008,6
1427.0,2831.0,2805.0,53,1.2359261512756348,6
2770.0,3082.0,1506.0,53,1.2359659671783447,6
2306.0,3566.0,1577.0,53,1.2360179424285889,6
2876.0,3747.0,1142.0,53,1.2360210418701172,6
3396.0,3099.0,1079.0,53,1.2360241413116455,6
2089.0,1630.0,3833.0,54,1.258465051651001,6
2068.0,3058.0,1975.0,54,1.258486032485962,6
1622.0,2258.0,3116.0,54,1.2585279941558838,6
2348.0,1508.0,3458.0,54,1.2585370540618896,6
2875.0,2811.0,1499.0,55,1.2824270725250244,6
3393.0,3004.0,1179.0,55,1.2824389934539795,6
3241.0,2630.0,1412.0,55,1.282444953918457,6
3744.0,2355.0,1562.0,55,1.282500982284546,6
4053.0,1140.0,2390.0,56,1.3516621589660645,6
1845.0,1771.0,3883.0,56,1.3516840934753418,6
3153.0,1262.0,2689.0,56,1.3517019748687744,6
2682.0,1387.0,3270.0,56,1.3517451286315918,6
1952.0,1712.0,4171.0,56,1.3517811298370361,6
2211.0,1590.0,3796.0,56,1.3517849445343018,6
3386.0,1372.0,2341.0,57,1.378659963607788,6
3643.0,1610.0,2093.0,57,1.3786790370941162,6
3053.0,2030.0,2029.0,57,1.3787529468536377,6
2946.0,2242.0,1958.0,57,1.378756046295166,6
2823.0,1503.0,2560.0,57,1.3787829875946045,6
2752.0,1635.0,2469.0,57,1.3787870407104492,6
2430.0,1973.0,2364.0,57,1.3787930011749268,6
1957.0,2039.0,2867.0,57,1.378796100616455,6
1902.0,2473.0,2552.0,57,1.3787989616394043,6
2689.0,2004.0,2206.0,57,1.3788411617279053,6
2796.0,1792.0,2277.0,57,1.3788440227508545,6
2524.0,2080.0,2243.0,57,1.3788471221923828,6
2417.0,2143.0,2323.0,58,1.405393123626709,6
2346.0,2275.0,2232.0,58,1.4053959846496582,6
1916.0,3239.0,1961.0,59,1.425858974456787,6
2637.0,2993.0,1642.0,59,1.4258930683135986,6
4762.0,2127.0,1403.0,60,1.4504129886627197,6
3975.0,2086.0,1495.0,60,1.450423002243042,6
3576.0,3187.0,891.0,60,1.4504690170288086,6
4133.0,3049.0,821.0,61,1.4717020988464355,6
3573.0,3314.0,845.0,61,1.4717111587524414,6
2703.0,2875.0,1704.0,62,1.5008420944213867,6
3329.0,2892.0,1277.0,62,1.5008621215820312,6
3642.0,2744.0,1183.0,63,1.5271539688110352,6
2894.0,1339.0,3087.0,63,1.5271570682525635,6
3748.0,2016.0,1851.0,63,1.5272600650787354,6
3308.0,1057.0,3220.0,64,1.5469720363616943,7
3082.0,1564.0,2504.0,64,1.5470261573791504,7
1247.0,3664.0,2534.0,68,1.6082170009613037,7
1216.0,3913.0,2488.0,68,1.6082420349121094,7
1332.0,3223.0,2671.0,68,1.6082730293273926,7
1227.0,2639.0,3377.0,69,1.623232126235962,7
1502.0,2697.0,2840.0,70,1.6347229480743408,7
1437.0,2952.0,2664.0,70,1.63474702835083,7
1530.0,2131.0,3341.0,71,1.645169973373413,7
1332.0,2368.0,3370.0,71,1.6451730728149414,7
1974.0,3710.0,1656.0,72,1.6597540378570557,7
2299.0,3253.0,1764.0,73,1.668133020401001,7
3922.0,2516.0,1313.0,80,1.7517890930175781,7
2489.0,3969.0,1225.0,80,1.7518420219421387,7
2565.0,4096.0,1109.0,80,1.7518839836120605,7
2883.0,3858.0,1030.0,80,1.7518870830535889,7
2942.0,4017.0,920.0,80,1.751889944076538,7
3418.0,3408.0,932.0,80,1.751899003982544,7
3260.0,3779.0,841.0,80,1.7519049644470215,7
3155.0,3915.0,856.0,80,1.7519080638885498,7
3611.0,3672.0,715.0,82,1.800645112991333,7
2598.0,3906.0,1233.0,82,1.8006601333618164,7
2817.0,4304.0,930.0,82,1.8006980419158936,7
1784.0,3740.0,1839.0,87,1.878148078918457,7
1492.0,3545.0,2166.0,87,1.8781509399414062,7
2392.0,3932.0,1300.0,87,1.8781630992889404,7
2894.0,3105.0,1412.0,87,1.8781659603118896,7
2858.0,1122.0,3696.0,88,1.8997061252593994,7
2797.0,3386.0,1347.0,88,1.8998141288757324,7
2639.0,3863.0,1233.0,88,1.8998229503631592,7
2425.0,3816.0,1335.0,90,1.9300870895385742,7
1459.0,2040.0,3905.0,90,1.9300990104675293,7
1387.0,2245.0,3639.0,90,1.9301049709320068,7
1759.0,1825.0,3733.0,91,1.9444611072540283,7
2703.0,3279.0,1468.0,91,1.9445159435272217,7
3041.0,3356.0,1158.0,91,1.9445321559906006,7
1158.0,2673.0,3478.0,91,1.9445719718933105,7
2193.0,3433.0,1757.0,96,2.002906084060669,7
2067.0,3119.0,1973.0,97,2.020189046859741,7
2093.0,2879.0,2007.0,97,2.0202291011810303,7
1700.0,3231.0,2169.0,99,2.0520899295806885,7
2018.0,1794.0,3306.0,100,2.0699570178985596,7
1997.0,1819.0,3196.0,101,2.0868120193481445,7
1604.0,2289.0,3000.0,103,2.1074869632720947,7
3240.0,3507.0,977.0,104,2.126410961151123,7
2670.0,3326.0,1412.0,104,2.126451015472412,7
2700.0,3191.0,1478.0,104,2.1264700889587402,7
3077.0,3112.0,1289.0,104,2.1265010833740234,7
2205.0,3327.0,1804.0,105,2.1484620571136475,7
2813.0,3519.0,1265.0,105,2.1485140323638916,7
3383.0,3700.0,830.0,105,2.14851713180542,7
3388.0,3016.0,1150.0,108,2.212376117706299,7
2790.0,2828.0,1662.0,108,2.212378978729248,7
3480.0,2625.0,1377.0,108,2.2123820781707764,7
1731.0,1961.0,3535.0,108,2.2124240398406982,7
2220.0,3432.0,1742.0,109,2.2306439876556396,7
2327.0,3310.0,1672.0,109,2.2306511402130127,7
2304.0,3417.0,1640.0,110,2.251868963241577,7
2119.0,3100.0,1897.0,110,2.2519290447235107,7
1566.0,2422.0,3108.0,110,2.2519381046295166,7
3197.0,2473.0,1604.0,110,2.2519731521606445,7
2034.0,1793.0,3413.0,111,2.2714250087738037,7
2785.0,2812.0,1718.0,111,2.2715110778808594,7
2221.0,2099.0,2516.0,112,2.287169933319092,7
2577.0,2359.0,2102.0,112,2.287213087081909,7
4384.0,1496.0,2070.0,113,2.3248469829559326,7
3882.0,1605.0,2058.0,113,2.324876070022583,7
3625.0,1367.0,2306.0,113,2.3248820304870605,7
3292.0,2025.0,1994.0,113,2.324916124343872,7
1330.0,2333.0,3584.0,113,2.324955940246582,7
2052.0,2416.0,2439.0,113,2.3250081539154053,7
2945.0,2150.0,2058.0,113,2.325029134750366,7
3156.0,1065.0,3640.0,114,2.3506009578704834,7
2653.0,1340.0,3490.0,114,2.350619077682495,7
3342.0,1215.0,2533.0,114,2.3506851196289062,7
2716.0,1715.0,2489.0,114,2.3507280349731445,7
3445.0,933.0,3355.0,115,2.3760650157928467,7
2942.0,1208.0,3205.0,115,2.376131057739258,7
3242.0,2047.0,1988.0,117,2.407564163208008,7
2273.0,2967.0,1819.0,117,2.407576084136963,7
1153.0,2809.0,3325.0,119,2.487484931945801,7
2380.0,2755.0,1890.0,119,2.487558126449585,7
3876.0,2811.0,1069.0,123,2.5688631534576416,7
3604.0,3099.0,1035.0,123,2.5689029693603516,7
3365.0,3104.0,1070.0,123,2.568908929824829,7
3586.0,3130.0,1029.0,124,2.5957260131835938,7
3669.0,3796.0,699.0,125,2.6144211292266846,7
2923.0,1464.0,2812.0,126,2.6325740814208984,7
2191.0,1652.0,3690.0,126,2.6325981616973877,7
2450.0,1530.0,3315.0,126,2.632601022720337,7
1239.0,2501.0,3653.0,126,2.63270902633667,7
3586.0,2908.0,1175.0,127,2.654189109802246,7
2808.0,2604.0,1697.0,127,2.6541950702667236,7
2902.0,2711.0,1576.0,127,2.654197931289673,7
3431.0,2661.0,1362.0,127,2.6542470455169678,7
3174.0,2423.0,1610.0,127,2.6542530059814453,7
2302.0,1507.0,3849.0,130,2.6948490142822266,8
804.0,3222.0,3700.0,136,2.778978109359741,8
867.0,3464.0,3220.0,136,2.7789900302886963,8
922.0,3030.0,3535.0,136,2.7789931297302246,8
1150.0,2585.0,3761.0,136,2.7790019512176514,8
1203.0,2210.0,3886.0,140,2.8247480392456055,8
1564.0,2313.0,3245.0,141,2.841299057006836,8
943.0,2831.0,3510.0,141,2.8413021564483643,8
1162.0,2626.0,3417.0,141,2.8413050174713135,8
2128.0,2177.0,2634.0,142,2.8516650199890137,8
2644.0,2293.0,2011.0,158,2.9980461597442627,8
1888.0,3238.0,1973.0,158,2.9980831146240234,8
2406.0,4469.0,1166.0,164,3.0853140354156494,8
3161.0,1092.0,3560.0,164,3.0853230953216553,8
2712.0,3535.0,1327.0,172,3.2021851539611816,8
1991.0,3800.0,1619.0,172,3.2021939754486084,8
1964.0,3828.0,1651.0,173,3.2136731147766113,8
1777.0,3497.0,1963.0,173,3.2136759757995605,8
2273.0,3097.0,1767.0,173,3.2136850357055664,8
1266.0,3610.0,2517.0,175,3.239215135574341,8
2692.0,3522.0,1362.0,177,3.273582935333252,8
1884.0,3285.0,2034.0,184,3.3525359630584717,8
3216.0,2632.0,1525.0,185,3.36338210105896,8
2988.0,3077.0,1299.0,185,3.363384962081909,8
2286.0,2778.0,1959.0,185,3.3634140491485596,8
2894.0,2970.0,1420.0,185,3.363417148590088,8
1508.0,2684.0,2872.0,188,3.39178204536438,8
1629.0,3363.0,2078.0,192,3.4304921627044678,8
1949.0,2966.0,2105.0,192,3.4305529594421387,8
2524.0,1529.0,3405.0,193,3.445958137512207,8
1574.0,2808.0,2647.0,202,3.574718952178955,8
2591.0,2138.0,2196.0,202,3.574728012084961,8
1620.0,2723.0,2596.0,202,3.5747311115264893,8
2007.0,2114.0,2694.0,202,3.574737071990967,8
2635.0,2295.0,2004.0,202,3.5747499465942383,8
1952.0,2548.0,2379.0,202,3.5747530460357666,8
2177.0,1679.0,3115.0,203,3.6028940677642822,8
1382.0,2417.0,3156.0,204,3.6159889698028564,8
1327.0,2851.0,2841.0,204,3.616002082824707,8
1641.0,2295.0,2781.0,206,3.633545160293579,8
1805.0,2960.0,2162.0,206,3.6335480213165283,8
2269.0,2476.0,2091.0,206,3.6335511207580566,8
1586.0,2729.0,2466.0,206,3.633557081222534,8
1855.0,2017.0,3010.0,207,3.642702102661133,8
1841.0,2807.0,2369.0,208,3.7065141201019287,8
3405.0,3595.0,923.0,209,3.724463939666748,8
2680.0,3542.0,1330.0,209,3.7244820594787598,8
2247.0,3785.0,1511.0,209,3.7245161533355713,8
2455.0,3995.0,1286.0,209,3.7245190143585205,8
1370.0,3206.0,2412.0,209,3.7245349884033203,8
1441.0,3074.0,2503.0,209,3.724544048309326,8
2303.0,3621.0,1519.0,209,3.7245559692382812,8
3286.0,3216.0,1108.0,210,3.751124143600464,8
4371.0,2791.0,955.0,210,3.7511579990386963,8
3943.0,3018.0,871.0,211,3.768787145614624,8
2937.0,3582.0,1226.0,211,3.768795967102051,8
3231.0,3326.0,1063.0,211,3.768815040588379,8
3704.0,3023.0,906.0,211,3.7688181400299072,8
2651.0,1201.0,3940.0,212,3.796959161758423,8
2392.0,1323.0,4315.0,212,3.7970130443573,8
3556.0,4358.0,643.0,213,3.8220980167388916,8
2217.0,3149.0,1836.0,219,3.9094409942626953,8
2482.0,3163.0,1661.0,220,3.928262948989868,8
1475.0,2898.0,2597.0,222,3.957345962524414,8
1582.0,2776.0,2527.0,222,3.9573490619659424,8
3200.0,2416.0,1767.0,224,3.9824609756469727,8
2971.0,1411.0,2875.0,224,3.982522964477539,8
2682.0,1465.0,3215.0,224,3.9825291633605957,8
1754.0,1997.0,3250.0,225,3.9968199729919434,8
1842.0,2272.0,2898.0,225,3.996829032897949,8
2315.0,2206.0,2395.0,225,3.9968321323394775,8
2735.0,2163.0,2064.0,225,3.9968669414520264,8
3035.0,1787.0,2242.0,227,4.042032957077026,8
3121.0,2259.0,1925.0,227,4.042039155960083,8
3053.0,1269.0,2873.0,228,4.06207799911499,8
2760.0,1872.0,2297.0,229,4.077626943588257,8
3017.0,2110.0,2049.0,229,4.0776331424713135,8
3370.0,1385.0,2518.0,230,4.100175142288208,8
3326.0,1228.0,2710.0,230,4.100203037261963,8
2564.0,1625.0,2935.0,230,4.100255966186523,8
2091.0,1691.0,3438.0,230,4.10026216506958,8
2853.0,1294.0,3213.0,230,4.100281000137329,8
2951.0,2039.0,2090.0,231,4.124783039093018,8
2097.0,2540.0,2296.0,238,4.216761112213135,8
2026.0,2672.0,2205.0,238,4.216807126998901,8
3207.0,3408.0,1070.0,240,4.25397801399231,8
3520.0,3351.0,883.0,241,4.274960994720459,8
3641.0,2270.0,1569.0,244,4.3320910930633545,8
3395.0,2741.0,1382.0,245,4.344517946243286,8
3324.0,2873.0,1291.0,245,4.344571113586426,8
2057.0,2614.0,2326.0,246,4.366178035736084,8
3791.0,1714.0,1957.0,246,4.36620306968689,8
3384.0,2032.0,1817.0,247,4.378634929656982,8
3112.0,2320.0,1783.0,247,4.3786749839782715,8
2048.0,2463.0,2500.0,252,4.473812103271484,8
3057.0,2958.0,1389.0,255,4.521007061004639,8
935.0,3866.0,3049.0,273,4.733659982681274,9
1407.0,2908.0,2818.0,277,4.771100997924805,9
1278.0,3506.0,2467.0,277,4.771135091781616,9
912.0,3080.0,3464.0,282,4.8196821212768555,9
1342.0,2141.0,4103.0,282,4.819709062576294,9
1099.0,2554.0,3794.0,282,4.819712162017822,9
1037.0,2938.0,3389.0,282,4.819723129272461,9
972.0,3193.0,3213.0,282,4.81972599029541,9
1592.0,2414.0,3070.0,284,4.845096111297607,9
1512.0,2637.0,2811.0,284,4.845112085342407,9
1954.0,1815.0,3303.0,285,4.852903127670288,9
1427.0,2688.0,2911.0,285,4.852911949157715,9
1270.0,2752.0,2965.0,286,4.858916997909546,9
2228.0,3236.0,1824.0,292,4.898471117019653,9
1882.0,3662.0,1855.0,306,5.006545066833496,9
3690.0,3465.0,758.0,318,5.120402097702026,9
2752.0,4336.0,1016.0,320,5.152891159057617,9
1842.0,3736.0,1885.0,320,5.152904033660889,9
2651.0,3913.0,1155.0,320,5.1529200077056885,9
3679.0,3025.0,1019.0,321,5.165795087814331,9
3451.0,3470.0,793.0,321,5.165832042694092,9
2843.0,3278.0,1332.0,321,5.165848970413208,9
3578.0,2657.0,1363.0,323,5.194430112838745,9
3104.0,4315.0,805.0,324,5.220473051071167,9
2975.0,3827.0,1044.0,326,5.253983020782471,9
2754.0,4660.0,965.0,327,5.26769495010376,9
2140.0,3891.0,1480.0,341,5.4594199657440186,9
2064.0,3764.0,1596.0,341,5.459423065185547,9
1456.0,3572.0,2135.0,341,5.459439992904663,9
1532.0,3699.0,2019.0,341,5.459443092346191,9
2385.0,3689.0,1424.0,342,5.475265026092529,9
2458.0,3653.0,1401.0,342,5.475300073623657,9
2881.0,3289.0,1228.0,343,5.487028121948242,9
2072.0,3112.0,1958.0,343,5.487059116363525,9
905.0,2964.0,3618.0,348,5.595597982406616,9
2380.0,2885.0,1838.0,366,5.7710371017456055,9
1152.0,3108.0,2814.0,372,5.809916973114014,9
1499.0,2560.0,3007.0,381,5.872480154037476,9
1854.0,2669.0,2476.0,382,5.886845111846924,9
2020.0,2834.0,2196.0,386,5.936458110809326,9
2016.0,1783.0,3529.0,391,5.994171142578125,9
1902.0,2385.0,2701.0,392,6.009144067764282,9
2017.0,2293.0,2555.0,398,6.077654123306274,9
1837.0,2523.0,2480.0,400,6.094268083572388,9
2221.0,1836.0,2923.0,401,6.101948022842407,9
1651.0,2474.0,2642.0,406,6.140097141265869,9
1549.0,2723.0,2685.0,408,6.1558921337127686,9
1595.0,2638.0,2634.0,408,6.1558990478515625,9
2531.0,3451.0,1469.0,410,6.180402994155884,9
2856.0,3651.0,1197.0,412,6.214158058166504,9
2479.0,3730.0,1386.0,412,6.214170932769775,9
1978.0,3398.0,1873.0,412,6.2141900062561035,9
2054.0,3525.0,1757.0,412,6.214193105697632,9
3248.0,3205.0,1212.0,414,6.249608993530273,9
2775.0,3508.0,1369.0,414,6.249621152877808,9
3660.0,2866.0,1098.0,416,6.2768919467926025,9
2034.0,1654.0,4017.0,418,6.3103930950164795,9
1784.0,1926.0,3574.0,429,6.4880900382995605,9
1873.0,1986.0,3126.0,432,6.517032146453857,9
2824.0,2769.0,1577.0,432,6.517045021057129,9
2634.0,3537.0,1428.0,435,6.556528091430664,9
2777.0,3114.0,1483.0,437,6.577558994293213,9
1908.0,1897.0,3314.0,442,6.629975080490112,9
2227.0,1931.0,2747.0,444,6.653043985366821,9
2593.0,1750.0,2660.0,444,6.653063058853149,9
2743.0,2047.0,2124.0,444,6.653083086013794,9
2120.0,1816.0,3163.0,444,6.653110980987549,9
3597.0,1455.0,2162.0,445,6.670670986175537,9
3007.0,1875.0,2098.0,445,6.67071008682251,9
1487.0,2512.0,3086.0,448,6.7285120487213135,9
2488.0,2160.0,2263.0,452,6.79302716255188,9
2396.0,2112.0,2462.0,456,6.859066009521484,9
2325.0,2244.0,2371.0,456,6.859102010726929,9
3143.0,2194.0,1984.0,458,6.8864500522613525,9
2601.0,3073.0,1662.0,460,6.906893968582153,9
2461.0,2300.0,2131.0,462,6.921503067016602,9
1880.0,3319.0,1981.0,462,6.921505928039551,9
2189.0,2588.0,2097.0,462,6.921509027481079,9
1661.0,3088.0,2285.0,464,6.9460649490356445,9
1854.0,3348.0,2039.0,464,6.946115016937256,9
2451.0,2623.0,1981.0,472,7.041785001754761,9
2296.0,2376.0,2168.0,472,7.041788101196289,9
1987.0,3107.0,2052.0,472,7.041790962219238,9
2773.0,3757.0,1207.0,474,7.079472064971924,9
3960.0,2612.0,1213.0,474,7.079530954360962,9
3102.0,3544.0,1085.0,475,7.099549055099487,9
2820.0,3476.0,1289.0,476,7.1182520389556885,9
2516.0,3519.0,1455.0,476,7.118273019790649,9
4480.0,2693.0,1020.0,482,7.234276056289673,9
3536.0,2406.0,1584.0,482,7.234286069869995,9
3972.0,2213.0,1449.0,482,7.2343010902404785,9
3845.0,3026.0,879.0,482,7.234320163726807,9
4431.0,1771.0,1723.0,482,7.2343809604644775,9
3663.0,1593.0,2154.0,482,7.234393119812012,9
3720.0,1846.0,1866.0,487,7.29737114906311,9
3593.0,2659.0,1296.0,487,7.297408103942871,9
3328.0,2196.0,1809.0,488,7.3107500076293945,9
3513.0,1044.0,2876.0,488,7.310753107070923,9
2494.0,1345.0,4172.0,490,7.340261936187744,9
3042.0,1169.0,3457.0,494,7.412966012954712,9
2753.0,1223.0,3797.0,494,7.412970066070557,9
2707.0,2194.0,2177.0,498,7.475118160247803,9
3110.0,2921.0,1351.0,500,7.502469062805176,9
3016.0,2814.0,1472.0,500,7.502475023269653,9
3121.0,2678.0,1457.0,500,7.5024800300598145,9
3113.0,2794.0,1397.0,501,7.5140931606292725,9
3204.0,3344.0,1127.0,501,7.514130115509033,9
2716.0,1418.0,3078.0,514,7.645856142044067,10
966.0,3617.0,3095.0,536,7.934814929962158,10
1116.0,3111.0,3072.0,540,7.962043046951294,10
1165.0,3023.0,2972.0,541,7.969053030014038,10
1027.0,2759.0,3528.0,548,8.026849031448364,10
1311.0,2299.0,3611.0,548,8.026852130889893,10
1540.0,1904.0,4074.0,548,8.026868104934692,10
1632.0,2153.0,3198.0,558,8.089179039001465,10
3313.0,3544.0,947.0,616,8.437376022338867,10
2499.0,4182.0,1222.0,616,8.437379121780396,10
2639.0,3873.0,1201.0,621,8.503466129302979,10
2245.0,3984.0,1396.0,622,8.512102127075195,10
2642.0,3293.0,1523.0,622,8.51211404800415,10
1953.0,3789.0,1723.0,622,8.512120008468628,10
2772.0,4330.0,956.0,623,8.523167133331299,10
3081.0,3599.0,1072.0,623,8.523185968399048,10
3806.0,2212.0,1589.0,624,8.537261962890625,10
3497.0,1592.0,2294.0,624,8.537277936935425,10
2743.0,3882.0,1169.0,636,8.712043046951294,10
2104.0,3343.0,1866.0,655,8.94451904296875,10
2280.0,3825.0,1439.0,658,8.976330041885376,10
2353.0,3789.0,1416.0,658,8.97636103630066,10
1745.0,3597.0,1955.0,658,8.976367950439453,10
1868.0,3707.0,1827.0,659,8.987097024917603,10
2318.0,3938.0,1405.0,668,9.063936948776245,10
1280.0,2367.0,3709.0,670,9.09628701210022,10
1352.0,2162.0,3975.0,670,9.096294164657593,10
2096.0,1519.0,3921.0,671,9.108761072158813,10
1652.0,1947.0,3803.0,671,9.108763933181763,10
2690.0,3565.0,1289.0,700,9.37038803100586,10
2398.0,3370.0,1616.0,700,9.370391130447388,10
2819.0,3323.0,1398.0,704,9.405056953430176,10
2098.0,3588.0,1690.0,704,9.405077934265137,10
2071.0,3616.0,1722.0,705,9.41456913948059,10
2205.0,3466.0,1620.0,706,9.420324087142944,10
1603.0,3392.0,2136.0,732,9.578691959381104,10
2353.0,1477.0,3717.0,753,9.812998056411743,10
2050.0,1784.0,3235.0,767,9.946681022644043,10
1908.0,2391.0,2571.0,768,9.95527696609497,10
2056.0,2754.0,2176.0,770,9.967157125473022,10
1392.0,2596.0,3017.0,776,10.009423017501831,10
1889.0,2199.0,2914.0,782,10.044113159179688,10
1781.0,2668.0,2560.0,782,10.044116973876953,10
1827.0,2583.0,2509.0,782,10.044129133224487,10
1762.0,2838.0,2333.0,784,10.062850952148438,10
1657.0,2254.0,3039.0,786,10.071376085281372,10
3100.0,3686.0,1071.0,792,10.12265396118164,10
2475.0,3615.0,1461.0,792,10.122684955596924,10
1905.0,3434.0,1896.0,792,10.122688055038452,10
2403.0,3603.0,1502.0,794,10.153661012649536,10
2644.0,3355.0,1470.0,795,10.168964147567749,10
4207.0,2748.0,1056.0,799,10.243135929107666,10
3566.0,3097.0,1060.0,802,10.274903059005737,10
2693.0,3129.0,1585.0,832,10.653486013412476,10
1852.0,2334.0,2764.0,836,10.676775932312012,10
2768.0,2933.0,1569.0,844,10.81257700920105,10
1323.0,2898.0,2902.0,848,10.852518081665039,10
1877.0,2727.0,2349.0,852,10.877670049667358,10
2321.0,2038.0,2626.0,858,10.929720163345337,10
2641.0,2056.0,2185.0,860,10.947297096252441,10
2379.0,1694.0,2788.0,860,10.947323083877563,10
2971.0,1333.0,2930.0,860,10.94733214378357,10
2789.0,1502.0,2854.0,861,10.957482099533081,10
2942.0,1286.0,3150.0,870,11.090172052383423,10
3671.0,1019.0,2922.0,871,11.105255126953125,10
3097.0,1426.0,2681.0,871,11.105257987976074,10
3022.0,1612.0,2506.0,880,11.233251094818115,10
2886.0,1956.0,2232.0,893,11.371122121810913,10
2000.0,2912.0,2171.0,899,11.41646695137024,10
2708.0,2861.0,1733.0,906,11.51402997970581,10
2553.0,2614.0,1920.0,906,11.514033079147339,10
2972.0,3850.0,1056.0,916,11.603426933288574,10
3077.0,3714.0,1041.0,916,11.60343599319458,10
4586.0,2018.0,1536.0,917,11.637211084365845,10
4415.0,2483.0,1204.0,917,11.637233972549438,10
3045.0,3814.0,1033.0,917,11.637414932250977,10
3150.0,3678.0,1018.0,917,11.637418031692505,10
2194.0,3459.0,1716.0,920,11.69434905052185,10
3069.0,3549.0,1133.0,921,11.7100670337677,10
1058.0,3317.0,3040.0,921,11.710103988647461,10
3203.0,3443.0,1124.0,930,11.854758977890015,10
4140.0,2541.0,1254.0,931,11.870627164840698,10
4267.0,1728.0,1824.0,931,11.870630025863647,10
3894.0,3054.0,856.0,933,11.900059938430786,10
4021.0,2241.0,1426.0,933,11.900066137313843,10
3548.0,2127.0,1648.0,938,11.944030046463013,10
3067.0,2635.0,1539.0,939,11.962116956710815,10
3637.0,2816.0,1104.0,939,11.962120056152344,10
3094.0,2346.0,1822.0,941,11.981204986572266,10
3038.0,1522.0,2544.0,944,12.003590106964111,10
2909.0,1482.0,2966.0,964,12.298803091049194,10
1504.0,2211.0,3509.0,965,12.310299158096313,10
3670.0,2656.0,1327.0,966,12.32534909248352,10
3265.0,3168.0,1164.0,967,12.337137937545776,10
3413.0,2418.0,1575.0,968,12.34774398803711,10
1322.0,2959.0,2918.0,1042,12.932940006256104,11
1267.0,3393.0,2603.0,1042,12.932945966720581,11
1131.0,2875.0,3371.0,1050,12.98418402671814,11
1193.0,2491.0,3776.0,1050,12.984203100204468,11
1148.0,2644.0,3571.0,1052,13.000326156616211,11
3135.0,3921.0,916.0,1154,13.458794116973877,11
3059.0,3794.0,1032.0,1154,13.458822965621948,11
2866.0,3890.0,1036.0,1154,13.458827018737793,11
2778.0,3994.0,1045.0,1155,13.490700960159302,11
2955.0,3870.0,989.0,1160,13.557979106903076,11
3028.0,3834.0,966.0,1161,13.567556142807007,11
2561.0,3981.0,1184.0,1164,13.598217964172363,11
3282.0,3716.0,892.0,1164,13.59826111793518,11
1659.0,4045.0,1886.0,1166,13.614051103591919,11
1875.0,4113.0,1675.0,1166,13.614053964614868,11
2483.0,4305.0,1136.0,1166,13.61407208442688,11
2546.0,4049.0,1170.0,1167,13.676717042922974,11
4265.0,1770.0,1863.0,1168,13.68459415435791,11
3017.0,4653.0,756.0,1172,13.717674016952515,11
2999.0,4451.0,820.0,1172,13.717700958251953,11
2710.0,4426.0,1000.0,1172,13.717705011367798,11
3100.0,4830.0,730.0,1173,13.746257066726685,11
2723.0,4909.0,919.0,1173,13.746271133422852,11
3072.0,4415.0,797.0,1173,13.746399164199829,11
3506.0,3808.0,730.0,1181,13.868289947509766,11
1466.0,3785.0,2132.0,1218,14.269781112670898,11
2333.0,3795.0,1476.0,1223,14.311507940292358,11
2785.0,3168.0,1404.0,1226,14.33033299446106,11
1047.0,3379.0,2821.0,1232,14.37946605682373,11
968.0,3240.0,3274.0,1242,14.476081132888794,11
1165.0,2343.0,3994.0,1246,14.524574995040894,11
1144.0,2691.0,3632.0,1274,14.749585151672363,11
2171.0,3552.0,1667.0,1296,14.902431964874268,11
1563.0,3360.0,2206.0,1296,14.90244197845459,11
2387.0,3613.0,1510.0,1298,14.919559955596924,11
1670.0,3238.0,2136.0,1302,14.940195083618164,11
1967.0,3152.0,1971.0,1344,15.214061975479126,11
2021.0,2869.0,2175.0,1344,15.214075088500977,11
2038.0,3020.0,2062.0,1353,15.266170024871826,11
1791.0,1906.0,3610.0,1379,15.49793004989624,11
2128.0,2657.0,2246.0,1392,15.596209049224854,11
1713.0,2090.0,3047.0,1416,15.712167024612427,11
1867.0,3423.0,2000.0,1432,15.80707597732544,11
2632.0,3315.0,1516.0,1434,15.827688932418823,11
3357.0,3084.0,1199.0,1448,16.00804901123047,11
2623.0,3134.0,1602.0,1454,16.059438943862915,11
3096.0,2831.0,1445.0,1454,16.05944800376892,11
2632.0,3305.0,1548.0,1502,16.635120153427124,11
2393.0,3258.0,1703.0,1506,16.66902804374695,11
2248.0,2900.0,1882.0,1520,16.760687112808228,11
1948.0,2595.0,2440.0,1546,16.995869159698486,11
2898.0,2294.0,1937.0,1566,17.139703035354614,11
2107.0,1982.0,2754.0,1569,17.15998601913452,11
3078.0,1448.0,2514.0,1570,17.22399616241455,11
3170.0,1496.0,2315.0,1570,17.223999977111816,11
4208.0,1387.0,2203.0,1573,17.260934114456177,11
2274.0,2064.0,2555.0,1586,17.416558980941772,11
2368.0,2171.0,2434.0,1586,17.41656494140625,11
2324.0,2128.0,2473.0,1587,17.428931951522827,11
3889.0,1097.0,2491.0,1589,17.452955961227417,11
3556.0,994.0,3023.0,1591,17.477981090545654,11
2871.0,1340.0,3114.0,1609,17.70577907562256,11
2037.0,2498.0,2543.0,1652,18.06320595741272,11
2543.0,2886.0,1763.0,1656,18.095379114151,11
3728.0,3561.0,658.0,1674,18.22097110748291,11
4127.0,2460.0,1262.0,1674,18.22103500366211,11
2267.0,3423.0,1693.0,1682,18.366066932678223,11
3703.0,2374.0,1461.0,1684,18.390218019485474,11
4304.0,2584.0,1153.0,1693,18.51620101928711,11
4211.0,2409.0,1345.0,1695,18.545729160308838,11
3805.0,2365.0,1400.0,1696,18.559657096862793,11
3164.0,3119.0,1261.0,1708,18.667155027389526,11
3220.0,2955.0,1269.0,1708,18.667180061340332,11
2594.0,2938.0,1696.0,1708,18.66718316078186,11
3347.0,2142.0,1839.0,1708,18.6672101020813,11
3323.0,2781.0,1391.0,1710,18.692620992660522,11
3764.0,2003.0,1674.0,1711,18.70415711402893,11
2543.0,1663.0,3053.0,1758,19.287182092666626,11
2557.0,1645.0,2899.0,1760,19.30680799484253,11
3276.0,2925.0,1270.0,1764,19.351624965667725,11
2614.0,3321.0,1547.0,1764,19.351628065109253,11
2757.0,2562.0,1775.0,1769,19.380810976028442,11
3704.0,1859.0,2043.0,1771,19.413692951202393,11
3130.0,2266.0,1802.0,1783,19.537642002105713,11
2093.0,2534.0,2306.0,1785,19.55659794807434,11
1221.0,2602.0,3701.0,1828,19.863682985305786,12
1072.0,2929.0,3507.0,1839,19.95525813102722,12
2634.0,3945.0,1161.0,2014,20.813540935516357,12
2923.0,3970.0,981.0,2014,20.813544034957886,12
3250.0,3485.0,984.0,2016,20.828784942626953,12
2267.0,4237.0,1347.0,2018,20.83982515335083,12
2191.0,4110.0,1463.0,2018,20.839839935302734,12
3909.0,713.0,3489.0,2038,21.02209210395813,12
3147.0,1110.0,3714.0,2038,21.02210807800293,12
2706.0,4251.0,1092.0,2053,21.214558124542236,12
863.0,3511.0,3281.0,2083,21.50066113471985,12
2074.0,3977.0,1593.0,2096,21.621708154678345,12
2680.0,3304.0,1419.0,2110,21.713222980499268,12
2763.0,3481.0,1393.0,2110,21.713226079940796,12
2607.0,3963.0,1225.0,2136,21.88911008834839,12
840.0,3219.0,3442.0,2136,21.88917899131775,12
1124.0,2759.0,3525.0,2138,21.916878938674927,12
1796.0,1734.0,4093.0,2141,21.939502000808716,12
3227.0,3072.0,1264.0,2156,22.080820083618164,12
2492.0,3477.0,1495.0,2196,22.331408977508545,12
2787.0,3092.0,1490.0,2211,22.419353008270264,12
2278.0,3430.0,1597.0,2214,22.43225407600403,12
2084.0,2500.0,2438.0,2337,23.219990968704224,12
1961.0,2457.0,2547.0,2346,23.24665594100952,12
1454.0,2212.0,3422.0,2358,23.282835006713867,12
1856.0,2287.0,2703.0,2372,23.325931072235107,12
2780.0,3524.0,1313.0,2406,23.56599712371826,12
3028.0,3674.0,1112.0,2407,23.57558298110962,12
2852.0,3565.0,1245.0,2414,23.654263019561768,12
3145.0,3792.0,1001.0,2420,23.715713024139404,12
3069.0,3665.0,1117.0,2420,23.715716123580933,12
3390.0,2988.0,1193.0,2439,23.901419162750244,12
3067.0,3693.0,1074.0,2500,24.67477011680603,12
2400.0,3274.0,1649.0,2532,24.915524005889893,12
2218.0,2153.0,2677.0,2534,24.92425012588501,12
2141.0,3022.0,1952.0,2538,24.94209098815918,12
2161.0,3313.0,1828.0,2572,25.187757968902588,12
1904.0,2438.0,2632.0,2588,25.301347017288208,12
1649.0,2019.0,3689.0,2606,25.36812996864319,12
3427.0,1734.0,2067.0,2622,25.468762159347534,12
3325.0,1743.0,2128.0,2624,25.47893214225769,12
2605.0,1514.0,3017.0,2626,25.491902112960815,12
2699.0,1621.0,2896.0,2626,25.491904973983765,12
2416.0,1991.0,2518.0,2710,26.344260931015015,12
2165.0,2263.0,2508.0,2710,26.344284057617188,12
1697.0,3008.0,2265.0,2805,26.95654296875,12
4422.0,1975.0,1637.0,2811,26.99682116508484,12
3127.0,3703.0,1045.0,2822,27.18135094642639,12
2837.0,3604.0,1258.0,2825,27.219753980636597,12
3919.0,2250.0,1487.0,2831,27.285206079483032,12
4260.0,2236.0,1391.0,2848,27.4999361038208,12
3585.0,2434.0,1561.0,2854,27.563668966293335,12
3051.0,3069.0,1357.0,2872,27.689538955688477,12
4003.0,1998.0,1639.0,2874,27.711472034454346,12
3138.0,2503.0,1630.0,2877,27.736674070358276,12
3284.0,2039.0,2001.0,2890,27.83361005783081,12
2448.0,1942.0,2480.0,2967,28.774996995925903,12
3382.0,2633.0,1385.0,2974,28.82555603981018,12
3201.0,2134.0,1893.0,3005,29.094599962234497,12
2701.0,2726.0,1767.0,3011,29.132198095321655,12
3294.0,1075.0,3374.0,3020,29.173973083496094,13
3767.0,1009.0,2871.0,3022,29.18815302848816,13
853.0,3134.0,3600.0,3082,29.57912015914917,13
3355.0,3349.0,969.0,3249,30.236089944839478,13
3046.0,4080.0,853.0,3249,30.236093997955322,13
2850.0,4006.0,1004.0,3258,30.298475980758667,13
2936.0,4353.0,831.0,3259,30.30749201774597,13
2710.0,4072.0,1045.0,3259,30.307498931884766,13
2102.0,3880.0,1584.0,3259,30.30751395225525,13
1938.0,3857.0,1709.0,3270,30.367823123931885,13
2695.0,4494.0,986.0,3293,30.523170948028564,13
3504.0,3794.0,785.0,3300,30.630738973617554,13
749.0,3353.0,3821.0,3360,31.2029230594635,13
2476.0,3899.0,1288.0,3396,31.439955949783325,13
1565.0,3509.0,2143.0,3424,31.649078130722046,13
2892.0,2956.0,1475.0,3528,32.34570097923279,13
2247.0,3679.0,1551.0,3540,32.38871192932129,13
1657.0,3109.0,2340.0,3608,32.72666907310486,13
2300.0,1512.0,3678.0,3650,32.885738134384155,13
2127.0,2622.0,2267.0,3714,33.289304971694946,13
1597.0,2409.0,3078.0,3744,33.38867807388306,13
1563.0,3466.0,2166.0,3814,33.78480005264282,13
2171.0,3658.0,1627.0,3818,33.81445598602295,13
2756.0,3789.0,1213.0,3820,33.82270908355713,13
2604.0,3415.0,1446.0,3822,33.83136200904846,13
4163.0,2591.0,1248.0,3835,33.94000506401062,13
3334.0,3152.0,1185.0,3850,34.03073716163635,13
3205.0,2710.0,1432.0,3857,34.05746412277222,13
2293.0,3396.0,1719.0,3984,35.17619013786316,13
2614.0,2719.0,1795.0,3990,35.19769811630249,13
2068.0,1655.0,3723.0,4015,35.31694197654724,13
2192.0,3064.0,1874.0,4056,35.552014112472534,13
1477.0,2994.0,2483.0,4088,35.67716407775879,13
3582.0,1981.0,1880.0,4114,35.81047701835632,13
3353.0,1655.0,2272.0,4162,36.208693981170654,13
3541.0,1619.0,2154.0,4191,36.42852210998535,13
3085.0,1119.0,3604.0,4219,36.65408706665039,13
1614.0,2062.0,3733.0,4254,37.03815698623657,13
2323.0,1858.0,2780.0,4262,37.10388803482056,13
1752.0,2574.0,2580.0,4392,37.74304914474487,13
3477.0,3193.0,1021.0,4470,38.68770909309387,13
2183.0,2232.0,2624.0,4647,40.36791205406189,13
3220.0,3089.0,1262.0,4700,40.720787048339844,13
2392.0,2106.0,2472.0,4729,40.92445611953735,13
3129.0,4257.0,827.0,4956,41.96982502937317,14
3061.0,3605.0,1132.0,4956,41.96985912322998,14
2480.0,4135.0,1283.0,4987,42.141927003860474,14
735.0,3490.0,3449.0,5109,43.11459398269653,14
1209.0,3797.0,2642.0,5109,43.11463499069214,14
1061.0,3242.0,3193.0,5190,43.492905139923096,14
2460.0,3577.0,1487.0,5338,44.25694704055786,14
1852.0,3385.0,2026.0,5344,44.29116106033325,14
2041.0,1634.0,4053.0,5446,44.774906158447266,14
2548.0,3579.0,1438.0,5646,45.726771116256714,14
2732.0,3013.0,1589.0,5699,45.96884107589722,14
2087.0,3335.0,1881.0,5794,46.81029415130615,14
2766.0,3093.0,1562.0,5864,47.111042976379395,14
2733.0,2957.0,1675.0,5948,47.51401495933533,14
1321.0,2183.0,4402.0,6000,47.69527316093445,14
2838.0,1646.0,2439.0,6064,47.98795199394226,14
2472.0,1827.0,2526.0,6066,47.99183106422424,14
3148.0,1373.0,2768.0,6132,48.50482511520386,14
3401.0,1160.0,2856.0,6218,49.25325608253479,14
2928.0,1226.0,3359.0,6218,49.25326204299927,14
2218.0,2228.0,2547.0,6261,49.529289960861206,14
1823.0,2442.0,2671.0,6392,49.97989892959595,14
4049.0,3301.0,669.0,6418,50.13256597518921,14
4176.0,2488.0,1239.0,6418,50.13257312774658,14
3384.0,3941.0,797.0,6419,50.14359903335571,14
4294.0,1439.0,2107.0,6514,51.16899800300598,14
3604.0,2380.0,1591.0,6521,51.215763092041016,14
3224.0,1098.0,3216.0,6600,51.66438102722168,14
2434.0,1960.0,2634.0,6745,52.915377140045166,14
2242.0,3814.0,1543.0,7077,54.54931902885437,15
2534.0,4009.0,1216.0,7079,54.55471897125244,15
2115.0,4717.0,1458.0,7130,54.75114893913269,15
2416.0,4682.0,1163.0,7130,54.75115203857422,15
2553.0,1509.0,3385.0,7646,57.422513008117676,15
1402.0,2972.0,2836.0,7722,57.6785089969635,15
1919.0,1626.0,4472.0,7880,58.43820309638977,15
3532.0,4145.0,646.0,7884,58.4819700717926,15
2121.0,1620.0,3762.0,8077,59.570773124694824,15
2775.0,1520.0,3008.0,8262,60.254738092422485,15
3064.0,1466.0,2668.0,8266,60.2653911113739,15
2733.0,1666.0,2846.0,8470,61.672565937042236,15
2738.0,1653.0,2623.0,8508,61.87472105026245,15
3303.0,3132.0,1243.0,8859,63.87538003921509,15
3832.0,3927.0,572.0,8953,64.29174613952637,15
2956.0,3741.0,1147.0,9469,67.25988793373108,16
1552.0,2525.0,3046.0,9946,69.58853197097778,16
3380.0,3771.0,879.0,10218,70.62131905555725,16
2371.0,1348.0,4205.0,10285,71.02702307701111,16
1528.0,2096.0,3555.0,10482,71.8823070526123,16
2957.0,1351.0,3084.0,10512,71.96201515197754,16
2591.0,1532.0,3171.0,10514,71.9687659740448,16
2915.0,1497.0,2922.0,10758,73.40252804756165,16
2809.0,1521.0,2714.0,10790,73.6099841594696,16
2558.0,1793.0,2704.0,10790,73.6100001335144,16
3015.0,3604.0,1175.0,10965,74.45230293273926,16
2764.0,3640.0,1281.0,10986,74.63370013237,16
4031.0,801.0,3109.0,11110,75.32161808013916,16
3073.0,2013.0,2090.0,11421,77.39549493789673,16
2447.0,4433.0,1209.0,11870,79.18449115753174,17
1635.0,2037.0,3843.0,12652,82.20775699615479,17
1831.0,1789.0,4037.0,12660,82.22960805892944,17
4044.0,1344.0,2304.0,12784,82.7138991355896,17
2897.0,1451.0,3021.0,12850,83.1451530456543,17
2168.0,1483.0,4225.0,12886,83.33535194396973,17
3742.0,855.0,3449.0,13234,85.05249500274658,17
2757.0,2912.0,1609.0,13320,85.34702897071838,17
2999.0,1062.0,3886.0,13492,86.50804805755615,17
2927.0,1038.0,4394.0,14371,89.98140096664429,18
2112.0,1470.0,4580.0,14373,90.00175714492798,18
2424.0,1313.0,4244.0,14375,90.0204131603241,18
1938.0,1730.0,4325.0,14472,90.40868902206421,18
1865.0,1790.0,3743.0,14730,91.53930807113647,18
3358.0,3690.0,937.0,14844,91.96079993247986,18
3025.0,3820.0,1093.0,14852,92.00609993934631,18
3028.0,1187.0,3611.0,15206,93.86341404914856,18
2087.0,1619.0,4056.0,15836,96.28480100631714,19
3169.0,958.0,4173.0,15874,96.42507815361023,19
3312.0,1246.0,2864.0,16106,97.48056602478027,19
3585.0,3785.0,740.0,16246,97.93077993392944,19
954.0,3721.0,3145.0,16918,100.75192093849182,20
2874.0,1073.0,4355.0,17086,101.224130153656,20
2165.0,1435.0,4619.0,17091,101.27553415298462,20
3112.0,1214.0,3196.0,17296,102.02423906326294,20
2448.0,3643.0,1493.0,17446,102.5891580581665,20
3436.0,779.0,3992.0,17800,104.00892496109009,21
3431.0,951.0,3509.0,18730,107.44730710983276,22
1909.0,1605.0,4600.0,19160,108.91256403923035,23
3904.0,885.0,3006.0,19168,108.94456195831299,23
