z1,z2,z3,node,time,depth
-4502.0,-3544.0,-812.0,1,0.015858173370361328,1
-4099.0,-4635.0,-590.0,1,0.015864133834838867,1
-1190.0,-3321.0,-4898.0,1,0.015870094299316406,1
-1727.0,-2420.0,-5417.0,1,0.01587510108947754,1
-2001.0,-1893.0,-5425.0,1,0.015880107879638672,1
-667.0,-4343.0,-4133.0,1,0.01588606834411621,1
-1466.0,-4821.0,-3052.0,1,0.015891075134277344,1
-3701.0,-4747.0,-1256.0,1,0.015896081924438477,1
-2104.0,-5183.0,-1877.0,1,0.015902042388916016,1
-2461.0,-5179.0,-1266.0,1,0.015906095504760742,1
-3885.0,-4894.0,-754.0,1,0.015911102294921875,1
-1606.0,-5283.0,-2028.0,1,0.015916109085083008,1
-2584.0,-5031.0,-1864.0,1,0.015922069549560547,1
-1946.0,-4669.0,-3039.0,1,0.01592707633972168,1
-3505.0,-1697.0,-4405.0,1,0.01593303680419922,1
-2468.0,-1696.0,-5387.0,1,0.01593804359436035,1
-2909.0,-2217.0,-4702.0,1,0.015943050384521484,1
-1072.0,-4057.0,-4309.0,1,0.015948057174682617,1
-3932.0,-1723.0,-3739.0,1,0.01595306396484375,1
-4203.0,-4425.0,-883.0,1,0.015958070755004883,1
-4481.0,-3559.0,-1419.0,1,0.015963077545166016,1
-4101.0,-4295.0,-1317.0,1,0.01596808433532715,1
-4251.0,-4195.0,-1123.0,1,0.01597309112548828,1
-1552.0,-3320.0,-4744.0,1,0.015978097915649414,1
-1788.0,-2631.0,-5282.0,1,0.015983104705810547,1
-2426.0,-3932.0,-3474.0,1,0.01598811149597168,1
-2425.0,-2479.0,-4949.0,1,0.015993118286132812,1
-3463.0,-3933.0,-2492.0,1,0.01599717140197754,1
-2662.0,-3243.0,-3990.0,1,0.016013145446777344,1
-3462.0,-2480.0,-3967.0,1,0.016018152236938477,1
-4379.0,-3429.0,-1853.0,1,0.01602315902709961,1
-3952.0,-2869.0,-3077.0,1,0.016028165817260742,1
-4566.0,-2937.0,-1512.0,1,0.01603412628173828,1
-4280.0,-2660.0,-2448.0,1,0.016039133071899414,1
-4017.0,-2524.0,-3277.0,1,0.01604318618774414,1
-2974.0,-4874.0,-964.0,2,0.03368210792541504,2
-3122.0,-1935.0,-4507.0,2,0.033740997314453125,2
-3165.0,-2147.0,-4442.0,2,0.03374505043029785,2
-3419.0,-4097.0,-2113.0,2,0.033753156661987305,2
-3202.0,-3363.0,-3241.0,2,0.03375697135925293,2
-3482.0,-2924.0,-3327.0,2,0.03376913070678711,2
-3236.0,-2248.0,-4256.0,2,0.03377199172973633,2
-3697.0,-3231.0,-2649.0,2,0.03378796577453613,2
-3513.0,-3084.0,-3151.0,2,0.03380012512207031,2
-3235.0,-3950.0,-2615.0,2,0.03380298614501953,2
-3257.0,-4365.0,-1807.0,2,0.03381514549255371,2
-3633.0,-3838.0,-1949.0,2,0.033818960189819336,2
-1849.0,-3714.0,-3747.0,3,0.047276973724365234,2
-2764.0,-2421.0,-4435.0,3,0.04729604721069336,2
-1968.0,-4206.0,-3023.0,3,0.04732012748718262,2
-2254.0,-3428.0,-3923.0,3,0.04732704162597656,2
-3128.0,-4040.0,-2631.0,3,0.04733109474182129,2
-3247.0,-4532.0,-1929.0,3,0.047350168228149414,2
-3203.0,-4847.0,-1429.0,3,0.047358036041259766,2
-2329.0,-4220.0,-2932.0,3,0.04736208915710449,2
-2373.0,-4145.0,-3037.0,3,0.04736614227294922,2
-1997.0,-3530.0,-4152.0,4,0.06397604942321777,3
-2454.0,-1833.0,-5213.0,4,0.0640101432800293,3
-1417.0,-2735.0,-5209.0,4,0.06402206420898438,3
-2568.0,-2734.0,-4529.0,4,0.0640420913696289,3
-2866.0,-2005.0,-4767.0,4,0.06404614448547363,3
-3123.0,-2778.0,-3839.0,4,0.06404995918273926,3
-3193.0,-2036.0,-4321.0,4,0.06405401229858398,3
-3439.0,-2712.0,-3392.0,4,0.06405806541442871,3
-2517.0,-3873.0,-3416.0,4,0.06407403945922852,3
-1478.0,-2946.0,-5074.0,4,0.06408309936523438,3
-1643.0,-3261.0,-4686.0,4,0.0640859603881836,3
-3155.0,-4235.0,-2241.0,4,0.06410908699035645,3
-3241.0,-3610.0,-2819.0,4,0.06411194801330566,3
-3058.0,-3123.0,-3639.0,4,0.06412005424499512,3
-3454.0,-3523.0,-2591.0,4,0.06412816047668457,3
-3305.0,-4135.0,-2047.0,4,0.0641319751739502,3
-1946.0,-4084.0,-3487.0,5,0.07744908332824707,3
-1902.0,-4159.0,-3382.0,5,0.07746100425720215,3
-2382.0,-4007.0,-3369.0,5,0.07746505737304688,3
-3064.0,-4294.0,-2299.0,5,0.07751297950744629,3
-2086.0,-4546.0,-2463.0,5,0.07751703262329102,3
-2584.0,-4446.0,-2312.0,5,0.07752108573913574,3
-3751.0,-4478.0,-1397.0,6,0.0910031795501709,3
-3178.0,-3771.0,-2772.0,6,0.09102702140808105,3
-3668.0,-4160.0,-1882.0,6,0.09103512763977051,3
-2972.0,-2836.0,-3715.0,7,0.10035300254821777,3
-4002.0,-3526.0,-1912.0,7,0.10040402412414551,3
-4288.0,-3803.0,-976.0,7,0.10041213035583496,3
-2816.0,-3161.0,-3766.0,8,0.11368703842163086,4
-3143.0,-3192.0,-3320.0,8,0.11369109153747559,4
-2764.0,-2847.0,-4128.0,8,0.11370301246643066,4
-3091.0,-2878.0,-3682.0,8,0.11370706558227539,4
-2840.0,-4756.0,-1861.0,8,0.11372900009155273,4
-1427.0,-4085.0,-3961.0,9,0.12380003929138184,4
-2065.0,-4447.0,-2786.0,9,0.12381601333618164,4
-3433.0,-3369.0,-2777.0,9,0.12386703491210938,4
-1508.0,-3395.0,-4639.0,10,0.13582897186279297,4
-1952.0,-3890.0,-3501.0,10,0.1358499526977539,4
-3285.0,-3681.0,-2756.0,10,0.13588809967041016,4
-2712.0,-2974.0,-4131.0,10,0.13592314720153809,4
-2915.0,-2868.0,-4059.0,10,0.13593506813049316,4
-1935.0,-2835.0,-4697.0,11,0.1453700065612793,4
-2392.0,-2818.0,-4269.0,11,0.14537405967712402,4
-1422.0,-3653.0,-4197.0,11,0.1453850269317627,4
-1760.0,-3735.0,-4024.0,11,0.1454169750213623,4
-1996.0,-3046.0,-4562.0,11,0.14542412757873535,4
-1902.0,-3501.0,-4184.0,11,0.14542818069458008,4
-2744.0,-3817.0,-3033.0,12,0.15601301193237305,4
-2589.0,-3321.0,-3762.0,12,0.15602898597717285,4
-3298.0,-2735.0,-3650.0,12,0.1560361385345459,4
-2827.0,-4135.0,-2548.0,12,0.15606403350830078,4
-3711.0,-2793.0,-3117.0,12,0.1560671329498291,4
-3794.0,-3111.0,-2632.0,12,0.15607118606567383,4
-3894.0,-3280.0,-2297.0,12,0.15607500076293945,4
-4485.0,-3474.0,-1351.0,13,0.16188311576843262,4
-2481.0,-4657.0,-1997.0,14,0.1699509620666504,4
-2537.0,-4650.0,-1979.0,14,0.16995501518249512,4
-2665.0,-4804.0,-1473.0,14,0.16996216773986816,4
-3589.0,-3468.0,-2445.0,14,0.16997408866882324,4
-2797.0,-3736.0,-3042.0,14,0.16999506950378418,4
-3035.0,-4550.0,-1828.0,14,0.17000317573547363,4
-2939.0,-3502.0,-3202.0,15,0.1750960350036621,4
-3484.0,-3663.0,-2587.0,15,0.17510414123535156,4
-1198.0,-3710.0,-4431.0,16,0.1894080638885498,5
-2432.0,-3592.0,-3678.0,16,0.18941617012023926,5
-2570.0,-4237.0,-2777.0,16,0.18947911262512207,5
-2415.0,-4679.0,-2237.0,16,0.1894841194152832,5
-1242.0,-3635.0,-4536.0,16,0.18948912620544434,5
-1935.0,-4831.0,-2250.0,16,0.18949508666992188,5
-1293.0,-3932.0,-4062.0,16,0.189500093460083,5
-1643.0,-4786.0,-2467.0,16,0.18950510025024414,5
-2621.0,-4534.0,-2303.0,16,0.18955302238464355,5
-2487.0,-3919.0,-3262.0,16,0.18957304954528809,5
-2380.0,-3278.0,-4040.0,17,0.20379900932312012,5
-1899.0,-2735.0,-4786.0,17,0.2038259506225586,5
-2098.0,-2650.0,-4678.0,17,0.2038431167602539,5
-3402.0,-3209.0,-2953.0,17,0.20387506484985352,5
-1597.0,-3438.0,-4350.0,18,0.21556806564331055,5
-3192.0,-3738.0,-2680.0,18,0.215623140335083,5
-2051.0,-3653.0,-3699.0,18,0.2156381607055664,5
-3141.0,-3441.0,-3154.0,18,0.21564197540283203,5
-2787.0,-3395.0,-3492.0,18,0.21564602851867676,5
-2352.0,-2675.0,-4574.0,19,0.22330498695373535,5
-3020.0,-2777.0,-3868.0,19,0.22331595420837402,5
-2895.0,-1722.0,-4721.0,20,0.23677396774291992,5
-2497.0,-2045.0,-5148.0,20,0.23677802085876465,5
-2278.0,-3020.0,-4392.0,20,0.2367861270904541,5
-2361.0,-3338.0,-3907.0,20,0.23679018020629883,5
-2995.0,-2172.0,-4296.0,20,0.23680901527404785,5
-2743.0,-3459.0,-3420.0,21,0.245527982711792,5
-2787.0,-3384.0,-3525.0,21,0.24553203582763672,5
-2703.0,-3387.0,-3566.0,22,0.2527470588684082,5
-1716.0,-3810.0,-3919.0,22,0.25277018547058105,5
-1541.0,-4145.0,-3473.0,23,0.2601351737976074,5
-2801.0,-3980.0,-2703.0,23,0.26013898849487305,5
-2781.0,-3735.0,-3288.0,23,0.26015806198120117,5
-2165.0,-3059.0,-4159.0,25,0.2772250175476074,5
-3776.0,-2448.0,-3317.0,25,0.27724504470825195,5
-3221.0,-2404.0,-4007.0,25,0.27726006507873535,5
-4319.0,-3503.0,-1755.0,26,0.282940149307251,5
-4135.0,-3356.0,-2257.0,26,0.2829439640045166,5
-4383.0,-3344.0,-1785.0,26,0.28295207023620605,5
-4035.0,-3187.0,-2592.0,26,0.28296399116516113,5
-3613.0,-3833.0,-2298.0,26,0.28296709060668945,5
-4163.0,-4028.0,-1290.0,27,0.28786301612854004,5
-3631.0,-2944.0,-3083.0,27,0.2878880500793457,5
-3762.0,-4082.0,-1383.0,28,0.29590296745300293,5
-3005.0,-3228.0,-3260.0,28,0.2959301471710205,5
-2581.0,-4335.0,-2479.0,29,0.3012831211090088,5
-3419.0,-4008.0,-2387.0,30,0.30658411979675293,5
-2482.0,-2436.0,-4679.0,32,0.3230719566345215,6
-1116.0,-4164.0,-3638.0,33,0.3361830711364746,6
-2481.0,-3268.0,-3905.0,33,0.3362100124359131,6
-1658.0,-2953.0,-4723.0,33,0.33621716499328613,6
-1517.0,-3682.0,-4165.0,33,0.3362250328063965,6
-1636.0,-4174.0,-3441.0,33,0.33624815940856934,6
-2066.0,-2788.0,-4596.0,34,0.3495190143585205,6
-1556.0,-3795.0,-4084.0,34,0.349545955657959,6
-1781.0,-3471.0,-4197.0,34,0.3495490550994873,6
-1845.0,-2588.0,-5012.0,36,0.36614108085632324,6
-2619.0,-3031.0,-4055.0,36,0.3661489486694336,6
-2611.0,-1951.0,-4967.0,37,0.37456297874450684,6
-3489.0,-3598.0,-2347.0,37,0.3746061325073242,6
-2198.0,-3305.0,-3996.0,39,0.38398218154907227,6
-2184.0,-2403.0,-4989.0,41,0.40211009979248047,6
-2668.0,-2141.0,-4742.0,41,0.4021461009979248,6
-2851.0,-3711.0,-2844.0,42,0.41021013259887695,6
-3267.0,-3018.0,-3441.0,42,0.41024208068847656,6
-2960.0,-3401.0,-3368.0,42,0.4102451801300049,6
-2822.0,-3879.0,-2864.0,44,0.4218900203704834,6
-2737.0,-4050.0,-2788.0,44,0.42189717292785645,6
-2475.0,-4208.0,-2809.0,45,0.42841315269470215,6
-1995.0,-4360.0,-2822.0,45,0.4284241199493408,6
-3381.0,-3053.0,-3165.0,51,0.46497201919555664,6
-3432.0,-2523.0,-3729.0,52,0.47068309783935547,6
-4149.0,-3324.0,-2124.0,52,0.4706900119781494,6
-4049.0,-3155.0,-2459.0,52,0.47069406509399414,6
-4253.0,-4156.0,-1024.0,52,0.4707021713256836,6
-3824.0,-3385.0,-2543.0,52,0.47071003913879395,6
-3681.0,-3141.0,-2930.0,53,0.476917028427124,6
-4119.0,-2654.0,-2843.0,54,0.48073816299438477,6
-3979.0,-3881.0,-1792.0,54,0.480755090713501,6
-2422.0,-4421.0,-2372.0,57,0.4956991672515869,6
-2753.0,-3811.0,-2937.0,59,0.503331184387207,6
-3512.0,-4209.0,-1827.0,60,0.5089380741119385,6
-3798.0,-4486.0,-891.0,60,0.5089421272277832,6
-3705.0,-4285.0,-1451.0,60,0.5089499950408936,6
-3068.0,-4307.0,-1963.0,60,0.5089700222015381,6
-3268.0,-4502.0,-1629.0,62,0.5154221057891846,6
-2642.0,-1796.0,-4932.0,64,0.5330970287322998,7
-1776.0,-2217.0,-5312.0,64,0.5331470966339111,7
-3326.0,-3679.0,-2500.0,64,0.5331511497497559,7
-1852.0,-3575.0,-4004.0,64,0.5331630706787109,7
-1903.0,-3872.0,-3530.0,64,0.5331711769104004,7
-1952.0,-3744.0,-3691.0,64,0.5331821441650391,7
-2141.0,-4686.0,-2316.0,66,0.5599629878997803,7
-2090.0,-4389.0,-2790.0,66,0.559967041015625,7
-2583.0,-4674.0,-1909.0,66,0.5599710941314697,7
-2007.0,-4071.0,-3275.0,66,0.5599751472473145,7
-2048.0,-3827.0,-3678.0,67,0.5698330402374268,7
-2139.0,-3202.0,-4080.0,68,0.5808191299438477,7
-2258.0,-4553.0,-2433.0,68,0.580826997756958,7
-1277.0,-4283.0,-3601.0,69,0.5888841152191162,7
-1800.0,-3261.0,-4366.0,69,0.5889360904693604,7
-1406.0,-4430.0,-3186.0,70,0.5957419872283936,7
-2734.0,-2890.0,-3890.0,70,0.5957460403442383,7
-2558.0,-4017.0,-2992.0,70,0.5957660675048828,7
-3018.0,-3640.0,-2865.0,71,0.6014480590820312,7
-3344.0,-3400.0,-2703.0,74,0.6244280338287354,7
-2667.0,-3773.0,-3222.0,76,0.6365170478820801,7
-2978.0,-3494.0,-3132.0,76,0.6365330219268799,7
-3203.0,-3264.0,-3048.0,76,0.6365489959716797,7
-1743.0,-3430.0,-4373.0,76,0.6365571022033691,7
-1851.0,-3676.0,-3966.0,77,0.6415350437164307,7
-3103.0,-3095.0,-3383.0,77,0.6415510177612305,7
-1493.0,-2816.0,-4909.0,80,0.6573951244354248,7
-2243.0,-2020.0,-5274.0,80,0.6574060916900635,7
-1945.0,-2631.0,-4962.0,80,0.6574101448059082,7
-2435.0,-3020.0,-4072.0,80,0.6574530601501465,7
-2847.0,-2887.0,-3723.0,80,0.6574649810791016,7
-1856.0,-3552.0,-3832.0,81,0.6664309501647949,7
-3271.0,-3122.0,-3278.0,84,0.6830811500549316,7
-3342.0,-3428.0,-2835.0,84,0.6830849647521973,7
-2998.0,-3186.0,-3574.0,86,0.6918721199035645,7
-2802.0,-3705.0,-2988.0,88,0.7011210918426514,7
-2086.0,-4306.0,-2858.0,89,0.7057931423187256,7
-3320.0,-4019.0,-2296.0,90,0.7138080596923828,7
-2965.0,-3525.0,-2894.0,91,0.7171831130981445,7
-2115.0,-3538.0,-3838.0,92,0.7215120792388916,7
-3321.0,-2573.0,-3672.0,100,0.7599520683288574,7
-2689.0,-3490.0,-3449.0,100,0.7599730491638184,7
-2963.0,-2842.0,-3789.0,101,0.7663710117340088,7
-2774.0,-2304.0,-4360.0,101,0.766383171081543,7
-3461.0,-4273.0,-1765.0,104,0.7811169624328613,7
-3912.0,-4456.0,-673.0,104,0.781121015548706,7
-4230.0,-3747.0,-1197.0,104,0.7811319828033447,7
-4064.0,-3776.0,-1601.0,104,0.7811441421508789,7
-4128.0,-3617.0,-1631.0,104,0.7811520099639893,7
-3924.0,-3554.0,-2208.0,104,0.781156063079834,7
-3562.0,-2649.0,-3632.0,106,0.7902460098266602,7
-3745.0,-2982.0,-2960.0,106,0.7902500629425049,7
-4170.0,-3838.0,-1509.0,108,0.796619176864624,7
-4238.0,-3146.0,-2141.0,108,0.7966220378875732,7
-2196.0,-4377.0,-2613.0,112,0.8084681034088135,7
-2513.0,-4607.0,-2013.0,113,0.8143110275268555,7
-3705.0,-4525.0,-1056.0,122,0.8393020629882812,7
-2709.0,-3047.0,-3770.0,128,0.8564519882202148,8
-1691.0,-3995.0,-3572.0,130,0.875715970993042,8
-2388.0,-3667.0,-3573.0,130,0.8757200241088867,8
-1664.0,-3604.0,-4058.0,132,0.8994991779327393,8
-1821.0,-3722.0,-3812.0,132,0.8995521068572998,8
-2855.0,-4551.0,-1732.0,134,0.9160599708557129,8
-2918.0,-4394.0,-1970.0,135,0.922044038772583,8
-2899.0,-3668.0,-2839.0,135,0.9220521450042725,8
-2552.0,-3574.0,-3462.0,135,0.9220559597015381,8
-2071.0,-4596.0,-2481.0,136,0.9322919845581055,8
-1864.0,-3789.0,-3712.0,137,0.9402351379394531,8
-2371.0,-4448.0,-2409.0,140,0.9582610130310059,8
-2307.0,-4121.0,-3090.0,140,0.9582760334014893,8
-2449.0,-3573.0,-3491.0,140,0.9582870006561279,8
-2480.0,-4138.0,-2933.0,140,0.9582910537719727,8
-2890.0,-4487.0,-2002.0,140,0.9582979679107666,8
-2235.0,-2808.0,-4435.0,144,0.9802911281585693,8
-1971.0,-3231.0,-4193.0,145,0.9879651069641113,8
-2851.0,-3236.0,-3522.0,148,1.0045909881591797,8
-2668.0,-2903.0,-4194.0,148,1.0045950412750244,8
-1968.0,-3335.0,-4184.0,149,1.0105609893798828,8
-2435.0,-2993.0,-4089.0,154,1.0313260555267334,8
-2878.0,-3325.0,-3467.0,155,1.0344250202178955,8
-2119.0,-3041.0,-4261.0,155,1.0344290733337402,8
-2654.0,-2045.0,-4828.0,160,1.0533709526062012,8
-2211.0,-2158.0,-5170.0,162,1.0729279518127441,8
-2261.0,-2734.0,-4632.0,162,1.0729560852050781,8
-2036.0,-3058.0,-4519.0,162,1.0729639530181885,8
-2616.0,-2537.0,-4446.0,163,1.080186128616333,8
-1907.0,-3123.0,-4558.0,163,1.0801901817321777,8
-3012.0,-3154.0,-3441.0,168,1.103891134262085,8
-2708.0,-2981.0,-3942.0,168,1.1038949489593506,8
-3028.0,-2709.0,-4000.0,168,1.1038990020751953,8
-3598.0,-3153.0,-2832.0,169,1.108579158782959,8
-2995.0,-3476.0,-3124.0,170,1.1121430397033691,8
-3287.0,-3432.0,-2922.0,171,1.11552095413208,8
-3098.0,-3502.0,-2839.0,172,1.1199030876159668,8
-2916.0,-3476.0,-3263.0,172,1.1199109554290771,8
-3227.0,-3197.0,-3173.0,172,1.1199150085449219,8
-2121.0,-3184.0,-4138.0,178,1.1421830654144287,8
-2447.0,-3662.0,-3569.0,179,1.1458110809326172,8
-2915.0,-4080.0,-2304.0,180,1.1506481170654297,8
-4136.0,-2724.0,-2304.0,193,1.1897611618041992,8
-2545.0,-3396.0,-3657.0,200,1.2184460163116455,8
-2645.0,-3565.0,-3344.0,200,1.2184770107269287,8
-2829.0,-3712.0,-2820.0,200,1.2184841632843018,8
-3144.0,-3365.0,-3072.0,203,1.2376019954681396,8
-3481.0,-3222.0,-2830.0,204,1.241286039352417,8
-3564.0,-4299.0,-1480.0,208,1.2555880546569824,8
-3780.0,-3460.0,-2438.0,208,1.255620002746582,8
-3880.0,-3629.0,-2103.0,208,1.2556240558624268,8
-3569.0,-3908.0,-2193.0,208,1.2556281089782715,8
-3772.0,-3994.0,-1675.0,209,1.2608649730682373,8
-4321.0,-3464.0,-1656.0,214,1.2761919498443604,8
-3733.0,-3815.0,-2082.0,217,1.283216953277588,8
-3966.0,-2837.0,-2944.0,220,1.2891850471496582,8
-2513.0,-4367.0,-2408.0,226,1.3055529594421387,8
-1682.0,-3448.0,-4206.0,252,1.3663861751556396,9
-2828.0,-3539.0,-3068.0,252,1.366400957107544,9
-2027.0,-2675.0,-4677.0,254,1.3853590488433838,9
-2772.0,-3236.0,-3661.0,254,1.3854100704193115,9
-1908.0,-3161.0,-4388.0,256,1.4007461071014404,9
-2453.0,-3322.0,-3773.0,256,1.4007670879364014,9
-1782.0,-2868.0,-4647.0,257,1.4144551753997803,9
-1735.0,-3920.0,-3677.0,258,1.4226319789886475,9
-2051.0,-3265.0,-4089.0,258,1.4226441383361816,9
-2129.0,-4459.0,-2582.0,262,1.4527699947357178,9
-2927.0,-3791.0,-2757.0,265,1.4682161808013916,9
-2280.0,-4032.0,-3145.0,266,1.4726040363311768,9
-1674.0,-3059.0,-4673.0,268,1.4844591617584229,9
-1627.0,-4101.0,-3619.0,269,1.4910261631011963,9
-2807.0,-4169.0,-2487.0,276,1.5245461463928223,9
-2342.0,-4856.0,-2034.0,278,1.531156063079834,9
-2321.0,-4717.0,-2268.0,278,1.5311641693115234,9
-2404.0,-4422.0,-2561.0,279,1.535149097442627,9
-2395.0,-2822.0,-4220.0,285,1.562319040298462,9
-2090.0,-3723.0,-3491.0,287,1.5749070644378662,9
-2769.0,-2931.0,-3861.0,288,1.5803301334381104,9
-2392.0,-2926.0,-4189.0,294,1.6076669692993164,9
-2499.0,-1950.0,-5014.0,317,1.7029120922088623,9
-2570.0,-2051.0,-4828.0,317,1.7029411792755127,9
-1992.0,-3133.0,-4414.0,320,1.7198050022125244,9
-2929.0,-2836.0,-3926.0,330,1.7625930309295654,9
-2395.0,-2522.0,-4711.0,330,1.7625970840454102,9
-2980.0,-2523.0,-4259.0,330,1.7626080513000488,9
-3142.0,-3187.0,-3339.0,332,1.771116018295288,9
-2654.0,-3822.0,-2868.0,356,1.8368589878082275,9
-4298.0,-2543.0,-2247.0,372,1.8645110130310059,9
-4073.0,-2773.0,-2331.0,372,1.8645391464233398,9
-4234.0,-2702.0,-2217.0,373,1.8705971240997314,9
-2864.0,-2590.0,-4100.0,388,1.9720721244812012,9
-3634.0,-3563.0,-2393.0,404,2.0186960697174072,9
-3608.0,-3984.0,-1980.0,406,2.024644136428833,9
-3833.0,-3754.0,-1896.0,410,2.0337541103363037,9
-3717.0,-4007.0,-1519.0,420,2.056288957595825,9
-2807.0,-3640.0,-2907.0,470,2.171067953109741,10
-2837.0,-2891.0,-3861.0,472,2.186995029449463,10
-1766.0,-3395.0,-4228.0,480,2.2470920085906982,10
-1609.0,-3277.0,-4474.0,480,2.2471041679382324,10
-2989.0,-3597.0,-2889.0,482,2.265939950942993,10
-1614.0,-3835.0,-3695.0,485,2.2865471839904785,10
-1568.0,-3979.0,-3691.0,488,2.308906078338623,10
-1800.0,-4184.0,-3158.0,488,2.3089101314544678,10
-1682.0,-3219.0,-4508.0,500,2.3584630489349365,10
-1823.0,-3857.0,-3668.0,501,2.3642070293426514,10
-1966.0,-4144.0,-3153.0,504,2.3822450637817383,10
-2072.0,-4204.0,-2992.0,505,2.388901948928833,10
-2862.0,-4165.0,-2400.0,516,2.430696964263916,10
-2677.0,-4340.0,-2224.0,521,2.4476571083068848,10
-1951.0,-4591.0,-2571.0,522,2.4501750469207764,10
-2287.0,-2576.0,-4605.0,533,2.4890689849853516,10
-2306.0,-2852.0,-4238.0,553,2.5877301692962646,10
-2001.0,-3576.0,-3772.0,563,2.618673086166382,10
-2235.0,-2062.0,-5074.0,588,2.679321050643921,10
-2107.0,-3364.0,-4054.0,598,2.729912042617798,10
-2363.0,-3089.0,-4073.0,598,2.729923963546753,10
-2344.0,-3052.0,-4147.0,599,2.735398054122925,10
-2446.0,-3407.0,-3588.0,599,2.73540997505188,10
-2071.0,-3133.0,-4275.0,600,2.7412350177764893,10
-2739.0,-2447.0,-4299.0,606,2.766427993774414,10
-3496.0,-2892.0,-3194.0,613,2.7971789836883545,10
-3284.0,-2639.0,-3740.0,613,2.797187089920044,10
-3306.0,-3197.0,-3034.0,617,2.807587146759033,10
-2037.0,-3190.0,-4138.0,644,2.8689351081848145,10
-2757.0,-4055.0,-2598.0,648,2.879287004470825,10
-2342.0,-2735.0,-4274.0,666,2.9110350608825684,10
-3532.0,-2692.0,-3394.0,722,3.1096560955047607,10
-3715.0,-3025.0,-2722.0,723,3.1137900352478027,10
-2325.0,-2064.0,-4989.0,795,3.3116581439971924,11
-3226.0,-3510.0,-2835.0,800,3.389371156692505,11
-2034.0,-3367.0,-3939.0,812,3.456171989440918,11
-1797.0,-3679.0,-3846.0,813,3.459879159927368,11
-2633.0,-4405.0,-2050.0,830,3.5526301860809326,11
-1160.0,-3364.0,-4660.0,850,3.6046130657196045,11
-1366.0,-3874.0,-4096.0,850,3.604624032974243,11
-1212.0,-4504.0,-3518.0,850,3.604628086090088,11
-1714.0,-3081.0,-4590.0,851,3.611315965652466,11
-2174.0,-4559.0,-2433.0,858,3.6516451835632324,11
-2763.0,-3913.0,-2711.0,880,3.7195589542388916,11
-2708.0,-3917.0,-2798.0,881,3.7226150035858154,11
-2532.0,-3891.0,-3006.0,882,3.725720167160034,11
-2651.0,-4218.0,-2432.0,888,3.7423770427703857,11
-2207.0,-4316.0,-2568.0,888,3.7423810958862305,11
-2497.0,-4623.0,-2001.0,892,3.750040054321289,11
-2166.0,-4172.0,-2992.0,958,3.953721046447754,11
-3355.0,-2740.0,-3554.0,1016,4.133059024810791,11
-3367.0,-2957.0,-3255.0,1018,4.140177965164185,11
-3651.0,-3184.0,-2692.0,1142,4.416253089904785,11
-3636.0,-3524.0,-2294.0,1143,4.419870138168335,11
-1194.0,-2984.0,-4821.0,1228,4.668527126312256,12
-2072.0,-3726.0,-3475.0,1271,4.878554105758667,12
-2085.0,-4774.0,-2082.0,1276,4.89539098739624,12
-1364.0,-4941.0,-2583.0,1310,5.02518105506897,12
-1468.0,-4229.0,-3537.0,1310,5.025208950042725,12
-1528.0,-3849.0,-3930.0,1310,5.025228977203369,12
-1471.0,-4743.0,-2584.0,1311,5.0334861278533936,12
-1827.0,-4273.0,-3103.0,1313,5.042948961257935,12
-2308.0,-4284.0,-2574.0,1324,5.08424711227417,12
-2703.0,-4308.0,-2085.0,1352,5.167744159698486,12
-2002.0,-2706.0,-4766.0,1412,5.320186138153076,12
-2773.0,-2537.0,-4126.0,1454,5.424083948135376,12
-1504.0,-2669.0,-5029.0,1475,5.492516994476318,12
-1984.0,-3175.0,-4214.0,1475,5.4925291538238525,12
-2343.0,-2675.0,-4592.0,1495,5.544649124145508,12
-1527.0,-2834.0,-4799.0,1709,6.170325040817261,13
-1738.0,-4225.0,-3111.0,1805,6.471415042877197,13
-983.0,-3688.0,-4545.0,1808,6.487262010574341,13
-1447.0,-4105.0,-3560.0,1810,6.501403093338013,13
-926.0,-4582.0,-3199.0,1810,6.501414060592651,13
-1737.0,-2303.0,-5342.0,1962,6.892207145690918,13
-1829.0,-2775.0,-4858.0,1963,6.895064115524292,13
-2049.0,-2830.0,-4414.0,1965,6.90223503112793,13
-2028.0,-3100.0,-4319.0,1972,6.914103984832764,13
-2879.0,-2260.0,-4464.0,2004,7.026113033294678,13
-1468.0,-4244.0,-3304.0,2220,7.635154962539673,14
-1280.0,-4472.0,-3589.0,2229,7.6745991706848145,14
-1548.0,-3837.0,-3884.0,2229,7.67460298538208,14
-1292.0,-3560.0,-4284.0,2316,7.853150129318237,14
-1788.0,-3537.0,-4012.0,2317,7.856455087661743,14
-1477.0,-3816.0,-4080.0,2317,7.856457948684692,14
-2213.0,-2063.0,-5036.0,2344,7.922901153564453,14
-2057.0,-2788.0,-4614.0,2352,7.94022798538208,14
-2750.0,-2565.0,-4130.0,2387,7.994595050811768,14
-3508.0,-2132.0,-3712.0,2396,8.017482042312622,14
-3272.0,-2063.0,-4092.0,2402,8.036317110061646,14
-1518.0,-4311.0,-3161.0,2573,8.479695081710815,15
-1516.0,-4552.0,-3171.0,2587,8.557394027709961,15
-1519.0,-4875.0,-2165.0,2844,9.215265035629272,16
