z1,z2,z3,node,time,depth
77.0,87.0,75.0,1,0.49080705642700195,1
76.0,71.0,94.0,1,0.4909350872039795,1
66.0,76.0,90.0,1,0.4918510913848877,1
88.0,72.0,80.0,1,0.49248194694519043,1
78.0,88.0,74.0,1,0.4925239086151123,1
123.0,63.0,104.0,3,1.1576828956604004,2
122.0,63.0,107.0,3,1.1576969623565674,2
103.0,64.0,117.0,3,1.1577110290527344,2
97.0,66.0,125.0,3,1.1577529907226562,2
105.0,103.0,68.0,3,1.1577939987182617,2
107.0,105.0,67.0,3,1.1578359603881836,2
129.0,65.0,94.0,3,1.157891035079956,2
129.0,64.0,97.0,3,1.157905101776123,2
108.0,120.0,63.0,4,1.4949359893798828,3
112.0,102.0,63.0,5,1.5946381092071533,3
116.0,90.0,70.0,5,1.594789981842041,3
116.0,96.0,66.0,5,1.5948030948638916,3
86.0,78.0,80.0,5,1.5948169231414795,3
130.0,67.0,92.0,6,1.8239319324493408,3
133.0,69.0,90.0,6,1.8239738941192627,3
99.0,66.0,118.0,6,1.824388027191162,3
103.0,67.0,111.0,6,1.824415922164917,3
127.0,68.0,92.0,6,1.8244431018829346,3
99.0,70.0,109.0,6,1.8245530128479004,3
101.0,65.0,115.0,7,1.9504458904266357,3
104.0,125.0,64.0,9,2.4799509048461914,4
91.0,92.0,69.0,9,2.4801430702209473,4
112.0,96.0,67.0,10,2.6910951137542725,4
115.0,84.0,78.0,10,2.6913719177246094,4
116.0,89.0,71.0,10,2.6914000511169434,4
110.0,105.0,65.0,11,2.7961370944976807,4
124.0,71.0,90.0,12,3.009716033935547,4
130.0,70.0,90.0,13,3.2288949489593506,4
96.0,69.0,113.0,14,3.414724111557007,4
97.0,67.0,116.0,14,3.4149839878082275,4
119.0,69.0,94.0,17,3.9944961071014404,5
112.0,70.0,101.0,17,3.9945099353790283,5
100.0,124.0,66.0,18,4.244596004486084,5
100.0,119.0,67.0,18,4.244610071182251,5
99.0,128.0,66.0,18,4.244858980178833,5
105.0,116.0,65.0,18,4.244887113571167,5
105.0,121.0,64.0,18,4.245155096054077,5
119.0,87.0,74.0,20,4.610342025756836,5
118.0,85.0,76.0,20,4.610728025436401,5
112.0,95.0,68.0,20,4.61089301109314,5
112.0,86.0,78.0,20,4.610934019088745,5
106.0,66.0,114.0,24,5.319679021835327,5
124.0,66.0,99.0,25,5.496691942214966,5
100.0,65.0,122.0,25,5.497129917144775,5
105.0,67.0,110.0,27,5.8852128982543945,5
95.0,69.0,115.0,29,6.250353097915649,5
99.0,67.0,114.0,29,6.250394105911255,5
114.0,65.0,112.0,30,6.456079959869385,5
125.0,66.0,97.0,30,6.456191062927246,5
128.0,64.0,100.0,30,6.456218004226685,5
119.0,64.0,107.0,30,6.456509113311768,5
119.0,65.0,104.0,30,6.456660032272339,5
101.0,123.0,66.0,37,7.851557970046997,6
103.0,125.0,65.0,38,8.043447971343994,6
99.0,119.0,68.0,38,8.0436270236969,6
98.0,128.0,67.0,38,8.043668985366821,6
104.0,116.0,66.0,38,8.043778896331787,6
111.0,100.0,67.0,41,8.566673040390015,6
125.0,86.0,75.0,42,8.756968021392822,6
115.0,85.0,77.0,42,8.757247924804688,6
107.0,66.0,113.0,51,10.403331995010376,6
121.0,67.0,99.0,53,10.798101902008057,6
125.0,65.0,100.0,60,12.080053091049194,6
123.0,64.0,101.0,62,12.443048000335693,6
102.0,68.0,109.0,62,12.44313097000122,6
100.0,69.0,107.0,62,12.443160057067871,6
126.0,66.0,94.0,62,12.443173885345459,6
96.0,70.0,110.0,62,12.443228960037231,6
98.0,69.0,112.0,62,12.443340063095093,6
120.0,70.0,92.0,62,12.443408966064453,6
123.0,69.0,92.0,62,12.443588018417358,6
115.0,71.0,93.0,70,13.988377094268799,7
113.0,86.0,77.0,70,13.988548994064331,7
111.0,99.0,68.0,82,16.224627017974854,7
118.0,70.0,97.0,97,18.698417901992798,7
122.0,68.0,98.0,111,21.064796924591064,7
101.0,70.0,105.0,114,21.58521294593811,7
123.0,68.0,95.0,115,21.801639080047607,7
114.0,69.0,99.0,115,21.80180788040161,7
117.0,68.0,99.0,115,21.80182194709778,7
117.0,67.0,102.0,115,21.801959991455078,7
64.0,89.0,89.0,118,22.33057689666748,8
90.0,67.0,129.0,119,22.422411918640137,8
94.0,67.0,122.0,119,22.42244005203247,8
63.0,114.0,103.0,119,22.422523021697998,8
113.0,84.0,79.0,124,23.494550943374634,8
110.0,114.0,64.0,135,25.316075086593628,8
116.0,95.0,67.0,154,28.585716009140015,8
82.0,81.0,81.0,206,36.711637020111084,9
73.0,115.0,86.0,208,37.06256103515625,9
72.0,111.0,88.0,208,37.06347107887268,9
112.0,85.0,79.0,217,38.59237599372864,9
99.0,123.0,67.0,230,40.38882803916931,9
97.0,127.0,68.0,230,40.38891100883484,9
101.0,113.0,68.0,231,40.58723592758179,9
98.0,123.0,68.0,231,40.58749794960022,9
110.0,101.0,68.0,246,42.902512073516846,9
107.0,106.0,66.0,247,43.038673877716064,9
120.0,65.0,101.0,317,53.24977207183838,9
114.0,68.0,102.0,321,53.83087706565857,9
76.0,105.0,88.0,330,55.62939500808716,10
93.0,70.0,116.0,330,55.62954592704773,10
103.0,115.0,67.0,362,60.413450956344604,10
108.0,118.0,64.0,362,60.413520097732544,10
103.0,120.0,66.0,363,60.59688997268677,10
102.0,118.0,67.0,363,60.596904039382935,10
108.0,66.0,112.0,398,65.29759097099304,10
109.0,67.0,106.0,450,71.89121508598328,10
107.0,68.0,104.0,450,71.89125800132751,10
115.0,65.0,109.0,453,72.24577307701111,10
120.0,64.0,104.0,453,72.24583101272583,10
109.0,103.0,67.0,467,74.1832070350647,11
106.0,112.0,67.0,499,78.6295690536499,11
104.0,120.0,65.0,504,79.38148403167725,11
112.0,101.0,64.0,514,80.66850805282593,11
118.0,84.0,77.0,526,82.10584807395935,11
121.0,83.0,78.0,527,82.23832893371582,11
116.0,67.0,105.0,580,88.20455288887024,11
60.0,124.0,100.0,615,92.2225821018219,12
62.0,122.0,96.0,615,92.22259593009949,12
93.0,69.0,118.0,628,94.44742608070374,12
94.0,68.0,119.0,628,94.44743990898132,12
106.0,115.0,66.0,655,97.58017492294312,12
113.0,70.0,100.0,730,105.44770288467407,12
108.0,69.0,102.0,733,105.69627094268799,12
87.0,69.0,122.0,759,108.27099704742432,13
90.0,68.0,126.0,778,111.27901005744934,13
89.0,68.0,128.0,778,111.27914690971375,13
109.0,113.0,65.0,811,115.13620901107788,13
114.0,91.0,73.0,818,115.99008798599243,13
110.0,104.0,66.0,834,117.46095108985901,13
100.0,68.0,113.0,865,119.90923810005188,13
126.0,65.0,97.0,889,121.88713002204895,13
112.0,66.0,109.0,895,122.36916899681091,13
61.0,120.0,100.0,916,124.3869149684906,14
63.0,118.0,96.0,916,124.38733005523682,14
63.0,120.0,95.0,916,124.38738703727722,14
73.0,114.0,87.0,930,126.2984549999237,14
74.0,112.0,86.0,930,126.29866909980774,14
117.0,86.0,76.0,981,131.41739106178284,14
98.0,68.0,114.0,1022,134.41176199913025,14
62.0,118.0,99.0,1080,138.95167899131775,15
106.0,69.0,106.0,1220,150.41056895256042,15
76.0,112.0,84.0,1266,155.65785193443298,16
72.0,116.0,87.0,1267,155.7929379940033,16
93.0,68.0,121.0,1271,156.07753205299377,16
115.0,66.0,106.0,1370,162.56310200691223,16
61.0,122.0,99.0,1391,164.42382192611694,17
76.0,110.0,85.0,1410,166.602618932724,17
92.0,70.0,118.0,1417,167.3278350830078,17
76.0,109.0,87.0,1542,174.72585892677307,18
75.0,113.0,85.0,1682,183.07305788993835,19
63.0,116.0,99.0,1769,186.98084998130798,20
120.0,83.0,79.0,1896,193.81599307060242,21
87.0,70.0,121.0,2105,203.9199469089508,25
86.0,70.0,122.0,2236,210.81545305252075,30
