z1,z2,z3,node,time,depth
-42.0,-33.0,-71.0,1,0.018464088439941406,1
-35.0,-60.0,-62.0,1,0.018468141555786133,1
-31.0,-64.0,-58.0,1,0.018473148345947266,1
-45.0,-37.0,-70.0,1,0.018479108810424805,1
-31.0,-55.0,-67.0,1,0.01848292350769043,1
-56.0,-62.0,-40.0,1,0.018487930297851562,1
-32.0,-67.0,-53.0,1,0.01849198341369629,1
-41.0,-69.0,-41.0,1,0.018496990203857422,1
-58.0,-60.0,-43.0,1,0.01850104331970215,1
-63.0,-56.0,-39.0,1,0.01850605010986328,1
-39.0,-58.0,-63.0,1,0.018510103225708008,1
-41.0,-39.0,-71.0,1,0.01851511001586914,1
-31.0,-46.0,-71.0,1,0.018518924713134766,1
-37.0,-49.0,-70.0,1,0.0185239315032959,1
-51.0,-47.0,-66.0,1,0.018527984619140625,1
-44.0,-43.0,-70.0,1,0.018532991409301758,1
-45.0,-48.0,-68.0,1,0.018537044525146484,1
-42.0,-50.0,-68.0,1,0.018542051315307617,1
-50.0,-53.0,-62.0,1,0.018546104431152344,1
-65.0,-53.0,-38.0,1,0.018551111221313477,1
-47.0,-67.0,-38.0,1,0.0185549259185791,1
-44.0,-68.0,-40.0,1,0.018558979034423828,1
-57.0,-59.0,-47.0,1,0.01856398582458496,1
-44.0,-55.0,-64.0,1,0.018568038940429688,1
-41.0,-58.0,-62.0,1,0.01857304573059082,1
-52.0,-41.0,-66.0,1,0.018577098846435547,1
-59.0,-40.0,-61.0,1,0.01858210563659668,1
-70.0,-40.0,-40.0,1,0.018585920333862305,1
-69.0,-41.0,-44.0,1,0.018590927124023438,1
-66.0,-51.0,-41.0,1,0.018594980239868164,1
-60.0,-53.0,-51.0,1,0.018599987030029297,1
-65.0,-50.0,-45.0,1,0.018604040145874023,1
-39.0,-67.0,-49.0,1,0.018609046936035156,1
-47.0,-65.0,-46.0,1,0.018613100051879883,1
-46.0,-66.0,-45.0,1,0.018618106842041016,1
-41.0,-60.0,-59.0,1,0.01862192153930664,1
-54.0,-62.0,-45.0,1,0.018626928329467773,1
-52.0,-58.0,-53.0,1,0.0186309814453125,1
-68.0,-40.0,-48.0,1,0.018635034561157227,1
-69.0,-44.0,-43.0,1,0.01864004135131836,1
-68.0,-45.0,-45.0,1,0.018644094467163086,1
-62.0,-37.0,-59.0,1,0.01864910125732422,1
-64.0,-45.0,-52.0,1,0.018652915954589844,1
-63.0,-48.0,-51.0,1,0.018657922744750977,1
-58.0,-46.0,-61.0,1,0.018661975860595703,1
-63.0,-43.0,-55.0,1,0.018666982650756836,1
-66.0,-42.0,-51.0,1,0.018671035766601562,1
-39.0,-64.0,-53.0,2,0.03859996795654297,2
-65.0,-47.0,-46.0,2,0.03866004943847656,2
-59.0,-49.0,-56.0,2,0.03866910934448242,2
-56.0,-55.0,-52.0,2,0.038674116134643555,2
-46.0,-61.0,-52.0,2,0.03871893882751465,2
-57.0,-56.0,-48.0,2,0.038722991943359375,2
-53.0,-58.0,-50.0,2,0.03872799873352051,2
-54.0,-54.0,-56.0,3,0.0575101375579834,2
-41.0,-63.0,-54.0,3,0.057528018951416016,2
-36.0,-64.0,-55.0,3,0.05753207206726074,2
-52.0,-47.0,-63.0,3,0.0575411319732666,2
-55.0,-52.0,-57.0,3,0.05756402015686035,2
-45.0,-61.0,-54.0,3,0.05759096145629883,2
-48.0,-56.0,-58.0,3,0.05759596824645996,2
-59.0,-46.0,-58.0,3,0.05760908126831055,2
-65.0,-39.0,-52.0,4,0.08165311813354492,3
-30.0,-65.0,-56.0,4,0.08167600631713867,3
-34.0,-61.0,-61.0,4,0.0816800594329834,3
-40.0,-65.0,-50.0,4,0.08168506622314453,3
-56.0,-51.0,-56.0,4,0.08169412612915039,3
-57.0,-52.0,-53.0,4,0.08169794082641602,3
-60.0,-44.0,-58.0,4,0.08173894882202148,3
-48.0,-43.0,-67.0,4,0.08174800872802734,3
-39.0,-60.0,-60.0,4,0.0817570686340332,3
-53.0,-54.0,-57.0,4,0.08176207542419434,3
-48.0,-53.0,-63.0,4,0.0817711353302002,3
-41.0,-44.0,-70.0,4,0.08183813095092773,3
-47.0,-48.0,-67.0,4,0.08185100555419922,3
-48.0,-49.0,-66.0,4,0.08185601234436035,3
-55.0,-48.0,-61.0,4,0.08186006546020508,3
-62.0,-41.0,-57.0,4,0.0818779468536377,3
-55.0,-43.0,-62.0,4,0.08188295364379883,3
-36.0,-63.0,-57.0,5,0.10051798820495605,3
-35.0,-66.0,-52.0,5,0.10052299499511719,3
-33.0,-64.0,-57.0,5,0.10052704811096191,3
-37.0,-60.0,-61.0,5,0.10053610801696777,3
-39.0,-49.0,-69.0,5,0.1005411148071289,3
-33.0,-53.0,-68.0,5,0.10054993629455566,3
-60.0,-57.0,-42.0,6,0.11810612678527832,3
-57.0,-61.0,-36.0,6,0.11811113357543945,3
-52.0,-64.0,-39.0,6,0.11812400817871094,3
-64.0,-47.0,-50.0,6,0.11817407608032227,3
-55.0,-53.0,-54.0,6,0.11818313598632812,3
-50.0,-62.0,-48.0,6,0.11819100379943848,3
-61.0,-55.0,-45.0,6,0.11822295188903809,3
-53.0,-61.0,-46.0,6,0.11823201179504395,3
-50.0,-64.0,-44.0,6,0.11823606491088867,3
-48.0,-58.0,-55.0,6,0.11824893951416016,3
-45.0,-57.0,-58.0,6,0.11825799942016602,3
-47.0,-63.0,-48.0,7,0.1319749355316162,3
-67.0,-47.0,-44.0,7,0.13203811645507812,3
-62.0,-52.0,-48.0,7,0.13204193115234375,3
-45.0,-59.0,-56.0,7,0.13206911087036133,3
-48.0,-60.0,-53.0,7,0.13207292556762695,3
-47.0,-34.0,-68.0,8,0.15259099006652832,4
-64.0,-39.0,-53.0,9,0.16917800903320312,4
-32.0,-56.0,-65.0,10,0.18743014335632324,4
-50.0,-38.0,-67.0,10,0.18745708465576172,4
-47.0,-58.0,-56.0,10,0.18751096725463867,4
-54.0,-47.0,-62.0,10,0.18757414817810059,4
-41.0,-52.0,-66.0,10,0.18761610984802246,4
-61.0,-43.0,-56.0,10,0.18762493133544922,4
-51.0,-54.0,-58.0,11,0.20061492919921875,4
-36.0,-61.0,-60.0,11,0.20064210891723633,4
-38.0,-64.0,-54.0,12,0.2170701026916504,4
-48.0,-66.0,-40.0,12,0.217087984085083,4
-51.0,-63.0,-44.0,12,0.21715211868286133,4
-64.0,-52.0,-42.0,12,0.21715998649597168,4
-63.0,-50.0,-46.0,12,0.21716904640197754,4
-58.0,-48.0,-57.0,14,0.2395799160003662,4
-33.0,-51.0,-69.0,18,0.3021070957183838,5
-43.0,-50.0,-66.0,18,0.3021121025085449,5
-32.0,-45.0,-71.0,18,0.30216193199157715,5
-44.0,-51.0,-65.0,18,0.302170991897583,5
-48.0,-50.0,-64.0,18,0.30217504501342773,5
-45.0,-58.0,-57.0,18,0.3022019863128662,5
-62.0,-42.0,-56.0,18,0.30225205421447754,5
-37.0,-53.0,-67.0,19,0.31453514099121094,5
-46.0,-51.0,-64.0,20,0.3353290557861328,5
-49.0,-60.0,-49.0,20,0.33547496795654297,5
-43.0,-60.0,-56.0,21,0.34829092025756836,5
-61.0,-48.0,-53.0,21,0.3483140468597412,5
-66.0,-43.0,-49.0,21,0.34832310676574707,5
-33.0,-55.0,-66.0,22,0.3614051342010498,5
-36.0,-52.0,-68.0,22,0.36140894889831543,5
-51.0,-52.0,-60.0,22,0.3614499568939209,5
-50.0,-50.0,-63.0,22,0.36148500442504883,5
-44.0,-57.0,-61.0,22,0.36149001121520996,5
-52.0,-50.0,-61.0,22,0.3614940643310547,5
-40.0,-57.0,-63.0,22,0.36150312423706055,5
-51.0,-48.0,-64.0,22,0.3615081310272217,5
-60.0,-40.0,-60.0,23,0.36953306198120117,5
-42.0,-64.0,-51.0,24,0.3855249881744385,5
-48.0,-62.0,-49.0,24,0.38557004928588867,5
-65.0,-44.0,-50.0,24,0.385591983795166,5
-67.0,-39.0,-49.0,24,0.38559699058532715,5
-51.0,-61.0,-47.0,24,0.38562798500061035,5
-40.0,-66.0,-49.0,25,0.396381139755249,5
-53.0,-57.0,-51.0,27,0.4161720275878906,5
-58.0,-54.0,-51.0,29,0.43438291549682617,5
-58.0,-52.0,-52.0,30,0.44087696075439453,5
-57.0,-51.0,-54.0,31,0.44629693031311035,5
-42.0,-59.0,-57.0,34,0.5085029602050781,6
-53.0,-50.0,-59.0,34,0.5085439682006836,6
-58.0,-50.0,-53.0,34,0.5085759162902832,6
-52.0,-48.0,-62.0,38,0.5666999816894531,6
-42.0,-61.0,-55.0,40,0.5933339595794678,6
-40.0,-61.0,-57.0,40,0.5933480262756348,6
-49.0,-59.0,-51.0,40,0.5933971405029297,6
-32.0,-65.0,-55.0,41,0.6054470539093018,6
-49.0,-58.0,-54.0,43,0.6263360977172852,6
-46.0,-55.0,-62.0,46,0.658682107925415,6
-42.0,-47.0,-69.0,46,0.6586949825286865,6
-46.0,-56.0,-60.0,46,0.6587090492248535,6
-39.0,-53.0,-66.0,47,0.6642141342163086,6
-52.0,-55.0,-54.0,48,0.6804311275482178,6
-49.0,-65.0,-41.0,48,0.6804831027984619,6
-51.0,-55.0,-55.0,49,0.6910109519958496,6
-47.0,-61.0,-51.0,50,0.7003250122070312,6
-44.0,-62.0,-52.0,53,0.7282700538635254,6
-59.0,-58.0,-41.0,56,0.7509839534759521,6
-62.0,-55.0,-43.0,56,0.7509889602661133,6
-58.0,-57.0,-45.0,56,0.750993013381958,6
-59.0,-55.0,-47.0,56,0.7509980201721191,6
-61.0,-54.0,-47.0,57,0.7581000328063965,6
-50.0,-56.0,-56.0,58,0.7652261257171631,6
-56.0,-54.0,-53.0,58,0.7652490139007568,6
-62.0,-47.0,-52.0,61,0.7809040546417236,6
-46.0,-57.0,-57.0,62,0.7853350639343262,6
-60.0,-45.0,-55.0,75,0.9603869915008545,7
-52.0,-43.0,-64.0,76,0.9708280563354492,7
-35.0,-50.0,-69.0,78,0.9881360530853271,7
-46.0,-50.0,-65.0,78,0.9881601333618164,7
-39.0,-62.0,-55.0,80,1.010693073272705,7
-61.0,-44.0,-55.0,85,1.0671179294586182,7
-60.0,-50.0,-52.0,85,1.0671639442443848,7
-52.0,-52.0,-58.0,86,1.0758159160614014,7
-37.0,-51.0,-68.0,88,1.0950219631195068,7
-41.0,-56.0,-63.0,88,1.0950260162353516,7
-56.0,-37.0,-63.0,90,1.1145410537719727,7
-53.0,-49.0,-60.0,90,1.1145849227905273,7
-55.0,-40.0,-63.0,90,1.1146271228790283,7
-38.0,-54.0,-65.0,92,1.129159927368164,7
-51.0,-49.0,-63.0,93,1.1348271369934082,7
-43.0,-52.0,-65.0,94,1.1433050632476807,7
-42.0,-66.0,-47.0,98,1.187041997909546,7
-52.0,-60.0,-48.0,104,1.2372360229492188,7
-49.0,-63.0,-47.0,104,1.2372410297393799,7
-44.0,-64.0,-49.0,104,1.2372450828552246,7
-45.0,-63.0,-50.0,104,1.2372541427612305,7
-59.0,-56.0,-44.0,108,1.2672219276428223,7
-63.0,-49.0,-49.0,108,1.2672579288482666,7
-53.0,-55.0,-53.0,118,1.3272390365600586,7
-33.0,-62.0,-58.0,138,1.5237340927124023,8
-32.0,-54.0,-67.0,142,1.560500144958496,8
-36.0,-59.0,-62.0,142,1.5605039596557617,8
-55.0,-50.0,-58.0,167,1.783087968826294,8
-34.0,-54.0,-66.0,173,1.8305470943450928,8
-38.0,-59.0,-61.0,173,1.8306150436401367,8
-41.0,-53.0,-65.0,174,1.8416049480438232,8
-42.0,-51.0,-66.0,175,1.849025011062622,8
-56.0,-47.0,-61.0,180,1.8815960884094238,8
-54.0,-46.0,-63.0,181,1.8876359462738037,8
-49.0,-48.0,-66.0,184,1.9005839824676514,8
-48.0,-55.0,-59.0,186,1.9069669246673584,8
-47.0,-59.0,-54.0,200,2.0319480895996094,8
-64.0,-48.0,-47.0,220,2.160623073577881,8
-57.0,-55.0,-49.0,221,2.1675000190734863,8
-52.0,-59.0,-49.0,223,2.179471015930176,8
-56.0,-56.0,-49.0,228,2.2033069133758545,8
-50.0,-57.0,-54.0,228,2.203339099884033,8
-67.0,-42.0,-46.0,245,2.2854831218719482,9
-36.0,-56.0,-64.0,262,2.45763897895813,9
-37.0,-62.0,-56.0,286,2.6501500606536865,9
-47.0,-54.0,-61.0,308,2.797477960586548,9
-56.0,-40.0,-62.0,324,2.8801209926605225,9
-44.0,-65.0,-47.0,356,3.07214093208313,9
-37.0,-65.0,-51.0,417,3.4164669513702393,10
-53.0,-34.0,-64.0,429,3.4992480278015137,10
-57.0,-50.0,-56.0,470,3.7494781017303467,10
-66.0,-45.0,-46.0,524,3.991344928741455,10
-43.0,-49.0,-67.0,598,4.323369979858398,11
-49.0,-49.0,-64.0,676,4.695881128311157,11
-42.0,-65.0,-48.0,718,4.879063129425049,11
-43.0,-58.0,-58.0,788,5.146266937255859,12
-42.0,-58.0,-60.0,942,5.720050096511841,13
-36.0,-65.0,-52.0,990,5.914928913116455,14
-38.0,-68.0,-43.0,1046,6.149322032928467,15
