z1,z2,z3,node,time,depth
-62.0,-58.0,-71.0,1,0.004462003707885742,1
-69.0,-47.0,-73.0,1,0.00453495979309082,1
-66.0,-50.0,-79.0,2,0.009491920471191406,2
-56.0,-61.0,-70.0,3,0.014399051666259766,2
-57.0,-61.0,-68.0,3,0.014456033706665039,2
-61.0,-58.0,-73.0,7,0.030682086944580078,3
-49.0,-63.0,-60.0,10,0.04337501525878906,4
-62.0,-57.0,-78.0,13,0.052973031997680664,4
-66.0,-52.0,-73.0,17,0.06312298774719238,5
-67.0,-46.0,-77.0,25,0.08501291275024414,5
-60.0,-57.0,-79.0,28,0.09256601333618164,5
-57.0,-60.0,-71.0,47,0.13419795036315918,6
-53.0,-61.0,-75.0,47,0.13420891761779785,6
-59.0,-59.0,-71.0,55,0.1516740322113037,6
-63.0,-53.0,-86.0,56,0.1536390781402588,6
-65.0,-52.0,-75.0,141,0.2892880439758301,8
-58.0,-52.0,-89.0,700,0.7524220943450928,10
-53.0,-62.0,-56.0,773,0.7909021377563477,11
-68.0,-42.0,-75.0,855,0.840785026550293,11
-67.0,-48.0,-67.0,857,0.84157395362854,11
-64.0,-51.0,-80.0,912,0.8697710037231445,11
-65.0,-53.0,-67.0,1022,0.9351530075073242,12
-65.0,-50.0,-80.0,1090,0.9686601161956787,12
-67.0,-47.0,-75.0,1094,0.9701759815216064,12
-62.0,-54.0,-80.0,1141,0.9927220344543457,12
-61.0,-56.0,-86.0,1206,1.02351713180542,13
-57.0,-59.0,-73.0,1352,1.0933029651641846,14
-63.0,-54.0,-78.0,1386,1.1094441413879395,14
-58.0,-58.0,-79.0,1436,1.1287310123443604,15
-54.0,-59.0,-76.0,1438,1.129521131515503,15
-64.0,-50.0,-82.0,1466,1.140721082687378,15
-53.0,-59.0,-78.0,1484,1.146644115447998,16
-48.0,-63.0,-68.0,1486,1.1474690437316895,16
-52.0,-62.0,-64.0,1500,1.1532700061798096,17
-54.0,-57.0,-82.0,1502,1.154083013534546,17
