z1,z2,z3,node,time,depth
-26861.0,-25318.0,-22984.0,164,0.5038919448852539,8
-27129.0,-25073.0,-23069.0,172,0.5252399444580078,8
-26827.0,-25055.0,-23702.0,178,0.5399789810180664,8
-26534.0,-25575.0,-23531.0,376,0.9843828678131104,9
-26501.0,-25552.0,-23735.0,760,1.7398698329925537,10
-26921.0,-24432.0,-24508.0,907,2.013713836669922,10
-26971.0,-24271.0,-24427.0,917,2.0307509899139404,10
-26946.0,-24546.0,-24341.0,953,2.080993890762329,10
-27239.0,-24026.0,-24512.0,985,2.1235439777374268,10
-27541.0,-24044.0,-23879.0,1001,2.142266035079956,10
-26075.0,-25176.0,-24716.0,1043,2.205904006958008,11
-26153.0,-24709.0,-25257.0,1079,2.275053024291992,11
-26485.0,-24339.0,-25128.0,1083,2.2822248935699463,11
-26446.0,-24189.0,-25428.0,1085,2.2853548526763916,11
-27141.0,-24470.0,-24235.0,1351,2.746208906173706,11
-27407.0,-23952.0,-24220.0,1357,2.7547688484191895,11
-27493.0,-24327.0,-23521.0,1401,2.8266139030456543,11
-26546.0,-24972.0,-24697.0,1415,2.8443989753723145,11
-26812.0,-24454.0,-24682.0,1421,2.853153944015503,11
-27166.0,-24584.0,-24068.0,1485,2.9387190341949463,11
-25861.0,-25635.0,-24165.0,1491,2.9469339847564697,11
-26691.0,-24841.0,-24429.0,1817,3.4247639179229736,11
-27222.0,-23613.0,-24617.0,1919,3.584322929382324,11
-27566.0,-23769.0,-23965.0,1939,3.608458995819092,11
-25742.0,-25299.0,-24872.0,2061,3.761605978012085,12
-25859.0,-25146.0,-25122.0,2061,3.761615037918091,12
-26878.0,-24900.0,-23879.0,2081,3.787644863128662,12
-26283.0,-25402.0,-24341.0,2085,3.792358875274658,12
-26631.0,-24294.0,-25059.0,2119,3.8516409397125244,12
-26036.0,-24796.0,-25521.0,2135,3.8814339637756348,12
-26401.0,-24703.0,-24980.0,2143,3.8937578201293945,12
-26329.0,-24276.0,-25692.0,2147,3.8997998237609863,12
-26261.0,-24902.0,-24826.0,2237,4.0528788566589355,12
-26848.0,-24990.0,-24064.0,2549,4.612813949584961,12
-27163.0,-23775.0,-24977.0,2552,4.620905876159668,12
-26634.0,-24661.0,-24832.0,2563,4.640270948410034,12
-26927.0,-24141.0,-25003.0,2663,4.787993907928467,12
-27188.0,-23949.0,-24522.0,2667,4.7926928997039795,12
-27588.0,-23740.0,-23742.0,2695,4.832270860671997,12
-27563.0,-24015.0,-23656.0,2725,4.8688719272613525,12
-26248.0,-24819.0,-25011.0,2781,4.953840970993042,12
-26215.0,-24796.0,-25215.0,2781,4.953843832015991,12
-26332.0,-24643.0,-25465.0,2781,4.953845977783203,12
-26593.0,-24451.0,-24984.0,2785,4.9592390060424805,12
-27261.0,-23997.0,-24289.0,2813,5.001940965652466,12
-26554.0,-24673.0,-24635.0,2901,5.1162919998168945,12
-26851.0,-24604.0,-24382.0,2911,5.1304638385772705,12
-25537.0,-25540.0,-24602.0,2985,5.23743200302124,12
-26297.0,-24850.0,-24852.0,3005,5.258175849914551,12
-26707.0,-24103.0,-25276.0,3491,5.9735448360443115,12
-27636.0,-23457.0,-24100.0,3705,6.229910850524902,12
-26576.0,-24882.0,-24512.0,3969,6.6483659744262695,13
-25888.0,-25745.0,-23758.0,3999,6.683207035064697,13
-25855.0,-25722.0,-23962.0,3999,6.68320894241333,13
-25972.0,-25569.0,-24212.0,3999,6.683210849761963,13
-26615.0,-25032.0,-24212.0,4007,6.693681001663208,13
-25750.0,-24642.0,-25847.0,4085,6.814273834228516,13
-26047.0,-24573.0,-25594.0,4261,7.085361957550049,13
-25098.0,-25958.0,-24142.0,4559,7.5126378536224365,13
-26347.0,-25277.0,-24127.0,4585,7.551964998245239,13
-27058.0,-23256.0,-25438.0,4989,8.129830837249756,13
-27238.0,-24622.0,-23609.0,5033,8.186426877975464,13
-27471.0,-23827.0,-24006.0,5035,8.18979001045227,13
-27096.0,-25050.0,-23273.0,5081,8.245128870010376,13
-27213.0,-24897.0,-23523.0,5081,8.245131015777588,13
-27446.0,-24102.0,-23920.0,5083,8.248015880584717,13
-26463.0,-23758.0,-25900.0,5177,8.360327005386353,13
-26794.0,-25032.0,-23906.0,5221,8.417423963546753,13
-26911.0,-24879.0,-24156.0,5221,8.417426824569702,13
-27144.0,-24084.0,-24553.0,5223,8.420176982879639,13
-26643.0,-25124.0,-24071.0,5271,8.47887897491455,13
-26968.0,-24517.0,-24118.0,5501,8.859608888626099,13
-26029.0,-25095.0,-24767.0,5517,8.877290964126587,13
-26109.0,-24238.0,-25965.0,5915,9.446558952331543,13
-26876.0,-25012.0,-23546.0,6473,10.17596697807312,13
-26993.0,-24859.0,-23796.0,6473,10.17596983909607,13
-27169.0,-24492.0,-23717.0,6625,10.360167026519775,13
-27286.0,-24339.0,-23967.0,6625,10.360169887542725,13
-27519.0,-23544.0,-24364.0,6627,10.36357593536377,13
-26999.0,-24134.0,-24546.0,6745,10.508639812469482,13
-26114.0,-24851.0,-25034.0,6923,10.829869985580444,14
-25952.0,-25574.0,-23913.0,7085,11.034791946411133,14
-25842.0,-24876.0,-25128.0,7207,11.19573187828064,14
-25686.0,-24813.0,-25692.0,7227,11.226016998291016,14
-25834.0,-24278.0,-25995.0,7233,11.234649896621704,14
-27047.0,-24256.0,-24413.0,7340,11.380064964294434,14
-26061.0,-24521.0,-25607.0,7993,12.290000915527344,14
-27332.0,-24326.0,-24284.0,8358,12.791642904281616,14
-26842.0,-23226.0,-25844.0,8623,13.275938034057617,14
-26972.0,-23919.0,-24928.0,8627,13.280033826828003,14
-27260.0,-24376.0,-23810.0,8777,13.496125936508179,14
-27344.0,-24012.0,-23958.0,8779,13.49930191040039,14
-27610.0,-23494.0,-23943.0,8783,13.505513906478882,14
-27253.0,-24435.0,-23555.0,8885,13.658241987228394,14
-26247.0,-23728.0,-26306.0,8909,13.687867879867554,14
-26377.0,-24421.0,-25390.0,8913,13.692337989807129,14
-26710.0,-24364.0,-24720.0,8941,13.729243993759155,14
-26958.0,-24358.0,-24443.0,8991,13.79154896736145,14
-27042.0,-23994.0,-24591.0,8993,13.794696807861328,14
-26622.0,-23188.0,-26117.0,10585,16.038048028945923,14
-27333.0,-23818.0,-24254.0,11065,16.709856033325195,14
-27683.0,-22936.0,-24387.0,11071,16.71855401992798,14
-25892.0,-25193.0,-24781.0,11394,17.32380485534668,15
-25463.0,-24883.0,-25654.0,11459,17.385129928588867,15
-25964.0,-24971.0,-25079.0,11635,17.5800199508667,15
-26939.0,-24233.0,-24499.0,11882,17.886284828186035,15
-26344.0,-24735.0,-24961.0,11946,17.9703049659729,15
-25881.0,-23757.0,-26282.0,11993,18.042730808258057,15
-25945.0,-24483.0,-25632.0,12001,18.051684856414795,15
-26216.0,-25482.0,-23864.0,12327,18.479094982147217,15
-26498.0,-25007.0,-24235.0,13573,20.2500319480896,15
-27146.0,-24318.0,-24384.0,13596,20.279232025146484,15
-27379.0,-23805.0,-24571.0,13599,20.28219485282898,15
-26828.0,-25295.0,-23188.0,13765,20.522636890411377,15
-27089.0,-23832.0,-24664.0,14025,20.914217948913574,15
-26494.0,-24334.0,-25126.0,14423,21.588892936706543,15
-26742.0,-24328.0,-24849.0,14497,21.686322927474976,15
-27092.0,-23446.0,-24982.0,14507,21.69842791557312,15
-26535.0,-24185.0,-25188.0,14781,22.08058500289917,15
-26652.0,-23098.0,-25932.0,15391,22.93455982208252,15
-26497.0,-23422.0,-25995.0,16779,24.974678993225098,15
-26522.0,-24290.0,-25122.0,16801,25.0051589012146,15
-27117.0,-23788.0,-24660.0,17417,26.021082878112793,15
-27467.0,-22906.0,-24793.0,17427,26.035621881484985,15
-25446.0,-25426.0,-25061.0,17822,26.648778915405273,16
-25949.0,-25161.0,-24800.0,17826,26.652442932128906,16
-25889.0,-25168.0,-24816.0,17834,26.658583879470825,16
-25527.0,-24873.0,-25505.0,17922,26.75109601020813,16
-24786.0,-24988.0,-25677.0,18011,26.85128903388977,16
-25244.0,-24908.0,-25535.0,18162,27.035544872283936,16
-25180.0,-25079.0,-25380.0,18164,27.037204027175903,16
-25515.0,-25587.0,-24711.0,18191,27.10740900039673,16
-25632.0,-25434.0,-24961.0,18191,27.10741090774536,16
-25900.0,-25142.0,-24924.0,18193,27.111027002334595,16
-25934.0,-25452.0,-24328.0,18329,27.408936977386475,16
-24955.0,-25539.0,-24984.0,18377,27.46955895423889,16
-25552.0,-24245.0,-26129.0,18676,27.87688398361206,16
-25776.0,-23932.0,-26325.0,18681,27.883299827575684,16
-25601.0,-23898.0,-26533.0,18685,27.89028286933899,16
-25665.0,-23727.0,-26688.0,18691,27.897403955459595,16
-25729.0,-24453.0,-26038.0,18699,27.908142805099487,16
-25370.0,-24952.0,-25518.0,18733,27.961723804473877,16
-26333.0,-25329.0,-24114.0,19145,28.53424096107483,16
-25962.0,-23658.0,-26435.0,19233,28.647238969802856,16
-26660.0,-25072.0,-23567.0,19689,29.288599967956543,16
-25215.0,-25805.0,-24392.0,20111,30.00156593322754,16
-25246.0,-25611.0,-24751.0,20129,30.020396947860718,16
-25116.0,-24918.0,-25667.0,20187,30.090219020843506,16
-26679.0,-24439.0,-24757.0,20755,30.870769023895264,16
-26936.0,-24063.0,-24816.0,20869,31.0165958404541,16
-26549.0,-23746.0,-25673.0,20929,31.11392092704773,16
-26945.0,-25142.0,-23438.0,21087,31.378875970840454,16
-26857.0,-23563.0,-25291.0,21370,31.912967920303345,16
-26262.0,-24065.0,-25753.0,21872,32.655117988586426,16
-26392.0,-24758.0,-24837.0,21884,32.66891694068909,16
-26831.0,-23690.0,-25324.0,22026,32.878198862075806,16
-26665.0,-24878.0,-24272.0,22391,33.448184967041016,16
-26354.0,-24989.0,-24642.0,22781,34.15367603302002,16
-26040.0,-23187.0,-26499.0,22963,34.37927794456482,16
-25708.0,-23349.0,-26820.0,23937,35.90033483505249,16
-25230.0,-25499.0,-24954.0,24305,36.40461301803589,16
-26389.0,-23230.0,-26265.0,24583,36.8054678440094,16
-26392.0,-23597.0,-26038.0,25047,37.65027403831482,16
-25329.0,-25579.0,-24811.0,26298,39.7610650062561,17
-25504.0,-24879.0,-25456.0,26369,39.83265686035156,17
-25157.0,-24793.0,-25790.0,26480,39.963403940200806,17
-24592.0,-25299.0,-25312.0,26541,40.04145789146423,17
-24559.0,-25276.0,-25516.0,26541,40.04146099090576,17
-25696.0,-25424.0,-24812.0,26766,40.31783103942871,17
-25760.0,-25253.0,-24967.0,26770,40.323256969451904,17
-25998.0,-25442.0,-24179.0,26922,40.529844999313354,17
-25326.0,-25344.0,-25097.0,26970,40.60871386528015,17
-26354.0,-25346.0,-24081.0,27010,40.66241383552551,17
-25500.0,-25645.0,-24602.0,27021,40.67832899093628,17
-27125.0,-24241.0,-24399.0,27158,40.871163845062256,17
-26577.0,-24222.0,-25148.0,27254,41.02177381515503,17
-26530.0,-24743.0,-24861.0,27258,41.028825998306274,17
-25549.0,-24220.0,-26164.0,27297,41.0991108417511,17
-26068.0,-24590.0,-25561.0,27298,41.100528955459595,17
-25779.0,-23957.0,-26290.0,27300,41.10428285598755,17
-25216.0,-24343.0,-26320.0,27301,41.10634183883667,17
-25333.0,-24190.0,-26570.0,27301,41.1063449382782,17
-25374.0,-24186.0,-26372.0,27307,41.11619281768799,17
-25438.0,-24015.0,-26527.0,27315,41.12719988822937,17
-25385.0,-24894.0,-25627.0,27327,41.14205002784729,17
-25502.0,-24741.0,-25877.0,27327,41.14205193519592,17
-26637.0,-24215.0,-25132.0,27378,41.2209370136261,17
-26559.0,-24230.0,-25146.0,27914,42.17586803436279,17
-26131.0,-24209.0,-25742.0,27959,42.23652482032776,17
-26681.0,-25089.0,-23534.0,28406,42.88266587257385,17
-24862.0,-25182.0,-25270.0,29065,43.8633029460907,17
-25052.0,-25089.0,-25512.0,29139,44.091490030288696,17
-24914.0,-25886.0,-24327.0,29165,44.12463903427124,17
-24998.0,-25710.0,-24781.0,29233,44.20513892173767,17
-27156.0,-24929.0,-23504.0,29978,45.31901502609253,17
-27026.0,-24236.0,-24420.0,29992,45.34029197692871,17
-27000.0,-24053.0,-24667.0,29996,45.34748601913452,17
-27064.0,-23882.0,-24822.0,30016,45.38297986984253,17
-26870.0,-24173.0,-24984.0,30028,45.40573000907898,17
-27371.0,-24424.0,-23689.0,30074,45.48525094985962,17
-27288.0,-23210.0,-24892.0,30112,45.551920890808105,17
-27361.0,-23813.0,-24569.0,30114,45.55595302581787,17
-27181.0,-24654.0,-23590.0,30230,45.78244686126709,17
-27171.0,-24043.0,-24470.0,30300,45.88993287086487,17
-26615.0,-23514.0,-25683.0,30581,46.48465085029602,17
-27150.0,-23165.0,-25284.0,30592,46.50069880485535,17
-27280.0,-23858.0,-24368.0,30608,46.53321599960327,17
-27439.0,-23798.0,-24555.0,30612,46.539283990859985,17
-27366.0,-23195.0,-24878.0,30634,46.573593854904175,17
-27496.0,-23888.0,-23962.0,30642,46.588172912597656,17
-27449.0,-24409.0,-23675.0,30652,46.60553693771362,17
-27011.0,-23777.0,-25151.0,30661,46.622068881988525,17
-27478.0,-23896.0,-23960.0,30694,46.6815710067749,17
-27348.0,-23203.0,-24876.0,30702,46.69755291938782,17
-27277.0,-23259.0,-25136.0,30715,46.71993684768677,17
-27341.0,-23134.0,-24922.0,30783,46.83899402618408,17
-27263.0,-24401.0,-23775.0,30922,47.09416484832764,17
-27083.0,-24204.0,-24439.0,30925,47.0998809337616,17
-27316.0,-23409.0,-24836.0,30937,47.11731791496277,17
-27019.0,-23478.0,-25089.0,30983,47.188915967941284,17
-27072.0,-24647.0,-24033.0,31071,47.340977907180786,17
-26982.0,-24766.0,-23943.0,31071,47.34097981452942,17
-25816.0,-24298.0,-26033.0,31192,47.550482988357544,17
-26020.0,-24016.0,-26145.0,31193,47.55257487297058,17
-25880.0,-24288.0,-25884.0,31194,47.554114818573,17
-25944.0,-24117.0,-26039.0,31198,47.55984902381897,17
-26555.0,-23667.0,-25746.0,31204,47.56882095336914,17
-25946.0,-24991.0,-25117.0,31208,47.57448983192444,17
-26010.0,-24981.0,-24968.0,31210,47.57660984992981,17
-26685.0,-24360.0,-24830.0,31220,47.59205603599548,17
-26844.0,-24300.0,-25017.0,31224,47.597848892211914,17
-26854.0,-24911.0,-24137.0,31264,47.66526484489441,17
-26416.0,-24279.0,-25613.0,31273,47.68068599700928,17
-26682.0,-23761.0,-25598.0,31325,47.75687789916992,17
-26612.0,-23635.0,-25765.0,31377,47.84197688102722,17
-26828.0,-23665.0,-25359.0,31383,47.85295581817627,17
-26961.0,-24383.0,-24408.0,31388,47.86001896858215,17
-26781.0,-24186.0,-25072.0,31393,47.86769199371338,17
-27014.0,-23391.0,-25469.0,31403,47.878618001937866,17
-26717.0,-23460.0,-25722.0,31455,47.96871280670166,17
-26770.0,-24629.0,-24666.0,31549,48.159886837005615,17
-26680.0,-24748.0,-24576.0,31549,48.15988898277283,17
-26513.0,-24431.0,-24987.0,31579,48.20785093307495,17
-26668.0,-24903.0,-24237.0,31830,48.75985789299011,17
-26538.0,-24210.0,-25153.0,31848,48.78497290611267,17
-26424.0,-23980.0,-25551.0,31857,48.80059599876404,17
-26905.0,-24203.0,-24672.0,32472,49.76704788208008,17
-25453.0,-24165.0,-26272.0,33706,51.924845933914185,17
-25616.0,-23887.0,-26582.0,33710,51.937583923339844,17
-25099.0,-24548.0,-26039.0,34141,52.77496886253357,17
-25100.0,-24806.0,-25870.0,34175,52.82192802429199,17
-26181.0,-24665.0,-25253.0,34179,52.8266818523407,17
-25294.0,-25328.0,-25109.0,34197,52.85169291496277,17
-25046.0,-25427.0,-25139.0,34347,53.085124015808105,17
-26474.0,-24145.0,-25424.0,34557,53.40828585624695,17
-26930.0,-23127.0,-25557.0,35056,54.23646593093872,17
-26165.0,-23885.0,-25877.0,35087,54.282130002975464,17
-27219.0,-23760.0,-24828.0,35118,54.33022880554199,17
-27229.0,-24371.0,-23948.0,35306,54.835171937942505,17
-26791.0,-23739.0,-25424.0,35317,54.8552348613739,17
-26841.0,-23578.0,-25343.0,35455,55.10792589187622,17
-27096.0,-23371.0,-25109.0,35637,55.43621897697449,17
-26852.0,-24609.0,-24306.0,35761,55.66393685340881,17
-25908.0,-24261.0,-25818.0,35989,56.06287384033203,17
-26987.0,-23095.0,-25576.0,36013,56.11410403251648,17
-27203.0,-23125.0,-25170.0,36019,56.1257209777832,17
-27389.0,-22851.0,-25280.0,36037,56.15672183036804,17
-27092.0,-22920.0,-25533.0,36083,56.24712896347046,17
-27145.0,-24089.0,-24477.0,36169,56.4105908870697,17
-26201.0,-23741.0,-25989.0,36385,56.97247886657715,17
-25362.0,-25602.0,-24607.0,36558,57.28782296180725,18
-25266.0,-25465.0,-24866.0,37301,58.26586580276489,18
-26192.0,-25079.0,-24624.0,38121,59.74286484718323,18
-25182.0,-25782.0,-24596.0,39011,61.3317768573761,18
-24584.0,-25001.0,-25602.0,39037,61.35627794265747,18
-24829.0,-25159.0,-25474.0,39079,61.413326025009155,18
-25341.0,-24458.0,-26063.0,39124,61.46636891365051,18
-26369.0,-24460.0,-25047.0,39142,61.48898696899414,18
-27319.0,-23716.0,-24591.0,40584,64.0615439414978,18
-27087.0,-23489.0,-25037.0,40754,64.38270092010498,18
-27192.0,-24457.0,-24035.0,40992,64.80850291252136,18
-26949.0,-24487.0,-24180.0,41023,64.87186980247498,18
-26084.0,-24006.0,-25996.0,41130,65.04585385322571,18
-26148.0,-23835.0,-26151.0,41134,65.05132389068604,18
-26724.0,-24218.0,-25053.0,41186,65.12526988983154,18
-26760.0,-23746.0,-25584.0,41422,65.56411290168762,18
-26890.0,-24439.0,-24668.0,41478,65.79257202148438,18
-26647.0,-24469.0,-24813.0,41511,65.84976482391357,18
-26492.0,-23991.0,-25499.0,41598,66.00278091430664,18
-26622.0,-24684.0,-24583.0,41652,66.08966398239136,18
-27061.0,-23616.0,-25070.0,41711,66.18632698059082,18
-26467.0,-24266.0,-25413.0,41838,66.3993079662323,18
-26597.0,-24959.0,-24497.0,41882,66.46343398094177,18
-26477.0,-25149.0,-24495.0,41895,66.48593783378601,18
-26387.0,-25268.0,-24405.0,41895,66.48594093322754,18
-26721.0,-23911.0,-25298.0,41905,66.51021599769592,18
-27036.0,-23891.0,-24984.0,41979,66.63495397567749,18
-26096.0,-25367.0,-24454.0,42029,66.71240997314453,18
-26128.0,-24299.0,-25545.0,42047,66.74219083786011,18
-26618.0,-25399.0,-23985.0,42265,67.13706398010254,18
-26303.0,-22847.0,-26358.0,42761,68.05978798866272,18
-25657.0,-23883.0,-26384.0,43598,69.47280597686768,18
-25820.0,-23605.0,-26694.0,43602,69.47900390625,18
-25326.0,-24260.0,-26200.0,44071,70.35361981391907,18
-25164.0,-24635.0,-26025.0,44095,70.3853018283844,18
-26170.0,-24836.0,-24885.0,44118,70.41439390182495,18
-26333.0,-23623.0,-25972.0,44536,71.06592082977295,18
-26605.0,-23260.0,-25859.0,44581,71.14067387580872,18
-26523.0,-23295.0,-25962.0,45094,71.99389791488647,18
-26540.0,-23708.0,-25857.0,45146,72.11410689353943,18
-26670.0,-24401.0,-24941.0,45176,72.16016888618469,18
-26794.0,-23353.0,-25742.0,45293,72.49434685707092,18
-26561.0,-24148.0,-25345.0,45385,72.66130185127258,18
-26427.0,-24431.0,-25086.0,45423,72.72480702400208,18
-26867.0,-23451.0,-25310.0,45524,72.90591788291931,18
-26842.0,-23726.0,-25224.0,45720,73.2699568271637,18
-26972.0,-24419.0,-24308.0,45774,73.35496187210083,18
-26816.0,-23853.0,-25257.0,45925,73.62851786613464,18
-25876.0,-25329.0,-24727.0,45995,73.75082492828369,18
-26077.0,-24812.0,-25125.0,46023,73.80048394203186,18
-27135.0,-23206.0,-25395.0,46140,74.00944781303406,18
-27265.0,-23899.0,-24479.0,46194,74.0939040184021,18
-27022.0,-23929.0,-24624.0,46225,74.1576099395752,18
-27436.0,-23076.0,-24881.0,46241,74.18108296394348,18
-27109.0,-23333.0,-25428.0,46347,74.40048885345459,18
-27411.0,-23351.0,-24795.0,46487,74.7877779006958,18
-26170.0,-24336.0,-25505.0,46792,75.23959589004517,19
-25877.0,-24856.0,-25334.0,46838,75.29842591285706,19
-25331.0,-25094.0,-25295.0,46843,75.30706095695496,19
-26339.0,-24887.0,-24812.0,47190,75.80171203613281,19
-26641.0,-24905.0,-24179.0,47266,75.90894484519958,19
-26046.0,-25407.0,-24641.0,47316,75.98950099945068,19
-26832.0,-24761.0,-24228.0,47424,76.16599488258362,19
-25502.0,-24005.0,-26378.0,47502,76.28610587120056,19
-25520.0,-24451.0,-26089.0,47520,76.31165790557861,19
-25747.0,-24163.0,-26250.0,47522,76.31380701065063,19
-25635.0,-23907.0,-26376.0,47525,76.31883192062378,19
-25648.0,-24270.0,-26095.0,47532,76.32711791992188,19
-25595.0,-25149.0,-25195.0,47558,76.40878891944885,19
-25813.0,-23931.0,-26260.0,47588,76.4513189792633,19
-26040.0,-23643.0,-26421.0,47590,76.45320796966553,19
-25928.0,-23387.0,-26547.0,47593,76.45786595344543,19
-25941.0,-23750.0,-26266.0,47600,76.46690893173218,19
-26137.0,-24293.0,-25637.0,47647,76.68678402900696,19
-25863.0,-23765.0,-26280.0,48050,77.31805300712585,19
-24856.0,-25207.0,-25263.0,48127,77.43724393844604,19
-26075.0,-24894.0,-24926.0,48140,77.45602488517761,19
-24666.0,-25437.0,-25164.0,48972,78.98599195480347,19
-24730.0,-25266.0,-25319.0,49010,79.02875995635986,19
-25545.0,-24176.0,-26175.0,49092,79.14007496833801,19
-26133.0,-24948.0,-24895.0,49123,79.18206000328064,19
-26059.0,-25735.0,-23561.0,49152,79.23357391357422,19
-27173.0,-24386.0,-24097.0,49954,80.55577087402344,19
-27389.0,-24416.0,-23691.0,49956,80.60016798973083,19
-27259.0,-23723.0,-24607.0,49986,80.64730882644653,19
-27043.0,-23693.0,-25013.0,49994,80.66024088859558,19
-27418.0,-23903.0,-23976.0,50028,80.71749997138977,19
-27241.0,-23731.0,-24605.0,50030,80.8616738319397,19
-27068.0,-23867.0,-24558.0,50482,81.63916683197021,19
-27040.0,-23264.0,-25436.0,50512,81.6978759765625,19
-27170.0,-23957.0,-24520.0,50548,81.75449299812317,19
-26850.0,-23494.0,-25337.0,50622,81.89135384559631,19
-26825.0,-23769.0,-25251.0,50796,82.20746302604675,19
-26955.0,-24462.0,-24335.0,50850,82.30376195907593,19
-26473.0,-24369.0,-25020.0,51044,82.61568093299866,19
-26445.0,-23766.0,-25898.0,51082,82.68144392967224,19
-26575.0,-24459.0,-24982.0,51122,82.74807286262512,19
-26523.0,-23751.0,-25884.0,51272,83.18726396560669,19
-26653.0,-24444.0,-24968.0,51328,83.28081202507019,19
-26255.0,-23996.0,-25799.0,51432,83.47175192832947,19
-26230.0,-24271.0,-25713.0,51664,83.86900281906128,19
-25141.0,-25277.0,-25134.0,51697,83.91765284538269,19
-26360.0,-24964.0,-24797.0,51712,83.94000792503357,19
-26488.0,-24706.0,-24901.0,52065,84.5618028640747,19
-25721.0,-23712.0,-26539.0,53334,86.8002438545227,19
-25950.0,-24298.0,-25778.0,53350,86.81947994232178,19
-25989.0,-24156.0,-26001.0,53628,87.41869902610779,19
-26119.0,-24849.0,-25085.0,53682,87.49812197685242,19
-25803.0,-24148.0,-26101.0,53804,87.68570303916931,19
-25933.0,-24841.0,-25185.0,53836,87.7391369342804,19
-26303.0,-23713.0,-26157.0,54842,89.62266302108765,19
-26433.0,-24406.0,-25241.0,54870,89.68093681335449,19
-26550.0,-24591.0,-24939.0,54879,89.69604682922363,19
-27446.0,-22941.0,-24687.0,55732,91.1929018497467,19
-26898.0,-23211.0,-25695.0,55804,91.45262002944946,19
-27028.0,-23904.0,-24779.0,55858,91.536456823349,19
-27166.0,-23423.0,-24835.0,55996,91.77962589263916,19
-27252.0,-23411.0,-24608.0,56124,92.0105288028717,19
-25650.0,-25144.0,-25173.0,56268,92.2815580368042,20
-26153.0,-24879.0,-24912.0,56278,92.29369497299194,20
-26093.0,-24886.0,-24928.0,56288,92.30689883232117,20
-25300.0,-25161.0,-25344.0,56340,92.37302803993225,20
-24877.0,-25224.0,-25230.0,56350,92.38721895217896,20
-25011.0,-24528.0,-26073.0,56402,92.45580387115479,20
-25040.0,-24946.0,-25540.0,56458,92.52878403663635,20
-25673.0,-25138.0,-25222.0,56470,92.54858088493347,20
-24475.0,-25452.0,-25062.0,56525,92.62222385406494,20
-25364.0,-24990.0,-25499.0,56554,92.6561439037323,20
-25574.0,-25245.0,-25067.0,56564,92.66926598548889,20
-25579.0,-25577.0,-24562.0,56744,92.9357008934021,20
-26135.0,-25169.0,-24700.0,56810,93.03057098388672,20
-25881.0,-25595.0,-23929.0,56852,93.09058880805969,20
-26437.0,-25187.0,-24067.0,56886,93.14886498451233,20
-25842.0,-25689.0,-24529.0,56932,93.21114182472229,20
-26427.0,-24576.0,-24947.0,57054,93.57026982307434,20
-25170.0,-24468.0,-26260.0,57068,93.59255290031433,20
-25397.0,-24180.0,-26421.0,57070,93.59533095359802,20
-25234.0,-24297.0,-26415.0,57078,93.60802698135376,20
-25461.0,-24009.0,-26576.0,57080,93.61089897155762,20
-25298.0,-24287.0,-26266.0,57088,93.62315797805786,20
-25630.0,-24560.0,-25883.0,57096,93.64067387580872,20
-25566.0,-24731.0,-25728.0,57102,93.65013790130615,20
-25316.0,-24733.0,-25977.0,57108,93.66093492507935,20
-25408.0,-24195.0,-26215.0,57109,93.66278886795044,20
-25543.0,-24445.0,-26138.0,57110,93.66437792778015,20
-25444.0,-24552.0,-25983.0,57118,93.67484402656555,20
-25832.0,-25078.0,-25409.0,57136,93.70280599594116,20
-25609.0,-24213.0,-26148.0,57172,93.77265000343323,20
-25836.0,-23925.0,-26309.0,57174,93.77475094795227,20
-26125.0,-24558.0,-25580.0,57200,93.81539392471313,20
-25531.0,-24228.0,-26162.0,57520,94.32606887817383,20
-25758.0,-23940.0,-26323.0,57522,94.32884097099304,20
-25927.0,-24491.0,-25630.0,57536,94.35273885726929,20
-26057.0,-25184.0,-24714.0,57558,94.38309001922607,20
-25871.0,-25176.0,-24814.0,57646,94.52675199508667,20
-26169.0,-25432.0,-23982.0,57934,94.99066591262817,20
-24987.0,-25002.0,-25526.0,58405,95.93365097045898,20
-25772.0,-23888.0,-26336.0,58520,96.10023498535156,20
-25941.0,-24439.0,-25643.0,58600,96.23643803596497,20
-26071.0,-25132.0,-24727.0,58630,96.28416895866394,20
-25942.0,-25092.0,-24846.0,59169,97.20667290687561,20
-26644.0,-25272.0,-23952.0,59326,97.6233639717102,20
-26669.0,-24997.0,-24038.0,59504,97.9175078868866,20
-26638.0,-23508.0,-25732.0,59698,98.23977494239807,20
-26854.0,-23538.0,-25326.0,59734,98.29427790641785,20
-26807.0,-24059.0,-25039.0,59746,98.31721186637878,20
-26937.0,-24752.0,-24123.0,59774,98.36092591285706,20
-27242.0,-24384.0,-23808.0,59954,98.67795395851135,20
-26043.0,-24010.0,-26194.0,60188,99.09494280815125,20
-26173.0,-24703.0,-25278.0,60206,99.12401103973389,20
-26259.0,-24040.0,-25788.0,60230,99.15860986709595,20
-26389.0,-24733.0,-24872.0,60236,99.17058086395264,20
-26212.0,-24561.0,-25501.0,60242,99.18113088607788,20
-26342.0,-25254.0,-24585.0,60274,99.23490691184998,20
-26241.0,-24048.0,-25786.0,60282,99.25158596038818,20
-26371.0,-24741.0,-24870.0,60322,99.3122239112854,20
-26692.0,-24372.0,-24718.0,60328,99.32328200340271,20
-26810.0,-23673.0,-25357.0,60348,99.3658709526062,20
-26940.0,-24366.0,-24441.0,60364,99.38541603088379,20
-26319.0,-24033.0,-25772.0,60426,99.48262596130371,20
-26770.0,-24357.0,-24704.0,60492,99.62858581542969,20
-26051.0,-24278.0,-25687.0,60558,99.87384581565857,20
-26181.0,-24971.0,-24771.0,60610,99.95878982543945,20
-26824.0,-23621.0,-25370.0,60636,100.0025269985199,20
-26954.0,-24314.0,-24454.0,60682,100.08136892318726,20
-26026.0,-24553.0,-25601.0,60770,100.23683190345764,20
-26156.0,-25246.0,-24685.0,60818,100.3117618560791,20
-26799.0,-23896.0,-25284.0,60890,100.44383788108826,20
-26929.0,-24589.0,-24368.0,60940,100.52842998504639,20
-27046.0,-24502.0,-24104.0,61146,100.91907596588135,20
-26415.0,-23103.0,-26232.0,61564,101.5578088760376,20
-25499.0,-24040.0,-26332.0,62264,102.92172503471375,20
-25274.0,-23843.0,-26655.0,62269,102.92834687232971,20
-26057.0,-23600.0,-26394.0,62269,102.92834901809692,20
-25517.0,-23994.0,-26427.0,62286,102.94811081886292,20
-25905.0,-24520.0,-25853.0,62312,102.98875594139099,20
-25785.0,-24438.0,-25889.0,62574,103.42475986480713,20
-25915.0,-25131.0,-24973.0,62626,103.50359201431274,20
-24714.0,-25154.0,-25522.0,62678,103.6332139968872,20
-24842.0,-24973.0,-25528.0,62688,103.64117288589478,20
-24877.0,-24876.0,-25832.0,62715,103.80190587043762,20
-26587.0,-23268.0,-25857.0,63238,104.69422793388367,20
-25990.0,-24809.0,-25204.0,63619,105.40491580963135,20
-26418.0,-23470.0,-26005.0,63692,105.66188502311707,20
-26099.0,-23995.0,-26045.0,63744,105.73204898834229,20
-26420.0,-23898.0,-25855.0,63753,105.74678587913513,20
-26330.0,-24017.0,-25765.0,63753,105.74678897857666,20
-26229.0,-24688.0,-25129.0,63774,105.78424096107483,20
-26587.0,-24021.0,-25312.0,63910,106.00889897346497,20
-26717.0,-24714.0,-24396.0,63942,106.06520986557007,20
-27185.0,-23133.0,-25168.0,64516,107.13982081413269,20
-27199.0,-23081.0,-25181.0,64656,107.37777280807495,20
-26872.0,-23338.0,-25728.0,64738,107.6890869140625,20
-27174.0,-23356.0,-25095.0,64858,107.90259099006653,20
-25895.0,-25148.0,-24877.0,65251,108.53803300857544,21
-25805.0,-25267.0,-24787.0,65251,108.53803491592407,21
-26411.0,-25314.0,-24100.0,65580,109.08585286140442,21
-25201.0,-24401.0,-26211.0,65689,109.27633881568909,21
-25916.0,-24714.0,-25557.0,65716,109.35441493988037,21
-26209.0,-24194.0,-25728.0,65756,109.42387080192566,21
-26738.0,-25057.0,-23553.0,66476,110.81540894508362,21
-25568.0,-24170.0,-26224.0,66750,111.28909492492676,21
-25857.0,-24803.0,-25495.0,66754,111.29620885848999,21
-24978.0,-25876.0,-24178.0,66782,111.34602499008179,21
-26143.0,-25559.0,-24015.0,66812,111.51810383796692,21
-25737.0,-24721.0,-25531.0,66816,111.52583599090576,21
-25867.0,-25414.0,-24615.0,66842,111.56394982337952,21
-26455.0,-24377.0,-25018.0,68080,113.89892888069153,21
-27024.0,-24002.0,-24589.0,68104,113.94972801208496,21
-26411.0,-23495.0,-26010.0,68144,114.02185487747192,21
-26533.0,-24362.0,-25004.0,68200,114.115229845047,21
-26118.0,-24015.0,-25839.0,68392,114.4551649093628,21
-26517.0,-24193.0,-25186.0,68442,114.53568601608276,21
-26647.0,-24886.0,-24270.0,68462,114.5660469532013,21
-26595.0,-24178.0,-25172.0,68492,114.62326383590698,21
-26725.0,-24871.0,-24256.0,68536,114.69064402580261,21
-26809.0,-24507.0,-24404.0,68706,114.99560594558716,21
-26240.0,-24882.0,-24833.0,68710,115.00305986404419,21
-25838.0,-23897.0,-26237.0,69631,116.69749903678894,21
-25748.0,-24016.0,-26147.0,69631,116.69750094413757,21
-24747.0,-25177.0,-25318.0,69932,117.30356884002686,21
-26191.0,-25276.0,-24373.0,70134,117.61672902107239,21
-25885.0,-23841.0,-26206.0,70555,118.34081387519836,21
-25860.0,-24116.0,-26120.0,70705,118.59516596794128,21
-26668.0,-23620.0,-25616.0,71526,120.21299386024475,21
-26760.0,-23082.0,-25854.0,71527,120.21448302268982,21
-27002.0,-24031.0,-24812.0,71580,120.29920983314514,21
-25104.0,-25382.0,-25134.0,71745,120.60621285438538,22
-25741.0,-25438.0,-24632.0,71817,120.71472787857056,22
-24934.0,-25192.0,-25249.0,71826,120.76559495925903,22
-24669.0,-24484.0,-26146.0,71851,120.80470895767212,22
-25556.0,-25291.0,-24972.0,71906,121.01442384719849,22
-25725.0,-25842.0,-24279.0,72230,121.55471682548523,22
-25280.0,-24333.0,-26171.0,72306,121.68682503700256,22
-25449.0,-24884.0,-25478.0,72326,121.72247290611267,22
-25199.0,-24886.0,-25727.0,72328,121.72583484649658,22
-24974.0,-24689.0,-26050.0,72329,121.72808599472046,22
-25426.0,-24598.0,-25888.0,72330,121.72936987876892,22
-25715.0,-25231.0,-25159.0,72352,121.7664999961853,22
-25712.0,-24996.0,-25445.0,72356,121.77557396888733,22
-26005.0,-24476.0,-25616.0,72386,121.82946801185608,22
-26052.0,-25585.0,-23732.0,72832,122.57862186431885,22
-25062.0,-25700.0,-24632.0,73244,123.43320894241333,22
-27203.0,-24408.0,-23791.0,73574,124.03393697738647,22
-27010.0,-24664.0,-23787.0,73632,124.14905381202698,22
-26527.0,-25425.0,-23702.0,73652,124.19109892845154,22
-26456.0,-23774.0,-25591.0,74150,125.13089299201965,22
-26056.0,-24856.0,-25028.0,74164,125.15544891357422,22
-26095.0,-24714.0,-25251.0,74186,125.3056378364563,22
-26225.0,-25407.0,-24335.0,74208,125.3399248123169,22
-26036.0,-25164.0,-24721.0,74734,126.25644183158875,22
-25788.0,-24673.0,-25603.0,75436,127.62550187110901,22
-25174.0,-25246.0,-25145.0,75830,128.3040988445282,22
-25401.0,-25489.0,-24757.0,75898,128.43660688400269,22
-26798.0,-24313.0,-24700.0,76944,130.42696690559387,22
-24652.0,-25027.0,-25553.0,77100,130.70046091079712,23
-24896.0,-24922.0,-25621.0,77143,130.76846385002136,23
-24984.0,-25300.0,-25170.0,77264,130.97425198554993,23
-26294.0,-25467.0,-23850.0,77294,131.02263498306274,23
-25102.0,-24508.0,-26056.0,77334,131.13134789466858,23
-26140.0,-24371.0,-25526.0,77362,131.17934894561768,23
-26026.0,-25712.0,-23765.0,77774,131.99179697036743,23
-26952.0,-24565.0,-24069.0,78246,132.88111901283264,23
-26650.0,-24547.0,-24702.0,78402,133.30817794799805,23
-25814.0,-25202.0,-24758.0,78534,133.54303789138794,23
-26357.0,-25067.0,-24531.0,78642,133.75753498077393,23
-26430.0,-24509.0,-24975.0,79690,135.67193388938904,23
-25758.0,-25865.0,-24075.0,80230,136.615571975708,24
-25232.0,-24909.0,-25523.0,80254,136.66641187667847,24
-25748.0,-25254.0,-24955.0,80264,136.68474197387695,24
-26085.0,-25608.0,-23528.0,80436,136.98242497444153,24
-26560.0,-25448.0,-23498.0,80750,137.6185998916626,24
-26853.0,-24928.0,-23669.0,80836,137.78151202201843,24
-26942.0,-23954.0,-24949.0,80897,137.90571784973145,24
-26258.0,-25430.0,-24131.0,80980,138.06668996810913,24
-26640.0,-23936.0,-25582.0,81015,138.13522791862488,24
-26550.0,-24055.0,-25492.0,81015,138.1352298259735,24
-26560.0,-24666.0,-24612.0,81050,138.195396900177,24
-26347.0,-24456.0,-25411.0,81121,138.32345581054688,24
-26072.0,-25422.0,-24231.0,81146,138.36427903175354,24
-26722.0,-23916.0,-25222.0,81967,139.84197998046875,24
-27015.0,-23396.0,-25393.0,82053,139.99858403205872,24
-26925.0,-23515.0,-25303.0,82053,139.99858593940735,24
-24733.0,-25200.0,-25311.0,82198,140.2601888179779,25
-26047.0,-24948.0,-24994.0,83025,141.67560982704163,25
-25912.0,-25428.0,-24435.0,83598,142.54682993888855,26
-25917.0,-24255.0,-25910.0,84119,143.42264986038208,26
-26210.0,-23735.0,-26081.0,84191,143.52486991882324,26
-25920.0,-24333.0,-25799.0,85070,144.7632749080658,27
-26050.0,-25026.0,-24883.0,85076,144.7708399295807,27
-26213.0,-23813.0,-25970.0,85130,144.83903098106384,27
-26343.0,-24506.0,-25054.0,85134,144.8724958896637,27
-26267.0,-24986.0,-24721.0,85311,145.19547581672668,28
-26270.0,-25064.0,-24610.0,85848,145.83333086967468,29
-25960.0,-25145.0,-24793.0,86388,146.3021628856659,30
-26123.0,-23932.0,-25880.0,86412,146.318265914917,30
