z1,z2,z3,node,time,depth
-2965.0,-4198.0,-759.0,1,0.005666971206665039,1
-833.0,-3363.0,-3558.0,1,0.005670070648193359,1
-1148.0,-2865.0,-3783.0,1,0.005672931671142578,1
-4769.0,-1837.0,-1506.0,1,0.0056760311126708984,1
-1081.0,-4010.0,-2989.0,1,0.005678892135620117,1
-1840.0,-3867.0,-2682.0,1,0.0056819915771484375,1
-766.0,-4508.0,-2764.0,1,0.005685091018676758,1
-3798.0,-1848.0,-2621.0,1,0.0056879520416259766,1
-3864.0,-3245.0,-1255.0,1,0.005691051483154297,1
-1225.0,-4637.0,-2164.0,1,0.005693912506103516,1
-1199.0,-4592.0,-2338.0,1,0.005697011947631836,1
-2648.0,-4058.0,-1775.0,1,0.005699872970581055,1
-2812.0,-1072.0,-3674.0,1,0.005702972412109375,1
-3272.0,-1414.0,-3250.0,1,0.005706071853637695,1
-2055.0,-1954.0,-3987.0,1,0.005708932876586914,1
-2161.0,-1370.0,-3948.0,1,0.005711078643798828,1
-1988.0,-3099.0,-3193.0,1,0.005724906921386719,1
-3240.0,-1775.0,-3180.0,1,0.005728006362915039,1
-2189.0,-3929.0,-2375.0,1,0.0057299137115478516,1
-2857.0,-4069.0,-1523.0,1,0.005733013153076172,1
-2183.0,-4560.0,-1254.0,1,0.005735874176025391,1
-2209.0,-4605.0,-1080.0,1,0.005738973617553711,1
-4309.0,-1495.0,-1930.0,2,0.014070987701416016,2
-2278.0,-3021.0,-2863.0,2,0.014080047607421875,2
-2836.0,-3094.0,-2304.0,2,0.01408696174621582,2
-4286.0,-2346.0,-1034.0,2,0.01409006118774414,2
-2035.0,-2223.0,-3621.0,2,0.01409602165222168,2
-3346.0,-1191.0,-3141.0,2,0.014098882675170898,2
-1863.0,-4156.0,-2256.0,2,0.014113903045654297,2
-3079.0,-3343.0,-1736.0,2,0.014117002487182617,2
-2072.0,-4167.0,-2004.0,2,0.014119863510131836,2
-3381.0,-3754.0,-783.0,2,0.014122962951660156,2
-3024.0,-4007.0,-994.0,2,0.014128923416137695,2
-2546.0,-1438.0,-3763.0,3,0.019746065139770508,2
-2438.0,-4084.0,-1789.0,3,0.019754886627197266,2
-1907.0,-2722.0,-3476.0,3,0.01976490020751953,2
-4072.0,-2656.0,-589.0,4,0.03034687042236328,3
-3545.0,-3313.0,-552.0,4,0.030356884002685547,3
-1266.0,-3447.0,-3132.0,4,0.03037285804748535,3
-3929.0,-2599.0,-1245.0,4,0.030375957489013672,3
-3655.0,-2133.0,-2056.0,4,0.030406951904296875,3
-2593.0,-2296.0,-3062.0,4,0.030416011810302734,3
-2882.0,-2545.0,-2520.0,4,0.030427932739257812,3
-1613.0,-3137.0,-3237.0,5,0.03838300704956055,3
-1446.0,-2867.0,-3523.0,5,0.038385868072509766,3
-3404.0,-2903.0,-1679.0,5,0.0383908748626709,3
-1870.0,-2049.0,-3723.0,5,0.03839397430419922,3
-2256.0,-2784.0,-3169.0,6,0.04287099838256836,3
-2613.0,-2027.0,-3428.0,6,0.0428769588470459,3
-2924.0,-1953.0,-3247.0,6,0.04288005828857422,3
-2847.0,-3043.0,-2414.0,7,0.046150922775268555,3
-3870.0,-2790.0,-1010.0,8,0.05550408363342285,4
-4250.0,-1686.0,-1695.0,8,0.05553293228149414,4
-2599.0,-2500.0,-2836.0,8,0.055567026138305664,4
-1706.0,-2938.0,-3224.0,9,0.06276106834411621,4
-2139.0,-3022.0,-2798.0,9,0.06279706954956055,4
-1963.0,-3519.0,-2638.0,10,0.06818890571594238,4
-2422.0,-3648.0,-2038.0,10,0.0681920051574707,4
-1679.0,-4227.0,-2096.0,11,0.07462286949157715,4
-4153.0,-1906.0,-2023.0,12,0.07875204086303711,4
-2715.0,-2913.0,-2569.0,12,0.07875490188598633,4
-3247.0,-2372.0,-2579.0,12,0.07876086235046387,4
-2334.0,-2256.0,-3125.0,12,0.07876706123352051,4
-3368.0,-3111.0,-1712.0,13,0.08249998092651367,4
-2780.0,-3549.0,-2083.0,13,0.08250594139099121,4
-2930.0,-2122.0,-3144.0,14,0.08567500114440918,4
-2330.0,-2391.0,-3299.0,14,0.08568596839904785,4
-3063.0,-2090.0,-2878.0,15,0.08832788467407227,4
-1699.0,-3317.0,-2818.0,16,0.09799504280090332,5
-2289.0,-2847.0,-2800.0,16,0.0980069637298584,5
-1292.0,-3492.0,-2958.0,17,0.10429501533508301,5
-3898.0,-2382.0,-1488.0,18,0.11001706123352051,5
-3295.0,-2390.0,-2200.0,18,0.11003398895263672,5
-2356.0,-3867.0,-1846.0,20,0.11921405792236328,5
-2599.0,-4116.0,-1278.0,20,0.11921906471252441,5
-2771.0,-4122.0,-883.0,20,0.11922192573547363,5
-2713.0,-3110.0,-2105.0,20,0.1192328929901123,5
-1981.0,-4230.0,-1843.0,21,0.12398600578308105,5
-1356.0,-3808.0,-2764.0,22,0.12760591506958008,5
-1639.0,-4083.0,-2430.0,22,0.12762093544006348,5
-1962.0,-3199.0,-2930.0,22,0.1276240348815918,5
-3553.0,-2650.0,-2026.0,24,0.1341409683227539,5
-3584.0,-2016.0,-2313.0,24,0.13415002822875977,5
-3895.0,-1942.0,-2132.0,24,0.13415288925170898,5
-2854.0,-3640.0,-1813.0,25,0.13832688331604004,5
-2586.0,-3316.0,-2300.0,25,0.13833308219909668,5
-3205.0,-1920.0,-2919.0,26,0.1415119171142578,5
-3488.0,-2195.0,-2585.0,26,0.14151501655578613,5
-2528.0,-2489.0,-2908.0,27,0.14401888847351074,5
-2753.0,-2437.0,-2842.0,28,0.14714694023132324,5
-2604.0,-2245.0,-3172.0,28,0.14715003967285156,5
-2496.0,-2493.0,-2846.0,28,0.1471560001373291,5
-2575.0,-1891.0,-3554.0,30,0.15104889869689941,5
-3878.0,-2768.0,-919.0,32,0.16197586059570312,6
-3097.0,-2060.0,-2615.0,32,0.16202092170715332,6
-2612.0,-2356.0,-2905.0,32,0.16202688217163086,6
-1994.0,-3187.0,-2585.0,33,0.16871190071105957,6
-1492.0,-2318.0,-3739.0,34,0.17546701431274414,6
-2324.0,-2472.0,-3079.0,34,0.17550086975097656,6
-1501.0,-2532.0,-3636.0,34,0.17550396919250488,6
-1190.0,-3690.0,-2964.0,40,0.20012497901916504,6
-1670.0,-3333.0,-2954.0,40,0.20015597343444824,6
-1347.0,-3824.0,-2849.0,40,0.20016002655029297,6
-2206.0,-3768.0,-2070.0,40,0.20016789436340332,6
-2988.0,-3406.0,-1575.0,42,0.20799493789672852,6
-2205.0,-3448.0,-2362.0,44,0.2142469882965088,6
-2285.0,-3618.0,-2262.0,44,0.2142500877380371,6
-3206.0,-2397.0,-2345.0,48,0.22348809242248535,6
-4080.0,-2292.0,-1719.0,48,0.2234940528869629,6
-4555.0,-2147.0,-1061.0,49,0.22856402397155762,6
-3376.0,-2965.0,-1724.0,49,0.22856688499450684,6
-3967.0,-2585.0,-1432.0,49,0.2285759449005127,6
-3762.0,-2661.0,-1774.0,49,0.22858190536499023,6
-2811.0,-3217.0,-2030.0,49,0.22858500480651855,6
-2640.0,-2534.0,-2572.0,49,0.22858786582946777,6
-2959.0,-2449.0,-2541.0,49,0.22859501838684082,6
-3528.0,-2339.0,-2251.0,50,0.23503494262695312,6
-3456.0,-2383.0,-2327.0,51,0.23788785934448242,6
-3070.0,-2687.0,-2277.0,51,0.23789405822753906,6
-2546.0,-3172.0,-2634.0,52,0.24054908752441406,6
-2263.0,-2897.0,-2968.0,52,0.2405550479888916,6
-2145.0,-3154.0,-2645.0,58,0.2510368824005127,6
-3893.0,-1998.0,-1826.0,66,0.2788529396057129,7
-2130.0,-3229.0,-2415.0,66,0.2788670063018799,7
-3659.0,-2066.0,-1987.0,66,0.27887892723083496,7
-1257.0,-2545.0,-3758.0,70,0.2974209785461426,7
-1414.0,-2679.0,-3643.0,70,0.29743003845214844,7
-1737.0,-2188.0,-3748.0,71,0.3005850315093994,7
-1750.0,-4476.0,-1680.0,80,0.32601189613342285,7
-1689.0,-3116.0,-2955.0,80,0.32602691650390625,7
-1431.0,-4219.0,-2202.0,80,0.3260519504547119,7
-1769.0,-3286.0,-2855.0,82,0.3324470520019531,7
-2834.0,-4172.0,-852.0,85,0.3398869037628174,7
-2207.0,-3892.0,-1805.0,85,0.33989596366882324,7
-2454.0,-3776.0,-1964.0,88,0.34601306915283203,7
-2494.0,-3629.0,-2010.0,88,0.34601593017578125,7
-1423.0,-3302.0,-3095.0,92,0.3522510528564453,7
-2996.0,-2880.0,-2241.0,96,0.3584558963775635,7
-3621.0,-2447.0,-2013.0,96,0.3584589958190918,7
-3770.0,-2639.0,-1683.0,96,0.35846495628356934,7
-2924.0,-2924.0,-2317.0,97,0.3611009120941162,7
-4144.0,-2270.0,-1734.0,98,0.3646690845489502,7
-3733.0,-2208.0,-1983.0,99,0.36739492416381836,7
-3351.0,-2654.0,-1949.0,100,0.37103700637817383,7
-3211.0,-2883.0,-2072.0,101,0.37354397773742676,7
-2537.0,-2751.0,-2841.0,104,0.3793680667877197,7
-2144.0,-1903.0,-3596.0,126,0.4215569496154785,8
-2014.0,-2819.0,-3043.0,127,0.42810893058776855,8
-3373.0,-3307.0,-947.0,128,0.4344620704650879,8
-1934.0,-2616.0,-3210.0,132,0.4502699375152588,8
-2806.0,-2206.0,-2609.0,144,0.4800128936767578,8
-3239.0,-3678.0,-1483.0,184,0.539654016494751,8
-2574.0,-3794.0,-1857.0,184,0.5396568775177002,8
-3227.0,-2773.0,-2054.0,188,0.5476119518280029,8
-2494.0,-3216.0,-2338.0,200,0.5662140846252441,8
-2155.0,-3037.0,-2664.0,284,0.7271919250488281,9
-2304.0,-3794.0,-1868.0,304,0.7509250640869141,9
-2990.0,-3350.0,-1881.0,316,0.7636868953704834,9
-2987.0,-2618.0,-2308.0,320,0.7704589366912842,9
-3479.0,-2386.0,-2108.0,324,0.7765228748321533,9
-2845.0,-2555.0,-2539.0,346,0.8013780117034912,9
-2631.0,-2139.0,-2906.0,366,0.8471779823303223,10
-2580.0,-2544.0,-2647.0,393,0.908257007598877,10
-1639.0,-2349.0,-3559.0,394,0.9103958606719971,10
