z1,z2,z3,node,time,depth
9875.0,7958.0,11780.0,1,0.02536797523498535,1
9012.0,11276.0,10123.0,1,0.025371074676513672,1
9010.0,11091.0,10317.0,1,0.0253751277923584,1
9062.0,10497.0,10576.0,1,0.025378942489624023,1
9573.0,8163.0,11571.0,1,0.025383949279785156,1
10183.0,7797.0,11978.0,1,0.02539205551147461,1
10319.0,7800.0,11507.0,1,0.025394916534423828,1
9229.0,11370.0,9475.0,1,0.025398969650268555,1
9740.0,11408.0,8918.0,1,0.025402069091796875,1
10041.0,10983.0,8759.0,1,0.0254061222076416,1
10633.0,10867.0,8386.0,1,0.025409936904907227,1
11813.0,9895.0,8423.0,1,0.025413990020751953,1
10556.0,10177.0,8630.0,1,0.025422096252441406,1
9220.0,9369.0,11038.0,1,0.02542901039123535,1
9069.0,11377.0,9845.0,1,0.025433063507080078,1
9064.0,10682.0,10382.0,1,0.025437116622924805,1
11343.0,8137.0,10150.0,1,0.025444984436035156,1
11035.0,8298.0,9952.0,1,0.025448083877563477,1
11723.0,8460.0,9640.0,1,0.0254518985748291,1
11886.0,8872.0,9193.0,1,0.025456905364990234,1
11987.0,8993.0,9066.0,1,0.025460004806518555,1
10494.0,8376.0,9967.0,1,0.02546405792236328,1
10360.0,8306.0,10114.0,1,0.02547597885131836,1
10733.0,8503.0,9743.0,1,0.025480031967163086,1
10896.0,8915.0,9296.0,1,0.025484085083007812,1
11253.0,9042.0,9103.0,1,0.02548694610595703,1
10549.0,9495.0,8927.0,1,0.025495052337646484,1
9281.0,10776.0,9734.0,1,0.02549910545349121,1
9222.0,9554.0,10844.0,1,0.025502920150756836,1
9422.0,8697.0,11085.0,1,0.025506019592285156,1
9507.0,10869.0,9332.0,1,0.025510072708129883,1
9553.0,10163.0,9730.0,1,0.02551412582397461,1
10692.0,9170.0,9096.0,1,0.025517940521240234,1
11956.0,9570.0,8592.0,1,0.02552199363708496,1
11354.0,9163.0,8976.0,1,0.025526046752929688,1
9709.0,8166.0,11100.0,1,0.025530099868774414,1
10051.0,9220.0,9671.0,1,0.02553391456604004,1
10613.0,7813.0,10714.0,1,0.025541067123413086,1
10097.0,8207.0,10574.0,1,0.025543928146362305,1
10477.0,7810.0,11185.0,2,0.05087900161743164,2
10993.0,8136.0,10204.0,2,0.050898075103759766,2
11585.0,8454.0,9737.0,2,0.050900936126708984,2
10595.0,8497.0,9840.0,2,0.05090498924255371,2
9810.0,8287.0,10973.0,2,0.05091404914855957,2
10169.0,7971.0,10987.0,2,0.05091691017150879,2
9976.0,8079.0,11653.0,2,0.05092000961303711,2
9674.0,8284.0,11444.0,2,0.05092310905456543,2
10997.0,9036.0,9169.0,2,0.05094194412231445,2
9090.0,10350.0,10724.0,2,0.05095410346984863,2
10082.0,8849.0,10065.0,2,0.0509641170501709,2
9532.0,8830.0,10924.0,2,0.05097007751464844,2
9523.0,8818.0,10958.0,2,0.050985097885131836,2
10161.0,9353.0,9510.0,2,0.050987958908081055,2
10087.0,10277.0,9157.0,3,0.06526613235473633,2
11104.0,8010.0,10374.0,3,0.06532096862792969,2
10876.0,8137.0,10514.0,4,0.0852971076965332,3
11682.0,9127.0,8993.0,4,0.08530306816101074,3
9386.0,9367.0,10800.0,4,0.08533406257629395,3
10031.0,8802.0,10346.0,4,0.08534097671508789,3
10458.0,8774.0,9732.0,4,0.08538198471069336,3
9820.0,9311.0,10077.0,4,0.08540892601013184,3
9240.0,10272.0,10512.0,5,0.10754799842834473,3
9266.0,10272.0,10466.0,5,0.10755109786987305,3
10339.0,11332.0,8617.0,5,0.10756397247314453,3
9214.0,10866.0,10207.0,5,0.10758209228515625,3
9292.0,9678.0,10771.0,5,0.10759401321411133,3
10082.0,8950.0,10008.0,5,0.10759997367858887,3
11567.0,10035.0,8575.0,5,0.10760903358459473,3
11370.0,9958.0,8588.0,5,0.10761189460754395,3
10268.0,10741.0,8907.0,5,0.10761809349060059,3
11013.0,9831.0,8781.0,5,0.10762405395507812,3
10126.0,10501.0,9150.0,5,0.10763096809387207,3
10066.0,8293.0,10907.0,6,0.12348294258117676,3
10271.0,10074.0,9175.0,7,0.13376092910766602,3
10699.0,9852.0,8799.0,8,0.15483593940734863,4
9704.0,10351.0,9432.0,8,0.1548769474029541,4
9971.0,10112.0,9328.0,8,0.15489792823791504,4
11539.0,9452.0,8824.0,9,0.16955804824829102,4
10197.0,10410.0,8996.0,9,0.16957306861877441,4
11185.0,9805.0,8824.0,9,0.16959500312805176,4
9770.0,9942.0,9638.0,9,0.16960692405700684,4
9663.0,10296.0,9569.0,9,0.16961908340454102,4
9220.0,10843.0,10331.0,9,0.16962194442749023,4
9391.0,10062.0,10263.0,9,0.16962790489196777,4
9215.0,10148.0,10868.0,9,0.16963791847229004,4
9332.0,9687.0,10683.0,9,0.16964101791381836,4
11607.0,8670.0,9576.0,10,0.19243693351745605,4
11083.0,10489.0,8573.0,10,0.1924440860748291,4
10952.0,8624.0,9647.0,10,0.19246506690979004,4
11205.0,8131.0,10247.0,10,0.19246792793273926,4
9349.0,10693.0,10202.0,10,0.19249510765075684,4
9579.0,9147.0,10786.0,11,0.20978498458862305,4
11587.0,9743.0,8694.0,11,0.20979809761047363,4
10129.0,9166.0,9927.0,11,0.20987701416015625,4
10314.0,9855.0,9331.0,11,0.20988011360168457,4
11213.0,10388.0,8575.0,11,0.20988893508911133,4
10647.0,8156.0,10535.0,12,0.22542095184326172,4
9879.0,8142.0,11716.0,12,0.22543692588806152,4
11484.0,8333.0,9864.0,13,0.23424100875854492,4
9961.0,8204.0,11045.0,14,0.2432858943939209,4
10590.0,8828.0,9574.0,14,0.24329900741577148,4
9810.0,8738.0,10559.0,14,0.24331402778625488,4
10345.0,8361.0,10326.0,15,0.2516510486602783,4
10106.0,8335.0,10493.0,15,0.25165510177612305,4
9580.0,9905.0,10233.0,15,0.25165796279907227,4
9575.0,9458.0,10309.0,15,0.2516639232635498,4
10204.0,11092.0,8699.0,16,0.2700679302215576,5
11292.0,9648.0,8867.0,16,0.2700979709625244,5
9529.0,10164.0,9911.0,16,0.27013707160949707,5
9291.0,9745.0,10781.0,16,0.2701430320739746,5
9919.0,10706.0,9069.0,17,0.28853893280029297,5
9652.0,10945.0,9173.0,17,0.2885420322418213,5
11135.0,9723.0,8880.0,17,0.28856611251831055,5
10188.0,9962.0,9253.0,17,0.28856992721557617,5
10992.0,10048.0,8711.0,17,0.2885720729827881,5
10447.0,9731.0,9234.0,18,0.305164098739624,5
9498.0,9708.0,10332.0,18,0.30522894859313965,5
9327.0,10489.0,10400.0,18,0.30523204803466797,5
10304.0,9028.0,9679.0,19,0.3152749538421631,5
9963.0,8986.0,10246.0,19,0.3152780532836914,5
10027.0,8517.0,10467.0,20,0.3356781005859375,5
11022.0,8024.0,10683.0,20,0.33568406105041504,5
10627.0,9063.0,9563.0,20,0.33574795722961426,5
11273.0,10164.0,8685.0,20,0.3357710838317871,5
10714.0,8185.0,10485.0,20,0.33580803871154785,5
10420.0,7921.0,11380.0,21,0.35196805000305176,5
11178.0,8825.0,9608.0,22,0.3698270320892334,5
9477.0,10367.0,10175.0,22,0.3699169158935547,5
10083.0,10052.0,9503.0,23,0.38406896591186523,5
10694.0,8256.0,10519.0,24,0.39937806129455566,5
10239.0,7924.0,11938.0,26,0.42046213150024414,5
9931.0,8085.0,11740.0,26,0.4204750061035156,5
9528.0,10499.0,9974.0,28,0.43691110610961914,5
10609.0,9446.0,9281.0,28,0.4369170665740967,5
9347.0,10070.0,10508.0,28,0.43692708015441895,5
9742.0,9792.0,10058.0,28,0.4369330406188965,5
10207.0,8907.0,9952.0,28,0.4369370937347412,5
10340.0,9882.0,9302.0,29,0.4454329013824463,5
9737.0,9960.0,9748.0,29,0.44544291496276855,5
9806.0,9768.0,9875.0,29,0.4454460144042969,5
9325.0,10234.0,10651.0,29,0.4454491138458252,5
9622.0,9971.0,9857.0,29,0.44545912742614746,5
10004.0,8319.0,10893.0,30,0.4539759159088135,5
9861.0,8644.0,10724.0,30,0.4539799690246582,5
9615.0,9091.0,10588.0,30,0.4539830684661865,5
9617.0,9276.0,10394.0,30,0.45398712158203125,5
9819.0,8866.0,10478.0,31,0.46044492721557617,5
9390.0,9292.0,11137.0,31,0.46047401428222656,5
9598.0,9972.0,10038.0,32,0.4761359691619873,6
9398.0,10744.0,9966.0,32,0.47614502906799316,6
9970.0,9668.0,9949.0,32,0.47615790367126465,6
9782.0,9769.0,10056.0,32,0.4761669635772705,6
10311.0,9710.0,9382.0,32,0.47617292404174805,6
9420.0,10039.0,10545.0,32,0.4761791229248047,6
10168.0,10035.0,9213.0,32,0.47618794441223145,6
10886.0,10702.0,8487.0,34,0.5142579078674316,6
11459.0,10248.0,8423.0,34,0.5142791271209717,6
11049.0,10811.0,8427.0,34,0.5142819881439209,6
10508.0,10437.0,8890.0,34,0.5143399238586426,6
11555.0,10099.0,8571.0,35,0.530764102935791,6
9493.0,9747.0,10581.0,36,0.5452930927276611,6
11302.0,8804.0,9503.0,37,0.5576059818267822,6
10351.0,9128.0,9663.0,38,0.5678939819335938,6
10208.0,9453.0,9494.0,38,0.5679159164428711,6
9774.0,9509.0,10217.0,38,0.5679199695587158,6
9432.0,10242.0,10220.0,39,0.5757079124450684,6
9685.0,9591.0,10148.0,39,0.5757191181182861,6
11022.0,8125.0,10626.0,40,0.5988008975982666,6
10477.0,7911.0,11128.0,40,0.5988080501556396,6
10284.0,7918.0,11851.0,40,0.5988109111785889,6
10169.0,8072.0,10930.0,40,0.5988330841064453,6
10027.0,8618.0,10410.0,40,0.5988390445709229,6
10627.0,9164.0,9506.0,40,0.5988540649414062,6
10714.0,8286.0,10428.0,40,0.5988659858703613,6
9920.0,8871.0,10398.0,41,0.6177210807800293,6
9911.0,8859.0,10432.0,41,0.6177620887756348,6
10198.0,8328.0,10447.0,42,0.6286900043487549,6
10668.0,9412.0,9301.0,43,0.6378569602966309,6
11233.0,10096.0,8694.0,44,0.654292106628418,6
10529.0,10338.0,8938.0,45,0.6686561107635498,6
9680.0,9719.0,10245.0,47,0.692357063293457,6
11506.0,8549.0,9703.0,50,0.7296390533447266,6
10499.0,8746.0,9903.0,56,0.7698569297790527,6
10156.0,10085.0,9284.0,59,0.7904391288757324,6
9454.0,8690.0,11489.0,60,0.797091007232666,6
9768.0,8742.0,10880.0,61,0.8019571304321289,6
9824.0,9236.0,10414.0,62,0.8078839778900146,6
9576.0,10677.0,9459.0,64,0.8240940570831299,7
11546.0,10134.0,8527.0,68,0.8798449039459229,7
10803.0,10738.0,8609.0,68,0.8798730373382568,7
11736.0,9809.0,8639.0,68,0.8798789978027344,7
9038.0,10944.0,10465.0,70,0.9132668972015381,7
9295.0,10237.0,10594.0,70,0.9132881164550781,7
9267.0,10384.0,10446.0,70,0.9133341312408447,7
10136.0,10556.0,8994.0,70,0.9133429527282715,7
10528.0,9615.0,9474.0,73,0.9464809894561768,7
9569.0,10015.0,10295.0,73,0.946523904800415,7
10014.0,9943.0,9554.0,74,0.9588680267333984,7
11101.0,9169.0,9146.0,74,0.9588770866394043,7
9881.0,9155.0,10286.0,75,0.9678170680999756,7
9720.0,9829.0,10100.0,76,0.9768619537353516,7
10115.0,9551.0,9650.0,76,0.9768741130828857,7
9727.0,9409.0,10233.0,78,0.9901211261749268,7
10225.0,8199.0,10890.0,80,1.017611026763916,7
10083.0,8745.0,10370.0,80,1.0176200866699219,7
9929.0,8999.0,10317.0,80,1.017622947692871,7
10138.0,9077.0,9968.0,80,1.0176630020141602,7
9588.0,8957.0,10884.0,80,1.017672061920166,7
10572.0,8731.0,9965.0,83,1.0551691055297852,7
11156.0,9405.0,9007.0,84,1.0683720111846924,7
11575.0,8740.0,9640.0,84,1.0683810710906982,7
11013.0,9730.0,8838.0,84,1.0683839321136475,7
10581.0,7883.0,10778.0,84,1.0683879852294922,7
10611.0,9292.0,9452.0,84,1.0684089660644531,7
10611.0,9191.0,9509.0,84,1.0684149265289307,7
10321.0,8668.0,10185.0,84,1.0684330463409424,7
10207.0,8456.0,10366.0,85,1.0772221088409424,7
10815.0,8827.0,9572.0,87,1.0901610851287842,7
11376.0,9735.0,8739.0,87,1.0901639461517334,7
11376.0,9836.0,8682.0,87,1.090169906616211,7
10273.0,9916.0,9421.0,87,1.0901861190795898,7
11669.0,9022.0,9268.0,100,1.242384910583496,7
11554.0,8865.0,9461.0,102,1.2633681297302246,7
12187.0,8695.0,9551.0,102,1.2633991241455078,7
11580.0,8785.0,9471.0,103,1.2702629566192627,7
10249.0,8786.0,10141.0,112,1.3209760189056396,7
9527.0,9562.0,10698.0,116,1.3448309898376465,7
9395.0,9987.0,10600.0,116,1.3448340892791748,7
10202.0,8686.0,10157.0,120,1.3659241199493408,7
9759.0,9255.0,10327.0,120,1.3659451007843018,7
9644.0,9266.0,10436.0,121,1.3716919422149658,7
9970.0,8332.0,10964.0,127,1.3972649574279785,7
10388.0,10889.0,8717.0,128,1.4079029560089111,8
10225.0,10780.0,8777.0,128,1.4079210758209229,8
10358.0,9810.0,9366.0,129,1.4168999195098877,8
10080.0,10415.0,9268.0,129,1.4169120788574219,8
10215.0,10135.0,9197.0,129,1.416914939880371,8
10120.0,10048.0,9547.0,135,1.475649118423462,8
11376.0,10284.0,8545.0,136,1.4911320209503174,8
11338.0,9846.0,8754.0,138,1.5234479904174805,8
10550.0,10903.0,8508.0,140,1.549246072769165,8
9869.0,10795.0,9098.0,140,1.5492489337921143,8
10007.0,11169.0,8814.0,141,1.5620450973510742,8
9496.0,11131.0,9371.0,141,1.5620620250701904,8
9279.0,11037.0,10019.0,141,1.5620810985565186,8
9091.0,10672.0,10424.0,142,1.5722379684448242,8
9514.0,10247.0,10122.0,142,1.5722410678863525,8
9487.0,10257.0,10080.0,143,1.5786869525909424,8
9977.0,9122.0,10229.0,149,1.6298201084136963,8
9732.0,10104.0,9696.0,152,1.6490190029144287,8
9754.0,9399.0,10275.0,156,1.668191909790039,8
9413.0,9357.0,10842.0,158,1.6751320362091064,8
10683.0,9291.0,9466.0,160,1.6984069347381592,8
10127.0,10034.0,9470.0,160,1.6984279155731201,8
10071.0,8453.0,10837.0,161,1.71055006980896,8
9927.0,9654.0,10044.0,163,1.7339351177215576,8
10062.0,8426.0,10861.0,163,1.733978033065796,8
9920.0,8972.0,10341.0,163,1.7339808940887451,8
10324.0,8159.0,10893.0,164,1.7435979843139648,8
9930.0,9715.0,9982.0,173,1.8185510635375977,8
10683.0,9252.0,9474.0,174,1.8241961002349854,8
10479.0,10427.0,8967.0,180,1.9036500453948975,8
10857.0,8133.0,10675.0,190,1.9934120178222656,8
9828.0,9063.0,10454.0,234,2.227813959121704,8
9726.0,8924.0,10795.0,235,2.2322909832000732,8
9417.0,9282.0,11179.0,244,2.2618660926818848,8
9629.0,8290.0,11531.0,246,2.267627000808716,8
10110.0,10791.0,8886.0,250,2.286302089691162,9
10294.0,10588.0,8904.0,250,2.286320924758911,9
9713.0,9961.0,9929.0,254,2.315627098083496,9
9337.0,10184.0,10580.0,264,2.3979299068450928,9
9339.0,10369.0,10386.0,264,2.3979361057281494,9
9393.0,10049.0,10503.0,264,2.3979389667510986,9
11409.0,10336.0,8521.0,270,2.473241090774536,9
9433.0,10666.0,10015.0,275,2.517620086669922,9
10467.0,10491.0,8963.0,275,2.5176260471343994,9
9957.0,11258.0,8843.0,275,2.5176289081573486,9
10316.0,10603.0,8884.0,276,2.527627944946289,9
10224.0,11019.0,8739.0,277,2.536552906036377,9
10525.0,10198.0,9144.0,278,2.5464580059051514,9
9359.0,10296.0,10426.0,280,2.5619189739227295,9
9331.0,10443.0,10278.0,280,2.5619289875030518,9
10020.0,9759.0,9848.0,291,2.6387150287628174,9
9908.0,9145.0,10328.0,294,2.65791392326355,9
10073.0,9733.0,9565.0,298,2.68284010887146,9
10266.0,10218.0,9123.0,299,2.688291072845459,9
10321.0,8769.0,10128.0,333,2.918118953704834,9
11513.0,9532.0,8814.0,338,2.9520959854125977,9
11513.0,9633.0,8757.0,338,2.952099084854126,9
11370.0,9857.0,8645.0,338,2.9521050453186035,9
10359.0,11040.0,8736.0,348,3.030189037322998,9
9559.0,9439.0,10667.0,367,3.2138919830322266,9
9795.0,8732.0,10922.0,444,3.5648090839385986,9
9373.0,9020.0,11330.0,451,3.5809099674224854,9
10457.0,10697.0,8844.0,466,3.6249608993530273,10
10132.0,10086.0,9465.0,477,3.696218967437744,10
9386.0,11641.0,9347.0,510,3.9801321029663086,10
9423.0,11144.0,9416.0,510,3.980156898498535,10
9492.0,10952.0,9543.0,510,3.980163097381592,10
10041.0,10552.0,9297.0,512,3.997412919998169,10
10517.0,10402.0,8934.0,514,4.0122740268707275,10
9690.0,10905.0,9312.0,514,4.0122809410095215,10
9445.0,10439.0,9995.0,519,4.041459083557129,10
11545.0,9330.0,8918.0,545,4.223191976547241,10
9936.0,9681.0,10020.0,589,4.407617092132568,10
9539.0,9512.0,10627.0,595,4.459338903427124,10
11004.0,8496.0,9890.0,628,4.683851957321167,10
10615.0,8260.0,10557.0,628,4.68385910987854,10
10676.0,8135.0,10624.0,630,4.692523956298828,10
10463.0,8122.0,10705.0,630,4.692539930343628,10
10376.0,9000.0,9783.0,638,4.735342979431152,10
9956.0,9608.0,10060.0,677,5.058353900909424,10
10435.0,9685.0,9493.0,761,5.484158039093018,10
10003.0,9480.0,9931.0,798,5.597249984741211,10
10347.0,10767.0,8868.0,824,5.672030925750732,11
9691.0,10666.0,9350.0,827,5.681873083114624,11
11329.0,10284.0,8602.0,867,5.897733926773071,11
9187.0,11013.0,10240.0,880,5.9988720417022705,11
9189.0,11198.0,10046.0,880,5.99887490272522,11
9446.0,11220.0,9400.0,882,6.015175104141235,11
11201.0,10452.0,8571.0,887,6.049304008483887,11
9498.0,10626.0,9659.0,894,6.0869410037994385,11
9921.0,10201.0,9357.0,894,6.086947917938232,11
9275.0,10469.0,10442.0,896,6.09691596031189,11
9358.0,10433.0,10320.0,896,6.096919059753418,11
11322.0,9602.0,8899.0,931,6.29645299911499,11
10857.0,9168.0,9230.0,934,6.305417060852051,11
10340.0,10085.0,9165.0,945,6.339751958847046,11
10243.0,9959.0,9335.0,948,6.351381063461304,11
10501.0,9755.0,9187.0,948,6.351383924484253,11
10537.0,9471.0,9466.0,993,6.514391899108887,11
11298.0,8859.0,9527.0,1069,6.989979028701782,11
10531.0,10564.0,8886.0,1301,8.000627994537354,12
11819.0,9773.0,8517.0,1366,8.265006065368652,12
10026.0,11066.0,8970.0,1378,8.399686098098755,12
9993.0,11013.0,9063.0,1378,8.399708032608032,12
9809.0,11216.0,9045.0,1378,8.39971113204956,12
9040.0,11129.0,10271.0,1381,8.416002988815308,12
10076.0,10977.0,8941.0,1392,8.476546049118042,12
9548.0,10537.0,9630.0,1402,8.517621040344238,12
9092.0,10535.0,10530.0,1408,8.534322023391724,12
10545.0,9351.0,9652.0,1454,8.694632053375244,12
10603.0,9484.0,9429.0,1477,8.768476009368896,12
9854.0,10775.0,9290.0,1861,10.28955602645874,13
9253.0,11174.0,9863.0,1942,10.622534036636353,13
9039.0,11266.0,10165.0,1946,10.641104936599731,13
10409.0,9893.0,9292.0,2061,11.032586097717285,13
9603.0,11491.0,9272.0,2478,12.462877988815308,14
9924.0,11205.0,8936.0,2479,12.46759295463562,14
9223.0,11063.0,10183.0,2487,12.492711067199707,14
11565.0,8746.0,9618.0,2832,13.633754968643188,14
11596.0,10045.0,8498.0,2917,13.85653805732727,15
10445.0,7880.0,11249.0,3136,14.457736015319824,15
9217.0,11051.0,10194.0,3278,14.91380000114441,16
11298.0,10701.0,8552.0,3511,15.549891948699951,17
11045.0,10866.0,8451.0,3557,15.648799896240234,17
12146.0,9362.0,8904.0,3622,15.820420980453491,17
11967.0,9285.0,8947.0,3623,15.824783086776733,17
12288.0,8816.0,9424.0,3756,16.09980607032776,18
