z1,z2,z3,node,time,depth
-17878.0,-18854.0,-17910.0,5,0.007937908172607422,3
-18157.0,-18571.0,-18437.0,11,0.016614913940429688,4
-18261.0,-18640.0,-18420.0,21,0.02932000160217285,5
-17765.0,-17762.0,-18777.0,45,0.053215980529785156,6
-17869.0,-17831.0,-18760.0,77,0.07589888572692871,7
-17408.0,-18863.0,-17631.0,320,0.20975399017333984,11
-18227.0,-18437.0,-18564.0,326,0.2121598720550537,11
-16435.0,-19083.0,-16330.0,361,0.23154497146606445,11
-17791.0,-18649.0,-18141.0,388,0.24353790283203125,12
-18478.0,-16467.0,-16187.0,433,0.2663609981536865,12
-18457.0,-18290.0,-18120.0,510,0.29935693740844727,14
-18353.0,-18221.0,-18137.0,522,0.3039510250091553,14
