z1,z2,z3,node,time,depth
1191.0,2223.0,4845.0,1,0.045393943786621094,1
3994.0,665.0,2892.0,1,0.045397043228149414,1
2321.0,4469.0,1067.0,1,0.045400142669677734,1
3513.0,4202.0,621.0,1,0.04540395736694336,1
3770.0,4072.0,600.0,1,0.04540705680847168,1
4288.0,3562.0,702.0,1,0.0454099178314209,1
3163.0,2435.0,1511.0,1,0.04541301727294922,1
3765.0,3829.0,607.0,1,0.045417070388793945,1
3538.0,2677.0,1285.0,1,0.045419931411743164,1
4073.0,3192.0,867.0,1,0.045423030853271484,1
1382.0,3518.0,1952.0,1,0.045426130294799805,1
1151.0,3822.0,2321.0,1,0.04542899131774902,1
1125.0,4023.0,2288.0,1,0.04543304443359375,1
1846.0,1330.0,4220.0,1,0.04543614387512207,1
1482.0,1737.0,4558.0,1,0.04543900489807129,1
1541.0,1715.0,4064.0,1,0.04544210433959961,1
3390.0,541.0,3856.0,1,0.045445919036865234,1
4088.0,440.0,3440.0,1,0.045449018478393555,1
3742.0,485.0,3764.0,1,0.045452117919921875,1
3100.0,838.0,3047.0,1,0.045454978942871094,1
1468.0,3702.0,1769.0,1,0.045458078384399414,1
3892.0,1809.0,1829.0,1,0.04546093940734863,1
4138.0,1825.0,1807.0,1,0.04546499252319336,1
4427.0,2324.0,1411.0,1,0.04546809196472168,1
4522.0,2671.0,1151.0,1,0.0454709529876709,1
3391.0,2076.0,1686.0,1,0.04547405242919922,1
3987.0,2156.0,1569.0,1,0.045478105545043945,1
1069.0,3776.0,2805.0,1,0.045480966567993164,1
1043.0,3977.0,2772.0,1,0.045484066009521484,1
1136.0,3483.0,2660.0,1,0.0454869270324707,1
995.0,3459.0,3638.0,1,0.04549002647399902,1
1011.0,3150.0,4281.0,1,0.045493125915527344,1
1568.0,3188.0,1916.0,1,0.04549694061279297,1
1393.0,2978.0,2324.0,1,0.04550004005432129,1
2720.0,893.0,3541.0,1,0.04550313949584961,1
2992.0,693.0,3815.0,1,0.04550600051879883,1
2484.0,947.0,4309.0,1,0.045513153076171875,1
2115.0,1153.0,4471.0,1,0.045516014099121094,1
4156.0,449.0,3319.0,1,0.045519113540649414,1
3724.0,582.0,3229.0,1,0.04552197456359863,1
2012.0,3846.0,1325.0,1,0.04552507400512695,1
1986.0,4047.0,1292.0,1,0.04552912712097168,1
2967.0,4273.0,754.0,1,0.0455319881439209,1
2993.0,4072.0,787.0,1,0.04553794860839844,1
3316.0,3656.0,816.0,1,0.04554104804992676,1
2300.0,3176.0,1420.0,1,0.04554414749145508,1
3038.0,3011.0,1213.0,1,0.04555106163024902,1
3573.0,3526.0,795.0,1,0.04555392265319824,1
3198.0,3284.0,1021.0,1,0.04555702209472656,1
1459.0,2035.0,3713.0,1,0.04556012153625488,1
1461.0,2402.0,2994.0,1,0.0455629825592041,1
1109.0,2543.0,4494.0,1,0.04556703567504883,1
1204.0,2907.0,3330.0,1,0.04557013511657715,1
1947.0,2607.0,1928.0,1,0.04557609558105469,1
1943.0,2220.0,2293.0,1,0.045580148696899414,1
1905.0,1308.0,3726.0,1,0.04558300971984863,1
1554.0,2651.0,2325.0,1,0.04558610916137695,1
1920.0,1659.0,3109.0,1,0.04558897018432617,1
3736.0,496.0,3532.0,1,0.0455930233001709,1
3804.0,505.0,3411.0,1,0.04559612274169922,1
3372.0,638.0,3321.0,1,0.04559898376464844,1
2285.0,1253.0,3232.0,1,0.045603036880493164,1
3979.0,829.0,2688.0,1,0.045606136322021484,1
3562.0,798.0,2802.0,1,0.0456089973449707,1
4217.0,1211.0,2298.0,1,0.04561614990234375,1
3517.0,1567.0,2055.0,1,0.04562211036682129,1
2814.0,1218.0,2745.0,1,0.045629024505615234,1
1769.0,3747.0,1517.0,1,0.045632123947143555,1
1795.0,3546.0,1550.0,1,0.04563498497009277,1
1654.0,3372.0,1733.0,1,0.045638084411621094,1
1898.0,2741.0,1872.0,1,0.04564714431762695,1
1579.0,2648.0,2288.0,1,0.0456540584564209,1
1914.0,2570.0,1997.0,1,0.04565691947937012,1
1910.0,2183.0,2362.0,1,0.04566001892089844,1
2361.0,1657.0,2551.0,1,0.04566311836242676,1
2275.0,1777.0,2485.0,1,0.04566597938537598,1
2308.0,1814.0,2416.0,1,0.0456700325012207,1
2234.0,1386.0,3072.0,1,0.04567313194274902,1
2262.0,1722.0,2568.0,1,0.04567599296569824,1
2152.0,1706.0,2721.0,1,0.04567909240722656,1
1800.0,2167.0,2515.0,1,0.04568195343017578,1
3210.0,854.0,2894.0,1,0.0456850528717041,1
2344.0,1402.0,2919.0,1,0.04568910598754883,1
2395.0,1269.0,3079.0,1,0.04569196701049805,1
3508.0,3959.0,628.0,1,0.045697927474975586,1
2634.0,3531.0,1124.0,1,0.04570198059082031,1
1969.0,3531.0,1424.0,1,0.04570794105529785,1
2031.0,2875.0,1721.0,1,0.04571104049682617,1
2663.0,2769.0,1439.0,1,0.04572105407714844,1
1535.0,2042.0,3377.0,1,0.04572701454162598,1
1785.0,1816.0,3132.0,1,0.0457301139831543,1
1666.0,2103.0,2951.0,1,0.04573392868041992,1
2701.0,1813.0,2205.0,1,0.04573702812194824,1
3353.0,1670.0,2002.0,1,0.04574704170227051,1
2981.0,1276.0,2586.0,1,0.04575014114379883,1
3097.0,1449.0,2354.0,1,0.04575300216674805,1
2066.0,1289.0,4422.0,2,0.08760809898376465,2
3516.0,1269.0,2447.0,2,0.08762693405151367,2
2335.0,1112.0,4673.0,2,0.08763599395751953,2
1185.0,2550.0,4158.0,2,0.08764505386352539,2
3318.0,1353.0,2345.0,2,0.08767414093017578,2
2704.0,906.0,4511.0,2,0.0876920223236084,2
3288.0,809.0,3208.0,2,0.08769512176513672,2
1008.0,3539.0,3570.0,2,0.08770203590393066,2
1056.0,3115.0,3919.0,2,0.08770513534545898,2
1075.0,3472.0,3091.0,2,0.08771109580993652,2
1056.0,4057.0,2704.0,2,0.08771800994873047,2
2922.0,1717.0,2196.0,2,0.08772110939025879,2
2164.0,2124.0,2284.0,2,0.08772397041320801,2
2965.0,1142.0,2774.0,2,0.08772706985473633,2
2620.0,1373.0,2785.0,2,0.08772993087768555,2
2205.0,2829.0,1680.0,2,0.08774209022521973,2
2254.0,2695.0,1736.0,2,0.08774805068969727,2
1617.0,3054.0,1972.0,2,0.08775115013122559,2
3016.0,1009.0,2934.0,2,0.08778905868530273,2
3017.0,1901.0,1983.0,2,0.08779501914978027,2
2599.0,2464.0,1725.0,2,0.0877981185913086,2
2978.0,1197.0,2691.0,2,0.08780097961425781,2
2582.0,1561.0,2542.0,2,0.08780813217163086,2
1980.0,1830.0,2914.0,2,0.08781099319458008,2
2647.0,1215.0,3096.0,2,0.08784914016723633,2
2125.0,1267.0,3928.0,2,0.08785200119018555,2
1865.0,2704.0,1941.0,3,0.1375720500946045,2
3784.0,2693.0,1263.0,3,0.13761401176452637,2
1704.0,3031.0,1940.0,3,0.1376171112060547,2
1505.0,3518.0,1901.0,3,0.13762402534484863,2
3449.0,1393.0,2262.0,3,0.1376330852508545,2
3409.0,2451.0,1489.0,3,0.1376359462738037,2
3284.0,3027.0,1191.0,3,0.1376490592956543,2
3027.0,3157.0,1212.0,3,0.13765192031860352,2
1138.0,4007.0,2390.0,3,0.13765907287597656,2
1395.0,3502.0,2054.0,3,0.13766193389892578,2
1164.0,3806.0,2423.0,3,0.1376650333404541,2
1149.0,3467.0,2762.0,3,0.13767099380493164,2
1202.0,2540.0,4049.0,3,0.13767409324645996,2
1406.0,2962.0,2426.0,3,0.13769006729125977,2
1474.0,2386.0,3096.0,3,0.1376969814300537,2
1567.0,2635.0,2427.0,3,0.13770008087158203,2
2586.0,2680.0,1601.0,3,0.13770294189453125,2
3763.0,1583.0,2033.0,3,0.1377120018005371,2
2014.0,3387.0,1524.0,3,0.13771510124206543,2
1513.0,3558.0,1869.0,3,0.13772201538085938,2
1840.0,3402.0,1650.0,3,0.1377251148223877,2
1699.0,3228.0,1833.0,3,0.13772797584533691,2
3468.0,1576.0,2107.0,3,0.13775300979614258,2
2672.0,2522.0,1668.0,3,0.1377561092376709,2
2331.0,2384.0,1896.0,3,0.13775897026062012,2
2680.0,2562.0,1636.0,3,0.13776206970214844,2
2237.0,2502.0,1861.0,3,0.13776898384094238,2
4233.0,2172.0,1547.0,3,0.13778400421142578,2
3858.0,1930.0,1773.0,3,0.1377871036529541,2
3506.0,1982.0,1791.0,3,0.13778996467590332,2
2615.0,1933.0,2139.0,3,0.13779306411743164,2
3053.0,1757.0,2113.0,3,0.13779711723327637,2
2634.0,2116.0,1984.0,3,0.13779997825622559,2
2256.0,3215.0,1464.0,3,0.13781309127807617,2
2546.0,3110.0,1397.0,3,0.13782215118408203,2
2415.0,2652.0,1689.0,3,0.13782906532287598,2
2462.0,2494.0,1769.0,3,0.1378319263458252,2
2321.0,2770.0,1654.0,3,0.13784503936767578,2
3139.0,3143.0,1207.0,4,0.17364096641540527,3
2636.0,1507.0,2597.0,4,0.1736440658569336,3
1592.0,2463.0,2568.0,4,0.17365002632141113,3
2554.0,3667.0,1211.0,4,0.17366909980773926,3
2209.0,3898.0,1222.0,4,0.17367196083068848,3
2603.0,2873.0,1476.0,4,0.17369413375854492,3
1064.0,4012.0,2719.0,4,0.17369699478149414,3
1016.0,3494.0,3585.0,4,0.17371201515197754,3
2193.0,2073.0,2376.0,4,0.17371511459350586,3
2235.0,3697.0,1255.0,4,0.17374300956726074,3
2910.0,2236.0,1781.0,4,0.17374610900878906,3
2479.0,2283.0,1975.0,4,0.17374897003173828,3
2565.0,2467.0,1792.0,4,0.1737520694732666,3
3165.0,2942.0,1240.0,4,0.17375493049621582,3
1709.0,3362.0,1733.0,4,0.17376708984375,3
1608.0,2597.0,2380.0,4,0.17376995086669922,3
2549.0,3424.0,1218.0,4,0.1737821102142334,3
2332.0,3124.0,1443.0,4,0.17379212379455566,3
2899.0,2776.0,1409.0,4,0.17379498481750488,3
2948.0,2642.0,1465.0,4,0.1737980842590332,3
1932.0,3213.0,1663.0,4,0.17380499839782715,3
1883.0,3347.0,1607.0,4,0.17380809783935547,3
3612.0,1914.0,1795.0,5,0.2108170986175537,3
1997.0,2085.0,2546.0,5,0.21087002754211426,3
3013.0,1514.0,2348.0,5,0.21088814735412598,3
1543.0,3191.0,1953.0,5,0.2109079360961914,3
2329.0,3950.0,1162.0,5,0.2109520435333252,3
2781.0,3141.0,1234.0,5,0.21095800399780273,3
1137.0,2974.0,3809.0,5,0.21097302436828613,3
2129.0,4166.0,1255.0,5,0.21100711822509766,3
1082.0,3856.0,2737.0,5,0.21103215217590332,3
3884.0,649.0,3045.0,6,0.2540860176086426,3
3885.0,947.0,2653.0,6,0.2541370391845703,3
3452.0,782.0,2955.0,6,0.25414013862609863,3
3487.0,1099.0,2612.0,6,0.2541501522064209,3
3992.0,1219.0,2390.0,6,0.25415992736816406,3
3135.0,1155.0,2704.0,6,0.2542099952697754,3
2232.0,3383.0,1434.0,6,0.2542290687561035,3
2578.0,2640.0,1633.0,6,0.2542450428009033,3
1556.0,3175.0,2055.0,6,0.25429296493530273,3
3022.0,1750.0,2164.0,6,0.254302978515625,3
2540.0,2234.0,1949.0,6,0.2543060779571533,3
2233.0,2115.0,2226.0,6,0.25431203842163086,3
1833.0,2204.0,2446.0,6,0.254331111907959,3
1874.0,2909.0,1842.0,6,0.25433993339538574,3
2007.0,3043.0,1691.0,6,0.25434398651123047,3
2803.0,2980.0,1376.0,6,0.2543659210205078,3
2704.0,1202.0,2898.0,6,0.2543821334838867,3
2251.0,1641.0,2704.0,6,0.25438499450683594,3
2650.0,1356.0,2748.0,6,0.25438809394836426,3
2168.0,1840.0,2533.0,6,0.2543909549713135,3
3228.0,757.0,3429.0,7,0.29305100440979004,3
2830.0,909.0,3388.0,7,0.29305410385131836,3
3926.0,656.0,3013.0,7,0.29306697845458984,3
3574.0,712.0,3105.0,7,0.2930760383605957,3
3642.0,721.0,2984.0,7,0.293079137802124,3
1410.0,3488.0,2283.0,7,0.29308295249938965,3
1677.0,2651.0,2274.0,7,0.29308605194091797,3
2030.0,1675.0,2956.0,7,0.2930929660797119,3
3476.0,3330.0,1003.0,7,0.2931020259857178,3
1584.0,2402.0,2943.0,7,0.29312992095947266,3
1516.0,2978.0,2273.0,7,0.2931361198425293,3
1651.0,1731.0,3911.0,7,0.2931399345397949,3
1895.0,1832.0,2979.0,7,0.29314303398132324,3
2015.0,1324.0,3573.0,7,0.29314613342285156,3
2280.0,3553.0,1355.0,7,0.29327392578125,3
3134.0,2206.0,1707.0,8,0.3354029655456543,4
2985.0,1663.0,2221.0,8,0.3354060649871826,4
2640.0,1894.0,2232.0,8,0.33540892601013184,4
1630.0,2869.0,2252.0,8,0.3354189395904541,4
2979.0,1473.0,2528.0,8,0.33547496795654297,4
1259.0,2867.0,3325.0,8,0.3354990482330322,4
1458.0,2179.0,3634.0,8,0.33550214767456055,4
1431.0,3384.0,2008.0,8,0.3355081081390381,4
2517.0,2689.0,1659.0,8,0.33554601669311523,4
1597.0,3137.0,2008.0,8,0.3355579376220703,4
1646.0,3003.0,2064.0,8,0.33556103706359863,4
1980.0,2991.0,1796.0,9,0.35953211784362793,4
1479.0,3162.0,2141.0,9,0.3595719337463379,4
1149.0,3112.0,3474.0,9,0.3595881462097168,4
1278.0,2547.0,3713.0,9,0.35959410667419434,4
2973.0,3444.0,1046.0,10,0.3961341381072998,4
1999.0,3141.0,1722.0,10,0.396198034286499,4
2017.0,2965.0,1752.0,10,0.39620208740234375,4
2595.0,2077.0,2090.0,10,0.39620494842529297,4
1979.0,2559.0,2068.0,10,0.3962080478668213,4
2862.0,4155.0,941.0,10,0.39621400833129883,4
2867.0,4398.0,934.0,10,0.39621710777282715,4
2560.0,1760.0,2433.0,10,0.3962559700012207,4
1992.0,2968.0,1789.0,10,0.3962879180908203,4
1954.0,2562.0,2105.0,10,0.39629507064819336,4
3224.0,4143.0,733.0,11,0.426908016204834,4
2754.0,2361.0,1808.0,11,0.4269421100616455,4
3058.0,3639.0,954.0,11,0.42694807052612305,4
3009.0,3773.0,898.0,11,0.4269521236419678,4
2683.0,3397.0,1180.0,11,0.4269580841064453,4
3172.0,1798.0,2066.0,11,0.42697691917419434,4
3881.0,2395.0,1544.0,11,0.4269890785217285,4
3250.0,3942.0,766.0,11,0.4270141124725342,4
2349.0,3042.0,1476.0,11,0.4270291328430176,4
2987.0,1433.0,2507.0,12,0.46458005905151367,4
2140.0,2323.0,2169.0,12,0.4645841121673584,4
1165.0,3158.0,3405.0,12,0.46460509300231934,4
1295.0,2789.0,3380.0,12,0.46460795402526855,4
1552.0,2284.0,3044.0,12,0.4646120071411133,4
2267.0,1332.0,3347.0,12,0.4646270275115967,4
2208.0,3264.0,1546.0,12,0.464648962020874,4
1822.0,2744.0,2074.0,12,0.46466493606567383,4
1871.0,2610.0,2130.0,12,0.46471214294433594,4
2178.0,2729.0,1853.0,12,0.46471500396728516,4
2186.0,2769.0,1821.0,12,0.46472692489624023,4
2505.0,1917.0,2292.0,12,0.4647400379180908,4
2591.0,1797.0,2358.0,12,0.46474313735961914,4
2165.0,1761.0,2638.0,12,0.4647550582885742,4
2198.0,1798.0,2569.0,12,0.46476101875305176,4
2969.0,746.0,4265.0,13,0.5144670009613037,4
2685.0,1089.0,3096.0,13,0.514470100402832,4
1823.0,1628.0,3375.0,13,0.5144729614257812,4
2957.0,889.0,3370.0,13,0.5144801139831543,4
4141.0,613.0,3115.0,13,0.5144920349121094,4
3471.0,965.0,2800.0,13,0.5145211219787598,4
2577.0,944.0,3864.0,13,0.5145659446716309,4
2305.0,1144.0,3590.0,13,0.5145690441131592,4
1854.0,2113.0,2570.0,13,0.5145759582519531,4
1605.0,2447.0,2670.0,13,0.5145790576934814,4
1838.0,1979.0,2758.0,13,0.5145859718322754,4
1858.0,2500.0,2205.0,13,0.5146019458770752,4
3119.0,1021.0,2892.0,13,0.5146150588989258,4
2172.0,2227.0,2168.0,13,0.5146210193634033,4
1198.0,3211.0,3044.0,13,0.5146820545196533,4
1841.0,2872.0,1911.0,13,0.5146920680999756,4
1809.0,2634.0,2149.0,13,0.5146949291229248,4
1653.0,2819.0,2244.0,13,0.5146980285644531,4
1490.0,2520.0,2908.0,13,0.5147049427032471,4
1621.0,2581.0,2482.0,13,0.5147080421447754,4
2634.0,1222.0,2936.0,13,0.5147111415863037,4
1492.0,3146.0,2243.0,13,0.514733076095581,4
1481.0,3686.0,1871.0,13,0.5147359371185303,4
1217.0,2891.0,3432.0,13,0.5147800445556641,4
1124.0,2894.0,3877.0,13,0.5147831439971924,4
1088.0,3456.0,3193.0,13,0.5147860050201416,4
1316.0,3606.0,2248.0,13,0.5147919654846191,4
1345.0,2951.0,2857.0,13,0.5147950649261475,4
1361.0,3085.0,2669.0,13,0.5147979259490967,4
3147.0,1049.0,2851.0,14,0.5634379386901855,4
3096.0,1182.0,2691.0,14,0.5634410381317139,4
2717.0,1988.0,2094.0,14,0.5634469985961914,4
3166.0,1162.0,2653.0,14,0.5634500980377197,4
3109.0,1237.0,2608.0,14,0.5634570121765137,4
1662.0,2300.0,2891.0,14,0.5634851455688477,4
1797.0,2143.0,2868.0,14,0.5634880065917969,4
1666.0,3191.0,1902.0,14,0.5634911060333252,4
2713.0,1601.0,2459.0,14,0.5635471343994141,4
2111.0,1870.0,2831.0,14,0.5635590553283691,4
1782.0,1792.0,3485.0,14,0.563575029373169,4
3091.0,2163.0,1797.0,14,0.5635850429534912,4
2299.0,2551.0,1836.0,14,0.5635979175567627,4
2778.0,2675.0,1544.0,14,0.563601016998291,4
1710.0,2688.0,2205.0,14,0.5636160373687744,4
2394.0,2898.0,1576.0,14,0.5636320114135742,4
2250.0,2685.0,1780.0,14,0.5636351108551025,4
2383.0,2819.0,1629.0,14,0.5636379718780518,4
2345.0,3032.0,1520.0,14,0.5636410713195801,4
3627.0,885.0,2780.0,15,0.600693941116333,4
3865.0,1267.0,2390.0,15,0.6006970405578613,4
3786.0,1881.0,1899.0,15,0.6007001399993896,4
3411.0,1639.0,2125.0,15,0.6007320880889893,4
3337.0,2402.0,1615.0,15,0.6007349491119385,4
3154.0,2038.0,1883.0,15,0.6007380485534668,4
2230.0,3416.0,1431.0,15,0.6007499694824219,4
2640.0,2992.0,1432.0,15,0.6007530689239502,4
2005.0,3076.0,1688.0,15,0.600762128829956,4
2897.0,2862.0,1411.0,15,0.6007850170135498,4
1749.0,2510.0,2361.0,15,0.6007940769195557,4
1933.0,1644.0,3222.0,15,0.6008069515228271,4
3116.0,1632.0,2199.0,15,0.6008279323577881,4
2247.0,2919.0,1612.0,15,0.600844144821167,4
2962.0,2160.0,1841.0,15,0.6008560657501221,4
2831.0,2050.0,1968.0,15,0.6008620262145996,4
1329.0,2744.0,3395.0,16,0.6392509937286377,5
2960.0,2123.0,1880.0,16,0.6392600536346436,5
1350.0,3307.0,2565.0,17,0.6628310680389404,5
1193.0,3447.0,2958.0,17,0.662869930267334,5
1145.0,2929.0,3824.0,17,0.6628730297088623,5
1581.0,3003.0,2196.0,17,0.6629149913787842,5
1450.0,2942.0,2622.0,17,0.6629221439361572,5
1219.0,3246.0,2991.0,17,0.6629250049591064,5
1406.0,2607.0,3138.0,18,0.6800351142883301,5
3032.0,1143.0,2746.0,19,0.69321608543396,5
2538.0,1842.0,2365.0,19,0.6932289600372314,5
1477.0,2536.0,2806.0,19,0.6932590007781982,5
3739.0,2837.0,1163.0,20,0.7297379970550537,5
3698.0,2950.0,1093.0,20,0.7297859191894531,5
3218.0,2061.0,1861.0,20,0.7297921180725098,5
3364.0,2595.0,1389.0,20,0.729794979095459,5
2982.0,3301.0,1112.0,20,0.7298200130462646,5
4093.0,1969.0,1707.0,20,0.7298331260681152,5
3718.0,1727.0,1933.0,20,0.7298359870910645,5
4188.0,2316.0,1447.0,20,0.7298400402069092,5
3813.0,2074.0,1673.0,20,0.7298440933227539,5
2864.0,2929.0,1317.0,20,0.7298660278320312,5
2528.0,3800.0,1237.0,20,0.7299411296844482,5
3382.0,4092.0,748.0,21,0.7821829319000244,5
3377.0,3849.0,755.0,21,0.7821860313415527,5
4391.0,2561.0,1278.0,21,0.7822020053863525,5
4157.0,3452.0,829.0,21,0.7822260856628418,5
3942.0,3082.0,994.0,21,0.7822301387786865,5
2997.0,1380.0,2536.0,21,0.7822909355163574,5
3634.0,3719.0,734.0,21,0.7823200225830078,5
3442.0,3416.0,922.0,21,0.7823290824890137,5
1297.0,3156.0,2661.0,22,0.8100111484527588,5
2202.0,2530.0,1968.0,22,0.8100669384002686,5
1828.0,4121.0,1507.0,22,0.810081958770752,5
2539.0,3184.0,1384.0,22,0.8100919723510742,5
2153.0,2664.0,1912.0,22,0.8100950717926025,5
1629.0,3375.0,1770.0,23,0.8809680938720703,5
2668.0,1745.0,2359.0,23,0.881005048751831,5
1329.0,3686.0,2180.0,23,0.8810081481933594,5
2724.0,3284.0,1250.0,23,0.881026029586792,5
2250.0,2308.0,2101.0,23,0.8810291290283203,5
1665.0,2832.0,2105.0,23,0.8810319900512695,5
2675.0,3418.0,1194.0,23,0.8810350894927979,5
1640.0,2835.0,2142.0,23,0.881066083908081,5
1489.0,3292.0,2110.0,23,0.8810701370239258,5
2659.0,3717.0,1083.0,23,0.8811030387878418,5
2633.0,3918.0,1050.0,23,0.8811099529266357,5
1509.0,2774.0,2568.0,23,0.8811130523681641,5
1493.0,2640.0,2756.0,23,0.8811161518096924,5
1698.0,2341.0,2713.0,23,0.8811371326446533,5
2976.0,1002.0,3172.0,24,0.9168450832366943,5
1310.0,3140.0,2763.0,24,0.9168510437011719,5
1363.0,3319.0,2462.0,24,0.9169859886169434,5
3532.0,705.0,3137.0,25,0.9488050937652588,5
1422.0,2653.0,3069.0,25,0.9488139152526855,5
3152.0,760.0,3631.0,25,0.9488730430603027,5
2524.0,2100.0,2137.0,26,0.9850890636444092,5
3006.0,1616.0,2352.0,26,0.9851081371307373,5
2217.0,1981.0,2414.0,26,0.9851140975952148,5
1557.0,1849.0,3876.0,27,1.0224380493164062,5
1464.0,1852.0,4321.0,27,1.0224411487579346,5
3538.0,966.0,2772.0,27,1.022454023361206,5
1936.0,1793.0,2921.0,27,1.0224740505218506,5
1382.0,2172.0,3970.0,27,1.0224781036376953,5
1828.0,1445.0,3983.0,27,1.0224809646606445,5
3186.0,1022.0,2864.0,27,1.0224940776824951,5
2701.0,1223.0,2908.0,27,1.0224981307983398,5
1839.0,1762.0,3187.0,27,1.0225141048431396,5
1475.0,2169.0,3525.0,27,1.0225179195404053,5
1397.0,2523.0,3353.0,27,1.0225441455841064,5
1921.0,1442.0,3538.0,27,1.0225670337677002,5
2250.0,1520.0,2884.0,27,1.022571086883545,5
2301.0,1387.0,3044.0,27,1.0225739479064941,5
1268.0,3088.0,3114.0,27,1.022623062133789,5
2691.0,1800.0,2350.0,28,1.062432050704956,5
2094.0,2465.0,2173.0,28,1.0624821186065674,5
2441.0,3479.0,1393.0,28,1.0624940395355225,5
3564.0,1010.0,2694.0,29,1.0895569324493408,5
1666.0,2082.0,3294.0,29,1.089587926864624,5
3671.0,1282.0,2431.0,29,1.0895979404449463,5
2720.0,3274.0,1294.0,29,1.0896070003509521,5
3592.0,1896.0,1940.0,29,1.0896100997924805,5
3217.0,1654.0,2166.0,29,1.0896530151367188,5
2608.0,3159.0,1372.0,29,1.0896711349487305,5
2599.0,2863.0,1520.0,29,1.089709997177124,5
2648.0,2729.0,1576.0,29,1.089717149734497,5
3233.0,1424.0,2374.0,30,1.118847131729126,5
2266.0,2109.0,2203.0,30,1.1188759803771973,5
3212.0,1066.0,2786.0,30,1.1188819408416748,5
3157.0,1184.0,2676.0,30,1.1188859939575195,5
2818.0,1605.0,2380.0,30,1.1188890933990479,5
3280.0,1529.0,2252.0,30,1.118891954421997,5
2865.0,1710.0,2258.0,30,1.1188950538635254,5
2365.0,2044.0,2186.0,30,1.1189041137695312,5
3142.0,1086.0,2824.0,30,1.118947982788086,5
2487.0,3286.0,1410.0,31,1.147840976715088,5
2513.0,3085.0,1443.0,31,1.1478440761566162,5
2250.0,2339.0,2016.0,31,1.1478540897369385,5
2288.0,2745.0,1700.0,31,1.1479120254516602,5
2296.0,2785.0,1668.0,31,1.1479151248931885,5
2326.0,3573.0,1288.0,32,1.18243408203125,6
2109.0,3273.0,1513.0,32,1.1824779510498047,6
2018.0,3397.0,1480.0,33,1.208531141281128,6
2794.0,3374.0,1218.0,33,1.2085399627685547,6
3046.0,2307.0,1697.0,33,1.208570957183838,6
2789.0,2437.0,1718.0,33,1.208578109741211,6
2563.0,3303.0,1272.0,33,1.208639144897461,6
2554.0,3007.0,1420.0,33,1.2086420059204102,6
1233.0,3068.0,3292.0,34,1.2286889553070068,6
1772.0,1906.0,3597.0,34,1.228701114654541,6
3003.0,1548.0,2458.0,35,1.2530019283294678,6
1499.0,2808.0,2678.0,35,1.2530999183654785,6
1402.0,2424.0,3488.0,35,1.2531039714813232,6
3404.0,1537.0,2162.0,37,1.2843070030212402,6
3337.0,1536.0,2190.0,37,1.2843129634857178,6
1332.0,2967.0,2755.0,37,1.2843289375305176,6
1348.0,3101.0,2567.0,37,1.284332036972046,6
1537.0,2668.0,2712.0,37,1.2843351364135742,6
3008.0,1901.0,2013.0,37,1.2844009399414062,6
1996.0,1964.0,2726.0,38,1.3020799160003662,6
1817.0,1730.0,3658.0,39,1.3145029544830322,6
4147.0,2429.0,1377.0,41,1.37312912940979,6
3555.0,3702.0,765.0,41,1.3731379508972168,6
3300.0,2290.0,1675.0,41,1.3731441497802734,6
2800.0,2624.0,1603.0,41,1.3731629848480225,6
3180.0,3460.0,991.0,41,1.3732140064239502,6
2846.0,3105.0,1287.0,41,1.373258113861084,6
2751.0,2758.0,1547.0,41,1.3732640743255615,6
2659.0,2382.0,1804.0,42,1.4001250267028809,6
2550.0,2598.0,1669.0,43,1.426922082901001,6
1974.0,3144.0,1759.0,43,1.4269599914550781,6
3099.0,2130.0,1797.0,43,1.4270110130310059,6
3020.0,3187.0,1183.0,43,1.4270291328430176,6
2645.0,2945.0,1409.0,43,1.4270319938659668,6
2978.0,3687.0,1039.0,43,1.427103042602539,6
2579.0,1943.0,2278.0,43,1.4271130561828613,6
2589.0,3234.0,1377.0,44,1.4487249851226807,6
1963.0,3730.0,1474.0,45,1.4647729396820068,6
1242.0,3462.0,2667.0,46,1.4930601119995117,6
1281.0,3168.0,3046.0,47,1.513970136642456,6
1410.0,2603.0,3285.0,47,1.513998031616211,6
2916.0,3587.0,1062.0,47,1.5140409469604492,6
1714.0,2475.0,2525.0,47,1.5140690803527832,6
2375.0,3502.0,1397.0,49,1.5671970844268799,6
3338.0,648.0,3491.0,49,1.567199945449829,6
3631.0,524.0,4128.0,49,1.567209005355835,6
2910.0,788.0,4434.0,49,1.5673530101776123,6
3308.0,636.0,4475.0,49,1.567357063293457,6
2647.0,1277.0,2853.0,50,1.5926179885864258,6
2629.0,2203.0,2042.0,51,1.6129701137542725,6
2906.0,1022.0,3210.0,52,1.6440889835357666,6
1284.0,2220.0,4400.0,52,1.6440989971160889,6
1450.0,1844.0,5103.0,52,1.6441020965576172,6
2192.0,1459.0,3383.0,52,1.6441121101379395,6
2208.0,1150.0,4026.0,52,1.6441149711608887,6
1648.0,1813.0,4062.0,52,1.644118070602417,6
3391.0,821.0,3166.0,52,1.6441240310668945,6
2561.0,1253.0,3221.0,52,1.6442129611968994,6
1400.0,2057.0,4207.0,53,1.6744580268859863,6
2331.0,1129.0,4176.0,53,1.6744699478149414,6
2390.0,1107.0,3682.0,53,1.6744771003723145,6
1642.0,3359.0,1872.0,54,1.714493989944458,6
1746.0,1540.0,4602.0,54,1.7145071029663086,6
1606.0,2230.0,3099.0,54,1.714529037475586,6
1688.0,1910.0,3450.0,54,1.7146461009979248,6
3533.0,1003.0,2745.0,55,1.743685007095337,6
1746.0,1765.0,3632.0,55,1.7437360286712646,6
1981.0,3244.0,1658.0,55,1.7437851428985596,6
2206.0,3584.0,1401.0,55,1.7437920570373535,6
3060.0,2156.0,1848.0,55,1.743807077407837,6
2737.0,2168.0,1933.0,55,1.7438170909881592,6
2755.0,2105.0,2064.0,56,1.7767269611358643,6
3278.0,2341.0,1616.0,56,1.776742935180664,6
3280.0,2848.0,1345.0,57,1.809041976928711,6
2645.0,1708.0,2502.0,57,1.8090870380401611,6
3063.0,2548.0,1570.0,57,1.8091049194335938,6
2845.0,2480.0,1703.0,57,1.8091120719909668,6
3042.0,2297.0,1741.0,58,1.8310160636901855,6
1562.0,3424.0,1925.0,59,1.852890968322754,6
3170.0,1549.0,2288.0,59,1.8529009819030762,6
2063.0,3253.0,1580.0,59,1.8529560565948486,6
1748.0,3094.0,1889.0,59,1.852966070175171,6
2759.0,1505.0,2592.0,60,1.870332956314087,6
2316.0,2178.0,2130.0,60,1.8703680038452148,6
1753.0,2897.0,1996.0,61,1.8929290771484375,6
2897.0,2168.0,1904.0,61,1.8929600715637207,6
3248.0,1260.0,2578.0,62,1.9321849346160889,6
2346.0,2220.0,2100.0,62,1.932237148284912,6
2313.0,2183.0,2169.0,62,1.9322991371154785,6
3295.0,1365.0,2456.0,62,1.9323019981384277,6
3529.0,1316.0,2444.0,62,1.932305097579956,6
2653.0,2339.0,1823.0,62,1.9323091506958008,6
3135.0,1855.0,2038.0,62,1.93231201171875,6
2739.0,2219.0,1889.0,62,1.9323151111602783,6
2642.0,2156.0,1952.0,63,1.9519929885864258,6
2258.0,2379.0,1984.0,63,1.9520361423492432,6
1757.0,2550.0,2329.0,63,1.9520390033721924,6
3342.0,2210.0,1630.0,64,1.9805560111999512,7
2882.0,3273.0,1228.0,64,1.9805850982666016,7
2314.0,3300.0,1413.0,64,1.980600118637085,7
3307.0,1893.0,1973.0,64,1.9806039333343506,7
1683.0,3563.0,1700.0,66,2.0701489448547363,7
1734.0,3868.0,1600.0,67,2.089898109436035,7
1708.0,4069.0,1567.0,67,2.0899009704589844,7
1517.0,3568.0,1825.0,67,2.0899651050567627,7
1515.0,2942.0,2490.0,70,2.1425139904022217,7
1418.0,2558.0,3300.0,70,2.14251708984375,7
2875.0,1919.0,2124.0,72,2.1733651161193848,7
2047.0,1831.0,2886.0,76,2.226077079772949,7
2525.0,1103.0,3792.0,77,2.235930919647217,7
1682.0,2237.0,2763.0,78,2.2464439868927,7
1551.0,2176.0,3189.0,78,2.246462106704712,7
3653.0,2653.0,1346.0,80,2.2723231315612793,7
2193.0,3128.0,1667.0,81,2.2962560653686523,7
3174.0,3604.0,924.0,81,2.2962710857391357,7
3239.0,3171.0,1091.0,81,2.2962770462036133,7
3431.0,3474.0,903.0,81,2.2962801456451416,7
3589.0,2544.0,1445.0,81,2.2962920665740967,7
2030.0,2426.0,2228.0,81,2.2963290214538574,7
3313.0,2408.0,1601.0,83,2.360558032989502,7
4022.0,3005.0,1079.0,83,2.3605620861053467,7
2944.0,1207.0,2861.0,83,2.36061692237854,7
3000.0,2605.0,1529.0,84,2.378674030303955,7
3567.0,2840.0,1220.0,84,2.378714084625244,7
3404.0,3010.0,1238.0,84,2.3787200450897217,7
4296.0,2214.0,1538.0,86,2.426748037338257,7
4016.0,2319.0,1504.0,86,2.4267640113830566,7
3921.0,1972.0,1764.0,86,2.4269020557403564,7
2644.0,1720.0,2510.0,87,2.4491400718688965,7
1312.0,3495.0,2322.0,89,2.4801149368286133,7
1311.0,3693.0,2252.0,89,2.480181932449341,7
1286.0,3696.0,2289.0,89,2.480185031890869,7
2963.0,3292.0,1214.0,90,2.5004799365997314,7
2801.0,3769.0,975.0,90,2.500494956970215,7
2155.0,3965.0,1288.0,90,2.500535011291504,7
2203.0,4097.0,1272.0,91,2.5141990184783936,7
2849.0,3901.0,959.0,91,2.514202117919922,7
2875.0,3700.0,992.0,91,2.51424503326416,7
1211.0,3291.0,2976.0,93,2.5569510459899902,7
1538.0,3158.0,2166.0,94,2.574566125869751,7
2441.0,3615.0,1238.0,94,2.5746121406555176,7
2541.0,3345.0,1288.0,94,2.5746190547943115,7
1703.0,3238.0,1789.0,95,2.594419002532959,7
1310.0,3128.0,3041.0,98,2.6622390747070312,7
2238.0,1377.0,3326.0,100,2.6976709365844727,7
2618.0,1322.0,2832.0,100,2.697705030441284,7
1896.0,3331.0,1709.0,103,2.751816987991333,7
2129.0,2863.0,1797.0,103,2.7518270015716553,7
1265.0,2540.0,4012.0,104,2.779478073120117,7
1183.0,2860.0,3661.0,104,2.779494047164917,7
2975.0,792.0,3905.0,104,2.779550075531006,7
3789.0,669.0,3207.0,104,2.779552936553955,7
3321.0,747.0,3581.0,104,2.7795629501342773,7
1764.0,1425.0,4839.0,106,2.8403069972991943,7
1590.0,2096.0,3287.0,106,2.840353012084961,7
2657.0,1088.0,3498.0,106,2.840363025665283,7
1823.0,1403.0,4345.0,106,2.840461015701294,7
1672.0,1776.0,3638.0,106,2.8405020236968994,7
1764.0,1650.0,3869.0,107,2.8672120571136475,7
2578.0,2451.0,1894.0,108,2.897639036178589,7
2210.0,2444.0,2113.0,108,2.897642135620117,7
2555.0,2213.0,2102.0,108,2.8976449966430664,7
2923.0,2220.0,1883.0,108,2.8976731300354004,7
2961.0,2626.0,1567.0,108,2.8976800441741943,7
1808.0,3530.0,1652.0,108,2.897692918777466,7
2359.0,2987.0,1599.0,108,2.897696018218994,7
1982.0,3515.0,1526.0,108,2.8976991176605225,7
1477.0,3279.0,2249.0,109,2.929708957672119,7
1522.0,2758.0,2670.0,109,2.9297120571136475,7
2157.0,1523.0,3329.0,110,2.9532980918884277,7
2654.0,1743.0,2383.0,110,2.9533050060272217,7
3139.0,1542.0,2339.0,110,2.9533140659332275,7
1886.0,2351.0,2332.0,111,2.977803945541382,7
1919.0,2388.0,2263.0,111,2.97780704498291,7
2463.0,3454.0,1380.0,111,2.9778101444244385,7
2406.0,1241.0,3494.0,111,2.977851152420044,7
2489.0,3253.0,1413.0,111,2.9778850078582764,7
2223.0,3087.0,1582.0,111,2.9778881072998047,7
3246.0,2621.0,1507.0,112,3.004915952682495,7
2069.0,2468.0,2210.0,112,3.004960060119629,7
1670.0,2340.0,2859.0,112,3.004997968673706,7
2998.0,1919.0,2073.0,114,3.0535731315612793,7
3487.0,1799.0,1946.0,114,3.0536041259765625,7
3581.0,981.0,2647.0,115,3.0852980613708496,7
4086.0,1101.0,2425.0,115,3.085310935974121,7
3632.0,1473.0,2160.0,115,3.0854201316833496,7
4102.0,2062.0,1674.0,115,3.085426092147827,7
3100.0,1569.0,2326.0,115,3.085447072982788,7
3132.0,1807.0,2088.0,115,3.0854530334472656,7
4007.0,1715.0,1934.0,115,3.0854690074920654,7
3312.0,2001.0,1906.0,116,3.110651969909668,7
2128.0,2125.0,2463.0,116,3.1106700897216797,7
2217.0,2648.0,1849.0,117,3.12540602684021,7
2813.0,1008.0,3478.0,121,3.1885290145874023,7
3734.0,1157.0,2517.0,121,3.188575029373169,7
1903.0,2516.0,2184.0,121,3.18859601020813,7
3086.0,1989.0,1982.0,124,3.2427799701690674,7
2846.0,1886.0,2172.0,124,3.242785930633545,7
2239.0,2879.0,1644.0,124,3.2428691387176514,7
2327.0,1997.0,2261.0,126,3.2878270149230957,7
2294.0,1960.0,2330.0,126,3.2878310680389404,7
2744.0,1238.0,2783.0,126,3.2878470420837402,7
1903.0,1872.0,2947.0,126,3.2878761291503906,7
1928.0,1869.0,2910.0,126,3.28787899017334,7
2757.0,1293.0,2700.0,126,3.2878849506378174,7
2399.0,1469.0,2794.0,127,3.302504062652588,7
1948.0,1995.0,2605.0,127,3.302506923675537,7
2537.0,3504.0,1239.0,132,3.3991551399230957,8
2380.0,3022.0,1546.0,132,3.399186134338379,8
1090.0,3811.0,2752.0,134,3.4793081283569336,8
1104.0,3633.0,3053.0,134,3.479310989379883,8
1130.0,3432.0,3086.0,134,3.479314088821411,8
1289.0,3123.0,3061.0,135,3.4937379360198975,8
1273.0,2989.0,3249.0,135,3.493744134902954,8
2936.0,1797.0,2165.0,136,3.5066850185394287,8
1422.0,2741.0,2950.0,150,3.666727066040039,8
1280.0,3173.0,3048.0,150,3.666738986968994,8
1553.0,2802.0,2524.0,150,3.6667699813842773,8
2919.0,1015.0,3370.0,152,3.6848959922790527,8
3254.0,819.0,3378.0,153,3.6960561275482178,8
2573.0,1575.0,2713.0,154,3.7047369480133057,8
2596.0,1348.0,2936.0,155,3.715891122817993,8
2035.0,1897.0,2789.0,158,3.738179922103882,8
3085.0,4006.0,871.0,161,3.769469976425171,8
2094.0,2535.0,2129.0,161,3.769508123397827,8
3089.0,2878.0,1373.0,162,3.7971949577331543,8
3201.0,2765.0,1407.0,162,3.797200918197632,8
3056.0,3232.0,1129.0,163,3.817780017852783,8
4052.0,2082.0,1637.0,164,3.8341920375823975,8
4007.0,1785.0,1890.0,164,3.8342249393463135,8
3634.0,2645.0,1379.0,164,3.8342530727386475,8
3064.0,1381.0,2508.0,165,3.8582379817962646,8
3943.0,1676.0,1989.0,165,3.858264923095703,8
3134.0,2979.0,1307.0,166,3.8865039348602295,8
3688.0,2650.0,1375.0,167,3.9184300899505615,8
3022.0,2877.0,1401.0,170,3.9640040397644043,8
3185.0,3546.0,943.0,170,3.964035987854004,8
3067.0,3174.0,1148.0,170,3.9640390872955322,8
2786.0,3384.0,1227.0,174,4.040439128875732,8
3474.0,2372.0,1571.0,175,4.06053900718689,8
1809.0,3357.0,1784.0,179,4.110084056854248,8
1592.0,3057.0,2009.0,179,4.110127925872803,8
2347.0,4268.0,1100.0,180,4.1255340576171875,8
3033.0,3642.0,991.0,180,4.12555193901062,8
2984.0,3776.0,935.0,180,4.125555038452148,8
2304.0,3953.0,1199.0,180,4.125564098358154,8
2775.0,3970.0,942.0,181,4.142954111099243,8
1236.0,3145.0,3092.0,186,4.220201015472412,8
2623.0,2266.0,1938.0,188,4.2496490478515625,8
1538.0,2935.0,2530.0,188,4.249664068222046,8
1378.0,3552.0,2236.0,189,4.264972925186157,8
2467.0,3414.0,1271.0,189,4.264985084533691,8
1678.0,3241.0,1826.0,191,4.296756029129028,8
1328.0,2826.0,3311.0,196,4.37839412689209,8
1585.0,2321.0,2975.0,200,4.45958399772644,8
1560.0,2324.0,3012.0,200,4.459587097167969,8
2513.0,1957.0,2260.0,200,4.4595959186553955,8
2146.0,2110.0,2469.0,201,4.475336074829102,8
3850.0,659.0,3215.0,202,4.496660947799683,8
3498.0,715.0,3307.0,202,4.496665000915527,8
3066.0,848.0,3217.0,202,4.496668100357056,8
3418.0,792.0,3125.0,202,4.496670961380005,8
2613.0,1287.0,3023.0,202,4.49672794342041,8
1838.0,2573.0,2199.0,205,4.547424077987671,8
1444.0,3368.0,2110.0,205,4.547461032867432,8
1605.0,3041.0,2111.0,205,4.547466993331909,8
2148.0,2363.0,2137.0,206,4.564471006393433,8
1945.0,3197.0,1765.0,207,4.5770440101623535,8
2887.0,841.0,4884.0,208,4.607939958572388,8
2467.0,1097.0,4379.0,208,4.607943058013916,8
2402.0,1042.0,4928.0,208,4.607945919036865,8
2033.0,1248.0,5090.0,208,4.6079490184783936,8
2836.0,891.0,4217.0,208,4.607953071594238,8
3327.0,736.0,3813.0,208,4.6079840660095215,8
1230.0,3449.0,2806.0,208,4.608019113540649,8
2554.0,1105.0,3702.0,211,4.689131021499634,8
2923.0,899.0,3540.0,211,4.689234018325806,8
1463.0,2926.0,2724.0,212,4.72386908531189,8
1415.0,2408.0,3590.0,212,4.723873138427734,8
1361.0,2642.0,3500.0,213,4.747919082641602,8
2226.0,1275.0,3726.0,214,4.785079002380371,8
1779.0,2001.0,3252.0,214,4.7851951122283936,8
2190.0,2112.0,2405.0,214,4.785197973251343,8
1876.0,2385.0,2442.0,214,4.785201072692871,8
2532.0,2140.0,2105.0,215,4.801984071731567,8
2219.0,2678.0,1831.0,220,4.9060139656066895,8
2605.0,1877.0,2327.0,220,4.906070947647095,8
2803.0,2286.0,1869.0,221,4.92798113822937,8
2548.0,2274.0,1917.0,223,4.9661431312561035,8
2905.0,2398.0,1782.0,224,4.987151145935059,8
4101.0,937.0,2629.0,228,5.1139349937438965,8
2995.0,2499.0,1669.0,228,5.113947153091431,8
3988.0,1532.0,2089.0,228,5.114017009735107,8
3036.0,2325.0,1757.0,228,5.114022970199585,8
3044.0,2365.0,1725.0,228,5.114026069641113,8
3263.0,1917.0,1961.0,229,5.1340789794921875,8
3345.0,2146.0,1775.0,229,5.134151935577393,8
3259.0,1530.0,2326.0,229,5.134180068969727,8
1715.0,2463.0,2517.0,232,5.198185920715332,8
2006.0,3347.0,1556.0,232,5.198210954666138,8
1674.0,3231.0,1870.0,233,5.214863061904907,8
2799.0,2217.0,1908.0,234,5.228466033935547,8
2591.0,2823.0,1552.0,235,5.240910053253174,8
2610.0,2323.0,1892.0,235,5.240936994552612,8
2512.0,3270.0,1371.0,238,5.28727912902832,8
2834.0,2293.0,1818.0,238,5.287306070327759,8
2055.0,3213.0,1612.0,239,5.302006006240845,8
2447.0,2273.0,2000.0,240,5.313823938369751,8
2414.0,2236.0,2069.0,240,5.313830137252808,8
2155.0,2505.0,2129.0,241,5.3230040073394775,8
2798.0,2013.0,2037.0,242,5.338235139846802,8
3249.0,1358.0,2561.0,243,5.353647947311401,8
3227.0,1356.0,2577.0,244,5.368044137954712,8
2911.0,1973.0,2053.0,246,5.400820970535278,8
2704.0,1623.0,2482.0,246,5.400845050811768,8
2222.0,2107.0,2267.0,246,5.400848150253296,8
2748.0,1625.0,2418.0,247,5.4165120124816895,8
1952.0,2382.0,2240.0,247,5.416517972946167,8
2795.0,1699.0,2384.0,250,5.466436147689819,8
2377.0,1348.0,3194.0,252,5.487316131591797,8
2799.0,2330.0,1859.0,252,5.4873340129852295,8
2458.0,2107.0,2134.0,252,5.487349987030029,8
2623.0,1973.0,2107.0,252,5.487365007400513,8
3229.0,1037.0,2739.0,253,5.505926132202148,8
2500.0,1123.0,3529.0,253,5.505943059921265,8
2415.0,1160.0,3437.0,253,5.505945920944214,8
2795.0,1105.0,2943.0,253,5.5059590339660645,8
2302.0,2000.0,2298.0,253,5.5059919357299805,8
3442.0,1943.0,1846.0,259,5.58307409286499,9
3375.0,1942.0,1874.0,259,5.583083152770996,9
2123.0,3714.0,1405.0,264,5.665750026702881,9
2149.0,3513.0,1438.0,264,5.665802001953125,9
1377.0,3262.0,2529.0,266,5.69153094291687,9
1342.0,4323.0,2063.0,266,5.691538095474243,9
1622.0,3885.0,1750.0,266,5.691540956497192,9
1368.0,4122.0,2096.0,266,5.69154691696167,9
1370.0,3373.0,2439.0,267,5.702535152435303,9
2591.0,2028.0,2176.0,276,5.782158136367798,9
2961.0,2103.0,1941.0,294,5.97147798538208,9
2612.0,1482.0,2748.0,302,6.043440103530884,9
2589.0,1709.0,2525.0,303,6.050929069519043,9
2982.0,1019.0,3104.0,307,6.082705020904541,9
2051.0,2031.0,2601.0,312,6.113858938217163,9
1743.0,2090.0,3275.0,314,6.122518062591553,9
3923.0,2899.0,1149.0,318,6.141942977905273,9
3153.0,2987.0,1274.0,319,6.153002023696899,9
2535.0,1763.0,2470.0,326,6.261408090591431,9
3530.0,3705.0,802.0,326,6.261423110961914,9
4009.0,2887.0,1153.0,327,6.274651050567627,9
3321.0,3899.0,809.0,330,6.33980393409729,9
2984.0,2471.0,1717.0,334,6.420691013336182,9
3522.0,2543.0,1473.0,334,6.420711994171143,9
3971.0,2022.0,1757.0,343,6.534460067749023,9
2968.0,2035.0,1927.0,346,6.583904981613159,9
3112.0,2248.0,1723.0,347,6.60034704208374,9
3753.0,2353.0,1613.0,347,6.600383996963501,9
2139.0,2127.0,2321.0,354,6.690786123275757,9
2177.0,2533.0,2005.0,356,6.725691080093384,9
2570.0,4119.0,1030.0,358,6.747797012329102,9
2378.0,3816.0,1218.0,361,6.771806001663208,9
2914.0,3426.0,1158.0,361,6.771815061569214,9
2229.0,3896.0,1305.0,364,6.8001909255981445,9
1216.0,3663.0,2634.0,371,6.8973729610443115,9
1310.0,2785.0,3475.0,371,6.897426128387451,9
1217.0,2788.0,3920.0,371,6.8974289894104,9
2515.0,3546.0,1255.0,376,6.960577011108398,9
1333.0,2601.0,3623.0,420,7.674147129058838,9
1104.0,3147.0,3836.0,420,7.674202919006348,9
1348.0,2940.0,3284.0,420,7.674215078353882,9
1369.0,2682.0,3468.0,424,7.780422925949097,9
2175.0,1408.0,3566.0,426,7.815165996551514,9
2192.0,1285.0,3896.0,427,7.834403038024902,9
2770.0,1052.0,3188.0,428,7.847799062728882,9
2637.0,1505.0,2677.0,428,7.847805976867676,9
2719.0,1185.0,3028.0,428,7.847809076309204,9
2184.0,1944.0,2483.0,428,7.847815990447998,9
2192.0,1984.0,2451.0,428,7.847854137420654,9
2289.0,1453.0,2947.0,429,7.8665690422058105,9
2666.0,1460.0,2698.0,429,7.866578102111816,9
1494.0,2907.0,2543.0,431,7.916700124740601,9
1365.0,3472.0,2304.0,431,7.916773080825806,9
3491.0,1486.0,2247.0,432,7.934780120849609,9
3400.0,1148.0,2697.0,432,7.934868097305298,9
2567.0,2991.0,1522.0,433,7.955554008483887,9
2587.0,2451.0,1864.0,434,7.984373092651367,9
1778.0,2003.0,3394.0,438,8.054885149002075,9
2560.0,2816.0,1603.0,442,8.120887994766235,9
2568.0,2856.0,1571.0,442,8.120891094207764,9
2215.0,3047.0,1614.0,442,8.120903015136719,9
2786.0,1186.0,3000.0,444,8.159296989440918,9
2653.0,1639.0,2489.0,444,8.159302949905396,9
2735.0,1319.0,2840.0,444,8.159306049346924,9
2200.0,2078.0,2295.0,444,8.159312009811401,9
2208.0,2118.0,2263.0,444,8.159348964691162,9
2305.0,1587.0,2759.0,445,8.175518989562988,9
2682.0,1594.0,2510.0,445,8.17552900314331,9
3153.0,2917.0,1318.0,453,8.29496693611145,9
2745.0,2638.0,1613.0,453,8.294989109039307,9
3881.0,1260.0,2352.0,454,8.318177938461304,9
3647.0,1309.0,2364.0,455,8.3400399684906,9
3720.0,2388.0,1549.0,456,8.359117031097412,9
3128.0,1420.0,2453.0,460,8.433717012405396,9
3585.0,1368.0,2282.0,461,8.455127954483032,9
1539.0,2923.0,2522.0,462,8.46713399887085,9
1524.0,3018.0,2241.0,463,8.476346969604492,9
2769.0,3140.0,1350.0,476,8.621402978897095,9
2929.0,2123.0,1910.0,478,8.644660949707031,9
2769.0,1739.0,2324.0,480,8.657776117324829,9
3145.0,1369.0,2565.0,482,8.678385019302368,9
2482.0,2349.0,1910.0,490,8.767647981643677,9
2675.0,1668.0,2461.0,490,8.767657041549683,9
2580.0,2866.0,1564.0,490,8.767674922943115,9
2298.0,2347.0,1965.0,492,8.788416147232056,9
2780.0,1863.0,2180.0,492,8.788434982299805,9
2837.0,2736.0,1543.0,498,8.869915962219238,9
2661.0,2379.0,1791.0,498,8.869955062866211,9
2728.0,1338.0,2679.0,502,8.90370798110962,9
2313.0,1589.0,2728.0,504,8.928712129592896,9
2829.0,1201.0,2875.0,505,8.937780141830444,9
1918.0,2223.0,2330.0,506,8.944325923919678,9
2050.0,2555.0,2109.0,507,8.949289083480835,9
3326.0,2076.0,1818.0,510,8.963773012161255,10
3216.0,2809.0,1400.0,516,9.061170101165771,10
2999.0,2509.0,1625.0,516,9.061182975769043,10
2160.0,3140.0,1673.0,516,9.061219930648804,10
1900.0,3863.0,1475.0,520,9.119998931884766,10
1926.0,3662.0,1508.0,520,9.120029926300049,10
2468.0,2823.0,1603.0,525,9.173241138458252,10
1337.0,3641.0,2195.0,529,9.210495948791504,10
1424.0,2947.0,2948.0,552,9.415504932403564,10
3423.0,3233.0,1077.0,622,9.95567512512207,10
2069.0,2538.0,2166.0,628,10.015183925628662,10
3675.0,2532.0,1449.0,644,10.245110034942627,10
3917.0,3085.0,1031.0,654,10.441072940826416,10
2975.0,2608.0,1566.0,656,10.45846700668335,10
3513.0,2680.0,1322.0,656,10.458470106124878,10
2634.0,2385.0,1841.0,660,10.489588022232056,10
2855.0,3072.0,1251.0,668,10.594221115112305,10
3378.0,2805.0,1346.0,668,10.59423303604126,10
1337.0,3492.0,2285.0,700,10.96059513092041,10
1322.0,3153.0,2624.0,700,10.96059799194336,10
3155.0,3595.0,1026.0,702,10.979305982589722,10
2474.0,3925.0,1194.0,706,11.020909070968628,10
1567.0,2280.0,3139.0,724,11.16865611076355,10
1518.0,2637.0,2719.0,724,11.16866397857666,10
1291.0,3105.0,3087.0,728,11.227926969528198,10
1583.0,2414.0,2951.0,744,11.384756088256836,10
1534.0,2771.0,2531.0,744,11.384762048721313,10
3344.0,637.0,3723.0,752,11.486504077911377,10
3690.0,592.0,3399.0,767,11.661662101745605,10
3233.0,676.0,4087.0,767,11.661664962768555,10
1173.0,3198.0,3373.0,767,11.661772966384888,10
1303.0,2829.0,3348.0,769,11.703907012939453,10
1655.0,2185.0,3157.0,788,11.971272945404053,10
1789.0,2707.0,2143.0,796,12.090238094329834,10
1808.0,2207.0,2483.0,796,12.090240955352783,10
1797.0,2747.0,2111.0,796,12.090248107910156,10
2152.0,2111.0,2423.0,796,12.090271949768066,10
2090.0,1968.0,2703.0,798,12.118200063705444,10
1085.0,3467.0,3448.0,812,12.255527019500732,10
1059.0,3668.0,3415.0,812,12.25553297996521,10
2560.0,1094.0,3934.0,820,12.411314964294434,10
2929.0,888.0,3772.0,820,12.411371946334839,10
1878.0,1568.0,3982.0,836,12.737818956375122,10
2711.0,1074.0,3682.0,836,12.737839937210083,10
2203.0,1573.0,2881.0,840,12.802101135253906,10
1377.0,2776.0,3312.0,845,12.86018705368042,10
4077.0,1105.0,2599.0,852,12.999910116195679,10
4193.0,1379.0,2268.0,852,12.999932050704956,10
2193.0,2816.0,1819.0,854,13.03609013557434,10
2204.0,2465.0,1930.0,866,13.19870400428772,10
2704.0,1506.0,2649.0,872,13.286502122879028,10
2599.0,2141.0,2077.0,872,13.286525964736938,10
2251.0,1945.0,2455.0,872,13.286530017852783,10
2591.0,2101.0,2109.0,872,13.286539077758789,10
2219.0,1707.0,2693.0,872,13.286543130874634,10
2284.0,1982.0,2386.0,872,13.286545991897583,10
3245.0,2304.0,1685.0,876,13.38631296157837,10
3438.0,1933.0,1890.0,892,13.587158918380737,10
3006.0,1959.0,2041.0,892,13.587181091308594,10
2987.0,2459.0,1701.0,892,13.587187051773071,10
3600.0,1204.0,2486.0,893,13.607869148254395,10
3509.0,1128.0,2584.0,893,13.607914924621582,10
4312.0,1558.0,2038.0,896,13.664520978927612,10
4181.0,1448.0,2165.0,904,13.795490026473999,10
3727.0,1820.0,1900.0,904,13.795501947402954,10
2312.0,2995.0,1589.0,913,13.891504049301147,10
2812.0,2335.0,1834.0,932,14.077878952026367,10
2361.0,2861.0,1645.0,932,14.077885150909424,10
3319.0,1338.0,2523.0,944,14.163480997085571,10
2255.0,2144.0,2198.0,966,14.330907106399536,10
2751.0,1908.0,2159.0,968,14.343712091445923,10
2766.0,1744.0,2363.0,980,14.470468997955322,10
2907.0,1586.0,2418.0,991,14.543951988220215,10
2321.0,1629.0,2696.0,992,14.55587100982666,10
2047.0,1562.0,3335.0,993,14.567568063735962,10
2747.0,1521.0,2524.0,994,14.575967073440552,10
2776.0,1476.0,2545.0,995,14.584903955459595,10
1956.0,2035.0,2573.0,997,14.604504108428955,10
3385.0,1886.0,1993.0,1010,14.715512037277222,11
2932.0,2508.0,1653.0,1012,14.744658946990967,11
2997.0,2441.0,1641.0,1020,14.822015047073364,11
1386.0,3507.0,2251.0,1032,14.924283027648926,11
3284.0,1363.0,2515.0,1097,15.403669118881226,11
2613.0,1225.0,3266.0,1147,15.764034986495972,11
3535.0,3120.0,1111.0,1180,15.89726209640503,11
3390.0,3587.0,833.0,1181,15.905297040939331,11
3913.0,3320.0,928.0,1181,15.90530014038086,11
3628.0,2656.0,1383.0,1184,15.95278000831604,11
3128.0,2990.0,1311.0,1184,15.952789068222046,11
4102.0,2132.0,1630.0,1208,16.326870918273926,11
3196.0,3350.0,1098.0,1220,16.4651300907135,11
3701.0,3524.0,893.0,1225,16.532166004180908,11
3509.0,3221.0,1081.0,1225,16.532196044921875,11
3304.0,2874.0,1329.0,1262,16.995672941207886,11
3063.0,2382.0,1667.0,1282,17.25299096107483,11
2544.0,4320.0,997.0,1329,17.66116499900818,11
1261.0,3142.0,3055.0,1380,18.075026988983154,11
2446.0,2998.0,1548.0,1402,18.27808713912964,11
2225.0,2311.0,2138.0,1410,18.337414979934692,11
1325.0,3479.0,2424.0,1467,19.03267192840576,11
2567.0,3805.0,1209.0,1472,19.10302710533142,11
2173.0,1801.0,2606.0,1478,19.16757106781006,11
1818.0,1853.0,3063.0,1479,19.179883003234863,11
3072.0,837.0,3449.0,1486,19.26653003692627,11
1249.0,3129.0,3194.0,1559,20.206534147262573,11
1491.0,2273.0,3475.0,1570,20.409668922424316,11
1499.0,2313.0,3443.0,1570,20.40967297554016,11
1524.0,2310.0,3406.0,1570,20.40967607498169,11
1772.0,1690.0,3837.0,1580,20.59104895591736,11
2677.0,1084.0,3852.0,1582,20.6221821308136,11
2222.0,2350.0,2167.0,1584,20.652724027633667,11
1884.0,2425.0,2410.0,1585,20.662336111068726,11
2211.0,1613.0,2849.0,1586,20.67157506942749,11
1831.0,1668.0,3343.0,1586,20.67157793045044,11
1937.0,1546.0,3488.0,1587,20.68183207511902,11
2160.0,1746.0,2689.0,1588,20.689181089401245,11
1366.0,2459.0,4108.0,1594,20.745453119277954,11
3485.0,1296.0,2554.0,1602,20.85519313812256,11
1414.0,2410.0,3732.0,1610,20.954669952392578,11
3151.0,2422.0,1650.0,1612,20.992743968963623,11
2637.0,2115.0,2089.0,1629,21.189171075820923,11
2227.0,1747.0,2661.0,1650,21.417030096054077,11
1847.0,1802.0,3155.0,1650,21.417032957077026,11
2661.0,1679.0,2457.0,1652,21.43401598930359,11
2176.0,1880.0,2501.0,1652,21.434019088745117,11
2733.0,1461.0,2670.0,1654,21.451791048049927,11
3073.0,1617.0,2324.0,1654,21.451802968978882,11
3653.0,2583.0,1390.0,1659,21.492491960525513,11
2876.0,2748.0,1486.0,1680,21.72067093849182,11
3733.0,2506.0,1475.0,1696,21.969988107681274,11
3214.0,2036.0,1902.0,1712,22.20052409172058,11
3017.0,2102.0,1918.0,1712,22.200545072555542,11
3249.0,2112.0,1812.0,1716,22.258422136306763,11
3055.0,2508.0,1602.0,1717,22.271274089813232,11
2695.0,3277.0,1331.0,1728,22.357873916625977,11
2723.0,1728.0,2432.0,1746,22.48194694519043,11
1723.0,3097.0,1926.0,1776,22.743577003479004,11
1832.0,3362.0,1682.0,1777,22.748135089874268,11
2736.0,1378.0,2647.0,1874,23.372403144836426,11
2433.0,2110.0,2171.0,1876,23.3832049369812,11
2283.0,1817.0,2453.0,1876,23.383211135864258,11
2880.0,1068.0,3035.0,1882,23.42334508895874,11
2755.0,1561.0,2492.0,1886,23.459874153137207,11
2270.0,1762.0,2536.0,1886,23.459877014160156,11
2062.0,1913.0,2718.0,1890,23.490355014801025,11
2984.0,1876.0,2164.0,2054,24.646685123443604,12
2868.0,3706.0,1096.0,2166,25.183457136154175,12
3176.0,2768.0,1444.0,2182,25.354351043701172,12
3214.0,3174.0,1128.0,2182,25.3543541431427,12
3714.0,2840.0,1200.0,2182,25.354385137557983,12
4372.0,2378.0,1433.0,2198,25.517811059951782,12
4277.0,2031.0,1693.0,2201,25.54314112663269,12
3650.0,2535.0,1486.0,2223,25.77758502960205,12
3175.0,2866.0,1377.0,2245,26.112519025802612,12
3259.0,3477.0,960.0,2278,26.448091983795166,12
3782.0,3210.0,1055.0,2278,26.448105096817017,12
3013.0,3014.0,1250.0,2295,26.566669940948486,12
3467.0,2787.0,1376.0,2301,26.63913607597351,12
2791.0,2767.0,1537.0,2326,26.908733129501343,12
2570.0,2080.0,2127.0,2332,26.988739013671875,12
2689.0,4295.0,1029.0,2394,27.483880043029785,12
1895.0,3541.0,1601.0,2558,28.568400144577026,12
1299.0,3680.0,2391.0,2623,29.276857137680054,12
2626.0,1362.0,2800.0,2638,29.432151079177856,12
1793.0,1856.0,3100.0,2640,29.45176100730896,12
1663.0,2225.0,3125.0,2656,29.614130973815918,12
1647.0,2534.0,2482.0,2680,29.85772395133972,12
1639.0,2494.0,2514.0,2682,29.873640060424805,12
1628.0,3034.0,2142.0,2682,29.87366509437561,12
2190.0,2517.0,2107.0,2708,30.0725519657135,12
1172.0,3412.0,3011.0,2729,30.230077028274536,12
1141.0,2781.0,4256.0,2730,30.281584978103638,12
1704.0,2014.0,3400.0,2795,31.39036202430725,12
2230.0,2390.0,2135.0,2820,31.663989067077637,12
2651.0,1099.0,3266.0,2832,31.746618032455444,12
1791.0,2224.0,2870.0,2836,31.781678915023804,12
1846.0,2019.0,2726.0,2836,31.781688928604126,12
1614.0,2270.0,3067.0,2846,31.871165990829468,12
1483.0,2209.0,3493.0,2846,31.871197938919067,12
2186.0,2641.0,1900.0,2910,32.63625192642212,12
2166.0,2037.0,2475.0,2932,32.80604696273804,12
2622.0,1914.0,2300.0,2956,33.043509006500244,12
1862.0,2153.0,2538.0,2964,33.08748006820679,12
1894.0,2391.0,2300.0,2964,33.08749008178711,12
3634.0,2400.0,1545.0,2968,33.10837411880493,12
3551.0,1338.0,2430.0,3012,33.53402805328369,12
2653.0,1748.0,2470.0,3060,34.1439049243927,12
3181.0,1999.0,1971.0,3061,34.15393805503845,12
3494.0,1030.0,2732.0,3062,34.16123294830322,12
1685.0,2691.0,2242.0,3086,34.377609968185425,12
2687.0,3237.0,1363.0,3091,34.42452597618103,12
2453.0,3434.0,1407.0,3136,34.81666302680969,12
2429.0,2457.0,1838.0,3269,35.57805299758911,12
2716.0,1796.0,2335.0,3368,36.189258098602295,12
2883.0,2642.0,1597.0,3389,36.262715101242065,13
4031.0,3692.0,723.0,3683,37.78463411331177,13
3839.0,3389.0,911.0,3683,37.78465008735657,13
2959.0,1546.0,2522.0,3818,38.99759602546692,13
3708.0,3279.0,1038.0,3870,39.501996994018555,13
2650.0,3421.0,1231.0,4202,41.543089151382446,13
2592.0,1372.0,2970.0,4350,42.84125208854675,13
2584.0,1332.0,3002.0,4352,42.85868501663208,13
1430.0,2693.0,3037.0,4374,43.07462191581726,13
1846.0,2613.0,2167.0,4464,43.82751798629761,13
2893.0,887.0,4524.0,4490,43.96532893180847,13
2537.0,1228.0,3372.0,4534,44.54783606529236,13
2588.0,1095.0,3532.0,4534,44.547842025756836,13
1242.0,2818.0,3779.0,4550,44.81567096710205,13
1234.0,2778.0,3811.0,4550,44.81567406654358,13
1741.0,1723.0,3994.0,4596,45.53611493110657,13
1598.0,2136.0,3255.0,4600,45.58509111404419,13
2736.0,1062.0,3358.0,4647,45.98086905479431,13
2251.0,1263.0,3402.0,4648,45.99328398704529,13
2169.0,1583.0,3051.0,4648,45.993300914764404,13
2177.0,1623.0,3019.0,4648,45.99330401420593,13
2266.0,1624.0,2834.0,4655,46.03909206390381,13
1782.0,3731.0,1619.0,4688,46.265679121017456,13
3376.0,2414.0,1558.0,4904,48.24933195114136,13
3119.0,1364.0,2581.0,4966,48.75044012069702,13
3312.0,2109.0,1844.0,5000,49.066941022872925,13
3536.0,1502.0,2226.0,5041,49.49860215187073,13
3900.0,1443.0,2197.0,5042,49.50579905509949,13
1592.0,2442.0,2911.0,5070,49.725969076156616,13
1723.0,2503.0,2485.0,5072,49.73390007019043,13
2376.0,1640.0,2681.0,5475,51.84924006462097,13
3548.0,3529.0,832.0,5754,53.08126211166382,14
3510.0,3123.0,1148.0,5754,53.08126497268677,14
4048.0,3195.0,904.0,5754,53.081268072128296,14
3417.0,3419.0,959.0,5995,54.920490026474,14
2995.0,3190.0,1220.0,6092,55.52804899215698,14
3108.0,1861.0,2088.0,6098,55.55355501174927,14
2699.0,3287.0,1287.0,6412,57.04055905342102,14
1093.0,2830.0,4632.0,6748,59.562901973724365,14
1188.0,3103.0,3654.0,6749,59.57939004898071,14
1223.0,2461.0,4607.0,6764,59.76065492630005,14
1210.0,2580.0,4017.0,6824,60.50035095214844,14
1341.0,2641.0,3591.0,6824,60.50036311149597,14
1432.0,2295.0,3969.0,6862,61.0660400390625,14
1440.0,2335.0,3937.0,6862,61.06604313850403,14
1467.0,2075.0,3681.0,6890,61.4364550113678,14
1573.0,1953.0,3826.0,6891,61.44722104072571,14
1952.0,1897.0,2871.0,7009,62.3015820980072,14
2769.0,3128.0,1373.0,7111,63.17419099807739,14
2288.0,3163.0,1559.0,7126,63.344664096832275,14
3601.0,2363.0,1614.0,7338,64.6295211315155,14
3526.0,1268.0,2494.0,7542,66.30469608306885,14
2744.0,3143.0,1387.0,7716,67.15438413619995,14
4038.0,2023.0,1729.0,8454,70.49630808830261,15
3367.0,3169.0,1189.0,8533,71.18020415306091,15
3449.0,2375.0,1608.0,8660,71.78926491737366,15
2139.0,1811.0,2776.0,9123,74.29260206222534,15
2131.0,1771.0,2808.0,9126,74.31756210327148,15
1514.0,1975.0,4320.0,9454,77.12766599655151,15
1385.0,2816.0,3280.0,9658,78.39959502220154,15
2455.0,3401.0,1410.0,9804,79.62041902542114,15
2405.0,2625.0,1808.0,9901,80.12177991867065,15
2961.0,876.0,3813.0,11832,89.45953607559204,16
1316.0,2458.0,4162.0,12115,91.31212210655212,16
1112.0,3187.0,3804.0,12121,91.40353894233704,16
3128.0,2920.0,1355.0,12880,95.74076509475708,16
1141.0,3348.0,3766.0,14467,102.5350730419159,17
1368.0,2164.0,4752.0,14474,102.67566204071045,17
3751.0,2656.0,1332.0,15300,107.39877510070801,17
3628.0,2586.0,1427.0,15313,107.43445897102356,17
1267.0,2815.0,3742.0,16781,113.6831259727478,18
1443.0,2322.0,3851.0,16908,114.70607209205627,18
1174.0,2818.0,4187.0,19520,125.63290095329285,20
1408.0,2097.0,4175.0,19732,127.0240969657898,20
3483.0,1329.0,2551.0,20026,128.15041399002075,20
