z1,z2,z3,node,time,depth
-106.0,-82.0,-77.0,1,0.014668941497802734,1
-83.0,-72.0,-107.0,1,0.014698982238769531,1
-88.0,-75.0,-104.0,1,0.014702081680297852,1
-80.0,-71.0,-108.0,1,0.014751911163330078,1
-94.0,-71.0,-100.0,1,0.014781951904296875,1
-86.0,-105.0,-86.0,1,0.014851093292236328,1
-95.0,-102.0,-81.0,1,0.014899015426635742,1
-100.0,-93.0,-83.0,1,0.014900922775268555,1
-100.0,-74.0,-91.0,2,0.028985023498535156,2
-96.0,-95.0,-86.0,6,0.07887911796569824,3
-100.0,-75.0,-90.0,6,0.0790090560913086,3
-92.0,-95.0,-91.0,7,0.09048199653625488,3
-97.0,-90.0,-89.0,7,0.09052896499633789,3
-99.0,-94.0,-83.0,8,0.0999290943145752,4
-83.0,-101.0,-92.0,8,0.10004305839538574,4
-87.0,-96.0,-95.0,9,0.11002612113952637,4
-90.0,-81.0,-97.0,9,0.11010408401489258,4
-92.0,-91.0,-93.0,9,0.11014199256896973,4
-95.0,-93.0,-88.0,10,0.12131404876708984,4
-96.0,-88.0,-91.0,11,0.13175511360168457,4
-91.0,-93.0,-93.0,11,0.13177108764648438,4
-87.0,-100.0,-90.0,13,0.15340304374694824,4
-88.0,-92.0,-96.0,13,0.15345001220703125,4
-89.0,-68.0,-103.0,13,0.15348601341247559,4
-92.0,-100.0,-83.0,15,0.17420196533203125,4
-94.0,-94.0,-90.0,16,0.18266010284423828,5
-85.0,-97.0,-95.0,16,0.1826639175415039,5
-92.0,-98.0,-87.0,17,0.19092297554016113,5
-89.0,-105.0,-79.0,18,0.2000439167022705,5
-101.0,-82.0,-84.0,18,0.20005393028259277,5
-87.0,-97.0,-92.0,19,0.2095320224761963,5
-96.0,-94.0,-87.0,19,0.2095339298248291,5
-91.0,-76.0,-99.0,20,0.21897602081298828,5
-86.0,-98.0,-92.0,21,0.22805309295654297,5
-87.0,-90.0,-98.0,21,0.22805500030517578,5
-94.0,-78.0,-95.0,22,0.2376401424407959,5
-92.0,-78.0,-97.0,24,0.2566850185394287,5
-98.0,-72.0,-94.0,31,0.31977105140686035,5
-104.0,-76.0,-84.0,31,0.31981492042541504,5
-97.0,-77.0,-92.0,34,0.34502506256103516,6
-84.0,-93.0,-98.0,35,0.3527109622955322,6
-93.0,-90.0,-93.0,35,0.3527719974517822,6
-100.0,-81.0,-86.0,36,0.36078500747680664,6
-70.0,-106.0,-83.0,37,0.36853814125061035,6
-87.0,-101.0,-87.0,37,0.36861300468444824,6
-95.0,-77.0,-95.0,55,0.5432529449462891,6
-95.0,-80.0,-93.0,56,0.5518040657043457,6
-88.0,-93.0,-94.0,58,0.5680100917816162,6
-75.0,-88.0,-100.0,58,0.5680549144744873,6
-103.0,-79.0,-83.0,61,0.5924150943756104,6
-98.0,-91.0,-87.0,62,0.5999059677124023,6
-89.0,-88.0,-96.0,71,0.6726291179656982,7
-92.0,-96.0,-88.0,77,0.7209351062774658,7
-75.0,-106.0,-76.0,77,0.7209699153900146,7
-91.0,-100.0,-84.0,79,0.7369959354400635,7
-100.0,-79.0,-87.0,84,0.7762811183929443,7
-102.0,-77.0,-85.0,93,0.8430290222167969,7
-96.0,-73.0,-95.0,93,0.8430590629577637,7
-91.0,-79.0,-98.0,101,0.9047670364379883,7
-101.0,-81.0,-85.0,104,0.9265201091766357,7
-99.0,-76.0,-91.0,107,0.9480440616607666,7
-94.0,-81.0,-92.0,119,1.0309650897979736,7
-88.0,-96.0,-90.0,142,1.2032361030578613,8
-99.0,-95.0,-78.0,158,1.3202869892120361,8
-105.0,-81.0,-79.0,158,1.3203840255737305,8
-92.0,-101.0,-82.0,159,1.3267040252685547,8
-82.0,-74.0,-106.0,163,1.3549909591674805,8
-87.0,-77.0,-103.0,163,1.3550031185150146,8
-103.0,-76.0,-85.0,185,1.5115001201629639,8
-88.0,-79.0,-101.0,195,1.5802271366119385,8
-91.0,-83.0,-95.0,197,1.594067096710205,8
-92.0,-80.0,-96.0,203,1.6359081268310547,8
-76.0,-82.0,-104.0,205,1.6494231224060059,8
-84.0,-85.0,-100.0,206,1.662053108215332,8
-97.0,-75.0,-94.0,213,1.7110340595245361,8
-93.0,-74.0,-98.0,217,1.7371160984039307,8
-99.0,-83.0,-85.0,227,1.8007879257202148,8
-97.0,-71.0,-96.0,241,1.890242099761963,8
-103.0,-75.0,-86.0,241,1.8902630805969238,8
-102.0,-89.0,-76.0,252,1.957503080368042,8
-76.0,-86.0,-102.0,277,2.123037099838257,9
-82.0,-106.0,-74.0,288,2.195613145828247,9
-89.0,-100.0,-87.0,288,2.195639133453369,9
-83.0,-92.0,-99.0,327,2.454970121383667,9
-84.0,-94.0,-97.0,387,2.810065984725952,9
-87.0,-98.0,-91.0,391,2.8357720375061035,9
-93.0,-80.0,-95.0,396,2.8670361042022705,9
-85.0,-74.0,-105.0,399,2.887152910232544,9
-91.0,-81.0,-96.0,410,2.9558520317077637,9
-98.0,-79.0,-90.0,428,3.060105085372925,9
-90.0,-97.0,-88.0,521,3.579108953475952,10
-101.0,-80.0,-86.0,537,3.6814870834350586,10
-83.0,-94.0,-98.0,587,3.9748289585113525,10
-100.0,-96.0,-76.0,628,4.217004060745239,10
-97.0,-79.0,-91.0,670,4.463817119598389,10
-92.0,-89.0,-94.0,690,4.563946008682251,10
-90.0,-77.0,-99.0,706,4.65120005607605,10
-99.0,-77.0,-89.0,730,4.785928010940552,10
-101.0,-87.0,-78.0,738,4.823750972747803,10
-89.0,-76.0,-102.0,776,5.035306930541992,10
-83.0,-84.0,-102.0,787,5.092148065567017,10
-85.0,-79.0,-102.0,789,5.1017749309539795,10
-98.0,-81.0,-89.0,810,5.210437059402466,10
-98.0,-75.0,-93.0,818,5.253335952758789,10
-94.0,-76.0,-97.0,833,5.329494953155518,10
-93.0,-91.0,-92.0,860,5.4765729904174805,10
-104.0,-78.0,-83.0,912,5.742356061935425,10
-103.0,-81.0,-82.0,956,5.949559926986694,10
-95.0,-96.0,-83.0,1083,6.647319078445435,11
-101.0,-91.0,-75.0,1177,7.133270025253296,11
-67.0,-89.0,-104.0,1212,7.309118032455444,11
-94.0,-79.0,-94.0,1441,8.48258900642395,11
-89.0,-81.0,-99.0,1491,8.713427066802979,11
-96.0,-76.0,-94.0,1502,8.765897989273071,11
-99.0,-80.0,-88.0,1511,8.806543111801147,11
-89.0,-89.0,-95.0,1570,9.069036960601807,11
-92.0,-76.0,-98.0,1629,9.34351897239685,11
-101.0,-76.0,-89.0,1676,9.54051399230957,11
-84.0,-81.0,-101.0,1885,10.513855934143066,12
-93.0,-78.0,-96.0,1893,10.555531978607178,12
-87.0,-106.0,-67.0,2024,11.181652069091797,12
-102.0,-79.0,-84.0,2365,12.796252965927124,12
-80.0,-83.0,-103.0,2531,13.51507306098938,12
-87.0,-78.0,-102.0,2547,13.575317144393921,12
-102.0,-75.0,-87.0,2842,14.791651964187622,12
-100.0,-77.0,-88.0,2933,15.143118143081665,12
-88.0,-83.0,-98.0,3105,15.825508117675781,13
-80.0,-87.0,-100.0,3468,17.28601312637329,13
-90.0,-80.0,-98.0,3990,19.342597007751465,13
-102.0,-83.0,-81.0,5021,23.030424118041992,14
-88.0,-87.0,-97.0,5373,24.146817922592163,14
-75.0,-80.0,-106.0,5830,25.56310200691223,14
-79.0,-108.0,-70.0,6987,29.103044986724854,15
-72.0,-92.0,-101.0,7271,29.851076126098633,15
-78.0,-81.0,-105.0,7948,31.609256982803345,15
-99.0,-71.0,-93.0,8517,33.19278693199158,15
-89.0,-101.0,-84.0,8806,33.8884699344635,16
-96.0,-99.0,-66.0,9346,35.1777069568634,16
-95.0,-74.0,-96.0,9665,35.895983934402466,16
-77.0,-84.0,-103.0,10311,37.415322065353394,16
-104.0,-83.0,-75.0,11040,39.010359048843384,16
-81.0,-95.0,-98.0,11312,39.53314709663391,17
-84.0,-99.0,-92.0,11314,39.53635501861572,17
-85.0,-91.0,-98.0,11318,39.54136800765991,17
-89.0,-94.0,-93.0,11408,39.73116707801819,17
-93.0,-96.0,-87.0,11462,39.83633804321289,17
-87.0,-103.0,-86.0,11472,39.85254406929016,17
-88.0,-95.0,-92.0,11474,39.85639309883118,17
-73.0,-90.0,-100.0,11957,40.82875204086304,17
-84.0,-96.0,-96.0,12430,41.7712299823761,17
-73.0,-94.0,-99.0,12523,41.956058979034424,17
-76.0,-98.0,-93.0,12547,41.997873067855835,17
-90.0,-75.0,-100.0,12606,42.102571964263916,17
-81.0,-86.0,-100.0,12811,42.47519612312317,17
-97.0,-97.0,-66.0,14059,44.75523400306702,18
-69.0,-99.0,-93.0,14879,46.028422117233276,18
-81.0,-73.0,-107.0,14932,46.108542919158936,18
-69.0,-80.0,-108.0,16406,48.37549304962158,19
-68.0,-87.0,-103.0,18127,50.50453805923462,20
-74.0,-83.0,-105.0,18152,50.5302619934082,20
-75.0,-85.0,-103.0,18526,50.96779108047485,20
-81.0,-77.0,-105.0,18654,51.10777807235718,20
-79.0,-107.0,-72.0,19264,51.86311912536621,21
-76.0,-106.0,-75.0,19270,51.86867594718933,21
-73.0,-82.0,-106.0,19956,52.601089000701904,21
-94.0,-89.0,-91.0,20390,53.047054052352905,22
-75.0,-108.0,-75.0,20440,53.09099292755127,22
-103.0,-82.0,-79.0,20458,53.10805702209473,22
-101.0,-92.0,-70.0,20490,53.14495897293091,22
-104.0,-84.0,-72.0,20514,53.167776107788086,22
-78.0,-85.0,-102.0,20576,53.22382307052612,22
-82.0,-78.0,-104.0,20610,53.25522804260254,22
-71.0,-91.0,-102.0,20828,53.46141314506531,22
-79.0,-86.0,-101.0,20830,53.46321702003479,22
-104.0,-80.0,-80.0,20954,53.56949496269226,22
-101.0,-84.0,-81.0,21112,53.74235510826111,23
-86.0,-80.0,-101.0,21214,53.82636213302612,23
-87.0,-82.0,-99.0,21302,53.90084409713745,23
-86.0,-76.0,-104.0,21326,53.91958212852478,23
-96.0,-78.0,-93.0,21352,53.93867492675781,23
-97.0,-93.0,-85.0,21486,54.13194394111633,24
-103.0,-86.0,-69.0,21502,54.14083409309387,24
-70.0,-78.0,-107.0,21534,54.16158199310303,24
-99.0,-73.0,-92.0,21626,54.225311040878296,24
-68.0,-102.0,-87.0,21662,54.25001502037048,25
-92.0,-103.0,-79.0,21670,54.25448393821716,25
-98.0,-96.0,-80.0,21674,54.25623798370361,25
-77.0,-75.0,-107.0,21688,54.2632040977478,25
-89.0,-91.0,-94.0,21712,54.27593994140625,25
-93.0,-93.0,-91.0,21714,54.27683711051941,25
-89.0,-96.0,-89.0,21716,54.27774095535278,25
-98.0,-93.0,-84.0,21720,54.27948713302612,25
