z1,z2,z3,node,time,depth
-4918.0,-4864.0,-4925.0,1,0.002830028533935547,1
-5309.0,-3795.0,-4890.0,3,0.007772922515869141,2
-5317.0,-4009.0,-4356.0,4,0.009944915771484375,3
-4550.0,-5153.0,-4588.0,7,0.016510009765625,3
-5540.0,-3394.0,-4634.0,20,0.03649282455444336,5
-5065.0,-4401.0,-4745.0,22,0.038870811462402344,5
-4466.0,-5091.0,-4664.0,28,0.04703688621520996,5
-4834.0,-4802.0,-5001.0,30,0.049739837646484375,5
-5149.0,-4463.0,-4669.0,86,0.09801387786865234,7
-5164.0,-4971.0,-3460.0,106,0.11607789993286133,7
-4245.0,-4666.0,-5141.0,121,0.12895584106445312,7
-5216.0,-4584.0,-4130.0,128,0.13402485847473145,8
-5132.0,-4522.0,-4206.0,260,0.22379398345947266,9
-4945.0,-4004.0,-5049.0,546,0.385329008102417,10
-5626.0,-4487.0,-3565.0,812,0.5159249305725098,11
-5498.0,-3558.0,-3786.0,880,0.5457019805908203,11
-4985.0,-4985.0,-4386.0,966,0.5816159248352051,11
-5631.0,-4171.0,-3165.0,1148,0.6590609550476074,12
-5685.0,-4076.0,-2943.0,1152,0.6611149311065674,12
-4901.0,-4923.0,-4462.0,1304,0.7247278690338135,12
-4859.0,-5087.0,-3614.0,1310,0.7270998954772949,12
-4714.0,-4405.0,-5305.0,1350,0.7439048290252686,12
-5444.0,-3653.0,-4008.0,1420,0.769420862197876,13
-5439.0,-3969.0,-4408.0,1426,0.771697998046875,13
-5355.0,-3907.0,-4484.0,1438,0.7759218215942383,13
-4366.0,-5002.0,-4710.0,1462,0.7848198413848877,13
-5027.0,-5177.0,-3484.0,1492,0.7959790229797363,13
-5124.0,-4308.0,-4740.0,1528,0.8092789649963379,13
-4617.0,-5274.0,-4049.0,1562,0.8201990127563477,14
-4533.0,-5212.0,-4125.0,1568,0.8227889537811279,14
-5395.0,-4888.0,-3821.0,1574,0.8250398635864258,14
-4758.0,-5059.0,-3787.0,1576,0.825847864151001,14
-5208.0,-4370.0,-4664.0,1584,0.828718900680542,14
-5316.0,-4673.0,-4084.0,1588,0.8300340175628662,15
-4390.0,-5348.0,-3450.0,1594,0.8319330215454102,15
