z1,z2,z3,node,time,depth
-98.0,-82.0,-73.0,1,0.0022687911987304688,1
-96.0,-82.0,-75.0,1,0.0022737979888916016,1
-98.0,-78.0,-78.0,1,0.0022919178009033203,1
-89.0,-67.0,-79.0,35,0.05005788803100586,6
-100.0,-78.0,-76.0,62,0.07397794723510742,6
-85.0,-83.0,-68.0,111,0.1042017936706543,7
-83.0,-74.0,-81.0,133,0.11870098114013672,8
-102.0,-68.0,-66.0,169,0.13633489608764648,8
-85.0,-74.0,-79.0,195,0.15127301216125488,9
-86.0,-71.0,-79.0,276,0.19347596168518066,11
-88.0,-69.0,-80.0,302,0.20539498329162598,12
-86.0,-83.0,-66.0,336,0.2218949794769287,13
-101.0,-78.0,-73.0,406,0.2540597915649414,15
-84.0,-71.0,-81.0,424,0.2616429328918457,17
-103.0,-68.0,-63.0,426,0.2624177932739258,17
-102.0,-69.0,-60.0,436,0.2661929130554199,19
