z1,z2,z3,node,time,depth
-142.0,-117.0,-159.0,1,0.026564836502075195,1
-135.0,-120.0,-158.0,1,0.026580810546875,1
-147.0,-132.0,-139.0,1,0.026848793029785156,1
-174.0,-99.0,-135.0,1,0.026887893676757812,1
-142.0,-130.0,-146.0,1,0.02700185775756836,1
-144.0,-128.0,-147.0,2,0.047525882720947266,2
-138.0,-127.0,-149.0,2,0.04799079895019531,2
-158.0,-124.0,-142.0,3,0.06620097160339355,2
-168.0,-105.0,-140.0,3,0.06625580787658691,2
-163.0,-122.0,-137.0,4,0.08444380760192871,3
-163.0,-120.0,-141.0,4,0.08449101448059082,3
-136.0,-133.0,-136.0,6,0.11944794654846191,3
-131.0,-131.0,-143.0,6,0.11968398094177246,3
-167.0,-99.0,-142.0,7,0.13460588455200195,3
-155.0,-116.0,-150.0,8,0.1500718593597412,4
-169.0,-107.0,-137.0,10,0.1801619529724121,4
-164.0,-109.0,-146.0,10,0.18021202087402344,4
-156.0,-117.0,-147.0,11,0.19361090660095215,4
-150.0,-118.0,-155.0,12,0.2084648609161377,4
-158.0,-109.0,-149.0,12,0.20847797393798828,4
-164.0,-111.0,-142.0,20,0.47112298011779785,5
-173.0,-103.0,-135.0,22,0.5272958278656006,5
-154.0,-124.0,-145.0,25,0.6038088798522949,5
-139.0,-123.0,-155.0,25,0.6038999557495117,5
-152.0,-126.0,-144.0,25,0.6039979457855225,5
-147.0,-124.0,-151.0,25,0.6040019989013672,5
-159.0,-122.0,-140.0,34,0.8719208240509033,6
-165.0,-119.0,-131.0,37,0.934999942779541,6
-165.0,-112.0,-141.0,42,1.1154518127441406,6
-159.0,-95.0,-151.0,52,1.2988028526306152,6
-146.0,-114.0,-156.0,60,1.3911778926849365,6
-168.0,-109.0,-137.0,77,1.5900328159332275,7
-169.0,-112.0,-129.0,79,1.6074278354644775,7
-150.0,-120.0,-151.0,98,1.7933368682861328,7
-155.0,-122.0,-144.0,98,1.7933528423309326,7
-155.0,-120.0,-148.0,101,1.8202998638153076,7
-143.0,-126.0,-149.0,113,1.93275785446167,7
-152.0,-122.0,-146.0,129,2.0591089725494385,8
-160.0,-118.0,-143.0,134,2.110496997833252,8
-162.0,-125.0,-127.0,144,2.2064898014068604,8
-167.0,-113.0,-134.0,153,2.3757429122924805,8
-163.0,-113.0,-143.0,168,2.5000879764556885,8
-153.0,-113.0,-153.0,170,2.515347957611084,8
-166.0,-108.0,-141.0,175,2.553463935852051,8
-170.0,-104.0,-139.0,183,2.6179749965667725,8
-152.0,-128.0,-140.0,193,2.699215888977051,8
-147.0,-126.0,-147.0,193,2.6992177963256836,8
-149.0,-124.0,-148.0,194,2.7090988159179688,8
-154.0,-126.0,-141.0,194,2.7091479301452637,8
-159.0,-113.0,-147.0,222,2.92360782623291,8
-160.0,-114.0,-146.0,223,2.929022789001465,8
-136.0,-129.0,-148.0,224,2.9386777877807617,8
-157.0,-125.0,-134.0,272,3.5426888465881348,9
-171.0,-108.0,-126.0,310,3.8428587913513184,9
-156.0,-120.0,-144.0,330,3.9969170093536377,9
-173.0,-105.0,-128.0,380,4.3395609855651855,9
-174.0,-101.0,-131.0,380,4.339639902114868,9
-141.0,-121.0,-156.0,399,4.485090970993042,9
-149.0,-122.0,-152.0,399,4.485135793685913,9
-169.0,-110.0,-132.0,699,6.60660195350647,10
-170.0,-106.0,-135.0,707,6.65648889541626,10
-147.0,-113.0,-157.0,799,7.2614569664001465,10
-158.0,-117.0,-144.0,868,7.772051811218262,10
-165.0,-105.0,-143.0,1332,10.95500898361206,11
-169.0,-108.0,-136.0,1348,11.046231985092163,11
-143.0,-121.0,-154.0,1438,11.731600999832153,11
-140.0,-134.0,-126.0,1605,12.77015495300293,11
-168.0,-102.0,-141.0,2211,16.73114585876465,12
-172.0,-97.0,-137.0,2273,17.134971857070923,12
-144.0,-119.0,-153.0,2349,17.566974878311157,12
-139.0,-131.0,-142.0,2548,18.7135648727417,12
-141.0,-131.0,-141.0,2549,18.719473838806152,12
-155.0,-127.0,-133.0,2735,19.873597860336304,13
-152.0,-117.0,-150.0,3082,22.27157688140869,13
-159.0,-102.0,-149.0,3119,22.469110012054443,13
-161.0,-104.0,-148.0,3130,22.52739381790161,13
-145.0,-127.0,-145.0,3391,24.097787857055664,13
-149.0,-130.0,-140.0,3967,27.728936910629272,14
-154.0,-128.0,-134.0,5289,36.31517481803894,15
-167.0,-115.0,-123.0,5357,36.69665193557739,15
-144.0,-125.0,-148.0,6042,40.70341396331787,15
-161.0,-123.0,-135.0,6612,44.114038944244385,16
-167.0,-114.0,-128.0,6799,45.433043003082275,16
-169.0,-92.0,-141.0,7105,47.128631830215454,16
-148.0,-128.0,-143.0,9912,60.34196090698242,18
-151.0,-122.0,-147.0,9962,60.533214807510376,18
-145.0,-128.0,-144.0,11112,64.33209896087646,19
-140.0,-133.0,-133.0,11385,65.27159690856934,19
-166.0,-87.0,-143.0,11946,66.8468279838562,20
-164.0,-113.0,-140.0,11992,66.95491981506348,20
-143.0,-133.0,-119.0,13579,70.54421782493591,22
-155.0,-128.0,-124.0,13610,70.63625884056091,22
-144.0,-129.0,-143.0,14410,72.72796082496643,23
-152.0,-130.0,-139.0,15788,75.82052397727966,25
-155.0,-124.0,-143.0,15790,75.82677578926086,25
-155.0,-117.0,-149.0,15914,76.06054902076721,25
-148.0,-112.0,-156.0,15924,76.08092379570007,25
-140.0,-122.0,-153.0,16174,76.58186101913452,25
-148.0,-123.0,-149.0,16176,76.58890080451965,25
-143.0,-116.0,-157.0,16178,76.59591579437256,25
-151.0,-117.0,-153.0,16180,76.60280179977417,25
-150.0,-121.0,-150.0,16182,76.610524892807,25
-148.0,-125.0,-146.0,16670,77.68830895423889,26
-153.0,-126.0,-142.0,16684,77.71372985839844,27
-145.0,-129.0,-142.0,16692,77.72659301757812,27
-148.0,-129.0,-141.0,16694,77.7296998500824,27
-153.0,-131.0,-134.0,16698,77.73808979988098,27
-156.0,-125.0,-138.0,16704,77.74775886535645,27
-157.0,-127.0,-132.0,16714,77.76937294006348,27
-160.0,-121.0,-138.0,16752,77.85731792449951,27
-153.0,-108.0,-154.0,16772,78.05032682418823,27
-161.0,-110.0,-146.0,16784,78.08351492881775,27
-157.0,-103.0,-150.0,16794,78.10238790512085,27
-157.0,-114.0,-147.0,16798,78.10891580581665,27
-166.0,-114.0,-131.0,16806,78.12169599533081,27
-168.0,-112.0,-132.0,16808,78.12455081939697,27
-169.0,-101.0,-140.0,16840,78.17669701576233,27
-171.0,-105.0,-134.0,16892,78.27073383331299,27
-140.0,-126.0,-151.0,16910,78.29801988601685,27
-142.0,-124.0,-152.0,16914,78.30481791496277,27
-143.0,-120.0,-155.0,16922,78.32612681388855,27
-151.0,-109.0,-155.0,16926,78.33368587493896,27
-152.0,-95.0,-155.0,16930,78.33962488174438,27
-154.0,-127.0,-137.0,16966,78.4155478477478,28
-166.0,-115.0,-130.0,16980,78.44608283042908,28
-156.0,-115.0,-148.0,16994,78.47369480133057,28
-160.0,-119.0,-142.0,16998,78.48178386688232,28
-161.0,-115.0,-145.0,17000,78.48540687561035,28
-156.0,-113.0,-152.0,17008,78.50196385383606,28
-160.0,-108.0,-148.0,17014,78.51262879371643,28
-168.0,-110.0,-136.0,17028,78.53731679916382,28
-169.0,-106.0,-139.0,17030,78.54104995727539,28
-172.0,-107.0,-124.0,17042,78.56062889099121,28
-175.0,-90.0,-130.0,17052,78.58191180229187,28
-164.0,-119.0,-139.0,17070,78.61839294433594,28
-155.0,-100.0,-153.0,17080,78.6399278640747,28
-156.0,-119.0,-146.0,17086,78.6505138874054,28
-150.0,-123.0,-147.0,17092,78.66019201278687,28
-151.0,-119.0,-150.0,17094,78.66331887245178,28
-166.0,-113.0,-136.0,17124,78.70937299728394,29
-170.0,-109.0,-134.0,17136,78.72899293899536,29
-174.0,-104.0,-130.0,17144,78.74403190612793,29
-166.0,-116.0,-129.0,17148,78.74952697753906,29
-171.0,-107.0,-130.0,17152,78.75614500045776,29
-166.0,-111.0,-137.0,17180,78.80566883087158,30
-168.0,-113.0,-128.0,17240,78.89723587036133,33
-165.0,-114.0,-135.0,17242,78.89900183677673,33
-165.0,-115.0,-134.0,17244,78.90103578567505,33
-170.0,-111.0,-127.0,17248,78.90423798561096,33
