z1,z2,z3,node,time,depth
9040.0,14695.0,9425.0,1,0.04604792594909668,1
8992.0,14308.0,9735.0,1,0.04605388641357422,1
11518.0,11638.0,12090.0,1,0.04605984687805176,1
12565.0,10867.0,12698.0,1,0.04606485366821289,1
14877.0,9348.0,15021.0,1,0.04607105255126953,1
12578.0,10963.0,12509.0,1,0.046080827713012695,1
10914.0,12269.0,11265.0,1,0.046087026596069336,1
8853.0,14692.0,9530.0,1,0.046092987060546875,1
8879.0,14559.0,9617.0,1,0.04609799385070801,1
12644.0,10996.0,12434.0,1,0.04610300064086914,1
10684.0,12320.0,11383.0,1,0.04610896110534668,1
9471.0,13701.0,10112.0,1,0.04611396789550781,1
9332.0,13773.0,10179.0,1,0.046118974685668945,1
12351.0,10985.0,13022.0,1,0.04612398147583008,1
13889.0,9870.0,14304.0,1,0.04613494873046875,1
13239.0,10365.0,13319.0,1,0.04614090919494629,1
14685.0,9395.0,14734.0,1,0.046150922775268555,1
14735.0,9399.0,14579.0,1,0.046156883239746094,1
14801.0,9432.0,14504.0,1,0.04616189002990723,1
13252.0,10461.0,13130.0,1,0.04616689682006836,1
14736.0,9520.0,14358.0,1,0.04617190361022949,1
13318.0,10494.0,13055.0,1,0.04617786407470703,1
9526.0,15070.0,9315.0,1,0.0461878776550293,1
9317.0,14706.0,9336.0,1,0.046193838119506836,1
9296.0,14809.0,9335.0,1,0.04619884490966797,1
8992.0,14620.0,9463.0,1,0.0462038516998291,1
9018.0,14487.0,9550.0,1,0.046215057373046875,1
9179.0,14623.0,9358.0,1,0.046221017837524414,1
11657.0,12236.0,11169.0,1,0.04623103141784668,1
11410.0,12151.0,11268.0,1,0.04623603820800781,1
13621.0,10406.0,13162.0,1,0.04625296592712402,1
10810.0,12822.0,10651.0,1,0.04626893997192383,1
9205.0,14490.0,9445.0,1,0.04630088806152344,1
11881.0,11716.0,11793.0,3,0.1298048496246338,2
11517.0,11667.0,12315.0,3,0.12992596626281738,2
13951.0,9993.0,13951.0,4,0.16858696937561035,3
14312.0,10004.0,13810.0,4,0.16860198974609375,3
14325.0,10100.0,13621.0,4,0.16860699653625488,3
13412.0,10359.0,13277.0,4,0.16867685317993164,3
14259.0,10067.0,13696.0,4,0.16868185997009277,3
11431.0,11772.0,12200.0,5,0.20251703262329102,3
12279.0,11068.0,12945.0,5,0.20252203941345215,3
13939.0,9874.0,14149.0,5,0.20252704620361328,3
14077.0,10106.0,13626.0,5,0.20257186889648438,3
12520.0,11100.0,12483.0,5,0.20258188247680664,3
14061.0,9901.0,13958.0,5,0.20258688926696777,3
12388.0,10982.0,13010.0,5,0.2025918960571289,3
10195.0,13050.0,10869.0,5,0.20261192321777344,3
12033.0,11465.0,12136.0,5,0.20261693000793457,3
11615.0,11661.0,11988.0,5,0.20265698432922363,3
10197.0,13118.0,10724.0,5,0.20266199111938477,3
11724.0,11575.0,12053.0,5,0.2026669979095459,3
10384.0,13121.0,10619.0,5,0.2026970386505127,3
10032.0,13625.0,10102.0,6,0.2281360626220703,3
9658.0,13734.0,10035.0,6,0.22814202308654785,3
10103.0,13145.0,10833.0,7,0.25689101219177246,3
9704.0,13834.0,10003.0,7,0.2569260597229004,3
9517.0,13831.0,10108.0,7,0.25693583488464355,3
11030.0,13090.0,10606.0,8,0.3003709316253662,4
11808.0,12287.0,11155.0,8,0.30037593841552734,4
9942.0,13575.0,10383.0,8,0.3004570007324219,4
12039.0,11635.0,11786.0,8,0.30049586296081543,4
11960.0,11506.0,12050.0,8,0.3005259037017822,4
11391.0,12107.0,11500.0,8,0.30053091049194336,4
12484.0,10964.0,12839.0,9,0.3278329372406006,4
10879.0,13039.0,10620.0,9,0.32792186737060547,4
11748.0,11587.0,11972.0,9,0.32794690132141113,4
12218.0,11147.0,12920.0,11,0.3992609977722168,4
13184.0,10473.0,13669.0,11,0.39926600456237793,4
12521.0,10961.0,12827.0,11,0.39928197860717773,4
11262.0,12410.0,11252.0,11,0.39928698539733887,4
13150.0,10518.0,13361.0,11,0.39930200576782227,4
10183.0,13676.0,10088.0,12,0.43139195442199707,4
11509.0,11869.0,11990.0,12,0.4315018653869629,4
11739.0,11818.0,11872.0,12,0.431520938873291,4
10961.0,12873.0,10637.0,12,0.43152594566345215,4
11946.0,11628.0,11939.0,13,0.4524960517883301,4
10367.0,13380.0,10616.0,14,0.4893488883972168,4
12343.0,11187.0,12697.0,16,0.5597100257873535,5
14247.0,10092.0,13664.0,16,0.5597758293151855,5
13802.0,10504.0,13043.0,16,0.5598008632659912,5
10497.0,13014.0,10791.0,19,0.6382439136505127,5
13906.0,10072.0,13880.0,21,0.7124619483947754,5
13956.0,10076.0,13725.0,21,0.7124719619750977,5
12583.0,11387.0,12280.0,21,0.7125020027160645,5
12281.0,11321.0,12708.0,21,0.7125279903411865,5
13297.0,10662.0,12993.0,21,0.7125380039215088,5
11651.0,11767.0,11911.0,26,0.8274829387664795,5
9184.0,14296.0,9709.0,26,0.827523946762085,5
10712.0,12783.0,10773.0,27,0.8484418392181396,5
9181.0,14452.0,9711.0,27,0.8484468460083008,5
10918.0,12254.0,11624.0,27,0.8484618663787842,5
10140.0,13057.0,11075.0,27,0.8484768867492676,5
10273.0,13036.0,10892.0,27,0.8484818935394287,5
9934.0,13586.0,10224.0,27,0.8484869003295898,5
9801.0,13607.0,10407.0,27,0.848491907119751,5
11051.0,12233.0,11441.0,27,0.8485119342803955,5
9320.0,14380.0,9644.0,27,0.8485620021820068,5
9403.0,14427.0,9622.0,27,0.848567008972168,5
11973.0,11602.0,11861.0,35,1.0699079036712646,6
11404.0,12203.0,11311.0,35,1.069917917251587,6
11470.0,12236.0,11236.0,35,1.069922924041748,6
11996.0,11686.0,11837.0,36,1.1007030010223389,6
11898.0,11647.0,11959.0,36,1.1007130146026611,6
12286.0,11793.0,11703.0,36,1.1007330417633057,6
12625.0,11243.0,12371.0,36,1.1008498668670654,6
15083.0,9379.0,14873.0,40,1.2161879539489746,6
12094.0,11318.0,12813.0,40,1.2161929607391357,6
14632.0,9456.0,15124.0,40,1.2162349224090576,6
12881.0,10693.0,13533.0,40,1.2162399291992188,6
14112.0,9868.0,14107.0,40,1.2163169384002686,6
11446.0,11978.0,12062.0,40,1.2163629531860352,6
14127.0,9934.0,13883.0,41,1.2478468418121338,6
14142.0,10018.0,13772.0,41,1.247877836227417,6
13242.0,10801.0,13012.0,43,1.299957036972046,6
11705.0,12098.0,11647.0,43,1.2999868392944336,6
12412.0,11047.0,12762.0,47,1.3850538730621338,6
11642.0,12438.0,11159.0,52,1.494513988494873,6
10332.0,13042.0,10741.0,53,1.507436990737915,6
10102.0,13093.0,10859.0,53,1.5074570178985596,6
10098.0,13577.0,10193.0,54,1.5287249088287354,6
10206.0,13009.0,11166.0,54,1.5287418365478516,6
9867.0,13559.0,10498.0,54,1.5287468433380127,6
10000.0,13538.0,10315.0,54,1.5287518501281738,6
10579.0,12804.0,10956.0,54,1.5287580490112305,6
11414.0,12031.0,12197.0,58,1.633652925491333,6
10231.0,13106.0,10821.0,62,1.7165279388427734,6
10685.0,12945.0,10790.0,68,1.8600208759307861,7
10698.0,12906.0,10810.0,69,1.8858659267425537,7
12713.0,11133.0,12407.0,70,1.908524990081787,7
12541.0,10913.0,13153.0,70,1.908566951751709,7
13651.0,10602.0,13000.0,71,1.9277410507202148,7
12394.0,11225.0,12676.0,73,1.967514991760254,7
13821.0,10025.0,14649.0,80,2.1244168281555176,7
13656.0,10238.0,14295.0,81,2.154399871826172,7
13706.0,10242.0,14140.0,81,2.154404878616333,7
14076.0,9985.0,13847.0,82,2.1867849826812744,7
11709.0,11626.0,12240.0,82,2.186805009841919,7
12264.0,11119.0,13132.0,82,2.1868410110473633,7
13051.0,10494.0,13852.0,82,2.18684983253479,7
13017.0,10539.0,13544.0,83,2.213001012802124,7
14005.0,9907.0,14074.0,83,2.213006019592285,7
12419.0,11373.0,12360.0,84,2.2358219623565674,7
10908.0,12671.0,11238.0,84,2.2358779907226562,7
9997.0,13993.0,9952.0,90,2.3724570274353027,7
11590.0,12430.0,11171.0,103,2.605077028274536,7
10668.0,13112.0,10661.0,104,2.6382548809051514,7
10121.0,13155.0,10828.0,104,2.6382648944854736,7
9799.0,14125.0,9984.0,104,2.638284921646118,7
10351.0,13104.0,10710.0,104,2.638319969177246,7
10100.0,13219.0,10826.0,105,2.6570379734039307,7
10630.0,13143.0,10612.0,105,2.6571340560913086,7
10437.0,13027.0,10861.0,109,2.7162718772888184,7
10339.0,12988.0,10983.0,109,2.7162818908691406,7
9899.0,13646.0,10285.0,110,2.7329070568084717,7
9167.0,14536.0,9535.0,125,3.0320169925689697,7
8954.0,14666.0,9553.0,125,3.032021999359131,7
8980.0,14533.0,9640.0,125,3.032027006149292,7
9141.0,14669.0,9448.0,125,3.032057046890259,7
12228.0,11885.0,11765.0,128,3.085226058959961,8
14514.0,10350.0,13600.0,132,3.174989938735962,8
13305.0,10398.0,13244.0,140,3.331225872039795,8
11457.0,12140.0,11425.0,142,3.3670928478240967,8
12631.0,10900.0,12623.0,142,3.367112874984741,8
12026.0,11539.0,11975.0,142,3.3671178817749023,8
12417.0,11018.0,12947.0,148,3.4956469535827637,8
12550.0,10997.0,12764.0,148,3.495651960372925,8
13807.0,10106.0,14101.0,165,3.906890869140625,8
13857.0,10110.0,13946.0,165,3.9069008827209473,8
13011.0,10581.0,13671.0,165,3.9069058895111084,8
13061.0,10585.0,13516.0,165,3.9069108963012695,8
11891.0,11702.0,11955.0,167,3.947139024734497,8
11501.0,12718.0,11150.0,168,3.9769339561462402,8
12241.0,11408.0,12527.0,175,4.10984992980957,8
9859.0,13910.0,9974.0,183,4.260076999664307,8
10786.0,13411.0,10534.0,208,4.668501853942871,8
9663.0,13696.0,10084.0,211,4.716925859451294,8
10181.0,13624.0,10171.0,218,4.798527956008911,8
10533.0,12999.0,10915.0,223,4.858584880828857,8
9066.0,14562.0,9512.0,248,5.338973045349121,8
10732.0,13281.0,10606.0,248,5.338978052139282,8
13159.0,10714.0,13124.0,257,5.464659929275513,9
13390.0,10778.0,12987.0,257,5.464731931686401,9
12437.0,11844.0,11689.0,274,5.82532000541687,9
10657.0,13017.0,10755.0,278,5.90941596031189,9
14260.0,10065.0,13771.0,280,5.943073987960815,9
12075.0,11597.0,11884.0,284,6.007568836212158,9
12062.0,11501.0,12073.0,284,6.007595062255859,9
12009.0,11564.0,11959.0,286,6.035707950592041,9
11996.0,11468.0,12148.0,286,6.035742998123169,9
12563.0,11093.0,12575.0,296,6.209939956665039,9
12430.0,11114.0,12758.0,296,6.2099449634552,9
12497.0,11060.0,12650.0,298,6.240259885787964,9
14022.0,10245.0,13645.0,321,6.643674850463867,9
13787.0,10178.0,14239.0,321,6.643795013427734,9
12348.0,11069.0,12829.0,334,6.955971956253052,9
13144.0,10594.0,13259.0,334,6.955981969833374,9
12239.0,11155.0,12764.0,334,6.9560160636901855,9
14253.0,9854.0,14245.0,335,6.968508958816528,9
13019.0,10792.0,13307.0,336,6.9979119300842285,9
11820.0,11992.0,11764.0,350,7.23381495475769,9
12405.0,11150.0,12815.0,371,7.591117858886719,9
10356.0,13186.0,10677.0,375,7.658278942108154,9
9554.0,14478.0,9608.0,385,7.806640863418579,9
10606.0,12962.0,10865.0,418,8.240309000015259,9
10370.0,13338.0,10547.0,419,8.25217890739441,9
10397.0,12915.0,10980.0,428,8.350457906723022,9
10677.0,12843.0,10834.0,432,8.379226922988892,9
9795.0,13659.0,10450.0,440,8.485605001449585,9
9892.0,13682.0,10393.0,445,8.541259050369263,9
12776.0,11294.0,12357.0,548,10.282342910766602,10
10740.0,13064.0,10733.0,557,10.44223403930664,10
13404.0,10359.0,13528.0,564,10.558797836303711,10
12963.0,11194.0,12374.0,570,10.655249834060669,10
13781.0,10112.0,14468.0,641,11.785873889923096,10
13199.0,10817.0,12993.0,641,11.785883903503418,10
13858.0,10231.0,13725.0,641,11.78589391708374,10
13363.0,10831.0,12913.0,642,11.809623956680298,10
13923.0,10143.0,13871.0,667,12.376977920532227,10
11924.0,11551.0,12071.0,668,12.391264915466309,10
13249.0,10645.0,13250.0,669,12.401794910430908,10
10272.0,13467.0,10602.0,674,12.508590936660767,10
11633.0,11981.0,11957.0,698,12.879518032073975,10
10351.0,13500.0,10549.0,698,12.879567861557007,10
12356.0,11246.0,12694.0,738,13.492125988006592,10
10169.0,13183.0,10782.0,743,13.554079055786133,10
11763.0,12014.0,11758.0,790,14.138828039169312,10
10044.0,13377.0,10691.0,828,14.553820848464966,10
10183.0,13305.0,10624.0,828,14.553825855255127,10
10375.0,13300.0,10596.0,829,14.564730882644653,10
9433.0,13747.0,10202.0,834,14.618172883987427,10
9519.0,13806.0,10102.0,835,14.627976894378662,10
10938.0,12465.0,11151.0,852,14.76206088066101,10
10912.0,12306.0,11667.0,854,14.77838397026062,10
10573.0,12856.0,10999.0,854,14.778414964675903,10
10537.0,12900.0,11125.0,855,14.79259204864502,10
11275.0,12234.0,11366.0,856,14.802217960357666,10
10706.0,12835.0,10816.0,856,14.802249908447266,10
10670.0,12879.0,10942.0,857,14.811128854751587,10
10255.0,13302.0,10707.0,984,16.533872842788696,10
11659.0,12647.0,11140.0,1020,16.974660873413086,11
12485.0,11085.0,12618.0,1163,19.088472843170166,11
11772.0,11783.0,11858.0,1164,19.099719047546387,11
11542.0,11834.0,11976.0,1164,19.099725008010864,11
13241.0,10711.0,13046.0,1243,20.311112880706787,11
12233.0,11353.0,12782.0,1257,20.569780826568604,11
12184.0,11449.0,12661.0,1257,20.569785833358765,11
13798.0,10115.0,14161.0,1266,20.741724014282227,11
13002.0,10590.0,13731.0,1266,20.74175500869751,11
13184.0,10507.0,13440.0,1288,21.162312984466553,11
12687.0,11227.0,12385.0,1294,21.24041986465454,11
11533.0,12065.0,11876.0,1504,24.02386498451233,11
10145.0,13351.0,10714.0,1588,24.80182695388794,11
11905.0,11912.0,11679.0,1618,25.039127826690674,11
10708.0,12516.0,11269.0,1626,25.076319932937622,11
11778.0,11829.0,11853.0,1641,25.18637704849243,11
9994.0,13671.0,10192.0,1689,25.655673027038574,11
9928.0,13638.0,10267.0,1689,25.655678033828735,11
11489.0,11956.0,12183.0,1784,26.828789949417114,11
10924.0,13269.0,10580.0,1810,27.075916051864624,11
13720.0,10739.0,12973.0,1987,29.526360988616943,12
13723.0,10209.0,14303.0,2231,32.331480979919434,12
13847.0,10019.0,14282.0,2280,33.2149920463562,12
13020.0,10731.0,13381.0,2302,33.60698699951172,12
12396.0,11237.0,12605.0,2304,33.6309609413147,12
13075.0,10593.0,13375.0,2323,33.89398384094238,12
13035.0,10680.0,13194.0,2328,33.96077299118042,12
12411.0,11186.0,12418.0,2336,34.02874684333801,12
13028.0,10783.0,13247.0,2349,34.36092686653137,12
13078.0,10787.0,13092.0,2349,34.36093282699585,12
12369.0,11369.0,12515.0,2349,34.36093783378601,12
11655.0,12094.0,11802.0,2412,35.1187310218811,12
12169.0,11243.0,12799.0,2518,36.360965967178345,12
12993.0,10692.0,13682.0,2519,36.37036395072937,12
12502.0,11178.0,12610.0,2587,36.87490892410278,12
10321.0,13388.0,10602.0,2758,38.41490983963013,12
10231.0,13410.0,10614.0,2764,38.46913504600525,12
11178.0,12217.0,11647.0,2841,38.992887020111084,12
11341.0,12267.0,11291.0,2850,39.076863050460815,12
11377.0,12229.0,11389.0,2851,39.08232593536377,12
11439.0,12379.0,11185.0,2851,39.082329988479614,12
10422.0,13035.0,10961.0,2872,39.28814387321472,12
10083.0,13585.0,10293.0,2876,39.3175950050354,12
9655.0,14166.0,10076.0,2963,40.02933597564697,12
9842.0,14169.0,9971.0,2965,40.0529248714447,12
12221.0,11807.0,11780.0,3418,44.998143911361694,13
11816.0,11871.0,11837.0,3882,50.3688108921051,13
12578.0,11313.0,12320.0,3910,50.63686490058899,13
9976.0,14096.0,9951.0,4097,52.70325684547424,13
10091.0,13318.0,11101.0,4462,55.51747393608093,13
11675.0,11963.0,11797.0,4488,55.613800048828125,13
11311.0,12196.0,11464.0,4554,56.00827598571777,13
10772.0,12868.0,10741.0,4560,56.0417058467865,13
9980.0,14252.0,9949.0,4726,57.17483305931091,13
13798.0,10272.0,14054.0,5763,66.34278082847595,14
13773.0,10213.0,14148.0,5763,66.34280204772949,14
13635.0,10647.0,13053.0,5936,68.65236401557922,14
11876.0,11956.0,11805.0,5958,68.88807106018066,14
12887.0,11203.0,12403.0,6026,69.47720289230347,14
11479.0,12772.0,11123.0,6604,73.87475800514221,14
11342.0,12747.0,11124.0,6609,73.91949701309204,14
10300.0,13491.0,10601.0,6625,74.03332686424255,14
13924.0,10048.0,13974.0,7248,77.7112250328064,15
12968.0,11289.0,12329.0,7748,82.12127685546875,15
14601.0,9498.0,14936.0,8195,85.20237183570862,15
13763.0,10122.0,14484.0,8195,85.20237803459167,15
13247.0,10658.0,13148.0,8616,89.36035895347595,15
10817.0,13233.0,10593.0,8822,91.01404190063477,15
13132.0,10769.0,13147.0,9816,96.74235892295837,16
12817.0,11238.0,12343.0,10518,101.54794096946716,16
13607.0,10334.0,14174.0,10832,104.05859684944153,16
12832.0,10789.0,13412.0,10832,104.05861687660217,16
14026.0,9981.0,14002.0,10941,105.49284791946411,16
13230.0,10456.0,13572.0,10945,105.51897382736206,16
13813.0,10064.0,13974.0,11176,107.01099300384521,16
13642.0,10787.0,12950.0,12700,116.10383105278015,17
13808.0,10227.0,13880.0,13257,119.42584085464478,17
9861.0,13692.0,10375.0,14437,126.52744793891907,17
14573.0,9660.0,14923.0,15539,133.79346990585327,18
10639.0,12889.0,10924.0,16347,138.35126399993896,18
10055.0,14177.0,9935.0,16536,139.219899892807,18
9917.0,14094.0,9957.0,16537,139.23287296295166,18
12367.0,11383.0,12583.0,16642,139.92880702018738,19
13826.0,10039.0,14614.0,17370,144.90303993225098,19
14104.0,9868.0,14358.0,17412,145.16825985908508,19
13117.0,10527.0,13777.0,17594,146.1848020553589,19
13792.0,10084.0,14306.0,17595,146.19006395339966,19
13593.0,10457.0,13158.0,18120,148.67664885520935,20
14676.0,9561.0,14687.0,18455,150.743469953537,20
14651.0,9502.0,14781.0,18455,150.74352884292603,20
13913.0,10052.0,14207.0,18900,153.8877489566803,20
14588.0,9609.0,14736.0,18901,153.89608192443848,20
10034.0,14280.0,9934.0,19226,155.3086440563202,20
13714.0,10218.0,14363.0,19458,156.65710306167603,21
14649.0,9616.0,14710.0,19494,157.1157989501953,21
14624.0,9557.0,14804.0,19494,157.1158299446106,21
14574.0,9553.0,14959.0,19494,157.11583495140076,21
14686.0,9516.0,14513.0,20317,162.2306318283081,22
14538.0,9667.0,15246.0,20318,162.24386286735535,22
14256.0,9845.0,14677.0,20719,164.5816159248352,22
13794.0,10337.0,14069.0,20773,164.81051802635193,22
14673.0,9689.0,14668.0,21011,166.48966789245605,23
14514.0,9822.0,15031.0,21563,169.7734818458557,24
14563.0,9726.0,15152.0,22114,173.05532884597778,25
14489.0,9763.0,15125.0,23816,181.74513983726501,33
