z1,z2,z3,node,time,depth
-14713.0,-12476.0,-14891.0,1,0.0007338523864746094,1
-13379.0,-13715.0,-13426.0,3,0.002187013626098633,2
-13871.0,-13082.0,-14224.0,20,0.013195037841796875,5
-13966.0,-13224.0,-14200.0,25,0.016281843185424805,5
-12518.0,-14309.0,-12565.0,113,0.05739307403564453,8
-13105.0,-13770.0,-13322.0,132,0.06535601615905762,9
-14009.0,-13217.0,-14146.0,148,0.07166504859924316,9
-12475.0,-14268.0,-12602.0,152,0.07326698303222656,10
-14074.0,-13140.0,-14219.0,164,0.07831597328186035,11
