z1,z2,z3,node,time,depth
-57.0,-62.0,-67.0,1,0.00222015380859375,1
-59.0,-54.0,-63.0,11,0.01964712142944336,4
-61.0,-49.0,-60.0,21,0.03333020210266113,5
-61.0,-50.0,-58.0,21,0.033332109451293945,5
-63.0,-44.0,-51.0,33,0.04712510108947754,6
-48.0,-51.0,-68.0,109,0.10709309577941895,7
-62.0,-44.0,-52.0,202,0.16211199760437012,9
-58.0,-56.0,-63.0,232,0.1748661994934082,9
-60.0,-54.0,-59.0,310,0.20905303955078125,10
-59.0,-57.0,-60.0,376,0.23344016075134277,12
-47.0,-53.0,-68.0,396,0.23944902420043945,13
