z1,z2,z3,node,time,depth
51.0,71.0,73.0,1,0.10290408134460449,1
95.0,68.0,64.0,2,0.24330902099609375,2
99.0,82.0,58.0,3,0.271820068359375,2
65.0,77.0,67.0,3,0.27183008193969727,2
83.0,67.0,92.0,3,0.27184009552001953,2
60.0,81.0,68.0,3,0.2718510627746582,2
55.0,83.0,70.0,3,0.2718620300292969,2
93.0,73.0,65.0,3,0.27187204360961914,2
91.0,78.0,59.0,3,0.2718820571899414,2
85.0,76.0,62.0,3,0.27189207077026367,2
87.0,71.0,68.0,3,0.27190303802490234,2
93.0,67.0,76.0,3,0.2719130516052246,2
89.0,85.0,61.0,5,0.4614880084991455,3
76.0,90.0,62.0,5,0.46150898933410645,3
64.0,77.0,72.0,5,0.4615609645843506,3
69.0,75.0,70.0,5,0.46157097816467285,3
70.0,88.0,66.0,6,0.5101730823516846,3
70.0,69.0,88.0,6,0.5101931095123291,3
70.0,70.0,84.0,6,0.5102860927581787,3
68.0,70.0,86.0,6,0.5103580951690674,3
84.0,70.0,72.0,7,0.5351850986480713,3
93.0,101.0,58.0,9,0.68709397315979,4
89.0,98.0,60.0,9,0.6871249675750732,4
87.0,93.0,61.0,10,0.7122340202331543,4
78.0,69.0,83.0,12,0.7695879936218262,4
80.0,68.0,100.0,12,0.7696399688720703,4
82.0,75.0,66.0,15,0.8565480709075928,4
80.0,81.0,66.0,15,0.8566000461578369,4
118.0,77.0,60.0,16,1.0392060279846191,5
92.0,70.0,71.0,17,1.0987880229949951,5
90.0,75.0,65.0,17,1.0988290309906006,5
89.0,69.0,75.0,17,1.099034070968628,5
81.0,85.0,65.0,20,1.2365570068359375,5
60.0,79.0,69.0,29,1.4606590270996094,5
75.0,87.0,64.0,40,1.9791970252990723,6
67.0,75.0,72.0,51,2.214411973953247,6
83.0,70.0,78.0,75,3.1461620330810547,7
80.0,70.0,80.0,75,3.146183967590332,7
84.0,89.0,63.0,88,3.696233034133911,8
86.0,68.0,82.0,101,4.082195043563843,8
84.0,79.0,65.0,115,4.346418142318726,8
86.0,74.0,71.0,148,5.446387052536011,9
117.0,77.0,61.0,277,8.219980001449585,16
