z1,z2,z3,node,time,depth
90.0,56.0,96.0,1,0.0629580020904541,1
86.0,57.0,90.0,1,0.06296896934509277,1
53.0,99.0,96.0,1,0.0630950927734375,1
64.0,68.0,70.0,1,0.06312704086303711,1
91.0,58.0,88.0,2,0.20772910118103027,2
58.0,84.0,94.0,3,0.23197507858276367,2
55.0,93.0,91.0,3,0.23198509216308594,2
82.0,62.0,97.0,3,0.2319960594177246,2
78.0,63.0,91.0,3,0.23200607299804688,2
90.0,61.0,87.0,4,0.3968679904937744,3
61.0,81.0,99.0,5,0.4470951557159424,3
83.0,64.0,89.0,6,0.49165916442871094,3
62.0,76.0,91.0,6,0.4916689395904541,3
78.0,66.0,87.0,6,0.49175214767456055,3
56.0,90.0,99.0,6,0.49178314208984375,3
63.0,100.0,81.0,6,0.4918251037597656,3
62.0,97.0,85.0,13,0.9195470809936523,4
57.0,91.0,93.0,14,0.9625811576843262,4
95.0,62.0,85.0,16,1.146960973739624,5
60.0,83.0,92.0,24,1.4907121658325195,5
60.0,82.0,96.0,25,1.5305609703063965,5
59.0,85.0,88.0,31,1.6996991634368896,5
61.0,84.0,86.0,31,1.6997411251068115,5
57.0,92.0,89.0,31,1.6997520923614502,5
99.0,67.0,82.0,32,1.9079740047454834,6
63.0,92.0,85.0,87,3.9479990005493164,7
85.0,65.0,87.0,98,4.724334001541138,8
90.0,66.0,85.0,98,4.724364995956421,8
94.0,66.0,84.0,122,5.37636399269104,9
