z1,z2,z3,node,time,depth
-34892.0,-34976.0,-32666.0,4,0.016581058502197266,3
-34179.0,-34654.0,-32929.0,4,0.01664113998413086,3
-34895.0,-35546.0,-31755.0,5,0.019865036010742188,3
-35069.0,-35197.0,-31273.0,6,0.023234128952026367,3
-35262.0,-35080.0,-31692.0,9,0.032074928283691406,4
-34775.0,-35539.0,-31991.0,10,0.035758018493652344,4
-35189.0,-35204.0,-31037.0,14,0.04530692100524902,4
-35286.0,-34449.0,-30990.0,14,0.045310020446777344,4
-35359.0,-34325.0,-31645.0,18,0.053381919860839844,5
-35142.0,-35073.0,-31928.0,19,0.055953025817871094,5
-34623.0,-35000.0,-32664.0,20,0.05874800682067871,5
-34073.0,-35934.0,-31003.0,27,0.07425904273986816,5
-34193.0,-35941.0,-30767.0,29,0.07778310775756836,5
-34990.0,-34534.0,-32601.0,38,0.09531712532043457,6
-35239.0,-34318.0,-31881.0,38,0.09534001350402832,6
-34702.0,-35663.0,-31336.0,54,0.12819790840148926,6
-34822.0,-35670.0,-31100.0,58,0.1345229148864746,6
-34819.0,-35100.0,-32011.0,60,0.13831710815429688,6
-34208.0,-35458.0,-32325.0,125,0.24416112899780273,7
-34711.0,-34864.0,-32687.0,246,0.41715407371520996,9
-34363.0,-35336.0,-31997.0,308,0.4963071346282959,9
-34022.0,-35832.0,-31147.0,377,0.590893030166626,9
-34299.0,-34661.0,-32693.0,693,0.9342269897460938,11
-33676.0,-35248.0,-32567.0,901,1.126960039138794,11
-33495.0,-35136.0,-32588.0,1227,1.44228196144104,12
-33796.0,-35255.0,-32331.0,1263,1.4807870388031006,12
-34059.0,-34874.0,-32825.0,2452,2.663309097290039,17
-34757.0,-35679.0,-31004.0,2600,2.816899061203003,18
-34105.0,-35689.0,-31142.0,2630,2.8434410095214844,18
-34637.0,-35672.0,-31240.0,2736,2.939152956008911,19
-34426.0,-34408.0,-32762.0,2752,2.953503131866455,19
-33647.0,-34671.0,-32831.0,2768,2.9677340984344482,19
-34564.0,-35796.0,-30585.0,2810,3.006117105484009,19
-34684.0,-35803.0,-30349.0,2824,3.0216119289398193,19
-34607.0,-34520.0,-32741.0,2856,3.0521080493927,20
-35139.0,-34730.0,-32499.0,2866,3.0613341331481934,20
-34240.0,-34986.0,-32804.0,2868,3.062927007675171,20
-34772.0,-35196.0,-32562.0,2876,3.070122003555298,20
-33418.0,-35601.0,-31712.0,2930,3.1184730529785156,21
-33541.0,-35951.0,-30905.0,2932,3.119781970977783,21
-33538.0,-35608.0,-31476.0,2936,3.12369704246521,21
-34070.0,-35591.0,-31574.0,2960,3.152539014816284,22
