z1,z2,z3,node,time,depth
8117.0,6036.0,7073.0,1,0.6367058753967285,1
5829.0,6637.0,8758.0,1,0.6367919445037842,1
5097.0,9808.0,10182.0,1,0.6368489265441895,1
5040.0,8776.0,11268.0,1,0.6368639469146729,1
5048.0,9472.0,10716.0,1,0.6368780136108398,1
8746.0,5701.0,7248.0,1,0.637523889541626,1
7732.0,7566.0,5720.0,1,0.6375668048858643,1
6444.0,7703.0,6825.0,1,0.6378099918365479,1
7757.0,5508.0,7922.0,1,0.6389570236206055,1
9419.0,6657.0,5631.0,1,0.6392128467559814,1
6510.0,6485.0,8186.0,2,1.2645490169525146,2
7351.0,6021.0,7913.0,2,1.2646360397338867,2
11520.0,5066.0,8752.0,3,1.4425849914550781,2
9552.0,4884.0,10247.0,3,1.4426839351654053,2
10537.0,4753.0,9966.0,3,1.4426980018615723,2
11526.0,4590.0,10143.0,3,1.4427118301391602,2
11181.0,6517.0,6878.0,3,1.4429759979248047,2
11750.0,9239.0,4578.0,5,2.0205719470977783,3
10597.0,9498.0,4848.0,5,2.0205860137939453,3
11104.0,8618.0,4995.0,5,2.0206139087677,3
11148.0,9378.0,4653.0,5,2.020627975463867,3
11510.0,9378.0,4561.0,5,2.020655870437622,3
11260.0,9368.0,4626.0,5,2.020669937133789,3
11956.0,8489.0,4855.0,5,2.020684003829956,3
11394.0,4629.0,10119.0,5,2.020711898803711,3
11466.0,8618.0,4903.0,5,2.020725965499878,3
11716.0,8628.0,4838.0,5,2.0207388401031494,3
7656.0,10477.0,6432.0,5,2.0207669734954834,3
7703.0,10410.0,6396.0,5,2.0207810401916504,3
11143.0,4809.0,9589.0,6,2.289623975753784,3
9731.0,5161.0,9730.0,6,2.289637804031372,3
10169.0,5002.0,9845.0,6,2.2898199558258057,3
11364.0,4627.0,10169.0,6,2.2898340225219727,3
10712.0,6638.0,6986.0,6,2.289973020553589,3
9676.0,5311.0,9449.0,6,2.2900848388671875,3
9813.0,5383.0,9225.0,6,2.290097951889038,3
11343.0,5310.0,8371.0,6,2.290112018585205,3
9983.0,5451.0,8993.0,6,2.29013991355896,3
10914.0,5010.0,9129.0,7,2.435572862625122,3
11368.0,4821.0,9533.0,9,3.1181998252868652,4
10762.0,4765.0,9910.0,9,3.118242025375366,4
11745.0,5078.0,8696.0,9,3.118255853652954,4
11139.0,5022.0,9073.0,9,3.118311882019043,4
10293.0,4886.0,10018.0,9,3.118556022644043,4
8850.0,5202.0,11663.0,9,3.118569850921631,4
8598.0,5310.0,11853.0,9,3.1185829639434814,4
8435.0,5492.0,11467.0,9,3.1185970306396484,4
8687.0,5384.0,11277.0,9,3.1186258792877197,4
10670.0,5143.0,9181.0,9,3.1186678409576416,4
12323.0,6491.0,6910.0,10,3.3945038318634033,4
11344.0,8479.0,5012.0,10,3.3946759700775146,4
11706.0,8479.0,4920.0,10,3.3946900367736816,4
12002.0,7732.0,5625.0,10,3.394704818725586,4
11084.0,6592.0,7004.0,10,3.39473295211792,4
12252.0,7742.0,5560.0,10,3.394747018814087,4
11310.0,4676.0,10226.0,10,3.3948028087615967,4
9532.0,9136.0,5597.0,10,3.3950870037078857,4
11636.0,8453.0,5158.0,11,3.560598850250244,4
11146.0,8582.0,5206.0,11,3.560640811920166,4
11255.0,4691.0,10512.0,12,3.816349983215332,4
11093.0,4728.0,10538.0,12,3.816377878189087,4
11018.0,6631.0,6855.0,12,3.816924810409546,4
10674.0,4930.0,9697.0,13,4.0751659870147705,4
9901.0,5229.0,9498.0,13,4.075179815292358,4
11799.0,4903.0,9308.0,13,4.075304985046387,4
11051.0,5187.0,8860.0,13,4.075582981109619,4
10874.0,5431.0,8479.0,13,4.075596809387207,4
9846.0,5379.0,9217.0,13,4.075652837753296,4
9114.0,5043.0,10132.0,14,4.325333833694458,4
9059.0,5193.0,9851.0,14,4.325376033782959,4
10737.0,5254.0,8748.0,14,4.325501918792725,4
9196.0,5265.0,9627.0,14,4.325515985488892,4
9722.0,4952.0,10015.0,15,4.476887941360474,4
10068.0,4874.0,10074.0,15,4.476944923400879,4
10198.0,4902.0,9918.0,15,4.47711181640625,4
5434.0,10568.0,9135.0,16,4.846993923187256,5
5234.0,10028.0,9813.0,16,4.847023010253906,5
5177.0,8996.0,10899.0,16,4.847249984741211,5
5185.0,9692.0,10347.0,16,4.847263813018799,5
5089.0,9112.0,10734.0,17,5.023710012435913,5
5297.0,10348.0,9504.0,17,5.02377986907959,5
5564.0,10478.0,8996.0,17,5.023890972137451,5
10644.0,8367.0,5545.0,20,5.889448881149292,5
11043.0,8609.0,5142.0,21,6.112149953842163,5
10803.0,8748.0,5125.0,21,6.1126179695129395,5
8991.0,5328.0,10101.0,22,6.360630035400391,5
11034.0,8592.0,5233.0,22,6.360757827758789,5
10784.0,8582.0,5298.0,22,6.360843896865845,5
11024.0,8443.0,5315.0,22,6.361169815063477,5
11386.0,8443.0,5223.0,22,6.3611979484558105,5
9701.0,5498.0,9271.0,22,6.361323833465576,5
10790.0,9980.0,4407.0,32,8.714048862457275,6
11343.0,9507.0,4375.0,32,8.714063882827759,6
11700.0,9830.0,4301.0,33,8.894577026367188,6
10116.0,5130.0,9637.0,33,8.894634008407593,6
11373.0,10387.0,4284.0,33,8.89464783668518,6
12929.0,5952.0,6914.0,33,8.894758939743042,6
11568.0,5322.0,8315.0,33,8.894773006439209,6
10585.0,5009.0,9529.0,33,8.894896984100342,6
10962.0,5266.0,8692.0,33,8.894924879074097,6
5407.0,8610.0,10906.0,34,9.150293827056885,6
5682.0,9436.0,9846.0,34,9.150308847427368,6
5358.0,8274.0,11440.0,34,9.150323867797852,6
7257.0,6468.0,10689.0,34,9.150490999221802,6
5692.0,7569.0,11561.0,34,9.150519847869873,6
5674.0,8740.0,10398.0,34,9.15057897567749,6
5779.0,7426.0,11917.0,34,9.150868892669678,6
7222.0,6361.0,10983.0,34,9.150882959365845,6
5741.0,7905.0,11027.0,34,9.15093994140625,6
11053.0,8758.0,5060.0,40,10.568607807159424,6
9709.0,9134.0,5549.0,40,10.56862187385559,6
9895.0,9341.0,5384.0,40,10.568636894226074,6
9718.0,9343.0,5432.0,41,10.803078889846802,6
9727.0,9359.0,5425.0,41,10.803246974945068,6
11274.0,8453.0,5250.0,42,11.007683038711548,6
10514.0,5365.0,9064.0,43,11.21985387802124,6
10897.0,5242.0,9011.0,50,12.648494005203247,6
10421.0,5292.0,9108.0,50,12.648507833480835,6
10284.0,5220.0,9332.0,50,12.648801803588867,6
9003.0,5424.0,9953.0,56,13.88900089263916,6
9140.0,5496.0,9729.0,56,13.889014959335327,6
8813.0,5339.0,10323.0,57,14.099788904190063,6
10268.0,5375.0,8856.0,58,14.309271812438965,6
10335.0,4974.0,9694.0,58,14.309439897537231,6
9366.0,5333.0,9395.0,58,14.309453964233398,6
9229.0,5261.0,9619.0,58,14.309634923934937,6
9014.0,5182.0,11493.0,58,14.309648990631104,6
8762.0,5290.0,11683.0,58,14.309661865234375,6
9284.0,5111.0,9900.0,58,14.309675931930542,6
10445.0,5131.0,9237.0,58,14.309689998626709,6
9421.0,5183.0,9676.0,58,14.309703826904297,6
7430.0,6874.0,6878.0,63,15.326392889022827,7
10224.0,9282.0,5198.0,64,15.629170894622803,7
11735.0,7989.0,5392.0,64,15.629186868667603,7
12017.0,8029.0,5314.0,64,15.629498958587646,7
13631.0,6385.0,6225.0,64,15.62951397895813,7
12122.0,8186.0,5189.0,64,15.629527807235718,7
12049.0,8174.0,5206.0,64,15.629541873931885,7
13313.0,6292.0,6329.0,64,15.629587888717651,7
11504.0,8144.0,5368.0,64,15.629835844039917,7
11536.0,8289.0,5260.0,64,15.6298508644104,7
11283.0,9106.0,4813.0,64,15.629865884780884,7
10041.0,9248.0,5346.0,64,15.629982948303223,7
11767.0,8134.0,5284.0,64,15.630028009414673,7
5364.0,9938.0,9674.0,69,16.570406913757324,7
5307.0,8906.0,10760.0,69,16.570586919784546,7
5315.0,9602.0,10208.0,69,16.570600032806396,7
5356.0,9242.0,10226.0,69,16.570820808410645,7
5690.0,8537.0,10347.0,69,16.570833921432495,7
5728.0,8058.0,11237.0,69,16.570847988128662,7
5641.0,8201.0,10881.0,69,16.570875883102417,7
6292.0,10054.0,8464.0,69,16.570916891098022,7
6368.0,9517.0,8706.0,69,16.57094383239746,7
6034.0,10222.0,8585.0,69,16.570971965789795,7
5826.0,8986.0,9815.0,69,16.57108187675476,7
10899.0,4942.0,9641.0,71,17.043612957000732,7
11276.0,5199.0,8804.0,71,17.04368782043457,7
11006.0,8367.0,5453.0,74,17.833279848098755,7
11256.0,8377.0,5388.0,74,17.833293914794922,7
11246.0,8228.0,5470.0,74,17.833364963531494,7
10884.0,8228.0,5562.0,74,17.833797931671143,7
9718.0,9150.0,5542.0,78,18.84003186225891,7
10645.0,4952.0,9748.0,92,21.610540866851807,7
10289.0,5333.0,9128.0,92,21.61061191558838,7
10152.0,5261.0,9352.0,92,21.610947847366333,7
10980.0,4923.0,9566.0,93,21.799312829971313,7
11180.0,5424.0,8348.0,93,21.799525022506714,7
11357.0,5180.0,8729.0,93,21.79962182044983,7
10322.0,5329.0,9120.0,96,22.43147301673889,7
10038.0,5301.0,9274.0,99,22.99554991722107,7
10028.0,4834.0,10150.0,108,24.780264854431152,7
9497.0,5034.0,9966.0,108,24.780417919158936,7
9973.0,4984.0,9869.0,108,24.780587911605835,7
9535.0,5143.0,9754.0,108,24.780712842941284,7
9689.0,4956.0,10023.0,109,24.949797868728638,7
9251.0,5115.0,9908.0,109,24.949909925460815,7
8950.0,5411.0,10099.0,109,24.949923992156982,7
10942.0,8887.0,5107.0,120,27.249929904937744,8
11448.0,7992.0,5618.0,120,27.250780820846558,8
10317.0,9496.0,5057.0,121,27.506891012191772,8
13157.0,6535.0,6273.0,122,27.78012990951538,8
10493.0,5387.0,8800.0,122,27.78017282485962,8
12455.0,6102.0,6962.0,122,27.780369997024536,8
10937.0,6650.0,6930.0,122,27.780694007873535,8
10330.0,5501.0,8777.0,122,27.780722856521606,8
12839.0,6442.0,6377.0,122,27.78094983100891,8
11406.0,6529.0,6822.0,122,27.78110384941101,8
11243.0,6643.0,6799.0,122,27.781117916107178,8
7261.0,6332.0,11075.0,124,28.240154027938843,8
11205.0,4935.0,9510.0,133,30.022316932678223,8
11582.0,5192.0,8673.0,133,30.022347927093506,8
10599.0,4879.0,9887.0,133,30.02258801460266,8
10976.0,5136.0,9050.0,133,30.022740840911865,8
11032.0,8646.0,5231.0,138,31.29038095474243,8
11388.0,9239.0,4670.0,139,31.490662813186646,8
11354.0,8628.0,4930.0,139,31.490691900253296,8
11594.0,8489.0,4947.0,139,31.490705966949463,8
12073.0,6481.0,6975.0,143,32.537420988082886,8
9541.0,9152.0,5590.0,150,33.98108887672424,8
10723.0,8573.0,5445.0,155,34.94259190559387,8
10590.0,5102.0,9467.0,168,37.23461604118347,8
10344.0,5183.0,9409.0,169,37.391566038131714,8
10400.0,5471.0,8830.0,180,39.357897996902466,8
11637.0,4940.0,9334.0,181,39.49221587181091,8
8758.0,5489.0,10042.0,190,41.014734983444214,8
9590.0,4993.0,10035.0,191,41.16981792449951,8
9634.0,5106.0,9742.0,192,41.309279918670654,8
10110.0,5056.0,9645.0,192,41.30944895744324,8
9672.0,5215.0,9530.0,192,41.309475898742676,8
8599.0,5472.0,11297.0,194,41.67200303077698,8
9173.0,5492.0,9721.0,194,41.67222499847412,8
8983.0,5407.0,10091.0,195,41.87468695640564,8
8000.0,6739.0,7462.0,201,42.89412593841553,9
11198.0,8097.0,5588.0,208,44.415907859802246,9
11480.0,8137.0,5510.0,208,44.41615891456604,9
11405.0,5436.0,8292.0,212,45.44954586029053,9
10799.0,5380.0,8669.0,212,45.449559926986694,9
10422.0,5123.0,9506.0,212,45.449743032455444,9
11453.0,8350.0,5242.0,214,46.00997495651245,9
11966.0,8235.0,5188.0,214,46.00998902320862,9
11684.0,8195.0,5266.0,214,46.01018786430359,9
11808.0,8402.0,5147.0,214,46.010201930999756,9
11735.0,8390.0,5164.0,214,46.01021599769592,9
10884.0,8313.0,5546.0,214,46.01068592071533,9
11115.0,8158.0,5570.0,214,46.010700941085815,9
12039.0,8247.0,5171.0,214,46.01072883605957,9
5607.0,9150.0,10228.0,219,47.01401901245117,9
5461.0,7928.0,11745.0,224,48.12036991119385,9
5423.0,8407.0,10855.0,224,48.12049603462219,9
5567.0,9552.0,9771.0,224,48.12088894844055,9
5767.0,10092.0,9093.0,224,48.12090301513672,9
5559.0,8856.0,10323.0,224,48.12091684341431,9
5759.0,9396.0,9645.0,224,48.12092995643616,9
5374.0,8071.0,11389.0,224,48.121028900146484,9
5556.0,9782.0,9548.0,228,48.66837787628174,9
5507.0,9446.0,10082.0,228,48.66860580444336,9
5515.0,10142.0,9530.0,228,48.668619871139526,9
10507.0,5257.0,9158.0,235,49.993419885635376,9
10114.0,5152.0,9564.0,300,62.49280595779419,9
10306.0,5074.0,9621.0,301,62.674829959869385,9
9868.0,5233.0,9506.0,301,62.674980878829956,9
10339.0,5070.0,9613.0,314,64.61876487731934,9
10377.0,5179.0,9401.0,314,64.61888098716736,9
9727.0,5065.0,9811.0,330,66.84524583816528,9
10374.0,4867.0,9943.0,331,66.97036385536194,9
10751.0,5124.0,9106.0,331,66.97046184539795,9
10574.0,5368.0,8725.0,331,66.97060084342957,9
9804.0,5174.0,9510.0,334,67.50391292572021,9
10143.0,5052.0,9637.0,334,67.50392699241638,9
9667.0,5102.0,9734.0,334,67.50394082069397,9
9842.0,5283.0,9298.0,334,67.50398182868958,9
10280.0,5124.0,9413.0,334,67.50399684906006,9
7979.0,7409.0,5843.0,340,68.57915687561035,10
11167.0,5682.0,7805.0,341,68.73485088348389,10
10961.0,5459.0,8349.0,341,68.73488283157349,10
11546.0,6654.0,6663.0,341,68.73502993583679,10
11640.0,6580.0,6701.0,341,68.73504400253296,10
11818.0,8329.0,5182.0,356,72.38228487968445,10
11891.0,8341.0,5165.0,356,72.3823139667511,10
11700.0,8927.0,4850.0,357,72.5902488231659,10
11421.0,8205.0,5350.0,364,74.44320392608643,10
11403.0,6553.0,6807.0,364,74.44372487068176,10
11652.0,8050.0,5374.0,364,74.44373798370361,10
12007.0,8102.0,5279.0,364,74.44385004043579,10
11934.0,8090.0,5296.0,364,74.44386386871338,10
7296.0,6439.0,10781.0,366,74.74660801887512,10
5616.0,8106.0,11319.0,371,75.59307289123535,10
5665.0,8442.0,10785.0,371,75.59343385696411,10
5127.0,8633.0,11624.0,378,77.07043790817261,10
5431.0,9103.0,10303.0,379,77.27006983757019,10
5382.0,8767.0,10837.0,379,77.27012586593628,10
5631.0,9643.0,9625.0,379,77.27013993263245,10
5777.0,8394.0,10703.0,387,78.30600881576538,10
11272.0,8507.0,5248.0,398,80.39982199668884,10
11762.0,7871.0,5608.0,399,80.57332491874695,10
12012.0,7881.0,5543.0,399,80.57333898544312,10
9794.0,5489.0,9367.0,454,90.0938048362732,10
10251.0,5224.0,9340.0,484,94.78259491920471,10
9760.0,5061.0,9803.0,528,100.55068588256836,10
9859.0,5024.0,9791.0,529,100.69399785995483,10
11049.0,6626.0,7069.0,536,102.16713190078735,11
10781.0,8817.0,5251.0,552,105.7032299041748,11
11090.0,8560.0,5289.0,553,105.95526194572449,11
12533.0,6572.0,6593.0,559,107.46183681488037,11
12653.0,6334.0,6872.0,566,108.99398803710938,11
12335.0,6241.0,6976.0,566,108.99469995498657,11
11397.0,8198.0,5492.0,570,109.83944487571716,11
11239.0,8365.0,5451.0,570,109.83980894088745,11
11166.0,8353.0,5468.0,570,109.83982491493225,11
11548.0,6569.0,6787.0,572,110.33048796653748,11
5698.0,9233.0,9795.0,606,115.93741488456726,11
12105.0,7957.0,5399.0,620,118.02238202095032,11
10593.0,8507.0,5610.0,654,123.64934086799622,11
10815.0,5020.0,9516.0,760,138.4094820022583,11
9705.0,5211.0,9522.0,792,142.1390438079834,11
11814.0,6515.0,6802.0,803,144.151300907135,12
12773.0,6519.0,6601.0,840,152.67476892471313,12
12295.0,8297.0,5159.0,842,153.1586298942566,12
12064.0,8452.0,5135.0,842,153.15892386436462,12
12753.0,6546.0,6683.0,858,156.38390588760376,12
12435.0,6453.0,6787.0,858,156.38436102867126,12
11446.0,6438.0,6987.0,871,158.8162488937378,12
11301.0,6422.0,7007.0,871,158.81627702713013,12
5289.0,9652.0,10056.0,899,163.10588693618774,12
5632.0,7903.0,11268.0,903,163.7122848033905,12
7722.0,10402.0,6442.0,948,169.00628185272217,12
10514.0,5251.0,9177.0,1122,191.9660918712616,12
9897.0,5133.0,9579.0,1166,196.55492401123047,12
10282.0,5245.0,9214.0,1167,196.6701159477234,12
10105.0,5489.0,8833.0,1167,196.67014384269714,12
11201.0,9456.0,4416.0,1175,197.95130801200867,13
10648.0,9929.0,4448.0,1175,197.9513659477234,13
9993.0,10468.0,4744.0,1175,197.95148301124573,13
10293.0,10357.0,4585.0,1175,197.951495885849,13
12909.0,6303.0,6739.0,1232,210.4794318675995,13
13227.0,6396.0,6635.0,1232,210.47973895072937,13
11099.0,5443.0,8423.0,1257,215.01225399971008,13
12212.0,8358.0,5141.0,1272,217.41166281700134,13
12139.0,8346.0,5158.0,1272,217.4116768836975,13
11626.0,8461.0,5212.0,1272,217.41169095039368,13
11857.0,8306.0,5236.0,1272,217.41171884536743,13
11448.0,6606.0,6780.0,1277,218.26707792282104,13
5625.0,8404.0,10932.0,1298,221.0790479183197,13
5582.0,9307.0,10159.0,1318,223.8334138393402,13
5510.0,8264.0,11211.0,1319,223.91721296310425,13
5681.0,8239.0,10734.0,1319,223.91722702980042,13
10894.0,8377.0,5480.0,1366,228.2148699760437,13
11134.0,8238.0,5497.0,1366,228.215078830719,13
11743.0,7957.0,5491.0,1382,230.47451090812683,13
10619.0,8786.0,5388.0,1419,235.6055679321289,13
10782.0,5024.0,9524.0,1540,249.79102182388306,13
10360.0,4997.0,9585.0,1618,256.8535008430481,13
9891.0,5118.0,9693.0,1642,259.1770520210266,13
11066.0,8683.0,5095.0,1652,260.78582286834717,14
11722.0,9064.0,4730.0,1652,260.7858648300171,14
11580.0,9013.0,4771.0,1652,260.78587889671326,14
10513.0,9156.0,5127.0,1652,260.7863128185272,14
10213.0,9267.0,5286.0,1652,260.7863268852234,14
11322.0,8304.0,5469.0,1690,268.33310294151306,14
12809.0,6091.0,6928.0,1728,275.64419388771057,14
13127.0,6184.0,6824.0,1728,275.64439487457275,14
12090.0,8041.0,5297.0,1737,277.1081819534302,14
12773.0,6195.0,6858.0,1772,282.6045639514923,14
11365.0,8053.0,5600.0,1804,287.390163898468,14
11438.0,8065.0,5583.0,1804,287.3901779651642,14
5828.0,7762.0,11383.0,1828,289.95977091789246,14
5558.0,8814.0,10762.0,1829,290.0342710018158,14
7183.0,6466.0,11939.0,1831,290.2935588359833,14
5640.0,8599.0,10716.0,1852,293.0377459526062,14
5689.0,8935.0,10182.0,1854,293.1626889705658,14
5814.0,9614.0,9427.0,1872,294.4896249771118,14
5622.0,9770.0,9553.0,1880,294.95236992836,14
5614.0,9074.0,10105.0,1882,295.06446981430054,14
11503.0,8096.0,5474.0,1927,300.4789288043976,14
11493.0,7947.0,5556.0,1932,301.0614149570465,14
11253.0,8086.0,5539.0,1934,301.25927996635437,14
9618.0,9176.0,5553.0,1998,308.86178398132324,14
10165.0,4906.0,9926.0,2190,326.71347188949585,14
10197.0,5111.0,9562.0,2197,327.1285169124603,14
10134.0,9599.0,4772.0,2230,330.9455690383911,15
9779.0,10027.0,4909.0,2230,330.94558596611023,15
9340.0,9875.0,5280.0,2230,330.94579100608826,15
8985.0,10303.0,5417.0,2230,330.94580698013306,15
9479.0,10138.0,5068.0,2230,330.94582080841064,15
9834.0,9710.0,4931.0,2230,330.9459218978882,15
9428.0,9476.0,5442.0,2230,330.945937871933,15
10687.0,9126.0,4740.0,2230,330.9459819793701,15
10318.0,8608.0,5434.0,2230,330.9461278915405,15
11593.0,9277.0,4561.0,2231,331.1387050151825,15
11451.0,9226.0,4602.0,2231,331.1387188434601,15
10898.0,9699.0,4634.0,2231,331.13880801200867,15
11040.0,8264.0,5547.0,2270,337.82695984840393,15
10929.0,8490.0,5433.0,2290,341.7689440250397,15
13079.0,7572.0,5591.0,2328,347.3396108150482,15
11346.0,6475.0,6980.0,2421,359.5605709552765,15
5248.0,10012.0,10038.0,2476,365.1824448108673,15
5298.0,8608.0,11147.0,2481,365.6926620006561,15
5347.0,8944.0,10613.0,2481,365.6927180290222,15
5817.0,8688.0,10202.0,2481,365.69274497032166,15
5574.0,8611.0,10711.0,2489,366.29660201072693,15
5623.0,8947.0,10177.0,2493,366.51722383499146,15
5822.0,10310.0,8875.0,2509,367.52023792266846,15
5451.0,9795.0,10030.0,2524,368.1929488182068,15
5443.0,9099.0,10582.0,2528,368.35536885261536,15
11855.0,7947.0,5464.0,2569,373.3877069950104,15
11160.0,8517.0,5275.0,2583,375.2279050350189,15
10920.0,8656.0,5258.0,2583,375.22794699668884,15
9627.0,9192.0,5546.0,2650,382.39544701576233,15
9594.0,10348.0,5033.0,2921,404.2929220199585,16
9331.0,10553.0,5203.0,2921,404.29295086860657,16
8424.0,7017.0,6355.0,2921,404.29309582710266,16
8951.0,10047.0,5523.0,2921,404.2931098937988,16
8688.0,10252.0,5693.0,2921,404.293123960495,16
9765.0,9081.0,5466.0,2927,405.51226592063904,16
9465.0,9192.0,5625.0,2927,405.5125868320465,16
11127.0,5671.0,7894.0,2939,407.68458104133606,16
11655.0,10302.0,4362.0,2996,416.5255968570709,16
11577.0,8156.0,5351.0,3022,419.6110420227051,16
11840.0,8146.0,5267.0,3025,419.94619488716125,16
11808.0,8001.0,5375.0,3029,420.43347692489624,16
12414.0,6656.0,6538.0,3083,426.97435092926025,16
11725.0,8062.0,5357.0,3139,434.0289349555969,16
5306.0,9304.0,10595.0,3203,439.44553685188293,16
5184.0,9665.0,10538.0,3204,439.5892128944397,16
5355.0,9640.0,10061.0,3205,439.70103788375854,16
5825.0,9384.0,9650.0,3205,439.70109486579895,16
5394.0,8763.0,11116.0,3262,442.90787291526794,16
11615.0,8086.0,5447.0,3335,449.68230390548706,16
10910.0,8507.0,5340.0,3353,451.8669538497925,16
10359.0,8879.0,5271.0,3728,483.0617859363556,17
9806.0,9352.0,5303.0,3728,483.0619659423828,17
9506.0,9463.0,5462.0,3728,483.06204891204834,17
9151.0,9891.0,5599.0,3728,483.0622420310974,17
10937.0,8896.0,4926.0,3733,483.81027698516846,17
10568.0,8378.0,5620.0,3733,483.81045293807983,17
10084.0,9480.0,5117.0,3733,483.81087589263916,17
10384.0,9369.0,4958.0,3733,483.8108959197998,17
11564.0,6367.0,7048.0,3742,485.4463520050049,17
13247.0,6045.0,6810.0,3831,498.71815395355225,17
11609.0,8301.0,5243.0,3844,500.0820379257202,17
11930.0,8318.0,5219.0,3942,510.9607689380646,17
11757.0,8207.0,5249.0,3946,511.43965792655945,17
11494.0,8217.0,5333.0,3981,514.9927368164062,17
5240.0,9316.0,10590.0,4070,521.8377020359039,17
5176.0,8969.0,11090.0,4071,521.898857831955,17
9351.0,9709.0,5397.0,4640,562.1431138515472,18
10281.0,8892.0,5251.0,4652,564.2005410194397,18
9981.0,9003.0,5410.0,4652,564.2005589008331,18
9728.0,9365.0,5283.0,4652,564.2005779743195,18
10832.0,8938.0,5110.0,4653,564.3562679290771,18
10637.0,9007.0,5085.0,4658,565.0055289268494,18
10957.0,8325.0,5529.0,4866,587.6946749687195,18
11188.0,8170.0,5553.0,4866,587.6947448253632,18
10670.0,8646.0,5323.0,5222,614.2647919654846,18
9215.0,9529.0,5665.0,5588,637.0136978626251,19
10766.0,8794.0,5254.0,5594,638.0961079597473,19
10059.0,8990.0,5430.0,5600,639.1134350299835,19
9893.0,9402.0,5248.0,5604,639.5820050239563,19
9538.0,9830.0,5385.0,5604,639.58203291893,19
10387.0,9237.0,4899.0,5604,639.5821318626404,19
10332.0,9554.0,4877.0,5604,639.5822019577026,19
10032.0,9665.0,5036.0,5604,639.5822148323059,19
10846.0,9884.0,4553.0,5604,639.5822288990021,19
10546.0,9995.0,4712.0,5604,639.5822429656982,19
10018.0,8719.0,5593.0,5606,639.8139479160309,19
9963.0,9036.0,5571.0,5606,639.8141419887543,19
6238.0,9809.0,8673.0,6551,704.0341119766235,20
7146.0,7129.0,7534.0,6551,704.034157037735,20
9170.0,9803.0,5637.0,6559,705.8085758686066,20
9865.0,9044.0,5620.0,6572,707.5813319683075,20
9312.0,9517.0,5652.0,6574,707.7858250141144,20
9787.0,9057.0,5600.0,6576,708.0111479759216,20
10193.0,9291.0,5089.0,6576,708.0112318992615,20
9626.0,9431.0,5547.0,6577,708.1228458881378,20
9234.0,9530.0,5632.0,6578,708.2305159568787,20
9640.0,9764.0,5121.0,6578,708.2305710315704,20
9285.0,10192.0,5258.0,6578,708.2306549549103,20
9073.0,9904.0,5579.0,6579,708.3395328521729,20
6243.0,9689.0,8707.0,7505,768.5875289440155,21
9088.0,9914.0,5567.0,7513,770.1214740276337,21
11526.0,8362.0,5225.0,7844,795.2608699798584,21
5226.0,9332.0,10365.0,8411,825.8524789810181,22
5511.0,8291.0,11020.0,8411,825.8525478839874,22
5598.0,8148.0,11376.0,8411,825.8525619506836,22
9926.0,9320.0,5388.0,8459,831.7740948200226,22
11079.0,8947.0,4885.0,8493,834.3417708873749,22
5560.0,8627.0,10486.0,9272,879.4710669517517,23
9268.0,9659.0,5630.0,9272,879.4711380004883,23
5704.0,9772.0,9402.0,9272,879.4783608913422,23
5904.0,10312.0,8724.0,9272,879.4783749580383,23
5696.0,9076.0,9954.0,9272,879.4784178733826,23
5701.0,10698.0,8627.0,9273,879.6209638118744,23
5778.0,8421.0,10512.0,9273,879.6210899353027,23
5501.0,10158.0,9305.0,9273,879.6211450099945,23
5493.0,9462.0,9857.0,9273,879.6211588382721,23
5452.0,9822.0,9839.0,9273,879.6211729049683,23
9113.0,10823.0,5412.0,9291,883.1213178634644,23
10501.0,8930.0,5230.0,9321,885.6544198989868,23
10335.0,9342.0,5048.0,9329,886.3540790081024,23
10901.0,9567.0,4575.0,9334,886.7998909950256,23
10829.0,9177.0,4699.0,9335,886.8597958087921,23
10423.0,8943.0,5210.0,9337,887.0166428089142,23
9782.0,9815.0,5080.0,9339,887.1739208698273,23
10348.0,10040.0,4607.0,9344,887.4906649589539,23
10276.0,9650.0,4731.0,9345,887.558581829071,23
10779.0,9058.0,5044.0,9378,889.6935749053955,23
10226.0,9531.0,5076.0,9385,890.0784590244293,23
5693.0,10002.0,9179.0,10082,930.0164568424225,24
6035.0,9993.0,8748.0,10082,930.0170159339905,24
5827.0,8757.0,9978.0,10082,930.0170619487762,24
6274.0,10201.0,8310.0,10082,930.0172908306122,24
9371.0,9503.0,5576.0,10083,930.1484348773956,24
9813.0,9258.0,5398.0,10085,930.4519119262695,24
9580.0,9118.0,5599.0,10085,930.45192694664,24
10201.0,9041.0,5389.0,10134,935.9686768054962,24
9648.0,9514.0,5421.0,10138,936.2092559337616,24
10529.0,9288.0,4858.0,10150,937.288763999939,24
10123.0,9054.0,5369.0,10152,937.4022679328918,24
9482.0,9926.0,5239.0,10156,937.6556198596954,24
10490.0,10091.0,4566.0,10164,938.1347539424896,24
9976.0,9761.0,4890.0,10166,938.2552688121796,24
9870.0,9416.0,5242.0,10169,938.4136669635773,24
9515.0,9844.0,5379.0,10171,938.5246679782867,24
5492.0,9860.0,9692.0,10826,973.6319379806519,25
5692.0,10400.0,9014.0,10826,973.6320350170135,25
5435.0,8828.0,10778.0,10826,973.6320488452911,25
5818.0,8459.0,10365.0,10826,973.6320769786835,25
5484.0,9164.0,10244.0,10826,973.6320908069611,25
5769.0,8123.0,10899.0,10826,973.6321330070496,25
6162.0,10144.0,8603.0,10826,973.6322298049927,25
5811.0,8960.0,10029.0,10829,974.3788039684296,25
7319.0,10589.0,6715.0,10830,974.5576679706573,25
7562.0,10546.0,6402.0,10830,974.5576820373535,25
6171.0,10442.0,8216.0,10830,974.5576958656311,25
9223.0,9784.0,5639.0,10865,979.8557598590851,25
10035.0,9453.0,5207.0,10902,981.9086728096008,25
11043.0,9618.0,4534.0,10906,982.0906310081482,25
10160.0,8770.0,5552.0,10939,984.112676858902,25
10460.0,8659.0,5393.0,10943,984.2819418907166,25
9607.0,9243.0,5584.0,10947,984.399374961853,25
9907.0,9132.0,5425.0,10951,984.5165438652039,25
6137.0,10800.0,8427.0,11517,1016.6615560054779,26
6131.0,10016.0,8716.0,11518,1016.890398979187,26
7534.0,10002.0,6703.0,11523,1017.8096158504486,26
9127.0,9874.0,5653.0,11547,1021.6046998500824,26
9570.0,9527.0,5401.0,11636,1027.6564989089966,26
9215.0,9955.0,5538.0,11638,1027.6931569576263,26
5684.0,9704.0,9566.0,12160,1055.4716029167175,27
5426.0,9872.0,9687.0,12164,1056.1433279514313,27
5760.0,9167.0,9808.0,12164,1056.1434829235077,27
5377.0,9536.0,10221.0,12164,1056.1434969902039,27
5385.0,10232.0,9669.0,12164,1056.1435108184814,27
5711.0,8831.0,10342.0,12164,1056.1436219215393,27
6399.0,9867.0,8475.0,12168,1057.0201280117035,27
9293.0,9942.0,5558.0,12248,1064.8426749706268,27
9427.0,10243.0,5217.0,12282,1066.3098318576813,27
9621.0,10189.0,5027.0,12292,1066.8519659042358,27
9921.0,10078.0,4868.0,12294,1066.8954210281372,27
5544.0,8830.0,10537.0,12751,1093.242211818695,28
5652.0,10362.0,9161.0,12757,1094.6573100090027,28
9354.0,9506.0,5658.0,12769,1096.5952548980713,28
9127.0,10354.0,5376.0,12876,1103.4266319274902,28
10135.0,10519.0,4703.0,12886,1103.7185389995575,28
10435.0,10408.0,4544.0,12888,1103.762128829956,28
5647.0,8484.0,10842.0,13295,1127.6757628917694,29
5751.0,9294.0,9736.0,13304,1129.1928968429565,29
5759.0,9990.0,9184.0,13304,1129.192911863327,29
6293.0,9825.0,8627.0,13304,1129.1930449008942,29
5959.0,10530.0,8506.0,13304,1129.1930739879608,29
6404.0,10930.0,7919.0,13305,1129.3690149784088,29
6429.0,10274.0,8095.0,13320,1131.682317018509,29
5826.0,9155.0,9813.0,13785,1159.2748498916626,30
5719.0,9527.0,9790.0,13792,1160.2483439445496,30
5519.0,8987.0,10468.0,13798,1160.8601319789886,30
5568.0,9323.0,9934.0,13800,1161.058068037033,30
6432.0,10110.0,8397.0,13806,1161.6918399333954,30
6421.0,9578.0,8647.0,13830,1165.3604428768158,30
6356.0,9964.0,8600.0,13846,1167.258791923523,30
9276.0,9889.0,5619.0,13856,1168.7770240306854,30
7692.0,10462.0,6656.0,14329,1200.4515779018402,31
9710.0,9414.0,5452.0,14353,1203.0112738609314,31
9670.0,9459.0,5515.0,14778,1232.5391199588776,32
5768.0,9863.0,9256.0,15073,1250.447536945343,33
5264.0,8853.0,11255.0,15082,1250.953505039215,33
5313.0,9189.0,10721.0,15090,1251.3515379428864,33
5783.0,8933.0,10310.0,15090,1251.3516249656677,33
9693.0,9417.0,5534.0,15180,1260.1561110019684,33
5788.0,10555.0,8983.0,15798,1301.347443819046,35
5580.0,9319.0,10213.0,15800,1301.4709379673004,35
6258.0,10299.0,8572.0,16417,1339.9730248451233,37
