z1,z2,z3,node,time,depth
-6625.0,-5992.0,-3911.0,1,0.02156805992126465,1
-6831.0,-5667.0,-3785.0,1,0.021875858306884766,1
-6167.0,-5675.0,-6565.0,2,0.0442500114440918,2
-6696.0,-4842.0,-5431.0,2,0.044497013092041016,2
-5278.0,-6244.0,-7574.0,3,0.06238698959350586,2
-4817.0,-4943.0,-8228.0,5,0.09820389747619629,3
-5528.0,-7044.0,-5594.0,6,0.1157388687133789,3
-5947.0,-5950.0,-7253.0,6,0.11579585075378418,3
-4610.0,-7190.0,-6556.0,6,0.11586308479309082,3
-6344.0,-4880.0,-6904.0,7,0.13286089897155762,3
-6214.0,-4306.0,-7332.0,7,0.1329820156097412,3
-4410.0,-5415.0,-8309.0,8,0.1503159999847412,4
-4957.0,-6267.0,-7686.0,8,0.15053200721740723,4
-5626.0,-5973.0,-7365.0,8,0.15062308311462402,4
-4889.0,-6974.0,-6552.0,15,0.25952887535095215,4
-5307.0,-4296.0,-8275.0,15,0.2596559524536133,4
-5308.0,-4780.0,-8133.0,15,0.2596578598022461,4
-4810.0,-5283.0,-8246.0,16,0.274061918258667,5
-3897.0,-7645.0,-6673.0,17,0.28775787353515625,5
-6237.0,-5643.0,-6262.0,20,0.3320770263671875,5
-5410.0,-4934.0,-8113.0,24,0.3853909969329834,5
-5817.0,-5376.0,-7681.0,24,0.38546299934387207,5
-5984.0,-6148.0,-6104.0,25,0.3981778621673584,5
-6319.0,-5698.0,-5980.0,25,0.39831995964050293,5
-7138.0,-4573.0,-4616.0,26,0.415834903717041,5
-7030.0,-4854.0,-4837.0,27,0.42704296112060547,5
-6501.0,-5687.0,-5971.0,27,0.4270930290222168,5
-6358.0,-5078.0,-6881.0,27,0.4271230697631836,5
-4532.0,-7492.0,-6096.0,28,0.4411909580230713,5
-5869.0,-6252.0,-6793.0,28,0.4412050247192383,5
-6691.0,-3982.0,-6008.0,31,0.48017191886901855,5
-6121.0,-6043.0,-6006.0,52,0.7435019016265869,6
-4631.0,-7525.0,-6016.0,59,0.8241820335388184,6
-4488.0,-6916.0,-6926.0,59,0.8242220878601074,6
-5047.0,-5865.0,-7797.0,64,0.882004976272583,7
-4119.0,-7353.0,-6651.0,66,0.9049570560455322,7
-5312.0,-6667.0,-6337.0,94,1.2177050113677979,7
-6104.0,-5858.0,-6036.0,97,1.252990961074829,7
-5604.0,-6504.0,-6139.0,98,1.2654528617858887,7
-6497.0,-4729.0,-6809.0,102,1.3116788864135742,7
-5786.0,-6493.0,-6130.0,104,1.3328349590301514,7
-5992.0,-6168.0,-6004.0,104,1.3328750133514404,7
-5702.0,-6690.0,-5749.0,106,1.3540680408477783,7
-6856.0,-3822.0,-6066.0,110,1.3914358615875244,7
-5148.0,-5670.0,-8002.0,116,1.4545769691467285,7
-5448.0,-6104.0,-7591.0,116,1.4545788764953613,7
-4041.0,-7655.0,-6191.0,134,1.6423840522766113,8
-5548.0,-6275.0,-6905.0,137,1.6725099086761475,8
-4710.0,-7361.0,-5870.0,140,1.705894947052002,8
-4794.0,-7164.0,-6251.0,140,1.705981969833374,8
-5711.0,-6571.0,-6055.0,160,1.902169942855835,8
-5647.0,-5516.0,-7664.0,192,2.2149879932403564,8
-5960.0,-5985.0,-6771.0,193,2.226317882537842,8
-5044.0,-7373.0,-5276.0,194,2.237921953201294,8
-5985.0,-5001.0,-7220.0,201,2.3165910243988037,8
-6190.0,-5823.0,-5978.0,204,2.345839023590088,8
-6496.0,-6117.0,-3909.0,212,2.4227120876312256,8
-6621.0,-5397.0,-5903.0,212,2.422731876373291,8
-6037.0,-6240.0,-5625.0,213,2.431407928466797,8
-6528.0,-4532.0,-6538.0,214,2.440079927444458,8
-6571.0,-5655.0,-5668.0,215,2.4479498863220215,8
-4707.0,-6985.0,-6561.0,233,2.616652011871338,8
-6493.0,-5957.0,-5208.0,249,2.762269973754883,8
-5347.0,-6299.0,-7386.0,256,2.815706968307495,9
-5194.0,-7032.0,-6188.0,264,2.894752025604248,9
-5207.0,-7067.0,-5706.0,264,2.894753932952881,9
-4297.0,-7513.0,-6610.0,271,2.956562042236328,9
-4299.0,-4920.0,-8503.0,313,3.3527309894561768,9
-4300.0,-5404.0,-8361.0,313,3.352741003036499,9
-5902.0,-6093.0,-6386.0,333,3.526031017303467,9
-6684.0,-4851.0,-5278.0,345,3.636659860610962,9
-4744.0,-7640.0,-4236.0,354,3.720781087875366,9
-4741.0,-7545.0,-5577.0,381,3.951314926147461,9
-5128.0,-7176.0,-5657.0,389,4.020776033401489,9
-6406.0,-5149.0,-6422.0,408,4.22221302986145,9
-5799.0,-6528.0,-5648.0,417,4.298711061477661,9
-5485.0,-6658.0,-6113.0,419,4.317223072052002,9
-5885.0,-6526.0,-6050.0,431,4.422699928283691,9
-6093.0,-5496.0,-6702.0,431,4.422705888748169,9
-6236.0,-6105.0,-5792.0,431,4.422715902328491,9
-6802.0,-3779.0,-6125.0,439,4.483283042907715,9
-6695.0,-5304.0,-4961.0,442,4.5057759284973145,9
-7110.0,-3941.0,-4821.0,446,4.5318379402160645,9
-4231.0,-7657.0,-6079.0,465,4.710684061050415,9
-4621.0,-5381.0,-8249.0,471,4.760801076889038,9
-4790.0,-4757.0,-8408.0,471,4.7608208656311035,9
-4674.0,-7682.0,-4391.0,499,4.990983009338379,9
-5217.0,-5725.0,-7814.0,520,5.1443190574646,10
-5001.0,-6803.0,-6344.0,540,5.32437801361084,10
-5054.0,-7218.0,-5801.0,542,5.340900897979736,10
-4947.0,-6431.0,-7449.0,545,5.365093946456909,10
-4647.0,-5997.0,-7860.0,545,5.365109920501709,10
-4473.0,-6596.0,-7368.0,548,5.393138885498047,10
-5824.0,-6548.0,-5517.0,656,6.322890996932983,10
-5886.0,-6064.0,-6520.0,661,6.3622519969940186,10
-4615.0,-7765.0,-4234.0,686,6.560322046279907,10
-5808.0,-6366.0,-6060.0,709,6.746841907501221,10
-5571.0,-6757.0,-5668.0,724,6.946724891662598,10
-6015.0,-5870.0,-6025.0,738,7.044259071350098,10
-5863.0,-6594.0,-5470.0,762,7.237977027893066,10
-5703.0,-6537.0,-6059.0,771,7.315603971481323,10
-6047.0,-5214.0,-6888.0,788,7.47617506980896,10
-5127.0,-6729.0,-6423.0,802,7.584794998168945,10
-5302.0,-6822.0,-5812.0,808,7.6339499950408936,10
-5561.0,-6912.0,-5143.0,820,7.735075950622559,10
-6045.0,-6583.0,-5461.0,820,7.735085964202881,10
-6428.0,-5046.0,-6578.0,830,7.816856861114502,10
-6397.0,-4623.0,-6897.0,831,7.824125051498413,10
-7018.0,-4863.0,-4684.0,855,8.00362491607666,10
-6683.0,-5313.0,-4808.0,855,8.003661870956421,10
-6679.0,-5275.0,-5095.0,856,8.009487867355347,10
-6932.0,-4353.0,-5697.0,865,8.058826923370361,10
-4925.0,-4508.0,-8444.0,907,8.398343086242676,10
-5993.0,-5301.0,-7162.0,919,8.500391960144043,10
-5981.0,-5310.0,-7009.0,925,8.539780855178833,10
-6593.0,-5443.0,-5168.0,958,8.78879189491272,10
-6796.0,-5334.0,-4340.0,959,8.7953360080719,10
-6854.0,-4655.0,-5237.0,971,8.883409023284912,10
-5360.0,-6334.0,-6904.0,1005,9.108838081359863,11
-4873.0,-6464.0,-7305.0,1006,9.115553855895996,11
-5378.0,-6415.0,-6888.0,1053,9.47853398323059,11
-4863.0,-6628.0,-7068.0,1054,9.485408067703247,11
-4540.0,-5989.0,-7881.0,1054,9.485430002212524,11
-4893.0,-7197.0,-6171.0,1099,9.850461959838867,11
-4815.0,-7499.0,-5711.0,1107,9.923593997955322,11
-4553.0,-6033.0,-7805.0,1179,10.514271974563599,11
-4146.0,-5591.0,-8237.0,1179,10.514287948608398,11
-4315.0,-4967.0,-8396.0,1179,10.514307975769043,11
-4316.0,-5451.0,-8254.0,1179,10.514309883117676,11
-6108.0,-5768.0,-6260.0,1250,11.0887770652771,11
-5551.0,-6514.0,-6644.0,1257,11.145148992538452,11
-5734.0,-6859.0,-4904.0,1342,11.871312856674194,11
-4612.0,-7670.0,-5575.0,1383,12.165334939956665,11
-5475.0,-6629.0,-6137.0,1414,12.37288784980774,11
-5391.0,-6826.0,-5756.0,1414,12.372889995574951,11
-6394.0,-5158.0,-6269.0,1486,12.94554591178894,11
-5908.0,-6365.0,-5623.0,1547,13.414232969284058,11
-6658.0,-5106.0,-6110.0,1558,13.49330997467041,11
-6442.0,-5780.0,-5666.0,1568,13.578707933425903,11
-6901.0,-4979.0,-4835.0,1610,13.86076807975769,11
-6695.0,-3771.0,-6146.0,1632,13.990002870559692,11
-5712.0,-6427.0,-6294.0,1648,14.10615587234497,11
-5882.0,-6287.0,-6311.0,1648,14.106234073638916,11
-4545.0,-7527.0,-5614.0,1651,14.125491857528687,11
-4731.0,-5392.0,-8197.0,1692,14.447869062423706,11
-4964.0,-6433.0,-7273.0,1693,14.45513391494751,11
-6407.0,-5447.0,-6221.0,1845,15.51484203338623,11
-5529.0,-6582.0,-6064.0,1865,15.624054908752441,12
-5369.0,-6525.0,-6653.0,1955,16.366863012313843,12
-4732.0,-6895.0,-6733.0,1973,16.478157997131348,12
-3843.0,-5816.0,-7993.0,1975,16.491302013397217,12
-3844.0,-6300.0,-7851.0,1975,16.49130392074585,12
-4251.0,-6742.0,-7419.0,1975,16.49131202697754,12
-4394.0,-7351.0,-6509.0,1975,16.49134087562561,12
-4817.0,-5857.0,-7877.0,2005,16.6948299407959,12
-4969.0,-6657.0,-6716.0,2071,17.22289490699768,12
-4430.0,-5978.0,-7933.0,2199,18.18167805671692,12
-5465.0,-6516.0,-6242.0,2246,18.500531911849976,12
-5473.0,-6816.0,-6184.0,2439,19.951701879501343,12
-5888.0,-6621.0,-4709.0,2773,22.387454986572266,12
-6609.0,-5406.0,-5750.0,2778,22.42581295967102,12
-6999.0,-4927.0,-3970.0,2796,22.55202007293701,12
-6887.0,-5067.0,-4318.0,2809,22.64914107322693,12
-6874.0,-5032.0,-4800.0,2809,22.649152994155884,12
-6046.0,-5044.0,-7155.0,2825,22.752357959747314,12
-6408.0,-4822.0,-6606.0,2864,22.97853708267212,12
-6158.0,-4205.0,-7537.0,2866,22.98778986930847,12
-6945.0,-4388.0,-5215.0,2905,23.22048807144165,12
-6944.0,-4344.0,-5850.0,2921,23.299654006958008,12
-4165.0,-6277.0,-7739.0,3011,23.92145085334778,12
-4572.0,-6719.0,-7307.0,3011,23.921458959579468,12
-4715.0,-7328.0,-6397.0,3011,23.921489000320435,12
-5041.0,-5662.0,-8023.0,3012,23.940001010894775,12
-4335.0,-6137.0,-7756.0,3015,23.961375951766968,12
-4794.0,-6573.0,-7256.0,3016,23.968111038208008,12
-5332.0,-4950.0,-8012.0,3043,24.14801001548767,12
-5131.0,-5260.0,-8134.0,3050,24.185805082321167,12
-5538.0,-5702.0,-7702.0,3050,24.18582797050476,12
-5992.0,-4817.0,-7304.0,3085,24.452476024627686,12
-5544.0,-4878.0,-7826.0,3171,25.079313039779663,12
-6580.0,-5408.0,-5650.0,3204,25.280515909194946,12
-5807.0,-6828.0,-5590.0,3215,25.352838039398193,12
-6158.0,-6407.0,-5332.0,3215,25.352848052978516,12
-6866.0,-4646.0,-5390.0,3239,25.478349924087524,12
-6692.0,-4466.0,-5866.0,3260,25.59449791908264,12
-6056.0,-5868.0,-6479.0,3293,25.762863874435425,12
-5304.0,-6862.0,-5711.0,3475,26.89673399925232,13
-4167.0,-6939.0,-7038.0,3513,27.149163007736206,13
-3767.0,-7071.0,-7101.0,3699,28.40894389152527,13
-4446.0,-6025.0,-7826.0,3817,29.210341930389404,13
-5151.0,-6646.0,-6707.0,3963,30.28060507774353,13
-5073.0,-6948.0,-6247.0,4101,31.132628917694092,13
-5746.0,-6850.0,-5057.0,4146,31.448559999465942,13
-5486.0,-6851.0,-5702.0,4167,31.580914974212646,13
-6052.0,-3801.0,-7844.0,4577,34.29567098617554,13
-5294.0,-3780.0,-8534.0,4577,34.29570388793945,13
-6183.0,-4859.0,-7274.0,4602,34.44361901283264,13
-6532.0,-5281.0,-6036.0,4690,35.04225397109985,13
-6574.0,-5750.0,-4327.0,4722,35.25814199447632,13
-6307.0,-5527.0,-6368.0,4739,35.35565400123596,13
-6745.0,-5157.0,-4798.0,4743,35.383955001831055,13
-6299.0,-5171.0,-6576.0,4764,35.50859594345093,13
-6077.0,-5467.0,-6836.0,4765,35.51383590698242,13
-6758.0,-4370.0,-5745.0,4800,35.72693991661072,13
-4921.0,-7003.0,-6271.0,5081,37.3393759727478,13
-4578.0,-7110.0,-6559.0,5083,37.35195708274841,13
-5281.0,-6443.0,-6855.0,5094,37.42294907569885,13
-5032.0,-4516.0,-8423.0,5137,37.72069001197815,13
-5681.0,-6311.0,-6792.0,5220,38.25367093086243,13
-6142.0,-6378.0,-5466.0,5413,39.42148208618164,13
-5890.0,-6662.0,-3704.0,5414,39.42707586288452,13
-6581.0,-5452.0,-5015.0,5418,39.44905495643616,13
-6846.0,-5078.0,-4065.0,5470,39.707261085510254,13
-4444.0,-7722.0,-5409.0,5779,41.27334690093994,14
-4433.0,-7776.0,-4243.0,5780,41.279881954193115,14
-3597.0,-7211.0,-7084.0,6137,43.53272199630737,14
-4537.0,-5986.0,-7912.0,6311,44.56146287918091,14
-5603.0,-6974.0,-3896.0,6406,45.08739399909973,14
-5564.0,-6549.0,-6162.0,6543,45.91987991333008,14
-6146.0,-5150.0,-7067.0,7319,50.557374000549316,14
-6675.0,-4317.0,-5933.0,7329,50.621793031692505,14
-6053.0,-4285.0,-7702.0,7393,50.98808789253235,14
-5996.0,-4606.0,-7442.0,7433,51.22847294807434,14
-6233.0,-5188.0,-6993.0,7441,51.25682592391968,14
-6787.0,-4994.0,-4874.0,7636,52.57508897781372,14
-6671.0,-5141.0,-5628.0,7653,52.67438888549805,14
-6516.0,-4541.0,-6385.0,7700,52.92773485183716,14
-6398.0,-5107.0,-6755.0,7705,52.952138900756836,14
-6857.0,-4306.0,-5924.0,7861,53.77817702293396,14
-6707.0,-3762.0,-6299.0,7969,54.24643301963806,14
-4375.0,-7667.0,-5597.0,8080,54.861783027648926,14
-5138.0,-5834.0,-7765.0,8215,55.66860795021057,14
-4716.0,-6866.0,-6867.0,8845,58.878928899765015,15
-4587.0,-6991.0,-6865.0,8895,59.06788396835327,15
-4081.0,-6882.0,-7402.0,9209,60.75106501579285,15
-4144.0,-6734.0,-7440.0,9223,60.8275420665741,15
-4310.0,-7548.0,-6128.0,9279,61.13431191444397,15
-3660.0,-7063.0,-7122.0,9649,63.02436685562134,15
-3910.0,-7680.0,-6191.0,9653,63.04369902610779,15
-4545.0,-4975.0,-8316.0,9871,64.18054103851318,15
-4546.0,-5459.0,-8174.0,9871,64.18054294586182,15
-4953.0,-5901.0,-7742.0,9871,64.18054699897766,15
-4715.0,-4835.0,-8333.0,9873,64.19356393814087,15
-4846.0,-5893.0,-7763.0,9897,64.30771994590759,15
-5096.0,-6510.0,-6832.0,9901,64.32518887519836,15
-4989.0,-7145.0,-5866.0,10423,67.08113288879395,15
-4898.0,-6855.0,-6858.0,10591,67.94798803329468,15
-4911.0,-6890.0,-6376.0,10595,67.97130703926086,15
-5573.0,-6889.0,-5628.0,10671,68.3503348827362,15
-4814.0,-7052.0,-6477.0,10690,68.4185140132904,15
-5710.0,-5368.0,-7702.0,10807,69.01378202438354,15
-5946.0,-4277.0,-7723.0,11300,71.67038607597351,15
-6663.0,-5333.0,-4729.0,11455,72.51555490493774,15
-6676.0,-5368.0,-4247.0,11455,72.51555705070496,15
-6998.0,-4883.0,-4605.0,11537,73.05396890640259,15
-6738.0,-4884.0,-5250.0,11549,73.11580300331116,15
-5401.0,-6855.0,-5732.0,11712,73.92532801628113,15
-6980.0,-3367.0,-5249.0,11806,74.39350986480713,15
-6057.0,-5243.0,-6864.0,11820,74.44638705253601,15
-5807.0,-4626.0,-7795.0,11828,74.4773268699646,15
-4465.0,-6711.0,-7328.0,12341,76.90789484977722,15
-4637.0,-5428.0,-8142.0,12439,77.46093606948853,15
-5301.0,-5120.0,-8151.0,12484,77.67948007583618,15
-5364.0,-6301.0,-7210.0,12666,78.59840703010559,15
-5194.0,-6441.0,-7193.0,12666,78.59841299057007,15
-6542.0,-5670.0,-4330.0,12916,79.7322928905487,15
-6229.0,-5829.0,-5908.0,12932,79.80679702758789,15
-5148.0,-7064.0,-5883.0,13202,81.05172204971313,15
-4421.0,-7785.0,-4090.0,13586,82.65771985054016,16
-3997.0,-7079.0,-7021.0,13739,83.37639307975769,16
-4044.0,-7854.0,-5472.0,14078,85.022873878479,16
-4536.0,-5502.0,-8054.0,14442,86.74503087997437,16
-4429.0,-5494.0,-8075.0,14444,86.75213408470154,16
-5591.0,-6983.0,-3743.0,14596,87.42768597602844,16
-4938.0,-7415.0,-4922.0,14607,87.47606897354126,16
-4732.0,-7649.0,-4083.0,15052,89.63580989837646,16
-6632.0,-3781.0,-6287.0,16073,94.33696508407593,16
-5645.0,-3359.0,-8276.0,16140,94.64128994941711,16
-5646.0,-3843.0,-8134.0,16140,94.64130306243896,16
-6182.0,-4375.0,-7416.0,16240,95.05783796310425,16
-5831.0,-4796.0,-7674.0,16246,95.07652306556702,16
-6576.0,-5882.0,-4287.0,16557,96.597904920578,16
-6660.0,-5339.0,-4381.0,16573,96.65567994117737,16
-6228.0,-5247.0,-6738.0,16737,97.49667596817017,16
-6556.0,-3388.0,-6477.0,16840,97.92673707008362,16
-6814.0,-3770.0,-6278.0,16921,98.2653398513794,16
-6687.0,-4446.0,-5907.0,17021,98.61599802970886,16
-6957.0,-4379.0,-5368.0,17137,99.03596687316895,16
-6542.0,-3952.0,-6531.0,17206,99.26789093017578,16
-7109.0,-3457.0,-4963.0,17232,99.34801506996155,16
-4620.0,-4897.0,-8391.0,17780,101.90202808380127,16
-4837.0,-7200.0,-5890.0,17987,102.86566996574402,16
-5232.0,-6867.0,-6264.0,18647,105.63782596588135,16
-3974.0,-6874.0,-7423.0,19198,107.59660792350769,17
-4430.0,-7681.0,-5584.0,19252,107.83195090293884,17
-4234.0,-6332.0,-7551.0,19279,107.92400789260864,17
-3890.0,-7071.0,-7042.0,19315,108.12240791320801,17
-3834.0,-6464.0,-7614.0,19793,110.15175199508667,17
-3490.0,-7203.0,-7105.0,19831,110.3133749961853,17
-4603.0,-7774.0,-4081.0,20754,114.07013201713562,17
-4398.0,-7137.0,-6647.0,21125,115.6259880065918,17
-4885.0,-7007.0,-6246.0,21129,115.64623403549194,17
-5094.0,-7280.0,-5517.0,21265,116.33481693267822,17
-5574.0,-6662.0,-6057.0,21605,117.50943088531494,17
-5909.0,-6212.0,-5933.0,21741,118.05121397972107,17
-5415.0,-4732.0,-8039.0,21791,118.24026894569397,17
-6762.0,-4355.0,-5859.0,22013,119.17385196685791,17
-5882.0,-3941.0,-7827.0,22051,119.3182680606842,17
-5701.0,-4222.0,-8102.0,22058,119.35250306129456,17
-5594.0,-4214.0,-8123.0,22172,119.94016599655151,17
-5945.0,-3793.0,-7865.0,22174,119.94588899612427,17
-5876.0,-6630.0,-4556.0,22503,121.28525185585022,17
-6225.0,-6303.0,-4545.0,22639,121.8230550289154,17
-6659.0,-5150.0,-5475.0,22834,122.62689590454102,17
-6646.0,-5115.0,-5957.0,22838,122.64213991165161,17
-6644.0,-3910.0,-6261.0,23079,123.72334003448486,17
-6412.0,-3378.0,-6959.0,23082,123.73257994651794,17
-6979.0,-2883.0,-5391.0,23084,123.73853993415833,17
-5806.0,-4142.0,-7937.0,23124,123.88389897346497,17
-7118.0,-4349.0,-4644.0,23204,124.12798285484314,17
-7105.0,-4314.0,-5126.0,23208,124.14182901382446,17
-4901.0,-5252.0,-8214.0,23948,126.87672090530396,17
-5037.0,-5296.0,-8079.0,24221,128.11314296722412,17
-5537.0,-4029.0,-8172.0,24230,128.15062594413757,17
-5185.0,-3966.0,-8572.0,24232,128.157644033432,17
-5536.0,-3545.0,-8314.0,24234,128.16517090797424,17
-5902.0,-6653.0,-3857.0,24788,130.34262990951538,17
-5251.0,-6336.0,-7459.0,25276,132.13476395606995,18
-5050.0,-6649.0,-6658.0,25540,133.0809190273285,18
-5577.0,-6596.0,-6024.0,25560,133.1666169166565,18
-4672.0,-7623.0,-4550.0,25569,133.20617985725403,18
-4017.0,-8034.0,-4288.0,25620,133.38571786880493,18
-4140.0,-7688.0,-6111.0,25903,134.61449003219604,18
-3629.0,-7938.0,-5055.0,26312,136.10790300369263,18
-3740.0,-7820.0,-6174.0,26495,136.7878658771515,18
-4145.0,-5107.0,-8379.0,26776,137.942969083786,18
-4454.0,-7744.0,-4604.0,27141,139.2541069984436,18
-5564.0,-6993.0,-4134.0,27673,141.4203279018402,18
-5305.0,-7182.0,-4010.0,27715,141.59144687652588,18
-5908.0,-6439.0,-5504.0,28075,142.94500398635864,18
-4801.0,-7204.0,-5865.0,28106,143.0604898929596,18
-5008.0,-4290.0,-8471.0,28703,145.18528699874878,18
-6060.0,-4380.0,-7554.0,28994,146.3065779209137,18
-6599.0,-5421.0,-4803.0,29328,147.51199507713318,18
-6096.0,-6428.0,-4543.0,29560,148.50796794891357,18
-7048.0,-4640.0,-3092.0,29608,148.68576097488403,18
-5970.0,-5459.0,-6857.0,29997,150.09174799919128,18
-6220.0,-6076.0,-5926.0,30009,150.1445288658142,18
-5625.0,-6839.0,-5599.0,30965,153.41607189178467,18
-5342.0,-6305.0,-7427.0,31164,154.2994430065155,18
-5422.0,-4548.0,-8123.0,31566,155.74459290504456,18
-5407.0,-6960.0,-5653.0,32207,158.1324758529663,18
-5323.0,-7157.0,-5272.0,32276,158.41244387626648,18
-6329.0,-5902.0,-5352.0,32533,159.22814893722534,18
-5421.0,-6196.0,-7476.0,32738,159.7385950088501,19
-4667.0,-7085.0,-6822.0,32824,159.96107697486877,19
-3872.0,-7981.0,-4493.0,33020,160.77225303649902,19
-4589.0,-7387.0,-6362.0,33022,160.7758948802948,19
-3973.0,-6390.0,-7565.0,33111,161.03615593910217,19
-5042.0,-7227.0,-5648.0,33309,161.71180987358093,19
-4851.0,-6468.0,-7522.0,33364,161.86688089370728,19
-5021.0,-6328.0,-7539.0,33472,162.19278693199158,19
-4496.0,-7623.0,-5716.0,33736,163.0592770576477,19
-3360.0,-6629.0,-7533.0,33897,163.72199892997742,19
-3816.0,-5733.0,-8043.0,34316,165.07531905174255,19
-5101.0,-4571.0,-8235.0,34377,165.25926685333252,19
-6164.0,-6325.0,-4012.0,34697,166.4346330165863,19
-5491.0,-6728.0,-5980.0,34798,166.73738408088684,19
-5067.0,-6843.0,-6326.0,34878,167.00549793243408,19
-4473.0,-7838.0,-3959.0,35120,167.76963186264038,19
-5085.0,-7384.0,-4023.0,35231,168.166601896286,19
-5001.0,-7097.0,-6228.0,36024,170.7547528743744,19
-6149.0,-4496.0,-7421.0,36482,172.39790201187134,19
-6103.0,-4614.0,-7421.0,36615,172.777587890625,19
-5531.0,-4362.0,-8085.0,36623,172.8148798942566,19
-6469.0,-5716.0,-5739.0,37091,174.22678995132446,19
-6482.0,-5751.0,-5257.0,37103,174.28016996383667,19
-5950.0,-5988.0,-6331.0,37150,174.45440196990967,19
-7011.0,-4918.0,-4123.0,37251,174.79013991355896,19
-6889.0,-4988.0,-4682.0,38212,178.20574498176575,19
-6705.0,-4625.0,-5760.0,38244,178.3027219772339,19
-4923.0,-7399.0,-5768.0,38646,179.40672898292542,19
-5355.0,-6340.0,-6945.0,38992,180.5499129295349,19
-5506.0,-5800.0,-7628.0,39300,181.7076699733734,19
-5060.0,-6720.0,-6501.0,39689,182.9994559288025,19
-4583.0,-7282.0,-6441.0,40800,186.40610599517822,20
-5240.0,-6650.0,-6651.0,40859,186.61581897735596,20
-5291.0,-6827.0,-6193.0,40933,186.97728991508484,20
-5162.0,-6952.0,-6191.0,40939,186.99082207679749,20
-3553.0,-8105.0,-4498.0,41010,187.18072295188904,20
-3682.0,-7980.0,-4500.0,41012,187.18481302261353,20
-3978.0,-7637.0,-6615.0,41100,187.42820692062378,20
-4381.0,-7316.0,-6991.0,41101,187.4309539794922,20
-3441.0,-7997.0,-5054.0,41134,187.53717803955078,20
-5262.0,-7025.0,-5635.0,41351,188.2146759033203,20
-4767.0,-6665.0,-7141.0,41402,188.34289503097534,20
-4937.0,-6525.0,-7158.0,41510,188.64392805099487,20
-3617.0,-8166.0,-4351.0,41762,189.38968586921692,20
-3472.0,-8113.0,-4556.0,41770,189.41899394989014,20
-4294.0,-4261.0,-8730.0,42330,191.16815400123596,20
-4694.0,-4129.0,-8667.0,42450,191.51455688476562,20
-5205.0,-7191.0,-4283.0,42672,192.10948705673218,20
-4983.0,-7487.0,-4543.0,42673,192.11295199394226,20
-5576.0,-6984.0,-4287.0,43119,193.43736696243286,20
-5954.0,-6321.0,-5504.0,43446,194.4199459552765,20
-4946.0,-6869.0,-6818.0,43502,194.61513495445251,20
-3720.0,-7959.0,-4973.0,43544,194.8871009349823,20
-4462.0,-7198.0,-6500.0,43546,194.89013504981995,20
-5970.0,-4782.0,-7443.0,44218,196.60447096824646,20
-5979.0,-4636.0,-7404.0,44406,197.15193605422974,20
-5175.0,-6743.0,-6383.0,44764,198.24732303619385,20
-6181.0,-5702.0,-6294.0,44981,198.88654208183289,20
-6606.0,-5178.0,-6126.0,44994,198.92893886566162,20
-6447.0,-6007.0,-4285.0,45089,199.23976492881775,20
-6651.0,-5342.0,-4576.0,45108,199.30995202064514,20
-7055.0,-4735.0,-2944.0,45168,199.47133088111877,20
-6816.0,-5448.0,-4008.0,45250,199.7130789756775,20
-6782.0,-5557.0,-4161.0,45251,199.71720504760742,20
-6986.0,-4892.0,-4452.0,45288,199.84525394439697,20
-7257.0,-4150.0,-3620.0,46143,202.433345079422,20
-5012.0,-7293.0,-5279.0,46693,204.01875805854797,20
-4785.0,-4098.0,-8635.0,47132,205.33619904518127,20
-5649.0,-6409.0,-6718.0,47550,206.6395468711853,20
-6323.0,-5856.0,-5368.0,47938,207.68796706199646,20
-4896.0,-7491.0,-5653.0,48914,210.44815587997437,21
-3649.0,-8068.0,-4425.0,48920,210.45826888084412,21
-3821.0,-7812.0,-6116.0,49060,210.80609107017517,21
-3991.0,-7672.0,-6133.0,49128,211.10381698608398,21
-3601.0,-7988.0,-4558.0,49677,212.40761303901672,21
-4634.0,-6025.0,-7747.0,50106,213.55272603034973,21
-4397.0,-5443.0,-8196.0,50126,213.59166598320007,21
-3897.0,-5725.0,-7985.0,50202,213.78636503219604,21
-6094.0,-6135.0,-5891.0,50414,214.27973699569702,21
-5965.0,-6260.0,-5889.0,50418,214.29142785072327,21
-5759.0,-6585.0,-6015.0,50440,214.34456396102905,21
-4535.0,-7736.0,-4546.0,50506,214.4971580505371,21
-5184.0,-6624.0,-6689.0,50614,214.74735307693481,21
-5106.0,-6926.0,-6229.0,50796,215.18004298210144,21
-5097.0,-7375.0,-4176.0,50913,215.47918105125427,21
-5070.0,-7137.0,-5808.0,50992,215.7250030040741,21
-5964.0,-4417.0,-7627.0,52210,218.895015001297,21
-6028.0,-4478.0,-7480.0,52250,219.00563788414001,21
-5371.0,-5079.0,-7870.0,52288,219.10107398033142,21
-5518.0,-6636.0,-6095.0,52432,219.40607404708862,21
-6515.0,-5598.0,-5739.0,52578,219.79184198379517,21
-6828.0,-5439.0,-4161.0,52820,220.43089985847473,21
-7129.0,-4632.0,-3034.0,52828,220.44999885559082,21
-7116.0,-4597.0,-3516.0,52868,220.55962085723877,21
-6431.0,-5978.0,-4419.0,53031,221.14714002609253,21
-6388.0,-5519.0,-6310.0,53090,221.28605484962463,21
-6091.0,-6201.0,-5924.0,53379,222.04238390922546,21
-5424.0,-4689.0,-7947.0,53550,222.4542920589447,21
-6740.0,-4974.0,-4907.0,53939,223.34375095367432,21
-5096.0,-7096.0,-5660.0,54247,224.12453389167786,21
-5093.0,-7285.0,-5221.0,54302,224.27426886558533,21
-5496.0,-6964.0,-5597.0,54317,224.31518387794495,21
-4312.0,-7649.0,-6021.0,54472,224.67240500450134,21
-4805.0,-5289.0,-8287.0,54596,224.99295687675476,21
-5050.0,-6878.0,-6273.0,54661,225.16510701179504,21
-5442.0,-5739.0,-7775.0,54828,225.57946705818176,21
-5612.0,-5599.0,-7792.0,54842,225.6189739704132,21
-5585.0,-6348.0,-6865.0,55084,226.19795298576355,21
-5755.0,-6208.0,-6882.0,55116,226.41423797607422,21
-5335.0,-5731.0,-7796.0,55178,226.58389687538147,21
-6667.0,-5459.0,-4338.0,55569,227.50052094459534,21
-4974.0,-7189.0,-6113.0,56270,229.20941591262817,22
-4067.0,-7978.0,-4724.0,56414,229.45459008216858,22
-3917.0,-7775.0,-6043.0,56524,229.67042207717896,22
-3678.0,-7203.0,-7026.0,56548,229.7172999382019,22
-4080.0,-6398.0,-7544.0,56551,229.72331404685974,22
-3848.0,-7063.0,-7043.0,56624,229.87209796905518,22
-3989.0,-6353.0,-7646.0,56630,229.88419103622437,22
-4545.0,-6811.0,-7192.0,56684,229.97758793830872,22
-4285.0,-7741.0,-5906.0,56756,230.12768602371216,22
-3809.0,-7963.0,-4917.0,56766,230.1530020236969,22
-4680.0,-7077.0,-6446.0,56788,230.2093210220337,22
-5315.0,-6397.0,-7312.0,56822,230.261785030365,22
-5158.0,-6572.0,-6813.0,56826,230.26989603042603,22
-5254.0,-6535.0,-6740.0,56866,230.35173296928406,22
-5328.0,-6432.0,-6830.0,56936,230.4803409576416,22
-4721.0,-5894.0,-7950.0,56950,230.50436806678772,22
-5101.0,-7268.0,-5542.0,57024,230.62772607803345,22
-3885.0,-7873.0,-5969.0,57298,231.30538988113403,22
-3409.0,-8095.0,-4980.0,57306,231.32470703125,22
-4323.0,-5546.0,-8106.0,57502,231.69728207588196,22
-4371.0,-5560.0,-8066.0,57592,231.8764009475708,22
-4682.0,-6039.0,-7707.0,57634,231.9587118625641,22
-4662.0,-4227.0,-8593.0,57716,232.11910390853882,22
-4594.0,-5473.0,-8134.0,57784,232.27167296409607,22
-5539.0,-6742.0,-5940.0,58072,232.84003806114197,22
-4378.0,-7842.0,-4717.0,58220,233.19426488876343,22
-5610.0,-6875.0,-4134.0,58246,233.24927401542664,22
-5022.0,-7123.0,-5848.0,58310,233.5115978717804,22
-5210.0,-7186.0,-4768.0,58352,233.6100208759308,22
-6191.0,-5311.0,-6542.0,59128,235.1731219291687,22
-6121.0,-5343.0,-6845.0,59302,235.5961389541626,22
-5471.0,-3735.0,-8403.0,59450,236.01077604293823,22
-6916.0,-4934.0,-3968.0,59774,236.67374897003174,22
-6230.0,-5792.0,-6162.0,59808,236.75831294059753,22
-6255.0,-5599.0,-6384.0,59826,236.78248691558838,22
-6859.0,-4813.0,-5023.0,60446,238.29799389839172,22
-6742.0,-3862.0,-5961.0,60696,238.7939169406891,22
-7331.0,-4047.0,-3710.0,60852,239.08201599121094,22
-7318.0,-4012.0,-4192.0,60870,239.12648487091064,22
-5177.0,-7088.0,-5602.0,61306,239.92636704444885,22
-5222.0,-7160.0,-5223.0,61364,240.05091285705566,22
-4900.0,-6537.0,-7098.0,61482,240.28982090950012,22
-4310.0,-6330.0,-7534.0,61536,240.52401185035706,22
-4766.0,-5434.0,-8044.0,61812,241.12821006774902,22
-5440.0,-6938.0,-5635.0,62506,242.5701220035553,22
-5356.0,-7135.0,-5254.0,62574,242.83639287948608,22
-5153.0,-7291.0,-4502.0,62633,242.99571299552917,22
-3819.0,-6493.0,-7629.0,63312,244.0938630104065,23
-3490.0,-8087.0,-4922.0,63330,244.12693905830383,23
-3515.0,-7894.0,-5144.0,63366,244.18808388710022,23
-4942.0,-7109.0,-6116.0,63512,244.43468403816223,23
-4873.0,-6629.0,-6983.0,63528,244.47045588493347,23
-3948.0,-7891.0,-5545.0,63792,244.99043107032776,23
-4105.0,-7716.0,-6044.0,63796,244.999764919281,23
-4118.0,-7751.0,-5562.0,63800,245.0050070285797,23
-3936.0,-8042.0,-4346.0,63848,245.0933780670166,23
-3883.0,-6554.0,-7482.0,63874,245.12756204605103,23
-3729.0,-8011.0,-4499.0,63973,245.27787494659424,23
-3849.0,-5711.0,-8025.0,64164,245.572007894516,23
-4275.0,-5597.0,-8139.0,64232,245.67332887649536,23
-4610.0,-5520.0,-8027.0,64322,245.80962204933167,23
-5237.0,-7176.0,-4377.0,64448,246.0009229183197,23
-5100.0,-6821.0,-6308.0,64606,246.23977994918823,23
-4249.0,-7967.0,-4715.0,64708,246.3932909965515,23
-5316.0,-6991.0,-5685.0,64845,246.6657419204712,23
-4853.0,-7105.0,-6172.0,65056,247.1240940093994,23
-5072.0,-4351.0,-8324.0,65538,247.8049030303955,23
-5708.0,-4317.0,-7954.0,65696,248.04719591140747,23
-5612.0,-4354.0,-8027.0,65702,248.06068086624146,23
-5783.0,-4698.0,-7902.0,65710,248.0748269557953,23
-5376.0,-4256.0,-8334.0,65714,248.08209705352783,23
-5472.0,-4219.0,-8261.0,65722,248.09822487831116,23
-5823.0,-3798.0,-8003.0,65726,248.11515998840332,23
-5727.0,-3835.0,-8076.0,65728,248.11816501617432,23
-6134.0,-4277.0,-7644.0,65736,248.1310520172119,23
-6903.0,-4899.0,-4450.0,66006,248.62085795402527,23
-6149.0,-5800.0,-6220.0,66058,248.68967700004578,23
-4439.0,-7728.0,-5450.0,67396,250.9811429977417,23
-4969.0,-7017.0,-6231.0,67548,251.36327695846558,23
-4229.0,-6338.0,-7592.0,67668,251.55356097221375,23
-4697.0,-4714.0,-8418.0,67708,251.6142499446869,23
-4885.0,-7214.0,-5850.0,68038,252.13426208496094,23
-5101.0,-6677.0,-6547.0,68062,252.17351984977722,23
-5014.0,-5754.0,-7908.0,68872,253.51512098312378,24
-4554.0,-6753.0,-6988.0,69040,253.70624804496765,24
-4226.0,-6935.0,-7197.0,69058,253.73254108428955,24
-4380.0,-6832.0,-7133.0,69059,253.7351040840149,24
-3619.0,-7962.0,-4924.0,69144,253.83462500572205,24
-4438.0,-6803.0,-7213.0,69188,253.90184497833252,24
-4688.0,-7420.0,-6282.0,69198,253.91169595718384,24
-4908.0,-5955.0,-7744.0,69254,253.97575688362122,24
-4614.0,-5886.0,-7971.0,69338,254.0811870098114,24
-4762.0,-7084.0,-6254.0,69429,254.20367097854614,24
-3908.0,-6361.0,-7704.0,69524,254.31812405586243,24
-4038.0,-6935.0,-7276.0,69548,254.34758806228638,24
-4288.0,-7552.0,-6345.0,69558,254.35628199577332,24
-4375.0,-4253.0,-8672.0,69710,254.54166507720947,24
-4601.0,-6047.0,-7765.0,69788,254.6488389968872,24
-4494.0,-6039.0,-7786.0,69792,254.6530020236969,24
-5067.0,-7290.0,-4924.0,69961,254.86976289749146,24
-4854.0,-7612.0,-4541.0,69979,254.9304530620575,24
-3656.0,-7898.0,-5120.0,70350,255.5079860687256,24
-5464.0,-4822.0,-7907.0,70712,255.91727805137634,24
-5318.0,-4285.0,-8254.0,70716,255.92145800590515,24
-6040.0,-5351.0,-6903.0,70796,256.0470690727234,24
-5613.0,-4838.0,-7885.0,70872,256.13920998573303,24
-5677.0,-4899.0,-7738.0,70904,256.1830930709839,24
-5948.0,-5592.0,-6834.0,71557,257.0943548679352,24
-6373.0,-5300.0,-6533.0,71612,257.17709493637085,24
-7067.0,-4576.0,-3806.0,71857,257.4602138996124,24
-6832.0,-4499.0,-5702.0,71890,257.51208305358887,24
-4935.0,-5863.0,-7859.0,72350,258.02568006515503,24
-4615.0,-4238.0,-8618.0,72429,258.1398010253906,24
-4866.0,-4090.0,-8577.0,72438,258.15059185028076,24
-4685.0,-5442.0,-8102.0,72500,258.21959400177,24
-5015.0,-4106.0,-8555.0,72589,258.3279540538788,24
-5326.0,-4585.0,-8196.0,72638,258.3862199783325,24
-5219.0,-4577.0,-8217.0,72776,258.55677008628845,24
-6013.0,-6503.0,-5464.0,72975,258.83696603775024,24
-5121.0,-5762.0,-7887.0,73310,259.3321690559387,25
-4753.0,-6882.0,-6563.0,73430,259.4651129245758,25
-4551.0,-7202.0,-6444.0,73586,259.62056493759155,25
-5015.0,-5963.0,-7723.0,73614,259.64253401756287,25
-5111.0,-5926.0,-7650.0,73640,259.6852629184723,25
-5185.0,-5823.0,-7740.0,73664,259.7206540107727,25
-3746.0,-8041.0,-4353.0,73762,259.8267779350281,25
-4204.0,-7749.0,-5964.0,73862,259.9198739528656,25
-4227.0,-5583.0,-8179.0,73944,260.0253920555115,25
-4291.0,-5644.0,-8032.0,73992,260.0830659866333,25
-4290.0,-5568.0,-8124.0,74007,260.09816694259644,25
-4840.0,-4666.0,-8320.0,74036,260.1327850818634,25
-4120.0,-7827.0,-4910.0,74520,260.69353008270264,25
-4917.0,-7294.0,-5847.0,74684,260.9090299606323,25
-5618.0,-4719.0,-7843.0,74744,261.0953948497772,25
-5057.0,-4380.0,-8339.0,74748,261.0992090702057,25
-6759.0,-4959.0,-5028.0,75196,261.6083948612213,25
-6010.0,-5949.0,-6087.0,75454,261.91784596443176,25
-5434.0,-6833.0,-5714.0,75470,261.93063592910767,25
-6312.0,-3892.0,-6999.0,75591,262.04415488243103,25
-7225.0,-4248.0,-3546.0,75618,262.0680799484253,25
-7161.0,-4187.0,-3693.0,75620,262.06941294670105,25
-7202.0,-4172.0,-3708.0,75628,262.0808870792389,25
-7189.0,-4137.0,-4190.0,75636,262.0888669490814,25
-4839.0,-7596.0,-5387.0,75910,262.37433886528015,25
-5042.0,-5871.0,-7838.0,76000,262.4759979248047,25
-4718.0,-5420.0,-8084.0,76036,262.51985907554626,25
-4916.0,-4664.0,-8303.0,76062,262.5416040420532,25
-4770.0,-4127.0,-8650.0,76066,262.54632091522217,25
-5160.0,-4159.0,-8350.0,76178,262.6778609752655,25
-5064.0,-4196.0,-8423.0,76182,262.68266201019287,25
-4966.0,-6846.0,-6277.0,76770,263.4001898765564,26
-5279.0,-7055.0,-5489.0,76776,263.4034309387207,26
-5150.0,-7180.0,-5487.0,76778,263.40483808517456,26
-4348.0,-7759.0,-5482.0,76802,263.41681003570557,26
-3710.0,-7930.0,-4997.0,76804,263.4247040748596,26
-4505.0,-7584.0,-5981.0,76808,263.4273760318756,26
-4635.0,-7005.0,-6825.0,76818,263.4338438510895,26
-4369.0,-7544.0,-6287.0,76830,263.44024300575256,26
-3915.0,-6456.0,-7556.0,76834,263.44397807121277,26
-3345.0,-8034.0,-5127.0,76844,263.44959807395935,26
-3441.0,-6621.0,-7475.0,76862,263.45894598960876,26
-3474.0,-7909.0,-5129.0,76872,263.46417689323425,26
-4764.0,-6880.0,-6827.0,76874,263.46595287323,26
-4138.0,-6369.0,-7624.0,76886,263.47292494773865,26
-4704.0,-5484.0,-8082.0,76940,263.49956798553467,26
-4874.0,-5344.0,-8099.0,76948,263.50515389442444,26
-4778.0,-5381.0,-8172.0,76950,263.51287293434143,26
-5069.0,-7188.0,-5545.0,77008,263.54058599472046,26
-4412.0,-7820.0,-5335.0,77014,263.54389691352844,26
-4145.0,-6943.0,-7255.0,77018,263.54739594459534,26
-3738.0,-6501.0,-7687.0,77024,263.5521640777588,26
-3538.0,-7970.0,-4982.0,77046,263.5630750656128,26
-4425.0,-4827.0,-8398.0,77094,263.5861098766327,26
-4376.0,-4737.0,-8530.0,77098,263.5885548591614,26
-4439.0,-4314.0,-8525.0,77104,263.5928039550781,26
-4344.0,-4835.0,-8456.0,77110,263.59597086906433,26
-4343.0,-4351.0,-8598.0,77114,263.6035840511322,26
-4194.0,-5605.0,-8197.0,77126,263.60981488227844,26
-4364.0,-5465.0,-8214.0,77128,263.61189103126526,26
-4363.0,-4981.0,-8356.0,77130,263.61435103416443,26
-5005.0,-4608.0,-8308.0,77148,263.62347292900085,26
-4743.0,-4219.0,-8535.0,77150,263.6251859664917,26
-4758.0,-4190.0,-8520.0,77162,263.6322159767151,26
-4898.0,-4600.0,-8329.0,77174,263.6386320590973,26
-4763.0,-4849.0,-8293.0,77186,263.6452169418335,26
-5275.0,-6914.0,-5697.0,77244,263.67222595214844,26
-5148.0,-6835.0,-6268.0,77262,263.681263923645,26
-5830.0,-6673.0,-4121.0,77294,263.7012228965759,26
-4328.0,-7898.0,-4281.0,77310,263.70942306518555,26
-5380.0,-7052.0,-5538.0,77322,263.71550703048706,26
-5818.0,-6682.0,-3968.0,77328,263.71941089630127,26
-5619.0,-6771.0,-5628.0,77382,263.745178937912,26
-4959.0,-6904.0,-6336.0,77402,263.75483298301697,26
-5205.0,-6959.0,-6149.0,77442,263.77446603775024,26
-4769.0,-7302.0,-5791.0,77450,263.7789080142975,26
-5253.0,-6973.0,-6109.0,77452,263.7803270816803,26
-4862.0,-7066.0,-6437.0,77470,263.78996086120605,26
-5505.0,-6182.0,-6924.0,77558,263.83218002319336,26
-5911.0,-6608.0,-5430.0,77570,263.8444490432739,26
-4993.0,-6754.0,-6392.0,77572,263.8470559120178,26
-6042.0,-4488.0,-7442.0,77642,263.8798270225525,26
-6279.0,-5070.0,-6993.0,77652,263.88484501838684,26
-5709.0,-4801.0,-7812.0,77654,263.88637590408325,26
-5323.0,-5065.0,-7910.0,77656,263.888170003891,26
-5302.0,-4359.0,-8244.0,77658,263.88962292671204,26
-5301.0,-3875.0,-8386.0,77660,263.891371011734,26
-5521.0,-4309.0,-8129.0,77668,263.89568996429443,26
-5375.0,-3772.0,-8476.0,77670,263.8976500034332,26
-5782.0,-4214.0,-8044.0,77676,263.90114402770996,26
-5439.0,-3833.0,-8329.0,77686,263.90683794021606,26
-5676.0,-4690.0,-7923.0,77706,263.917564868927,26
-6264.0,-4851.0,-7216.0,77722,263.9314239025116,26
-5913.0,-5272.0,-7474.0,77724,263.93317008018494,26
-6267.0,-5079.0,-6840.0,77726,263.93535900115967,26
-5912.0,-4788.0,-7616.0,77728,263.9367959499359,26
-6299.0,-6272.0,-5295.0,77830,263.9852910041809,26
-5439.0,-7060.0,-4333.0,77848,263.9952919483185,26
-5609.0,-6926.0,-5103.0,77854,263.9987030029297,26
-6093.0,-6597.0,-5421.0,77858,264.00215697288513,26
-7045.0,-4809.0,-3970.0,77872,264.0146789550781,26
-6622.0,-5764.0,-4287.0,77874,264.0167188644409,26
-6923.0,-4957.0,-3160.0,77876,264.0182468891144,26
-7032.0,-4774.0,-4452.0,77882,264.0216178894043,26
-6610.0,-5773.0,-4134.0,77900,264.0313160419464,26
-6747.0,-4968.0,-4875.0,77906,264.03514289855957,26
-6713.0,-5077.0,-5028.0,77908,264.0365250110626,26
-6762.0,-5187.0,-4652.0,77932,264.04848194122314,26
-6728.0,-5296.0,-4805.0,77934,264.0506520271301,26
-6729.0,-5340.0,-4170.0,77944,264.0562460422516,26
-6428.0,-6147.0,-5297.0,77950,264.0594880580902,26
-6716.0,-5305.0,-4652.0,77952,264.0666868686676,26
-6742.0,-4929.0,-5174.0,77970,264.07605600357056,26
-6905.0,-4695.0,-5023.0,77980,264.08158707618713,26
-6871.0,-4804.0,-5176.0,77982,264.0832600593567,26
-6292.0,-5308.0,-6591.0,78008,264.097128868103,26
-6022.0,-5721.0,-6791.0,78028,264.10797595977783,26
-6376.0,-5528.0,-6157.0,78030,264.1100380420685,26
-6342.0,-5637.0,-6310.0,78032,264.11176800727844,26
-6021.0,-5237.0,-6933.0,78034,264.1140170097351,26
-7188.0,-3438.0,-4620.0,78040,264.1219608783722,26
-6702.0,-3925.0,-6130.0,78046,264.12653708457947,26
-6656.0,-4043.0,-6130.0,78058,264.13387298583984,26
-5594.0,-4549.0,-7964.0,78064,264.13748002052307,26
-5831.0,-5131.0,-7515.0,78066,264.13962507247925,26
-6708.0,-3971.0,-6114.0,78074,264.144357919693,26
-6848.0,-3661.0,-6125.0,78078,264.1475648880005,26
-6493.0,-3370.0,-6901.0,78080,264.1489498615265,26
-6138.0,-5235.0,-6806.0,78090,264.15407395362854,26
-5888.0,-4618.0,-7737.0,78092,264.15558791160583,26
-6696.0,-3980.0,-5961.0,78100,264.16529393196106,26
-6447.0,-3488.0,-6901.0,78104,264.1676468849182,26
-6751.0,-4507.0,-5760.0,78120,264.17563796043396,26
-6820.0,-4508.0,-5549.0,78148,264.18933486938477,26
-6786.0,-4617.0,-5702.0,78152,264.1917679309845,26
-6814.0,-4871.0,-4997.0,78166,264.1987819671631,26
-6802.0,-4880.0,-4844.0,78170,264.201534986496,26
-6835.0,-4727.0,-5326.0,78176,264.2046630382538,26
-6801.0,-4836.0,-5479.0,78178,264.2063858509064,26
-6789.0,-4845.0,-5326.0,78182,264.2103228569031,26
-5974.0,-5740.0,-6605.0,78184,264.21245789527893,26
-6991.0,-4270.0,-5215.0,78192,264.221107006073,26
-6624.0,-4428.0,-6331.0,78214,264.2317838668823,26
-6612.0,-4437.0,-6178.0,78216,264.2348430156708,26
-6578.0,-4546.0,-6331.0,78218,264.2364559173584,26
-6978.0,-4235.0,-5697.0,78234,264.24465703964233,26
-6623.0,-3944.0,-6473.0,78238,264.2475519180298,26
-6340.0,-3480.0,-6922.0,78240,264.2491579055786,26
-6577.0,-4062.0,-6473.0,78248,264.2532260417938,26
-6201.0,-5372.0,-6533.0,78292,264.2740020751953,26
-5212.0,-5731.0,-7855.0,78332,264.2932279109955,26
-5098.0,-6892.0,-6233.0,78342,264.29900908470154,26
-4696.0,-4230.0,-8560.0,78346,264.3013789653778,26
-4665.0,-4812.0,-8344.0,78356,264.3119869232178,26
-4926.0,-4717.0,-8259.0,78358,264.3134870529175,26
-4867.0,-4574.0,-8435.0,78362,264.3165650367737,26
-4771.0,-4611.0,-8508.0,78364,264.3186309337616,26
-4835.0,-4672.0,-8361.0,78366,264.32176208496094,26
-4689.0,-4135.0,-8708.0,78368,264.32373905181885,26
-4834.0,-4188.0,-8503.0,78370,264.3258330821991,26
-5096.0,-4577.0,-8276.0,78374,264.32822704315186,26
-4819.0,-4709.0,-8280.0,78380,264.333242893219,26
-5205.0,-5157.0,-8224.0,78412,264.3533809185028,26
-5099.0,-5358.0,-8060.0,78420,264.3598029613495,26
-5195.0,-5321.0,-7987.0,78422,264.3618550300598,26
-5269.0,-5218.0,-8077.0,78430,264.36616802215576,26
-5065.0,-4680.0,-8281.0,78436,264.3705680370331,26
-5079.0,-4167.0,-8408.0,78444,264.3763780593872,26
-4983.0,-4204.0,-8481.0,78446,264.37801599502563,26
-5235.0,-4540.0,-8298.0,78452,264.3820650577545,26
-5153.0,-4064.0,-8498.0,78454,264.3895740509033,26
-5089.0,-4003.0,-8645.0,78456,264.3914620876312,26
-5504.0,-3643.0,-8240.0,78460,264.39459896087646,26
-5234.0,-4056.0,-8440.0,78462,264.3961009979248,26
-5848.0,-4508.0,-7813.0,78468,264.40005898475647,26
-5847.0,-4024.0,-7955.0,78470,264.4018540382385,26
-5496.0,-4445.0,-8213.0,78474,264.4050769805908,26
-5472.0,-5122.0,-7849.0,78476,264.40817308425903,26
-5471.0,-4638.0,-7991.0,78480,264.4113018512726,26
-5420.0,-4860.0,-7915.0,78482,264.41760301589966,26
-5271.0,-6537.0,-6564.0,78506,264.4301190376282,26
-5014.0,-7089.0,-5852.0,78508,264.4317400455475,26
-5399.0,-5792.0,-7649.0,78516,264.4360239505768,26
-5505.0,-5591.0,-7813.0,78520,264.4384889602661,26
-5258.0,-6502.0,-7046.0,78528,264.4432818889618,26
-5742.0,-6173.0,-7364.0,78534,264.4476809501648,26
-5389.0,-4437.0,-8234.0,78540,264.4519579410553,26
-5365.0,-5114.0,-7870.0,78542,264.45404291152954,26
-5978.0,-5082.0,-7385.0,78546,264.45636200904846,26
-5626.0,-5019.0,-7785.0,78548,264.4585609436035,26
-5977.0,-4598.0,-7527.0,78550,264.46463203430176,26
-5953.0,-4428.0,-7648.0,78570,264.4752428531647,26
-5602.0,-4849.0,-7906.0,78572,264.477019071579,26
-5601.0,-4365.0,-8048.0,78574,264.47937393188477,26
-6806.0,-5141.0,-4234.0,78604,264.49393105506897,26
-6793.0,-5106.0,-4716.0,78608,264.4962260723114,26
-6310.0,-5821.0,-5850.0,78612,264.49889397621155,26
-5097.0,-7045.0,-5923.0,78622,264.50502490997314,26
-5404.0,-7149.0,-5214.0,78644,264.5155520439148,26
-6277.0,-5974.0,-5368.0,78670,264.52828907966614,26
-6781.0,-5115.0,-4563.0,78672,264.52998399734497,26
-6298.0,-5830.0,-5697.0,78674,264.53137397766113,26
-5944.0,-6023.0,-6331.0,78678,264.5384478569031,26
-6264.0,-5939.0,-5850.0,78684,264.54161500930786,26
-6900.0,-4537.0,-5237.0,78698,264.54895091056824,26
-6453.0,-5329.0,-6221.0,78708,264.55431604385376,26
-6441.0,-5338.0,-6068.0,78710,264.5561978816986,26
-6087.0,-5531.0,-6702.0,78714,264.5585720539093,26
-5486.0,-6556.0,-6098.0,78718,264.56090092658997,26
-4796.0,-7210.0,-5906.0,78726,264.5651249885559,26
-5280.0,-6881.0,-6224.0,78728,264.5669229030609,26
-6102.0,-5750.0,-6479.0,78734,264.57173800468445,26
-5196.0,-7078.0,-5843.0,78744,264.5769829750061,26
-6090.0,-5759.0,-6326.0,78754,264.5831160545349,26
