z1,z2,z3,node,time,depth
-3383.0,-5668.0,-1659.0,1,0.013665199279785156,1
-2225.0,-3143.0,-5109.0,1,0.013671159744262695,1
-1159.0,-5436.0,-3722.0,1,0.013677120208740234,1
-5856.0,-2332.0,-2791.0,1,0.01368403434753418,1
-5907.0,-2155.0,-2563.0,1,0.013691186904907227,1
-5376.0,-1337.0,-4586.0,1,0.013697147369384766,1
-818.0,-4957.0,-4450.0,1,0.013703107833862305,1
-1077.0,-5230.0,-4072.0,1,0.013709068298339844,1
-3368.0,-2169.0,-5271.0,1,0.013715028762817383,1
-4151.0,-1111.0,-5365.0,1,0.013721227645874023,1
-4419.0,-1399.0,-5326.0,1,0.013728141784667969,1
-4721.0,-1098.0,-5287.0,1,0.013734102249145508,1
-4189.0,-4221.0,-3030.0,1,0.013740062713623047,1
-3482.0,-5298.0,-2323.0,1,0.013746023178100586,1
-2874.0,-2944.0,-5033.0,1,0.013753175735473633,1
-5051.0,-4289.0,-1330.0,1,0.013759136199951172,1
-4510.0,-3894.0,-3112.0,1,0.013765096664428711,1
-5812.0,-2129.0,-3490.0,1,0.013772010803222656,1
-5074.0,-1638.0,-4625.0,1,0.013778209686279297,1
-5040.0,-3161.0,-3344.0,1,0.013784170150756836,1
-4205.0,-5220.0,-1111.0,1,0.013791084289550781,1
-3885.0,-5177.0,-2055.0,1,0.01379704475402832,1
-3564.0,-5504.0,-1973.0,1,0.013804197311401367,1
-3710.0,-3759.0,-3910.0,1,0.0138092041015625,1
-4314.0,-2175.0,-4817.0,1,0.013814210891723633,1
-2998.0,-3379.0,-4647.0,1,0.013819217681884766,1
-1731.0,-3918.0,-4871.0,1,0.013825178146362305,1
-3389.0,-4086.0,-3828.0,1,0.013830184936523438,1
-3130.0,-3813.0,-4206.0,1,0.01383519172668457,1
-1312.0,-4182.0,-4688.0,2,0.02991318702697754,2
-900.0,-5163.0,-4100.0,2,0.029917001724243164,2
-3855.0,-5279.0,-1283.0,2,0.02994513511657715,2
-2323.0,-5570.0,-2397.0,2,0.029963016510009766,2
-2453.0,-5568.0,-2123.0,2,0.0299680233001709,2
-2167.0,-4977.0,-3563.0,2,0.029983043670654297,2
-3801.0,-4577.0,-2797.0,2,0.02998805046081543,2
-4122.0,-4250.0,-2879.0,2,0.029993057250976562,2
-3809.0,-2104.0,-5120.0,2,0.029998064041137695,2
-2625.0,-3742.0,-4509.0,2,0.030007123947143555,2
-3235.0,-3037.0,-4715.0,2,0.030012130737304688,2
-2884.0,-4015.0,-4131.0,2,0.03003215789794922,2
-5282.0,-2862.0,-3258.0,2,0.030038118362426758,2
-4151.0,-3935.0,-3185.0,2,0.03004312515258789,2
-3494.0,-3310.0,-4337.0,2,0.030047178268432617,2
-4141.0,-3763.0,-3367.0,2,0.03005218505859375,2
-4733.0,-2674.0,-3936.0,2,0.030057191848754883,2
-5193.0,-2906.0,-3254.0,3,0.03999900817871094,2
-4616.0,-1874.0,-4778.0,3,0.04001307487487793,2
-5052.0,-2666.0,-3682.0,3,0.04001808166503906,2
-3100.0,-2232.0,-5068.0,3,0.04002213478088379,2
-3803.0,-4971.0,-2405.0,3,0.04003119468688965,2
-4957.0,-4383.0,-1325.0,3,0.04003500938415527,2
-1225.0,-5253.0,-3637.0,4,0.057325124740600586,3
-4575.0,-4587.0,-1268.0,4,0.05738115310668945,3
-4063.0,-4872.0,-1611.0,4,0.057386159896850586,3
-4294.0,-3445.0,-3539.0,4,0.05739021301269531,3
-1571.0,-4455.0,-4310.0,4,0.057409048080444336,3
-4229.0,-4737.0,-1878.0,4,0.057418107986450195,3
-3905.0,-4468.0,-2662.0,4,0.05742216110229492,3
-4226.0,-4141.0,-2744.0,4,0.057427167892456055,3
-2777.0,-4272.0,-3769.0,4,0.05743122100830078,3
-3241.0,-5320.0,-2159.0,4,0.057436227798461914,3
-1769.0,-4731.0,-3928.0,4,0.05744004249572754,3
-2158.0,-4732.0,-3657.0,4,0.05744504928588867,3
-4607.0,-4442.0,-1497.0,5,0.0714561939239502,3
-1813.0,-4124.0,-4521.0,5,0.07148408889770508,3
-4329.0,-1728.0,-4813.0,5,0.07150721549987793,3
-3705.0,-2971.0,-4463.0,5,0.07152009010314941,3
-4563.0,-4239.0,-2196.0,5,0.07153010368347168,3
-4516.0,-3855.0,-2811.0,5,0.07153820991516113,3
-3060.0,-2714.0,-4957.0,5,0.07155203819274902,3
-2486.0,-3300.0,-4800.0,5,0.07155609130859375,3
-5101.0,-3376.0,-2475.0,6,0.08390402793884277,3
-4078.0,-4843.0,-1700.0,6,0.08391714096069336,3
-4719.0,-3488.0,-3262.0,6,0.08392214775085449,3
-2371.0,-5362.0,-2473.0,6,0.08392620086669922,3
-2609.0,-5229.0,-2737.0,6,0.08393502235412598,3
-3317.0,-4596.0,-3058.0,6,0.08394002914428711,3
-2479.0,-4122.0,-4276.0,6,0.08394408226013184,3
-2966.0,-5030.0,-2770.0,6,0.08397603034973145,3
-2344.0,-5150.0,-3126.0,6,0.08398008346557617,3
-4878.0,-3257.0,-2734.0,7,0.09786701202392578,3
-4949.0,-3384.0,-2248.0,7,0.09787416458129883,3
-2185.0,-4962.0,-3471.0,7,0.09788703918457031,3
-2085.0,-4771.0,-3913.0,7,0.09789419174194336,3
-4663.0,-3639.0,-3022.0,7,0.09790706634521484,3
-4910.0,-3999.0,-1940.0,7,0.09791421890258789,3
-4522.0,-3399.0,-3450.0,7,0.09794116020202637,3
-4086.0,-2607.0,-4546.0,7,0.09795403480529785,3
-1826.0,-4498.0,-4291.0,7,0.0979611873626709,3
-5573.0,-1285.0,-3797.0,8,0.1183171272277832,4
-2423.0,-3419.0,-4727.0,8,0.11832618713378906,4
-4142.0,-3541.0,-3486.0,8,0.11833000183105469,4
-1510.0,-4458.0,-4306.0,8,0.11837005615234375,4
-3096.0,-2595.0,-5006.0,8,0.11837506294250488,4
-3135.0,-3799.0,-3990.0,8,0.11837911605834961,4
-4565.0,-3824.0,-2690.0,8,0.11838412284851074,4
-5095.0,-3091.0,-2922.0,8,0.11839413642883301,4
-5132.0,-2945.0,-3061.0,8,0.11839818954467773,4
-4743.0,-1377.0,-4676.0,8,0.11842513084411621,4
-3808.0,-2975.0,-4269.0,8,0.11844301223754883,4
-5082.0,-2007.0,-3977.0,8,0.11844801902770996,4
-4463.0,-3214.0,-3568.0,8,0.11845207214355469,4
-4394.0,-2454.0,-4196.0,8,0.11845707893371582,4
-5774.0,-2225.0,-2839.0,9,0.13118219375610352,4
-5378.0,-3216.0,-1832.0,9,0.131209135055542,4
-4626.0,-4053.0,-1618.0,9,0.1312270164489746,4
-4575.0,-3939.0,-2551.0,9,0.13123607635498047,4
-3399.0,-4802.0,-2708.0,10,0.1447441577911377,4
-4608.0,-3113.0,-3564.0,10,0.14475321769714355,4
-2691.0,-5435.0,-2387.0,10,0.1447620391845703,4
-3048.0,-5236.0,-2420.0,10,0.14476609230041504,4
-2426.0,-5356.0,-2776.0,10,0.1447751522064209,4
-1908.0,-4704.0,-3941.0,11,0.15546321868896484,4
-4048.0,-2321.0,-4701.0,11,0.15546703338623047,4
-3290.0,-5509.0,-1758.0,11,0.1554720401763916,4
-2267.0,-5168.0,-3121.0,11,0.15549015998840332,4
-2503.0,-3390.0,-4566.0,11,0.15549921989440918,4
-4484.0,-3113.0,-3605.0,11,0.15552210807800293,4
-3736.0,-3870.0,-3512.0,12,0.16691303253173828,4
-5072.0,-3007.0,-3125.0,12,0.16696715354919434,4
-4158.0,-4346.0,-2341.0,12,0.1669762134552002,4
-1911.0,-5079.0,-3428.0,12,0.16699004173278809,4
-2334.0,-4978.0,-3308.0,12,0.1669940948486328,4
-2998.0,-3838.0,-3925.0,13,0.17800617218017578,4
-5155.0,-3002.0,-2603.0,13,0.1780240535736084,4
-3798.0,-3514.0,-3849.0,13,0.17805004119873047,4
-4500.0,-2792.0,-3820.0,13,0.17807316780090332,4
-4365.0,-2920.0,-3856.0,13,0.17807722091674805,4
-4716.0,-3762.0,-2310.0,13,0.1780860424041748,4
-4563.0,-4017.0,-2400.0,13,0.17809009552001953,4
-3915.0,-2759.0,-4312.0,14,0.19011902809143066,4
-4858.0,-4009.0,-1916.0,14,0.19012713432312012,4
-2443.0,-4298.0,-4134.0,14,0.19014501571655273,4
-3448.0,-2974.0,-4460.0,14,0.19017720222473145,4
-2943.0,-3581.0,-4384.0,14,0.19018101692199707,4
-3609.0,-3263.0,-4213.0,14,0.1901850700378418,4
-4864.0,-3630.0,-2108.0,14,0.19019007682800293,4
-2197.0,-4334.0,-4186.0,15,0.2013101577758789,4
-2456.0,-4607.0,-3808.0,15,0.20131421089172363,4
-4088.0,-4447.0,-2488.0,15,0.2013380527496338,4
-3723.0,-4527.0,-2862.0,15,0.20134210586547852,4
-2488.0,-5017.0,-2976.0,16,0.21995902061462402,5
-2099.0,-5016.0,-3247.0,16,0.21996307373046875,5
-5326.0,-3065.0,-2559.0,16,0.21996808052062988,5
-5288.0,-3362.0,-2154.0,16,0.2200031280517578,5
-4619.0,-4142.0,-1852.0,16,0.22001218795776367,5
-3107.0,-4557.0,-3088.0,16,0.22004413604736328,5
-3478.0,-4393.0,-2983.0,16,0.22005319595336914,5
-5195.0,-3282.0,-2480.0,17,0.2358551025390625,5
-4696.0,-2153.0,-4157.0,17,0.23585915565490723,5
-3935.0,-3934.0,-3192.0,17,0.23586416244506836,5
-3702.0,-2361.0,-4758.0,17,0.23590421676635742,5
-5001.0,-846.0,-4674.0,18,0.2537691593170166,5
-5412.0,-2482.0,-3081.0,18,0.25381016731262207,5
-5335.0,-2985.0,-2546.0,18,0.2538151741027832,5
-5522.0,-2209.0,-2982.0,18,0.25381922721862793,5
-5313.0,-2108.0,-3672.0,18,0.2538330554962158,5
-3672.0,-1562.0,-5243.0,18,0.2538461685180664,5
-4775.0,-1558.0,-4639.0,18,0.25385022163391113,5
-2496.0,-4068.0,-4077.0,18,0.25385499000549316,5
-4805.0,-2829.0,-3476.0,18,0.25386905670166016,5
-3714.0,-2487.0,-4722.0,18,0.2538771629333496,5
-3525.0,-1816.0,-5205.0,18,0.25388216972351074,5
-3421.0,-2157.0,-5066.0,18,0.25388622283935547,5
-3048.0,-2805.0,-4893.0,18,0.2538909912109375,5
-2714.0,-3074.0,-4892.0,19,0.26549506187438965,5
-2754.0,-2651.0,-5072.0,19,0.2654991149902344,5
-5568.0,-2607.0,-2484.0,19,0.26551318168640137,5
-1823.0,-5334.0,-2965.0,20,0.27982401847839355,5
-3684.0,-2543.0,-4748.0,20,0.2798421382904053,5
-4640.0,-2959.0,-3345.0,20,0.2798600196838379,5
-2416.0,-5184.0,-2958.0,20,0.2799220085144043,5
-4618.0,-2774.0,-3679.0,20,0.27992701530456543,5
-2167.0,-5083.0,-3154.0,21,0.2915160655975342,5
-4327.0,-2634.0,-4011.0,21,0.29158902168273926,5
-3410.0,-3870.0,-3616.0,21,0.2916710376739502,5
-3104.0,-3192.0,-4516.0,22,0.3030390739440918,5
-2525.0,-4504.0,-3784.0,22,0.30306220054626465,5
-3792.0,-4424.0,-2838.0,22,0.3030660152435303,5
-2897.0,-4348.0,-3424.0,23,0.3103210926055908,5
-1741.0,-5128.0,-3315.0,24,0.3228030204772949,5
-4668.0,-3648.0,-2553.0,24,0.322843074798584,5
-4347.0,-3975.0,-2471.0,24,0.322857141494751,5
-3925.0,-3499.0,-3642.0,24,0.3228750228881836,5
-4821.0,-3393.0,-2463.0,24,0.32288408279418945,5
-2873.0,-3818.0,-4275.0,24,0.32290220260620117,5
-4189.0,-2614.0,-4445.0,24,0.3229060173034668,5
-4246.0,-3172.0,-3724.0,24,0.3229100704193115,5
-3638.0,-4269.0,-3140.0,26,0.347243070602417,5
-3673.0,-3953.0,-3477.0,26,0.34725022315979004,5
-4460.0,-3215.0,-3640.0,26,0.3472561836242676,5
-3487.0,-3769.0,-3708.0,26,0.3472630977630615,5
-4242.0,-4344.0,-2318.0,27,0.35582709312438965,5
-4072.0,-2980.0,-3920.0,28,0.3646430969238281,5
-3710.0,-4218.0,-3188.0,28,0.36464715003967285,5
-4039.0,-3482.0,-3522.0,28,0.364652156829834,5
-4036.0,-4457.0,-2464.0,29,0.37307119369506836,5
-4372.0,-3544.0,-3276.0,29,0.3730762004852295,5
-3572.0,-3409.0,-4074.0,29,0.37311220169067383,5
-3713.0,-4355.0,-3044.0,30,0.37990307807922363,5
-4542.0,-3740.0,-2893.0,30,0.3799171447753906,5
-4053.0,-3109.0,-4148.0,30,0.37993502616882324,5
-3464.0,-4254.0,-3240.0,31,0.38567614555358887,5
-3930.0,-3948.0,-3408.0,31,0.3856852054595947,5
-5379.0,-3188.0,-1847.0,32,0.4045290946960449,6
-3398.0,-2294.0,-4967.0,33,0.4193260669708252,6
-5161.0,-2985.0,-2743.0,33,0.4194200038909912,6
-2651.0,-3131.0,-4703.0,34,0.4344460964202881,6
-1879.0,-3941.0,-4436.0,34,0.4344511032104492,6
-2812.0,-3420.0,-4456.0,34,0.4345130920410156,6
-3083.0,-4345.0,-3424.0,34,0.43451809883117676,6
-3404.0,-4018.0,-3506.0,34,0.4345221519470215,6
-1997.0,-4036.0,-4324.0,34,0.4345362186431885,6
-1899.0,-4459.0,-4035.0,34,0.4345400333404541,6
-2958.0,-4867.0,-2859.0,34,0.4345541000366211,6
-3577.0,-4407.0,-2971.0,35,0.44451403617858887,6
-2237.0,-3795.0,-4455.0,36,0.4584650993347168,6
-2451.0,-2431.0,-5144.0,36,0.4584970474243164,6
-2564.0,-2737.0,-5036.0,36,0.45850205421447754,6
-4707.0,-1471.0,-4661.0,36,0.458543062210083,6
-4671.0,-3835.0,-2094.0,37,0.47289419174194336,6
-5248.0,-1489.0,-4073.0,37,0.47293519973754883,6
-3594.0,-1457.0,-5306.0,38,0.4844090938568115,6
-4167.0,-3178.0,-3715.0,38,0.48443102836608887,6
-5461.0,-1994.0,-3851.0,38,0.48443603515625,6
-5463.0,-994.0,-4307.0,38,0.48444509506225586,6
-4035.0,-3172.0,-3917.0,38,0.4844541549682617,6
-4191.0,-1831.0,-5055.0,38,0.4844632148742676,6
-4846.0,-2070.0,-4354.0,38,0.48447203636169434,6
-4931.0,-2727.0,-3619.0,38,0.48447704315185547,6
-4949.0,-2077.0,-4253.0,38,0.4844810962677002,6
-3492.0,-2604.0,-4885.0,39,0.49324917793273926,6
-2605.0,-4813.0,-3088.0,40,0.5061750411987305,6
-3939.0,-2685.0,-4316.0,41,0.5176651477813721,6
-1980.0,-4392.0,-4054.0,41,0.5176920890808105,6
-4053.0,-3490.0,-3507.0,42,0.5308821201324463,6
-3060.0,-3330.0,-4227.0,44,0.5508251190185547,6
-3542.0,-4304.0,-3175.0,47,0.5699450969696045,6
-3892.0,-3662.0,-3563.0,47,0.5699501037597656,6
-4402.0,-3495.0,-3209.0,47,0.5699870586395264,6
-1957.0,-3206.0,-4906.0,48,0.58486008644104,6
-4602.0,-2247.0,-4152.0,48,0.5848960876464844,6
-3010.0,-2860.0,-4902.0,48,0.5849180221557617,6
-4300.0,-2548.0,-4191.0,48,0.5849220752716064,6
-2714.0,-3699.0,-4324.0,48,0.5849361419677734,6
-2260.0,-3426.0,-4834.0,49,0.5968689918518066,6
-2220.0,-3849.0,-4654.0,49,0.5968730449676514,6
-4589.0,-2522.0,-3962.0,49,0.5969321727752686,6
-4792.0,-3681.0,-2060.0,50,0.6093730926513672,6
-4079.0,-3220.0,-3750.0,51,0.6181070804595947,6
-3058.0,-4323.0,-3436.0,52,0.6274611949920654,6
-4681.0,-3584.0,-2611.0,52,0.627465009689331,6
-4634.0,-3121.0,-3419.0,52,0.6274881362915039,6
-4349.0,-4213.0,-2261.0,52,0.6275100708007812,6
-2595.0,-4710.0,-3150.0,53,0.6360950469970703,6
-3091.0,-4591.0,-3142.0,54,0.6430702209472656,6
-2709.0,-5070.0,-2752.0,54,0.6430740356445312,6
-3316.0,-4152.0,-3444.0,55,0.6482751369476318,6
-3746.0,-4042.0,-3330.0,55,0.6482970714569092,6
-4135.0,-4831.0,-1873.0,56,0.658390998840332,6
-4471.0,-3918.0,-2685.0,56,0.658405065536499,6
-4132.0,-4235.0,-2739.0,56,0.6584100723266602,6
-3811.0,-4562.0,-2657.0,56,0.6584141254425049,6
-2878.0,-5083.0,-2637.0,56,0.6584281921386719,6
-2919.0,-4620.0,-3269.0,56,0.6584370136260986,6
-2660.0,-4347.0,-3647.0,56,0.6584460735321045,6
-3008.0,-3461.0,-4263.0,56,0.6584510803222656,6
-3277.0,-4147.0,-3490.0,56,0.6584651470184326,6
-3956.0,-4716.0,-2315.0,57,0.6680262088775635,6
-3863.0,-3963.0,-3098.0,57,0.668067216873169,6
-2982.0,-3605.0,-4255.0,60,0.686812162399292,6
-3241.0,-3878.0,-3877.0,60,0.6868212223052979,6
-3586.0,-3324.0,-4296.0,60,0.6868491172790527,6
-3472.0,-3089.0,-4347.0,61,0.6936941146850586,6
-3863.0,-3504.0,-3820.0,61,0.6936991214752197,6
-4545.0,-4079.0,-2314.0,62,0.6983020305633545,6
-4239.0,-3726.0,-3151.0,62,0.6983160972595215,6
-5430.0,-3011.0,-1619.0,64,0.7187931537628174,7
-5456.0,-2685.0,-2382.0,64,0.7189011573791504,7
-4850.0,-3363.0,-2497.0,65,0.7384331226348877,7
-5479.0,-2884.0,-1818.0,65,0.7384521961212158,7
-3465.0,-4084.0,-3309.0,66,0.7546970844268799,7
-4195.0,-4165.0,-2365.0,66,0.754716157913208,7
-4812.0,-3660.0,-2092.0,67,0.7682421207427979,7
-4734.0,-3420.0,-2940.0,68,0.7836971282958984,7
-3974.0,-4509.0,-2438.0,68,0.783729076385498,7
-2614.0,-3836.0,-4167.0,68,0.7837920188903809,7
-4166.0,-2886.0,-3925.0,68,0.7838010787963867,7
-4602.0,-3678.0,-2829.0,69,0.7947680950164795,7
-4819.0,-3658.0,-2353.0,69,0.7947731018066406,7
-2569.0,-4866.0,-3130.0,70,0.8056809902191162,7
-3264.0,-4835.0,-2627.0,70,0.8057210445404053,7
-2518.0,-3999.0,-4147.0,71,0.8139810562133789,7
-2100.0,-3582.0,-4737.0,72,0.8290221691131592,7
-3682.0,-2616.0,-4477.0,72,0.8290450572967529,7
-5143.0,-2263.0,-3565.0,74,0.8539571762084961,7
-3807.0,-2177.0,-4849.0,74,0.8540091514587402,7
-5341.0,-2242.0,-3290.0,75,0.8666641712188721,7
-4565.0,-2439.0,-4149.0,76,0.8789491653442383,7
-4970.0,-1297.0,-4661.0,76,0.8789851665496826,7
-3367.0,-3043.0,-4513.0,77,0.8912680149078369,7
-4755.0,-1349.0,-4767.0,77,0.8913161754608154,7
-3794.0,-2303.0,-4846.0,77,0.8913249969482422,7
-4824.0,-2712.0,-3771.0,78,0.8992910385131836,7
-5157.0,-1890.0,-4191.0,78,0.8993000984191895,7
-5406.0,-2089.0,-3565.0,78,0.8993041515350342,7
-4230.0,-3095.0,-3750.0,79,0.9045791625976562,7
-3814.0,-3124.0,-3944.0,82,0.938906192779541,7
-4038.0,-4922.0,-1965.0,89,0.9924330711364746,7
-2564.0,-3868.0,-4233.0,96,1.0371780395507812,7
-2303.0,-3509.0,-4603.0,97,1.050530195236206,7
-2516.0,-4017.0,-4242.0,98,1.0651440620422363,7
-2135.0,-3865.0,-4462.0,98,1.0651512145996094,7
-4334.0,-2516.0,-4260.0,98,1.0651881694793701,7
-2257.0,-3744.0,-4620.0,98,1.0652010440826416,7
-2167.0,-3593.0,-4734.0,98,1.0652120113372803,7
-4187.0,-2770.0,-4222.0,98,1.0652451515197754,7
-3643.0,-2428.0,-4846.0,99,1.079172134399414,7
-4116.0,-2591.0,-4528.0,99,1.079200029373169,7
-4725.0,-3752.0,-2348.0,102,1.1026561260223389,7
-4303.0,-3276.0,-3519.0,102,1.1026840209960938,7
-5028.0,-2893.0,-3345.0,103,1.1071979999542236,7
-3846.0,-3723.0,-3485.0,104,1.1197690963745117,7
-4783.0,-3622.0,-2529.0,106,1.1330440044403076,7
-4760.0,-3294.0,-2834.0,108,1.1446161270141602,7
-3971.0,-3284.0,-3857.0,108,1.144644021987915,7
-4902.0,-2811.0,-3508.0,109,1.1510610580444336,7
-2711.0,-5214.0,-2630.0,110,1.1562790870666504,7
-3719.0,-4755.0,-2471.0,112,1.168769121170044,7
-4077.0,-4282.0,-2692.0,112,1.1687781810760498,7
-4230.0,-4027.0,-2602.0,112,1.1688151359558105,7
-4538.0,-4398.0,-1531.0,112,1.1688201427459717,7
-2619.0,-4810.0,-3015.0,113,1.1779060363769531,7
-3214.0,-4170.0,-3449.0,113,1.1779520511627197,7
-2578.0,-5069.0,-2950.0,114,1.1858429908752441,7
-3835.0,-4817.0,-2186.0,114,1.1858501434326172,7
-3815.0,-4476.0,-2743.0,114,1.185892105102539,7
-3342.0,-4519.0,-3149.0,114,1.1858971118927002,7
-3379.0,-4373.0,-3288.0,114,1.185906171798706,7
-3352.0,-4691.0,-2967.0,115,1.1979420185089111,7
-3223.0,-5025.0,-2701.0,115,1.1979470252990723,7
-3093.0,-4418.0,-3345.0,115,1.1979520320892334,7
-4045.0,-3366.0,-3668.0,118,1.2175321578979492,7
-4498.0,-3626.0,-3113.0,120,1.2291550636291504,7
-4062.0,-2834.0,-4209.0,120,1.2291841506958008,7
-3277.0,-3563.0,-4140.0,123,1.2444500923156738,7
-4283.0,-3973.0,-2695.0,124,1.2489171028137207,7
-4715.0,-4038.0,-1395.0,128,1.2777931690216064,8
-4926.0,-3418.0,-2150.0,128,1.2778081893920898,8
-5235.0,-1752.0,-3887.0,130,1.3063781261444092,8
-4761.0,-2334.0,-3895.0,130,1.3064050674438477,8
-5339.0,-2290.0,-3276.0,130,1.3064470291137695,8
-2809.0,-4690.0,-3058.0,132,1.3332300186157227,8
-2229.0,-4744.0,-3354.0,132,1.3332340717315674,8
-4211.0,-3582.0,-3262.0,134,1.3604872226715088,8
-3232.0,-3577.0,-3934.0,135,1.3694000244140625,8
-3883.0,-3268.0,-3864.0,135,1.3694281578063965,8
-2713.0,-4716.0,-3020.0,136,1.3874561786651611,8
-3883.0,-4480.0,-2626.0,138,1.4099891185760498,8
-2982.0,-5047.0,-2537.0,143,1.451775074005127,8
-3318.0,-4134.0,-3349.0,143,1.4517881870269775,8
-3715.0,-1558.0,-5219.0,146,1.488779067993164,8
-3319.0,-2206.0,-5083.0,146,1.4888451099395752,8
-4345.0,-2727.0,-3882.0,148,1.5101721286773682,8
-5379.0,-2517.0,-3070.0,149,1.5184290409088135,8
-4849.0,-3250.0,-2838.0,149,1.5184550285339355,8
-3506.0,-2152.0,-4927.0,149,1.5184791088104248,8
-3985.0,-1888.0,-4912.0,150,1.5287401676177979,8
-3983.0,-2706.0,-4238.0,150,1.5287492275238037,8
-4640.0,-2127.0,-4211.0,150,1.5287680625915527,8
-4426.0,-1433.0,-4822.0,150,1.5287811756134033,8
-4808.0,-755.0,-5008.0,152,1.571371078491211,8
-3859.0,-1794.0,-5065.0,152,1.571399211883545,8
-3195.0,-2317.0,-5025.0,152,1.571425199508667,8
-5199.0,-1504.0,-3974.0,152,1.5714771747589111,8
-3707.0,-1763.0,-5198.0,153,1.581068992614746,8
-5493.0,-1840.0,-3632.0,154,1.5888612270355225,8
-4627.0,-2623.0,-3959.0,156,1.600283145904541,8
-5028.0,-2312.0,-3688.0,157,1.6062061786651611,8
-4592.0,-2276.0,-4220.0,157,1.6062312126159668,8
-4555.0,-2381.0,-4254.0,157,1.606236219406128,8
-5336.0,-2427.0,-3428.0,158,1.6121251583099365,8
-4292.0,-2739.0,-4087.0,158,1.6121292114257812,8
-4857.0,-2819.0,-3500.0,159,1.6164991855621338,8
-1831.0,-5096.0,-3295.0,160,1.6303730010986328,8
-1688.0,-4563.0,-4149.0,160,1.6304240226745605,8
-3102.0,-2753.0,-4821.0,160,1.6304290294647217,8
-3140.0,-4529.0,-3086.0,170,1.7232060432434082,8
-3173.0,-4797.0,-2792.0,171,1.7284071445465088,8
-2660.0,-5275.0,-2600.0,178,1.8178000450134277,8
-3917.0,-5023.0,-1836.0,178,1.8178050518035889,8
-3767.0,-4075.0,-3037.0,178,1.8178420066833496,8
-3897.0,-4682.0,-2393.0,178,1.8178460597991943,8
-3424.0,-4725.0,-2799.0,178,1.8178510665893555,8
-3461.0,-4579.0,-2938.0,178,1.8178601264953613,8
-3434.0,-4897.0,-2617.0,179,1.8255000114440918,8
-3305.0,-5231.0,-2351.0,179,1.825505018234253,8
-3175.0,-4624.0,-2995.0,179,1.8255090713500977,8
-4275.0,-3995.0,-2789.0,190,1.8725001811981201,8
-2070.0,-3512.0,-4798.0,192,1.8896000385284424,8
-1606.0,-4357.0,-4499.0,192,1.8896090984344482,8
-3880.0,-2664.0,-4403.0,194,1.9157321453094482,8
-4046.0,-1887.0,-4856.0,196,1.9377131462097168,8
-2749.0,-3383.0,-4661.0,196,1.9377400875091553,8
-2426.0,-3866.0,-4356.0,196,1.937744140625,8
-4320.0,-2321.0,-4399.0,196,1.9377970695495605,8
-3341.0,-2729.0,-4885.0,197,1.955402135848999,8
-4165.0,-2841.0,-4108.0,197,1.955435037612915,8
-3867.0,-2484.0,-4615.0,198,1.9628520011901855,8
-3300.0,-3078.0,-4608.0,198,1.9628560543060303,8
-4592.0,-2101.0,-4441.0,198,1.9628610610961914,8
-5001.0,-3185.0,-2917.0,206,2.0125350952148438,8
-2350.0,-4956.0,-3115.0,208,2.027949094772339,8
-2615.0,-4941.0,-2890.0,209,2.0379910469055176,8
-4294.0,-4262.0,-2216.0,210,2.045413017272949,8
-4180.0,-3705.0,-3241.0,215,2.0691211223602295,8
-3791.0,-4014.0,-3050.0,218,2.0852210521698,8
-4305.0,-3266.0,-3613.0,218,2.085226058959961,8
-4249.0,-4022.0,-2703.0,222,2.103546142578125,8
-3124.0,-5395.0,-2037.0,225,2.121483087539673,8
-2879.0,-4401.0,-3589.0,228,2.14194917678833,8
-2275.0,-4682.0,-3548.0,228,2.141977071762085,8
-2534.0,-4955.0,-3170.0,228,2.141986131668091,8
-3442.0,-4710.0,-2707.0,229,2.149367094039917,8
-3752.0,-3777.0,-3509.0,240,2.195115089416504,8
-3962.0,-3794.0,-3189.0,240,2.195120096206665,8
-3449.0,-3390.0,-4107.0,240,2.1951382160186768,8
-3785.0,-3275.0,-3907.0,240,2.1951470375061035,8
-4206.0,-2854.0,-4058.0,243,2.209268093109131,8
-5624.0,-1108.0,-3569.0,261,2.313277006149292,9
-5450.0,-2292.0,-2866.0,262,2.3235621452331543,9
-2552.0,-3117.0,-4715.0,269,2.4034881591796875,9
-4616.0,-2959.0,-3478.0,271,2.4170141220092773,9
-4924.0,-3912.0,-1919.0,272,2.4300131797790527,9
-2567.0,-4077.0,-3871.0,272,2.430058002471924,9
-4196.0,-2870.0,-3907.0,272,2.4301111698150635,9
-4665.0,-4015.0,-2248.0,273,2.4417099952697754,9
-4958.0,-3536.0,-2113.0,273,2.44171404838562,9
-2256.0,-4309.0,-3946.0,277,2.4812870025634766,9
-2725.0,-3118.0,-4688.0,281,2.510357141494751,9
-4882.0,-3215.0,-2849.0,296,2.6440939903259277,9
-4326.0,-2056.0,-4476.0,300,2.6697351932525635,9
-5158.0,-1753.0,-3872.0,301,2.677000045776367,9
-4712.0,-2076.0,-4259.0,302,2.683568000793457,9
-2751.0,-2969.0,-4858.0,306,2.720508098602295,9
-3919.0,-1452.0,-5204.0,306,2.7205262184143066,9
-4574.0,-1319.0,-5001.0,306,2.7205400466918945,9
-4474.0,-1942.0,-4655.0,306,2.720562219619751,9
-4233.0,-2626.0,-4252.0,306,2.7205660343170166,9
-4294.0,-1838.0,-4954.0,306,2.7205710411071777,9
-5548.0,-1651.0,-3572.0,308,2.7526941299438477,9
-4336.0,-1685.0,-4812.0,313,2.779201030731201,9
-4492.0,-2899.0,-3874.0,314,2.7860400676727295,9
-4025.0,-3114.0,-4022.0,314,2.786058187484741,9
-4240.0,-3267.0,-3568.0,314,2.786062002182007,9
-5393.0,-2232.0,-3314.0,318,2.7994542121887207,9
-1562.0,-5243.0,-3039.0,320,2.82073712348938,9
-1430.0,-5227.0,-3486.0,321,2.8311831951141357,9
-2588.0,-4510.0,-3352.0,323,2.846217155456543,9
-4016.0,-3636.0,-3368.0,341,3.0306432247161865,9
-2961.0,-4607.0,-3239.0,356,3.1124022006988525,9
-3461.0,-3890.0,-3489.0,356,3.112406015396118,9
-2357.0,-4888.0,-3198.0,356,3.112429141998291,9
-2616.0,-5161.0,-2820.0,356,3.112438201904297,9
-4144.0,-4254.0,-2402.0,360,3.1307852268218994,9
-3592.0,-3285.0,-3995.0,368,3.162106990814209,9
-3674.0,-3190.0,-3976.0,369,3.164793014526367,9
-1348.0,-5021.0,-3836.0,382,3.2177932262420654,9
-1749.0,-4890.0,-3645.0,382,3.2178430557250977,9
-1214.0,-4309.0,-4586.0,382,3.217879056930542,9
-2294.0,-3538.0,-4540.0,382,3.217884063720703,9
-1652.0,-4806.0,-3806.0,383,3.2316031455993652,9
-2523.0,-4607.0,-3438.0,385,3.2507212162017822,9
-4102.0,-2964.0,-3902.0,388,3.2789080142974854,9
-4175.0,-2987.0,-3819.0,388,3.278917074203491,9
-3256.0,-3135.0,-4425.0,390,3.2957780361175537,9
-3381.0,-2696.0,-4797.0,390,3.295783042907715,9
-4340.0,-2515.0,-4132.0,392,3.3122360706329346,9
-3216.0,-3168.0,-4513.0,393,3.318773031234741,9
-3771.0,-3145.0,-4109.0,394,3.3247811794281006,9
-4315.0,-2542.0,-4139.0,394,3.3248000144958496,9
-3452.0,-4068.0,-3313.0,440,3.544527053833008,9
-4377.0,-4437.0,-1621.0,450,3.5874481201171875,9
-4330.0,-4357.0,-2080.0,450,3.5874650478363037,9
-3791.0,-4703.0,-2406.0,454,3.6092770099639893,9
-3032.0,-4146.0,-3499.0,455,3.6136832237243652,9
-2505.0,-4820.0,-3285.0,456,3.6183462142944336,9
-2596.0,-4043.0,-4044.0,457,3.6227610111236572,9
-3717.0,-4611.0,-2593.0,458,3.6274020671844482,9
-3452.0,-4882.0,-2525.0,459,3.6315360069274902,9
-4097.0,-3356.0,-3692.0,482,3.723489999771118,9
-5427.0,-2894.0,-1794.0,507,3.8152401447296143,10
-5270.0,-1416.0,-3921.0,514,3.8995730876922607,10
-3626.0,-3273.0,-3933.0,535,4.093624114990234,10
-4886.0,-3587.0,-2065.0,538,4.122928142547607,10
-4204.0,-4153.0,-2708.0,540,4.143979072570801,10
-4424.0,-4263.0,-2085.0,552,4.232059001922607,10
-5297.0,-3081.0,-1895.0,570,4.3426830768585205,10
-3422.0,-3820.0,-3567.0,588,4.523013114929199,10
-3318.0,-4191.0,-3315.0,588,4.523022174835205,10
-3763.0,-3988.0,-3131.0,589,4.529159069061279,10
-4783.0,-2841.0,-3440.0,596,4.568303108215332,10
-3766.0,-2841.0,-4400.0,606,4.636112213134766,10
-3243.0,-2608.0,-4899.0,606,4.636125087738037,10
-4137.0,-1653.0,-5084.0,609,4.649753093719482,10
-4806.0,-1350.0,-4664.0,610,4.655915021896362,10
-5298.0,-2523.0,-2777.0,610,4.655957221984863,10
-5441.0,-2230.0,-3073.0,612,4.665517091751099,10
-4955.0,-2223.0,-3835.0,614,4.673468112945557,10
-4743.0,-2459.0,-3898.0,614,4.673472166061401,10
-4668.0,-1598.0,-4700.0,618,4.687930107116699,10
-3835.0,-1954.0,-5123.0,618,4.687938213348389,10
-4573.0,-2445.0,-3988.0,618,4.687960147857666,10
-3670.0,-2009.0,-5163.0,619,4.69574499130249,10
-5080.0,-1784.0,-4207.0,630,4.729194164276123,10
-2432.0,-5162.0,-2765.0,670,5.003606081008911,10
-2677.0,-4916.0,-2800.0,670,5.003615140914917,10
-2791.0,-5276.0,-2402.0,672,5.01226806640625,10
-4183.0,-4465.0,-2010.0,688,5.1383750438690186,10
-3873.0,-4909.0,-2056.0,694,5.1737380027771,10
-2328.0,-4753.0,-3313.0,696,5.183613061904907,10
-2587.0,-5026.0,-2935.0,696,5.183627128601074,10
-3534.0,-5088.0,-2175.0,699,5.195980072021484,10
-2853.0,-4234.0,-3644.0,716,5.256541013717651,10
-3198.0,-3680.0,-4063.0,716,5.256568193435669,10
-1898.0,-4186.0,-4404.0,740,5.35762619972229,10
-2241.0,-3536.0,-4642.0,740,5.357635021209717,10
-1839.0,-3631.0,-4669.0,740,5.357644081115723,10
-4153.0,-2486.0,-4494.0,758,5.4954001903533936,10
-4290.0,-2402.0,-4480.0,759,5.501753091812134,10
-3666.0,-3226.0,-4020.0,762,5.5145440101623535,10
-3367.0,-3201.0,-4365.0,762,5.514548063278198,10
-3934.0,-3430.0,-3718.0,842,5.885042190551758,10
-2826.0,-4493.0,-3367.0,880,6.0120530128479,10
-2906.0,-3727.0,-4245.0,880,6.0120580196380615,10
-2862.0,-4764.0,-3003.0,881,6.0166401863098145,10
-3739.0,-3069.0,-4206.0,919,6.13119101524353,10
-3115.0,-4091.0,-3613.0,928,6.154797077178955,10
-5431.0,-2453.0,-2501.0,968,6.419396162033081,11
-5380.0,-2630.0,-2729.0,970,6.429078102111816,11
-4762.0,-3554.0,-2558.0,1007,6.738613128662109,11
-4471.0,-4343.0,-1626.0,1010,6.7653210163116455,11
-2173.0,-4381.0,-3872.0,1023,6.855286121368408,11
-4357.0,-2600.0,-4057.0,1027,6.8726911544799805,11
-4252.0,-4252.0,-2346.0,1032,6.893566131591797,11
-2877.0,-4463.0,-3327.0,1048,6.99255108833313,11
-3710.0,-2393.0,-4751.0,1131,7.574426174163818,11
-3545.0,-2448.0,-4791.0,1132,7.57970118522644,11
-3972.0,-1708.0,-5124.0,1134,7.587059020996094,11
-4537.0,-1424.0,-5035.0,1134,7.587064027786255,11
-4425.0,-1545.0,-4908.0,1156,7.6525959968566895,11
-3010.0,-3242.0,-4480.0,1162,7.672684192657471,11
-1542.0,-4876.0,-3677.0,1184,7.75283408164978,11
-1296.0,-4515.0,-4236.0,1184,7.752861022949219,11
-2908.0,-4699.0,-3017.0,1272,8.224644184112549,11
-2988.0,-3933.0,-3895.0,1272,8.22464919090271,11
-2136.0,-3909.0,-4367.0,1320,8.401530027389526,11
-2042.0,-4460.0,-3954.0,1320,8.401534080505371,11
-1460.0,-4670.0,-4027.0,1320,8.401544094085693,11
-2261.0,-3470.0,-4739.0,1325,8.437292098999023,11
-3213.0,-2538.0,-4960.0,1352,8.626336097717285,11
-3670.0,-3039.0,-4220.0,1356,8.647540092468262,11
-3607.0,-2824.0,-4518.0,1356,8.647558212280273,11
-4306.0,-2231.0,-4404.0,1358,8.655877113342285,11
-3512.0,-2872.0,-4487.0,1365,8.684037208557129,11
-3815.0,-3259.0,-3889.0,1366,8.688565015792847,11
-4622.0,-2853.0,-3420.0,1402,8.854008197784424,11
-4731.0,-3632.0,-2505.0,1438,9.016209125518799,11
-3019.0,-4811.0,-2827.0,1482,9.132516145706177,11
-4571.0,-4109.0,-2243.0,1500,9.219208002090454,11
-4285.0,-3980.0,-2649.0,1501,9.22298002243042,11
-5110.0,-3433.0,-1663.0,1588,9.45729112625122,12
-5437.0,-2435.0,-2615.0,1626,9.80550503730774,12
-4604.0,-4258.0,-1536.0,1688,10.27798318862915,12
-4379.0,-4481.0,-1609.0,1689,10.2847900390625,12
-4129.0,-3032.0,-3786.0,1690,10.290693044662476,12
-4859.0,-3283.0,-2484.0,1826,11.004324197769165,12
-3577.0,-2313.0,-4856.0,1896,11.313939094543457,12
-4088.0,-2220.0,-4599.0,1896,11.313953161239624,12
-4470.0,-2144.0,-4365.0,1938,11.425188064575195,12
-4408.0,-2500.0,-4028.0,1939,11.428361177444458,12
-2767.0,-4451.0,-3371.0,2082,12.082076072692871,12
-3351.0,-3425.0,-3973.0,2113,12.165372133255005,12
-2673.0,-4414.0,-3460.0,2139,12.350393056869507,12
-3247.0,-2822.0,-4688.0,2174,12.541088104248047,12
-3565.0,-2785.0,-4654.0,2186,12.616648197174072,12
-1963.0,-4066.0,-4283.0,3036,16.257415056228638,13
-2440.0,-3433.0,-4619.0,3045,16.306801080703735,13
-2314.0,-3339.0,-4772.0,3096,16.539420127868652,13
-3754.0,-2570.0,-4556.0,3111,16.588848114013672,13
-4766.0,-3266.0,-2721.0,3440,17.988306999206543,14
-4659.0,-2299.0,-4018.0,3446,18.02339220046997,14
-4333.0,-2003.0,-4598.0,3694,19.099101066589355,14
-2264.0,-4334.0,-3816.0,3906,19.87779712677002,14
-2167.0,-4021.0,-4326.0,3916,19.921387195587158,14
-3884.0,-2362.0,-4555.0,3994,20.190571069717407,14
-5423.0,-2720.0,-2371.0,4112,20.50174117088318,15
-4893.0,-3453.0,-2139.0,4116,20.540741205215454,15
-2206.0,-4629.0,-3608.0,4630,22.590473175048828,15
-1719.0,-4943.0,-3649.0,4631,22.59601616859436,15
-1801.0,-5149.0,-3299.0,5045,24.180198192596436,16
-1370.0,-4808.0,-3695.0,5578,26.020405054092407,18
