z1,z2,z3,node,time,depth
-31938.0,-34361.0,-31164.0,1,0.0027430057525634766,1
-28737.0,-36910.0,-28688.0,2,0.00572514533996582,2
-31248.0,-34821.0,-30901.0,3,0.009426116943359375,2
-31296.0,-34991.0,-30647.0,6,0.018938064575195312,3
-31475.0,-34802.0,-30552.0,6,0.01894402503967285,3
-31067.0,-35141.0,-30263.0,9,0.029181957244873047,4
-29229.0,-37011.0,-28588.0,12,0.0380101203918457,4
-30377.0,-35601.0,-30000.0,13,0.04130911827087402,4
-31427.0,-34632.0,-30806.0,14,0.04355216026306152,4
-31371.0,-35119.0,-30285.0,23,0.0700981616973877,5
-29709.0,-36346.0,-29185.0,23,0.07010912895202637,5
-30110.0,-36302.0,-29247.0,25,0.07617306709289551,5
-30323.0,-35563.0,-30095.0,32,0.09483814239501953,6
-30276.0,-35588.0,-30064.0,39,0.11973094940185547,6
-29941.0,-36457.0,-28719.0,54,0.15440607070922852,6
-29190.0,-36877.0,-28625.0,57,0.1615619659423828,6
-30109.0,-36267.0,-29272.0,63,0.17777109146118164,6
-30768.0,-35689.0,-29964.0,63,0.17777395248413086,6
-30676.0,-35509.0,-30151.0,63,0.17777705192565918,6
-30990.0,-35558.0,-29931.0,63,0.17779016494750977,6
-30489.0,-35421.0,-30248.0,69,0.19715595245361328,7
-29608.0,-36130.0,-29589.0,81,0.23153996467590332,7
-29922.0,-36179.0,-29369.0,81,0.23154306411743164,7
-31057.0,-35070.0,-30505.0,91,0.2502169609069824,7
-29238.0,-37047.0,-28371.0,109,0.301332950592041,7
-29897.0,-36469.0,-29063.0,109,0.30133605003356934,7
-30119.0,-36338.0,-29030.0,109,0.30135202407836914,7
-29849.0,-36299.0,-29317.0,112,0.3061530590057373,7
-30681.0,-35579.0,-30022.0,113,0.30777597427368164,7
-29757.0,-36119.0,-29504.0,115,0.3107030391693115,7
-30537.0,-35591.0,-29994.0,133,0.36052608489990234,8
-29830.0,-35999.0,-29556.0,155,0.4151880741119385,8
-29970.0,-36349.0,-29115.0,165,0.4324510097503662,8
-29810.0,-36359.0,-29121.0,197,0.5021960735321045,8
-30071.0,-36168.0,-29284.0,215,0.5411231517791748,8
-30500.0,-35899.0,-29384.0,307,0.7274560928344727,9
-29656.0,-36300.0,-29335.0,308,0.7287211418151855,9
-30186.0,-35850.0,-29604.0,313,0.7351140975952148,9
-30076.0,-36120.0,-29282.0,395,0.905318021774292,9
-30643.0,-35362.0,-30161.0,403,0.9156160354614258,9
-29491.0,-35906.0,-29629.0,482,1.0723659992218018,10
-29756.0,-36321.0,-29216.0,494,1.092067003250122,10
-30729.0,-35749.0,-29768.0,575,1.2236130237579346,10
-30908.0,-35560.0,-29673.0,575,1.2236180305480957,10
-30415.0,-35700.0,-29988.0,601,1.2795419692993164,10
-29451.0,-36880.0,-28555.0,603,1.2845051288604736,10
-29796.0,-36253.0,-29467.0,603,1.2845160961151123,10
-30018.0,-36122.0,-29434.0,603,1.2845189571380615,10
-30768.0,-35210.0,-30114.0,705,1.4463670253753662,10
-30402.0,-35534.0,-30107.0,707,1.451401948928833,10
-31831.0,-34212.0,-31258.0,753,1.5297400951385498,11
-29442.0,-36272.0,-29436.0,838,1.6760859489440918,11
-30090.0,-35756.0,-29871.0,859,1.710062026977539,11
-30589.0,-35399.0,-30209.0,1093,2.094372034072876,11
-30367.0,-35530.0,-30242.0,1093,2.0943830013275146,11
-30685.0,-35444.0,-30027.0,1095,2.0991649627685547,11
-30372.0,-35197.0,-30288.0,1135,2.1497349739074707,12
-29496.0,-36310.0,-29341.0,1411,2.6130051612854004,12
-29272.0,-36705.0,-28646.0,1737,3.1192550659179688,13
-29839.0,-35947.0,-29525.0,1753,3.1484429836273193,13
-29137.0,-36831.0,-28775.0,2269,3.995476007461548,14
-31009.0,-35146.0,-30518.0,2629,4.558413982391357,15
-30854.0,-35695.0,-29730.0,2652,4.5993969440460205,15
-28958.0,-36656.0,-28866.0,2691,4.669697046279907,15
-29180.0,-36525.0,-28833.0,2701,4.6860010623931885,15
-30849.0,-35618.0,-29737.0,2867,4.948616027832031,15
-31416.0,-34860.0,-30616.0,2883,4.9729650020599365,15
-29984.0,-35940.0,-29469.0,2915,5.034713983535767,15
-30961.0,-34976.0,-30772.0,3067,5.27134895324707,16
-31292.0,-35056.0,-30438.0,3119,5.349876165390015,16
-31154.0,-35136.0,-30318.0,3119,5.349879026412964,16
-25858.0,-37121.0,-25481.0,3275,5.60625696182251,16
-29978.0,-36398.0,-28836.0,3307,5.653036117553711,16
-29762.0,-36071.0,-29502.0,3433,5.865087032318115,16
-31244.0,-34886.0,-30692.0,3573,6.084045171737671,17
-29973.0,-36404.0,-29071.0,3654,6.237383127212524,17
-30897.0,-35788.0,-29483.0,3661,6.248295068740845,17
-31464.0,-35030.0,-30362.0,3677,6.275141000747681,17
-28834.0,-36588.0,-28872.0,3683,6.284762144088745,17
-31437.0,-34997.0,-30570.0,3988,6.789711952209473,18
-30806.0,-35525.0,-29984.0,4444,7.468655109405518,18
-31123.0,-34948.0,-30790.0,4526,7.593451976776123,19
-30465.0,-35561.0,-30073.0,4536,7.607500076293945,19
-30204.0,-35558.0,-30143.0,4538,7.617411136627197,19
-30252.0,-35728.0,-29889.0,4544,7.626407146453857,19
-29898.0,-36319.0,-29194.0,4562,7.650655031204224,19
-29637.0,-36316.0,-29264.0,4564,7.65394401550293,19
-29584.0,-36270.0,-29414.0,4568,7.659868001937866,19
-29685.0,-36486.0,-29010.0,4608,7.718806028366089,19
-29334.0,-36656.0,-28595.0,4655,7.793420076370239,19
-29901.0,-35898.0,-29474.0,4667,7.8108580112457275,19
-29054.0,-37014.0,-28424.0,4852,8.071055173873901,19
-29276.0,-36883.0,-28391.0,4854,8.074531078338623,19
-29925.0,-36234.0,-29325.0,4922,8.177000045776367,19
-30492.0,-35476.0,-30204.0,4932,8.19281005859375,19
-30566.0,-35777.0,-29669.0,4996,8.298501014709473,20
-29020.0,-36607.0,-28815.0,5107,8.461421966552734,20
-30147.0,-36103.0,-29292.0,5308,8.74795413017273,20
-30714.0,-35345.0,-30171.0,5314,8.757079124450684,20
-30786.0,-35375.0,-30092.0,5354,8.82119607925415,20
-29806.0,-36139.0,-29381.0,5378,8.85471796989441,21
-25897.0,-37066.0,-25196.0,5539,9.082884073257446,21
-29348.0,-36913.0,-28312.0,5640,9.22285795211792,21
-29300.0,-36743.0,-28566.0,5646,9.231495141983032,21
-29867.0,-35985.0,-29445.0,5650,9.236924171447754,21
-30219.0,-36133.0,-29213.0,5680,9.28279709815979,21
-31036.0,-34838.0,-30848.0,5702,9.319053173065186,22
-31084.0,-35008.0,-30594.0,5724,9.350833177566528,22
-30556.0,-35706.0,-29911.0,5734,9.36396312713623,22
-30788.0,-35817.0,-29445.0,5746,9.383538961410522,22
-30124.0,-36290.0,-29028.0,5749,9.388092041015625,22
-31355.0,-35059.0,-30324.0,5754,9.396584033966064,22
-26039.0,-37064.0,-25174.0,6112,9.899924039840698,23
-31307.0,-34889.0,-30578.0,6464,10.377357006072998,25
-28986.0,-36694.0,-28786.0,6566,10.506582021713257,26
-31345.0,-34817.0,-30757.0,6574,10.517212152481079,27
-30778.0,-35575.0,-29878.0,6584,10.529382944107056,27
-30195.0,-36273.0,-29038.0,6588,10.534121036529541,27
-29247.0,-36697.0,-28716.0,6616,10.568959951400757,27
-29833.0,-36054.0,-29512.0,6650,10.60878300666809,27
-30464.0,-35526.0,-30098.0,6656,10.61671495437622,28
