z1,z2,z3,node,time,depth
9475.0,12529.0,12293.0,1,0.023293018341064453,1
9584.0,12156.0,12579.0,1,0.0233001708984375,1
12867.0,11615.0,9665.0,1,0.02330803871154785,1
13223.0,11428.0,9720.0,1,0.023316144943237305,1
13384.0,10929.0,10008.0,1,0.023324012756347656,1
11143.0,9641.0,13028.0,1,0.02333211898803711,1
10880.0,9965.0,12569.0,1,0.02333998680114746,1
11446.0,9409.0,13348.0,1,0.023347139358520508,1
11630.0,9330.0,13922.0,1,0.023356199264526367,1
12054.0,9230.0,13951.0,1,0.02336406707763672,1
11174.0,11940.0,10092.0,1,0.023370981216430664,1
10641.0,11893.0,10751.0,1,0.023379087448120117,1
10809.0,11510.0,10820.0,1,0.023386001586914062,1
10276.0,11463.0,11479.0,1,0.023396015167236328,1
10461.0,10600.0,11986.0,1,0.023405075073242188,1
9754.0,11725.0,12885.0,1,0.02341318130493164,1
12279.0,11235.0,9886.0,1,0.023421049118041992,1
10994.0,10647.0,11327.0,1,0.02342820167541504,1
11359.0,11077.0,10599.0,1,0.02343606948852539,1
11982.0,11485.0,9764.0,1,0.023442983627319336,1
11834.0,11913.0,9796.0,1,0.02345108985900879,1
11569.0,11947.0,9875.0,1,0.023458003997802734,1
13906.0,10254.0,10649.0,1,0.023466110229492188,1
13414.0,10546.0,10231.0,1,0.023473024368286133,1
13265.0,9675.0,11825.0,1,0.02348017692565918,1
12587.0,9277.0,13292.0,1,0.02348804473876953,1
10732.0,12227.0,10445.0,1,0.023496150970458984,1
10199.0,12180.0,11104.0,1,0.02351212501525879,1
10081.0,13182.0,10956.0,1,0.023528099060058594,1
12051.0,10834.0,10504.0,1,0.02353501319885254,1
11656.0,10827.0,10721.0,1,0.0235440731048584,1
12698.0,10600.0,10469.0,1,0.023550987243652344,1
12735.0,10165.0,11008.0,1,0.023559093475341797,1
11676.0,9688.0,12369.0,1,0.02356719970703125,1
13678.0,9853.0,11267.0,1,0.023574113845825195,1
13186.0,10145.0,10849.0,1,0.023581981658935547,1
13038.0,9933.0,11328.0,1,0.023590087890625,1
12524.0,9965.0,11455.0,1,0.023597002029418945,1
12376.0,9753.0,11934.0,1,0.0236051082611084,1
13016.0,9673.0,11873.0,1,0.02361297607421875,1
12603.0,9495.0,12431.0,1,0.023621082305908203,1
11979.0,9456.0,12689.0,1,0.023641109466552734,1
12470.0,10199.0,11087.0,1,0.02364802360534668,1
12075.0,10192.0,11304.0,1,0.02365708351135254,1
12073.0,9985.0,11614.0,1,0.023663997650146484,1
11413.0,10012.0,11910.0,1,0.023672103881835938,1
11808.0,10019.0,11693.0,1,0.023681163787841797,1
10724.0,10276.0,12445.0,2,0.049894094467163086,2
12316.0,10800.0,10425.0,2,0.04993915557861328,2
11257.0,10323.0,11786.0,2,0.05003499984741211,2
13156.0,10528.0,10626.0,2,0.050045013427734375,2
11389.0,10654.0,11110.0,2,0.05005002021789551,2
11654.0,10620.0,11031.0,2,0.05007004737854004,2
10173.0,11090.0,13468.0,3,0.06966114044189453,2
13117.0,10796.0,10109.0,3,0.06966614723205566,2
12401.0,10850.0,10347.0,3,0.06975603103637695,2
11778.0,10442.0,11182.0,3,0.06976604461669922,2
9887.0,12830.0,11489.0,4,0.09405112266540527,3
9767.0,12485.0,12273.0,4,0.09406113624572754,3
11090.0,10611.0,11629.0,4,0.09408211708068848,3
10826.0,11030.0,11258.0,4,0.09408712387084961,3
10358.0,11149.0,11993.0,4,0.09409213066101074,3
10384.0,11317.0,11611.0,4,0.09409713745117188,3
9670.0,13580.0,11957.0,4,0.0941171646118164,3
11986.0,10345.0,11546.0,4,0.09418201446533203,3
11204.0,11517.0,10603.0,5,0.11395597457885742,3
10158.0,12465.0,11331.0,5,0.11399507522583008,3
9990.0,12281.0,11482.0,5,0.11400008201599121,3
11617.0,11055.0,10492.0,5,0.11400508880615234,3
11245.0,10395.0,11841.0,6,0.1331470012664795,3
12773.0,9967.0,11407.0,6,0.1332721710205078,3
13244.0,10074.0,11255.0,7,0.14689016342163086,3
12036.0,10420.0,11075.0,7,0.14692306518554688,3
12752.0,10366.0,10837.0,7,0.14695215225219727,3
13087.0,11179.0,9886.0,8,0.17325997352600098,4
12019.0,11050.0,10303.0,8,0.17336702346801758,4
11754.0,11084.0,10382.0,8,0.1733720302581787,4
11748.0,10825.0,10959.0,8,0.17348003387451172,4
10685.0,12495.0,10560.0,9,0.1989891529083252,4
10517.0,12311.0,10711.0,9,0.19899916648864746,4
10770.0,11459.0,11024.0,9,0.1990041732788086,4
11856.0,11516.0,10019.0,9,0.1991100311279297,4
11048.0,11971.0,10347.0,9,0.19911503791809082,4
10826.0,10257.0,12859.0,10,0.22119617462158203,4
10385.0,11090.0,11765.0,10,0.22126197814941406,4
10918.0,11137.0,11106.0,10,0.2212669849395752,4
10410.0,10846.0,12206.0,10,0.22127199172973633,4
11417.0,10551.0,11436.0,10,0.22128701210021973,4
11806.0,10299.0,11796.0,10,0.22129201889038086,4
10563.0,10581.0,12400.0,10,0.22132205963134766,4
10190.0,11088.0,12871.0,10,0.2213270664215088,4
9795.0,11681.0,12898.0,10,0.22133207321166992,4
9828.0,11850.0,12649.0,11,0.23541808128356934,4
10224.0,11360.0,12120.0,11,0.23543310165405273,4
13381.0,10103.0,11145.0,12,0.2531740665435791,4
13609.0,10504.0,10527.0,12,0.25317907333374023,4
12173.0,10449.0,10965.0,12,0.25318408012390137,4
12889.0,10395.0,10727.0,12,0.25322413444519043,4
12438.0,10415.0,10886.0,12,0.25322914123535156,4
10804.0,10455.0,12348.0,14,0.2809581756591797,4
11337.0,10502.0,11689.0,14,0.2809631824493408,4
12831.0,9896.0,11813.0,14,0.28099799156188965,4
12339.0,10188.0,11395.0,14,0.2810070514678955,4
11503.0,10373.0,11734.0,14,0.28103208541870117,4
10917.0,11364.0,10952.0,16,0.3148481845855713,5
11301.0,11866.0,10455.0,17,0.33650898933410645,5
11449.0,11438.0,10423.0,17,0.3365139961242676,5
11036.0,11900.0,10534.0,17,0.3365190029144287,5
11782.0,10981.0,10708.0,17,0.33658909797668457,5
12668.0,10983.0,10246.0,18,0.3560061454772949,5
12705.0,10548.0,10785.0,18,0.3560631275177002,5
12440.0,10582.0,10864.0,18,0.35607004165649414,5
13164.0,11365.0,9787.0,19,0.3705410957336426,5
10099.0,11908.0,11768.0,20,0.3894791603088379,5
10058.0,11357.0,13357.0,20,0.3894991874694824,5
9870.0,11936.0,12266.0,21,0.404386043548584,5
10671.0,11470.0,11262.0,21,0.40444517135620117,5
9979.0,11563.0,12552.0,21,0.40445518493652344,5
11084.0,11008.0,11151.0,21,0.40447020530700684,5
10850.0,10348.0,12346.0,22,0.4205930233001709,5
11383.0,10395.0,11687.0,22,0.42064404487609863,5
10143.0,11473.0,13245.0,22,0.42066311836242676,5
11778.0,10402.0,11470.0,22,0.4207191467285156,5
12043.0,10368.0,11391.0,22,0.4207291603088379,5
11881.0,10362.0,11528.0,23,0.43294811248779297,5
11868.0,10803.0,11006.0,24,0.45028018951416016,5
11126.0,10548.0,12288.0,24,0.45029401779174805,5
11640.0,10402.0,11624.0,24,0.4503040313720703,5
12419.0,10706.0,10871.0,27,0.48862719535827637,5
12111.0,9787.0,12013.0,30,0.5259881019592285,5
11578.0,9740.0,12672.0,30,0.5260231494903564,5
12300.0,9727.0,12111.0,31,0.5359930992126465,5
11327.0,9562.0,13602.0,31,0.5360300540924072,5
11312.0,11371.0,10735.0,32,0.5594401359558105,6
11127.0,12234.0,10228.0,32,0.5595200061798096,6
10476.0,13189.0,10739.0,32,0.5595250129699707,6
11703.0,11591.0,10166.0,33,0.5762159824371338,6
10588.0,11928.0,11464.0,35,0.6113991737365723,6
12079.0,10731.0,10830.0,38,0.6618010997772217,6
11578.0,11004.0,10696.0,38,0.6618070602416992,6
11708.0,11944.0,10051.0,38,0.661890983581543,6
11471.0,11690.0,10214.0,39,0.6764969825744629,6
10940.0,12030.0,10578.0,39,0.6765069961547852,6
10521.0,11941.0,11118.0,40,0.6956250667572021,6
10630.0,11568.0,11404.0,40,0.6956400871276855,6
10148.0,11850.0,11899.0,41,0.7142271995544434,6
9643.0,12713.0,12142.0,41,0.7142431735992432,6
10039.0,12223.0,11613.0,41,0.7142481803894043,6
10856.0,10607.0,11769.0,47,0.7896361351013184,6
11348.0,10315.0,12187.0,47,0.7896761894226074,6
11544.0,10532.0,11668.0,55,0.893996000289917,6
13000.0,9455.0,12734.0,60,0.9543440341949463,6
12483.0,9626.0,12532.0,60,0.9543490409851074,6
11991.0,9918.0,12114.0,60,0.954369068145752,6
11275.0,9972.0,12352.0,62,0.9760870933532715,6
11540.0,9938.0,12273.0,62,0.9760921001434326,6
11767.0,9680.0,12770.0,62,0.976107120513916,6
11860.0,9609.0,12943.0,63,0.9840970039367676,6
11540.0,11772.0,10117.0,64,1.0078840255737305,7
10928.0,11011.0,11672.0,68,1.0708281993865967,7
10173.0,12012.0,11486.0,68,1.0708630084991455,7
11486.0,11003.0,10962.0,69,1.083937168121338,7
11221.0,11037.0,11041.0,69,1.0839459896087646,7
10072.0,11849.0,12483.0,69,1.0839571952819824,7
11165.0,11466.0,10807.0,77,1.2035000324249268,7
11866.0,11697.0,9997.0,78,1.2176790237426758,7
11080.0,12502.0,10343.0,78,1.2177040576934814,7
12000.0,11341.0,10288.0,79,1.2314281463623047,7
10301.0,11219.0,11920.0,86,1.339015007019043,7
10352.0,11056.0,12081.0,87,1.3501811027526855,7
10243.0,11429.0,11795.0,87,1.3501911163330078,7
11245.0,10355.0,12129.0,90,1.395704984664917,7
10017.0,11401.0,13344.0,92,1.4159820079803467,7
11121.0,10573.0,11690.0,92,1.41599702835083,7
10091.0,11526.0,13108.0,92,1.4160120487213135,7
10645.0,10521.0,12560.0,93,1.4249591827392578,7
11178.0,10568.0,11901.0,93,1.424964189529419,7
12461.0,10180.0,11371.0,105,1.5809910297393799,7
12764.0,9948.0,11691.0,105,1.580996036529541,7
12066.0,10173.0,11588.0,110,1.6331751346588135,7
12163.0,9377.0,13263.0,122,1.7649672031402588,7
12070.0,9448.0,13090.0,123,1.7727320194244385,7
10436.0,10766.0,13927.0,124,1.7861599922180176,7
10568.0,10497.0,13441.0,125,1.7941820621490479,7
10886.0,12371.0,10390.0,132,1.8938031196594238,8
10072.0,13163.0,11240.0,132,1.8938531875610352,8
9596.0,13455.0,12193.0,133,1.9063961505889893,8
10594.0,12187.0,10887.0,137,1.9606001377105713,8
11007.0,11725.0,10776.0,137,1.9606380462646484,8
12683.0,10698.0,10818.0,151,2.150672197341919,8
11750.0,10584.0,11333.0,154,2.1837069988250732,8
11485.0,10618.0,11412.0,155,2.1935431957244873,8
12771.0,10943.0,10304.0,156,2.2091310024261475,8
11125.0,11167.0,11085.0,159,2.2447350025177,8
10173.0,11606.0,12340.0,160,2.262866973876953,8
10064.0,11979.0,12054.0,160,2.262907028198242,8
10006.0,12189.0,11929.0,160,2.2629120349884033,8
9976.0,12603.0,11926.0,160,2.2629611492156982,8
9870.0,12536.0,12076.0,162,2.2960801124572754,8
12006.0,10803.0,10852.0,166,2.3498451709747314,8
10193.0,11670.0,12012.0,172,2.42856502532959,8
10637.0,11267.0,11725.0,172,2.4286000728607178,8
10383.0,11028.0,13161.0,174,2.45255708694458,8
10172.0,11503.0,12842.0,174,2.4525680541992188,8
10147.0,11747.0,12401.0,174,2.45257306098938,8
10038.0,12120.0,12115.0,174,2.452594041824341,8
11223.0,10554.0,12104.0,175,2.460026979446411,8
10638.0,11436.0,11578.0,175,2.4600670337677,8
11732.0,10509.0,11472.0,227,2.976135015487671,8
11064.0,9886.0,13143.0,236,3.054840087890625,8
11597.0,9933.0,12484.0,240,3.0822629928588867,8
12371.0,11233.0,10124.0,249,3.2200801372528076,9
11261.0,11878.0,10519.0,252,3.266862154006958,9
10779.0,11324.0,11394.0,262,3.4028050899505615,9
10707.0,11183.0,11705.0,262,3.4028701782226562,9
12961.0,11210.0,10141.0,274,3.5611062049865723,9
11647.0,10808.0,11005.0,292,3.7510340213775635,9
9956.0,12430.0,12146.0,294,3.775614023208618,9
10115.0,11816.0,12215.0,295,3.789790153503418,9
10696.0,11226.0,11703.0,313,4.016846179962158,9
10453.0,10764.0,13330.0,318,4.0609941482543945,9
10747.0,11063.0,11864.0,318,4.061009168624878,9
10958.0,10588.0,12183.0,318,4.0610291957855225,9
10412.0,10808.0,13317.0,330,4.173691987991333,9
10149.0,11132.0,12858.0,334,4.199191093444824,9
10333.0,11053.0,13432.0,334,4.1992011070251465,9
12584.0,10749.0,10768.0,346,4.277713060379028,9
12962.0,9907.0,11505.0,365,4.50313401222229,9
11400.0,9934.0,12948.0,410,4.870450019836426,9
10831.0,10173.0,13900.0,412,4.882922172546387,9
12408.0,10798.0,10663.0,432,5.105175018310547,10
12806.0,12293.0,9745.0,434,5.135499000549316,10
12474.0,11193.0,10182.0,436,5.15664005279541,10
11694.0,11916.0,10062.0,436,5.1566550731658936,10
12246.0,10792.0,10800.0,436,5.156661033630371,10
11449.0,12562.0,10022.0,437,5.166773080825806,10
10513.0,12878.0,10861.0,439,5.199368000030518,10
10336.0,12717.0,10974.0,444,5.271344184875488,10
10612.0,12842.0,10592.0,445,5.28002405166626,10
10608.0,11859.0,11067.0,455,5.394800186157227,10
11577.0,11622.0,10421.0,481,5.6904990673065186,10
11325.0,11856.0,10383.0,481,5.690509080886841,10
11748.0,11575.0,10250.0,492,5.774523973464966,10
12307.0,10781.0,10709.0,496,5.81515908241272,10
12042.0,10815.0,10788.0,498,5.832140207290649,10
10413.0,12000.0,11349.0,525,6.131403207778931,10
11313.0,11144.0,10889.0,528,6.160346984863281,10
10705.0,11418.0,11535.0,540,6.2672271728515625,10
10780.0,11097.0,11548.0,541,6.282150030136108,10
9938.0,11646.0,13459.0,574,6.520604133605957,10
12665.0,10157.0,11383.0,601,6.68818998336792,10
13493.0,10076.0,11207.0,614,6.80358099937439,10
13001.0,10368.0,10789.0,614,6.80359411239624,10
12689.0,10581.0,10753.0,614,6.8036580085754395,10
11199.0,10462.0,12131.0,644,6.990684986114502,10
11459.0,9893.0,12926.0,674,7.191079139709473,10
11387.0,11717.0,10568.0,723,7.709262132644653,11
10055.0,13014.0,11338.0,724,7.721618175506592,11
9887.0,12712.0,11976.0,736,7.826900005340576,11
10223.0,11257.0,12622.0,915,9.330358982086182,11
12726.0,10146.0,11292.0,962,9.627289056777954,11
11054.0,12555.0,10239.0,1106,10.686055183410645,12
10728.0,11831.0,11178.0,1132,10.909440994262695,12
12270.0,11216.0,10170.0,1190,11.379976034164429,12
9752.0,12340.0,12428.0,1250,11.91997504234314,12
11040.0,10528.0,12343.0,1358,12.479258060455322,12
10357.0,11011.0,14042.0,1462,12.98704719543457,12
13177.0,10126.0,11133.0,1891,15.729276180267334,13
12560.0,9674.0,12508.0,1932,15.882596015930176,13
11966.0,9378.0,13727.0,1936,15.89509916305542,13
12499.0,9425.0,13068.0,2400,18.434247970581055,14
10036.0,13504.0,11425.0,2492,19.136924982070923,15
9777.0,12096.0,12869.0,2629,19.945041179656982,15
13405.0,10527.0,10515.0,2775,20.50918412208557,15
12896.0,9722.0,12313.0,2812,20.607810020446777,15
11238.0,11465.0,10876.0,3078,22.05745220184326,16
13558.0,9902.0,11707.0,3142,22.241265058517456,16
11007.0,12849.0,10375.0,3663,24.537214040756226,19
