z1,z2,z3,node,time,depth
4619.0,8222.0,4786.0,1,0.09417200088500977,1
6266.0,5815.0,6842.0,1,0.09419393539428711,1
6916.0,6037.0,6527.0,1,0.09420394897460938,1
7690.0,5131.0,7527.0,1,0.09423685073852539,1
4653.0,8182.0,5391.0,2,0.21666502952575684,2
3771.0,12126.0,4062.0,3,0.2393510341644287,2
3610.0,12224.0,4324.0,3,0.23935890197753906,2
3684.0,11959.0,4149.0,3,0.2393660545349121,2
3594.0,12320.0,4554.0,5,0.35428500175476074,3
3609.0,12353.0,4488.0,5,0.3543088436126709,3
3606.0,12021.0,4547.0,5,0.35431694984436035,3
3651.0,11785.0,4640.0,5,0.3543250560760498,3
3621.0,12054.0,4481.0,5,0.35433197021484375,3
3778.0,11211.0,4695.0,5,0.3543398380279541,3
4183.0,10904.0,4538.0,5,0.35434794425964355,3
3967.0,10951.0,4640.0,5,0.354356050491333,3
4401.0,8801.0,5163.0,5,0.35436391830444336,3
4305.0,11363.0,4438.0,6,0.38697385787963867,3
5932.0,7425.0,5854.0,16,0.8108079433441162,5
10351.0,4944.0,10107.0,17,0.8421339988708496,5
9490.0,4986.0,9881.0,17,0.8421409130096436,5
3666.0,11818.0,4574.0,22,1.0302488803863525,5
3994.0,11164.0,4593.0,22,1.0303020477294922,5
4396.0,10585.0,5211.0,32,1.356889009475708,6
4585.0,10325.0,5156.0,32,1.3568990230560303,6
4612.0,10538.0,5109.0,32,1.3569090366363525,6
4362.0,10298.0,5456.0,74,2.6984269618988037,7
4218.0,11196.0,4525.0,82,3.111063003540039,7
9283.0,5064.0,9626.0,94,3.572908878326416,8
6583.0,7028.0,6191.0,191,6.052480936050415,10
4306.0,10594.0,5473.0,230,7.088390827178955,10
9574.0,5123.0,9585.0,348,12.03095293045044,12
10675.0,4836.0,10606.0,475,15.226960897445679,14
10657.0,4854.0,10491.0,606,19.920469999313354,16
9431.0,5041.0,9867.0,683,22.09106183052063,17
9224.0,5119.0,9612.0,689,22.22494888305664,17
9781.0,5045.0,9840.0,824,25.83069896697998,21
