z1,z2,z3,node,time,depth
4444.0,9966.0,11652.0,1,0.44721412658691406,1
7592.0,6926.0,6569.0,1,0.4473381042480469,1
7897.0,9286.0,4182.0,1,0.44736719131469727,1
4463.0,9137.0,12123.0,1,0.44750499725341797,1
6368.0,5626.0,9254.0,1,0.44893503189086914,1
5676.0,7777.0,7633.0,1,0.44922614097595215,1
6036.0,7083.0,7130.0,1,0.44924020767211914,1
6976.0,5589.0,9575.0,2,0.9389522075653076,2
9077.0,5334.0,9999.0,3,1.088224172592163,2
9317.0,5028.0,11510.0,3,1.088238000869751,2
8867.0,4929.0,12095.0,3,1.0882511138916016,2
8365.0,4990.0,12194.0,3,1.0882651805877686,2
4769.0,9923.0,11064.0,3,1.0883071422576904,2
4582.0,8493.0,12460.0,3,1.088334083557129,2
9057.0,6355.0,8529.0,3,1.0884580612182617,2
5347.0,7036.0,12899.0,3,1.0885541439056396,2
4884.0,7759.0,12658.0,3,1.0885682106018066,2
5267.0,7295.0,9542.0,4,1.575789213180542,3
9664.0,4916.0,11911.0,5,1.7321560382843018,3
10450.0,5027.0,11113.0,5,1.7321701049804688,3
5643.0,6761.0,13019.0,5,1.7323081493377686,3
5682.0,6762.0,12529.0,5,1.7323760986328125,3
5601.0,6848.0,12752.0,5,1.7323901653289795,3
5483.0,7237.0,12637.0,5,1.7324039936065674,3
5522.0,7238.0,12147.0,5,1.7325541973114014,3
8815.0,5089.0,11609.0,6,1.9267921447753906,3
7526.0,5300.0,12406.0,6,1.926805019378662,3
5076.0,7511.0,12659.0,6,1.9269700050354004,3
5978.0,6285.0,13048.0,6,1.9270250797271729,3
5670.0,6628.0,12963.0,6,1.9270381927490234,3
5847.0,6445.0,12985.0,6,1.9271070957183838,3
5539.0,6788.0,12900.0,6,1.9271202087402344,3
8634.0,5050.0,12053.0,7,2.044647216796875,3
8132.0,5111.0,12152.0,7,2.0446600914001465,3
5209.0,7716.0,12070.0,7,2.0448532104492188,3
4907.0,8450.0,11872.0,7,2.0448670387268066,3
4736.0,9080.0,11496.0,9,2.7573351860046387,4
4787.0,10103.0,10529.0,9,2.7573490142822266,4
4650.0,9681.0,11070.0,9,2.7573630809783936,4
4888.0,10634.0,10200.0,9,2.757404088973999,4
5046.0,11202.0,9903.0,9,2.757418155670166,4
5956.0,6642.0,12938.0,10,3.0340991020202637,4
5786.0,6533.0,13047.0,12,3.394541025161743,4
5478.0,6876.0,12962.0,12,3.3945541381835938,4
5655.0,6693.0,12984.0,12,3.394623041152954,4
4774.0,8245.0,12461.0,13,3.594942092895508,4
4636.0,9718.0,11653.0,13,3.5951340198516846,4
4655.0,8889.0,12124.0,13,3.5951621532440186,4
9989.0,4978.0,11486.0,16,4.4366161823272705,5
5154.0,8274.0,11542.0,17,4.707674026489258,5
8534.0,6740.0,8657.0,17,4.707839012145996,5
8245.0,6770.0,8835.0,17,4.707853078842163,5
5190.0,7955.0,11555.0,17,4.707962989807129,5
6232.0,6336.0,12305.0,17,4.708003997802734,5
5580.0,7097.0,12182.0,17,4.708018064498901,5
6005.0,6570.0,12603.0,17,4.708031177520752,5
5777.0,6857.0,12087.0,17,4.70804500579834,5
5852.0,6948.0,11531.0,17,4.708114147186279,5
5599.0,7136.0,11747.0,17,4.708127021789551,5
6054.0,6615.0,11965.0,17,4.708141088485718,5
6307.0,6427.0,11749.0,17,4.708346128463745,5
8472.0,6407.0,9155.0,17,4.7083740234375,5
4958.0,9190.0,11445.0,18,4.92490816116333,5
4963.0,9198.0,11349.0,18,4.925032138824463,5
5510.0,10639.0,9217.0,18,4.925333023071289,5
6195.0,6394.0,12347.0,23,5.853313207626343,5
6202.0,6953.0,11321.0,23,5.85343599319458,5
6156.0,6393.0,12837.0,23,5.853560209274292,5
8028.0,5239.0,12307.0,26,6.431474208831787,5
6692.0,8074.0,6288.0,32,7.812371015548706,6
7349.0,7099.0,6588.0,32,7.812402009963989,6
6647.0,7542.0,6726.0,32,7.813186168670654,6
5999.0,7065.0,11349.0,33,7.965407133102417,6
8794.0,9223.0,6155.0,33,7.965551137924194,6
6363.0,6307.0,12376.0,34,8.268599033355713,6
6247.0,6934.0,11268.0,34,8.268777132034302,6
5476.0,10634.0,9349.0,37,8.904973030090332,6
5518.0,10592.0,9309.0,37,8.90500020980835,6
4915.0,8767.0,11490.0,38,9.133742094039917,6
5107.0,9013.0,10990.0,38,9.133755207061768,6
4881.0,8613.0,11864.0,38,9.133769035339355,6
4873.0,9502.0,10955.0,38,9.133838176727295,6
5060.0,8300.0,11858.0,38,9.134075164794922,6
5768.0,6931.0,12108.0,47,11.031894207000732,6
6308.0,6152.0,12878.0,51,11.751418113708496,6
5207.0,7351.0,12722.0,54,12.299129009246826,6
6168.0,6467.0,12701.0,54,12.29927921295166,6
5384.0,7168.0,12744.0,54,12.299320220947266,6
5515.0,7008.0,12807.0,54,12.299334049224854,6
8923.0,5534.0,9583.0,56,12.705167055130005,6
7992.0,5278.0,11432.0,56,12.705193996429443,6
8296.0,5483.0,10297.0,56,12.705318212509155,6
7414.0,5415.0,12428.0,56,12.705332040786743,6
7960.0,5264.0,11543.0,56,12.70534610748291,6
8418.0,5269.0,10824.0,56,12.705387115478516,6
8450.0,5283.0,10713.0,56,12.705401182174683,6
7155.0,5522.0,12562.0,56,12.705743074417114,6
7838.0,5478.0,11016.0,56,12.705798149108887,6
7806.0,5464.0,11127.0,56,12.705826044082642,6
6342.0,6746.0,11422.0,56,12.705839157104492,6
5887.0,7267.0,11204.0,56,12.70585322380066,6
8788.0,5364.0,10177.0,57,12.820926189422607,6
5103.0,10579.0,9749.0,63,14.390711069107056,7
4997.0,10040.0,10174.0,63,14.39073920249939,7
5215.0,9095.0,10930.0,63,14.39080810546875,7
5149.0,9313.0,10473.0,63,14.3908212184906,7
5608.0,10285.0,8768.0,64,14.668440103530884,7
5541.0,9759.0,8965.0,64,14.668838024139404,7
6303.0,6986.0,11147.0,66,14.994976997375488,7
8213.0,6756.0,8946.0,67,15.234881162643433,7
5655.0,7188.0,11626.0,68,15.459348201751709,7
6030.0,6669.0,11871.0,68,15.459498167037964,7
5833.0,6909.0,11966.0,68,15.459511995315552,7
5059.0,9021.0,11351.0,74,16.540841102600098,7
5018.0,9625.0,10723.0,74,16.540855169296265,7
4795.0,9214.0,11438.0,76,16.929153203964233,7
4829.0,9368.0,11064.0,76,16.92927598953247,7
4974.0,8901.0,11432.0,76,16.929304122924805,7
5200.0,9301.0,10558.0,76,16.929316997528076,7
5021.0,9614.0,10564.0,76,16.929331064224243,7
5158.0,10036.0,10023.0,76,16.92935800552368,7
6126.0,6441.0,12989.0,87,19.015473127365112,7
4771.0,8794.0,12208.0,98,21.027396202087402,7
4890.0,8150.0,12545.0,98,21.027493000030518,7
5192.0,7416.0,12743.0,98,21.027506113052368,7
6000.0,6495.0,12793.0,99,21.180971145629883,7
6131.0,6335.0,12856.0,99,21.18098521232605,7
4755.0,9074.0,11990.0,104,21.963112115859985,7
7216.0,5507.0,12520.0,106,22.275540113449097,7
6323.0,6087.0,12857.0,107,22.4280002117157,7
9045.0,5320.0,10110.0,108,22.663796186447144,7
7971.0,5259.0,11699.0,109,22.900830030441284,7
8429.0,5264.0,10980.0,109,22.90084409713745,7
8430.0,6304.0,9243.0,109,22.901133060455322,7
8995.0,6022.0,9027.0,110,23.11654019355774,7
8634.0,5564.0,9761.0,110,23.116554021835327,7
7293.0,5421.0,12364.0,110,23.116567134857178,7
8007.0,5513.0,10475.0,110,23.116595029830933,7
7671.0,5294.0,11721.0,110,23.1166090965271,7
7703.0,5308.0,11610.0,110,23.11662220954895,7
6276.0,6261.0,12551.0,110,23.116650104522705,7
8161.0,5313.0,10891.0,110,23.116774082183838,7
8129.0,5299.0,11002.0,110,23.116788148880005,7
6099.0,6688.0,11491.0,110,23.116802215576172,7
7517.0,5494.0,11305.0,110,23.116843223571777,7
7549.0,5508.0,11194.0,110,23.116857051849365,7
5995.0,6585.0,12375.0,110,23.116870164871216,7
6024.0,6597.0,12047.0,110,23.11689805984497,7
8768.0,6385.0,8707.0,110,23.117062091827393,7
5846.0,6876.0,11707.0,110,23.11707615852356,7
5672.0,6993.0,12311.0,110,23.117089986801147,7
5864.0,6745.0,12312.0,110,23.117104053497314,7
5649.0,7116.0,11802.0,110,23.117117166519165,7
10811.0,6123.0,8058.0,115,24.435878038406372,8
10812.0,5622.0,8839.0,115,24.435991048812866,8
10862.0,5875.0,8389.0,115,24.436049222946167,8
6864.0,7010.0,7995.0,115,24.43606209754944,8
10492.0,5998.0,8322.0,115,24.436077117919922,8
10298.0,5561.0,9416.0,115,24.436148166656494,8
10838.0,5447.0,9311.0,115,24.436177015304565,8
10468.0,5570.0,9244.0,115,24.436190128326416,8
5323.0,10676.0,9532.0,116,24.70177721977234,8
5217.0,10137.0,9957.0,116,24.70181918144226,8
5189.0,9820.0,10230.0,118,25.143721103668213,8
6038.0,7078.0,11121.0,120,25.666671991348267,8
8506.0,6636.0,8943.0,120,25.66684317588806,8
5175.0,8825.0,11367.0,120,25.66702914237976,8
8592.0,6547.0,9038.0,120,25.667245149612427,8
8801.0,6851.0,8532.0,125,26.658661127090454,8
5818.0,7248.0,11584.0,126,26.85422420501709,8
6095.0,7006.0,11462.0,126,26.854265213012695,8
5857.0,6855.0,12060.0,129,27.378095149993896,8
5047.0,9477.0,11042.0,136,28.529069185256958,8
4966.0,9790.0,10523.0,142,29.60885214805603,8
5247.0,9022.0,10908.0,142,29.609002113342285,8
4751.0,10212.0,10741.0,143,29.79237198829651,8
10351.0,5149.0,11138.0,153,31.768070220947266,8
5518.0,7208.0,12667.0,158,32.59391403198242,8
5323.0,7256.0,12806.0,174,35.288902044296265,8
4563.0,9322.0,11989.0,176,35.55610799789429,8
4865.0,8588.0,12187.0,176,35.556440114974976,8
4905.0,8085.0,12524.0,186,37.11330819129944,8
4957.0,8155.0,12322.0,187,37.28320598602295,8
9056.0,5315.0,10266.0,192,38.068578004837036,8
7817.0,5459.0,11283.0,194,38.5465521812439,8
5827.0,6837.0,12142.0,196,38.969655990600586,8
7963.0,6835.0,9224.0,196,38.969802141189575,8
6277.0,6409.0,11831.0,196,38.96990203857422,8
6301.0,6355.0,11925.0,197,39.206770181655884,8
5266.0,9658.0,10424.0,201,40.25642013549805,9
8766.0,6848.0,8578.0,202,40.53144717216492,9
8612.0,6513.0,9053.0,206,41.52678108215332,9
5542.0,9756.0,8977.0,210,42.40262317657471,9
5609.0,10282.0,8780.0,210,42.40263915061951,9
8457.0,6691.0,8876.0,214,43.32509112358093,9
8095.0,6757.0,9108.0,214,43.3251051902771,9
6288.0,6388.0,12184.0,226,45.665834188461304,9
6110.0,6667.0,11844.0,226,45.666330099105835,9
5816.0,7267.0,11518.0,227,45.847655057907104,9
6035.0,6576.0,12400.0,230,46.33270001411438,9
5064.0,9029.0,11255.0,253,50.091228008270264,9
5147.0,8704.0,11579.0,253,50.0914351940155,9
5242.0,10362.0,9772.0,254,50.2736279964447,9
5095.0,9934.0,10377.0,254,50.27364206314087,9
4893.0,9889.0,10788.0,254,50.27372717857361,9
5137.0,9892.0,10337.0,254,50.27375507354736,9
5255.0,8975.0,11000.0,255,50.437992095947266,9
6012.0,6568.0,12436.0,276,53.8196702003479,9
5973.0,6567.0,12926.0,276,53.81984901428223,9
5931.0,6654.0,12659.0,276,53.81989121437073,9
5668.0,7058.0,12615.0,302,57.58713507652283,9
5015.0,7599.0,12721.0,302,57.58724403381348,9
9263.0,5973.0,9116.0,329,61.55588912963867,9
8902.0,5515.0,9850.0,329,61.55590319633484,9
6297.0,6914.0,11323.0,336,63.06346607208252,9
6104.0,6595.0,12020.0,338,63.43318510055542,9
8582.0,5210.0,11567.0,338,63.433391094207764,9
9910.0,6233.0,8215.0,344,65.14252305030823,10
9534.0,8630.0,6163.0,344,65.14256405830383,10
10226.0,6849.0,7388.0,344,65.142578125,10
10216.0,8121.0,6276.0,344,65.14259219169617,10
8536.0,6253.0,9058.0,344,65.14297699928284,10
9139.0,6381.0,8525.0,344,65.142991065979,10
9547.0,8560.0,6213.0,344,65.14314222335815,10
7982.0,6454.0,9225.0,344,65.14322400093079,10
8585.0,6582.0,8692.0,344,65.14323711395264,10
7973.0,6835.0,9204.0,361,68.90896916389465,10
8075.0,6850.0,9107.0,369,70.5256700515747,10
6015.0,6797.0,12211.0,400,76.01029515266418,10
5260.0,8974.0,11085.0,432,80.77459907531738,10
5016.0,9298.0,11161.0,434,81.04199719429016,10
5018.0,9035.0,11323.0,439,81.78883600234985,10
5145.0,8130.0,12174.0,439,81.78889107704163,10
5252.0,8546.0,11358.0,439,81.78898811340332,10
4914.0,9895.0,10758.0,442,82.25477004051208,10
5111.0,9323.0,10891.0,444,82.54304218292236,10
5103.0,9887.0,10469.0,445,82.65970206260681,10
5061.0,9929.0,10509.0,445,82.65971612930298,10
4930.0,9899.0,10735.0,446,82.79825401306152,10
5166.0,9147.0,10932.0,449,83.19765901565552,10
5564.0,7151.0,12414.0,477,87.32908320426941,10
4871.0,8979.0,12074.0,492,89.11139512062073,10
4996.0,8428.0,12250.0,500,90.1529951095581,10
4713.0,8333.0,12523.0,502,90.39911913871765,10
4765.0,8403.0,12321.0,503,90.50509405136108,10
5228.0,7680.0,12562.0,505,90.72145199775696,10
5082.0,7902.0,12546.0,520,92.71343898773193,10
8007.0,5253.0,12421.0,531,94.01063919067383,10
5096.0,8751.0,11620.0,554,97.99534106254578,10
5902.0,6928.0,11586.0,554,97.99535512924194,10
6080.0,6649.0,11926.0,554,97.99563002586365,10
8222.0,6611.0,9221.0,556,98.3305389881134,10
6357.0,6407.0,11804.0,556,98.33057999610901,10
5980.0,6650.0,12396.0,558,98.64160299301147,10
6172.0,6402.0,12397.0,558,98.64161705970764,10
6303.0,6242.0,12460.0,558,98.64163112640381,10
8756.0,5350.0,10288.0,559,98.82761406898499,10
8602.0,5550.0,9872.0,559,98.82762813568115,10
7975.0,5499.0,10586.0,559,98.82765603065491,10
8963.0,6008.0,9138.0,559,98.82768416404724,10
7682.0,5289.0,11877.0,559,98.82783818244934,10
8140.0,5294.0,11158.0,559,98.82785201072693,10
8141.0,6772.0,9004.0,568,101.14884614944458,11
9474.0,5825.0,9232.0,570,101.69388604164124,11
5627.0,9156.0,9477.0,604,108.83561515808105,11
6319.0,7044.0,11135.0,613,110.37734413146973,11
8833.0,6865.0,8421.0,627,112.91448903083801,11
5991.0,6851.0,12117.0,646,116.1603569984436,11
5052.0,9189.0,10949.0,704,124.08797812461853,11
5197.0,8722.0,11317.0,706,124.36921215057373,11
4932.0,9636.0,10897.0,715,125.54727005958557,11
4914.0,9198.0,11380.0,723,126.45524001121521,11
5093.0,8885.0,11374.0,723,126.45535016059875,11
5059.0,8731.0,11748.0,725,126.65818309783936,11
5021.0,7990.0,12608.0,776,132.5799741744995,11
5073.0,8060.0,12406.0,777,132.72305822372437,11
4694.0,9162.0,12052.0,782,133.28039503097534,11
6192.0,6247.0,12794.0,830,138.4857029914856,11
6060.0,6870.0,11737.0,861,143.41898608207703,11
6238.0,6591.0,12077.0,861,143.4190001487732,11
6257.0,6630.0,11642.0,861,143.41901302337646,11
5099.0,8202.0,11873.0,863,143.71241521835327,11
7541.0,5464.0,11932.0,868,144.45605301856995,11
8767.0,5345.0,10444.0,870,144.71494817733765,11
10775.0,5089.0,10688.0,878,146.2903871536255,12
9950.0,6473.0,7587.0,879,146.49245619773865,12
10892.0,8378.0,5523.0,879,146.4924840927124,12
10777.0,8616.0,5293.0,879,146.49249815940857,12
10466.0,9151.0,5023.0,879,146.49252700805664,12
9947.0,5681.0,8636.0,879,146.49291014671326,12
10685.0,5560.0,9482.0,900,150.92213702201843,12
5350.0,10967.0,9385.0,920,155.29071307182312,12
5419.0,10409.0,9498.0,920,155.29078102111816,12
5226.0,9379.0,10431.0,921,155.352872133255,12
5155.0,9815.0,10362.0,925,156.1820421218872,12
5626.0,9159.0,9465.0,944,159.41755414009094,12
5183.0,8778.0,11459.0,950,160.3399600982666,12
5813.0,7130.0,11777.0,1000,168.10553407669067,12
6010.0,6890.0,11682.0,1005,168.85394716262817,12
4997.0,9141.0,11376.0,1071,177.19754219055176,12
5000.0,8597.0,11806.0,1071,177.19761109352112,12
8479.0,6567.0,9154.0,1251,196.14637899398804,12
8891.0,5520.0,9694.0,1253,196.50263214111328,12
9252.0,5978.0,8960.0,1261,197.58352613449097,12
9025.0,6341.0,8640.0,1261,197.58377313613892,12
5090.0,8360.0,11733.0,1285,200.96215319633484,12
8922.0,6185.0,9123.0,1291,201.6926670074463,12
7108.0,5537.0,12255.0,1300,202.683039188385,12
5803.0,6833.0,12374.0,1300,202.68313598632812,12
6282.0,6316.0,12360.0,1300,202.6831500530243,12
9708.0,9229.0,5383.0,1312,204.81489610671997,13
9892.0,6453.0,7812.0,1312,204.81508898735046,13
9441.0,9273.0,5504.0,1312,204.8151171207428,13
8995.0,9176.0,5933.0,1312,204.81512999534607,13
9968.0,6093.0,8319.0,1312,204.81551504135132,13
10019.0,8694.0,5653.0,1312,204.8155701160431,13
9632.0,6797.0,7648.0,1312,204.81558418273926,13
9752.0,8738.0,5774.0,1312,204.81559705734253,13
10749.0,8044.0,5892.0,1313,205.03538703918457,13
10634.0,8282.0,5662.0,1313,205.0354151725769,13
10323.0,8817.0,5392.0,1313,205.0354290008545,13
8203.0,6676.0,9084.0,1323,207.39279508590698,13
8655.0,6414.0,8910.0,1323,207.39280915260315,13
8111.0,6785.0,8976.0,1323,207.3928370475769,13
5137.0,9494.0,10527.0,1380,218.60170817375183,13
5206.0,9712.0,10183.0,1381,218.75518608093262,13
5966.0,7217.0,11334.0,1423,225.06175208091736,13
8083.0,6874.0,8993.0,1433,226.7434151172638,13
6268.0,6609.0,11995.0,1497,235.5074291229248,13
5153.0,8971.0,11359.0,1576,244.88719415664673,13
5231.0,8983.0,11272.0,1578,245.095073223114,13
5168.0,8948.0,11329.0,1587,245.89017820358276,13
5250.0,10315.0,9864.0,1600,247.24326515197754,13
5204.0,7900.0,12469.0,1705,257.3791069984436,13
4877.0,9072.0,11913.0,1716,258.2433090209961,13
5537.0,7218.0,12552.0,1721,258.6483471393585,13
5088.0,7995.0,12385.0,1753,261.32313299179077,13
9084.0,5149.0,11468.0,1797,266.37098121643066,13
8275.0,5464.0,10564.0,1813,268.17244505882263,13
8264.0,5469.0,10408.0,1821,269.2471652030945,13
6111.0,6490.0,12459.0,1858,273.4509332180023,13
9262.0,9132.0,5812.0,1884,277.00038719177246,14
10199.0,9195.0,5144.0,1885,277.30454206466675,14
10510.0,8660.0,5414.0,1885,277.3047630786896,14
9306.0,8641.0,6203.0,1885,277.30501103401184,14
10637.0,7965.0,6314.0,1885,277.3051211833954,14
10625.0,8422.0,5644.0,1885,277.30513405799866,14
9859.0,5753.0,8568.0,1886,277.6172630786896,14
9642.0,5942.0,8419.0,1886,277.6172761917114,14
8809.0,6419.0,8571.0,1886,277.61733412742615,14
9282.0,5986.0,8751.0,1886,277.61748600006104,14
9298.0,8939.0,5873.0,1886,277.61752700805664,14
9039.0,6711.0,7928.0,1886,277.6175410747528,14
9876.0,8360.0,6022.0,1886,277.61788606643677,14
9565.0,8895.0,5752.0,1886,277.61790013313293,14
9616.0,6478.0,7745.0,1886,277.6179130077362,14
9065.0,6175.0,8602.0,1886,277.61803913116455,14
9370.0,5914.0,8819.0,1886,277.61808013916016,14
7992.0,6624.0,9124.0,1903,281.0442090034485,14
9356.0,6434.0,8382.0,1904,281.1649980545044,14
8812.0,6805.0,8448.0,1904,281.16502618789673,14
5243.0,10033.0,10102.0,1978,294.32967615127563,14
5197.0,9773.0,10322.0,1991,296.3670151233673,14
5441.0,9737.0,9482.0,2012,299.0327661037445,14
6005.0,7230.0,11106.0,2046,303.6867229938507,14
6358.0,7057.0,10907.0,2047,303.8134820461273,14
8026.0,6905.0,9040.0,2060,305.67664098739624,14
5026.0,9233.0,11292.0,2159,317.3046281337738,14
5259.0,10567.0,9694.0,2233,324.51677322387695,14
5208.0,10357.0,9904.0,2240,325.28660917282104,14
4786.0,9886.0,11062.0,2244,325.5980100631714,14
6114.0,6480.0,12570.0,2318,331.6884961128235,14
4896.0,8243.0,12384.0,2373,336.0638802051544,14
5807.0,7058.0,11953.0,2525,350.81956911087036,14
5263.0,8941.0,11263.0,2531,351.307186126709,14
6262.0,6537.0,12171.0,2539,352.1124460697174,14
8747.0,6366.0,8974.0,2545,352.68514108657837,14
8736.0,6371.0,8818.0,2547,352.8656270503998,14
7690.0,11808.0,5964.0,2591,357.2783319950104,15
10581.0,8913.0,5253.0,2596,358.4914960861206,15
10134.0,8456.0,5883.0,2596,358.4916481971741,15
10904.0,7921.0,6193.0,2596,358.49175810813904,15
9823.0,8991.0,5613.0,2596,358.4919090270996,15
9377.0,8894.0,6042.0,2596,358.49252700805664,15
9101.0,9117.0,6090.0,2599,359.3699381351471,15
8473.0,6649.0,8739.0,2600,359.69940519332886,15
8729.0,6405.0,8770.0,2600,359.6995701789856,15
9119.0,8798.0,6181.0,2600,359.69989800453186,15
10056.0,8861.0,5513.0,2601,359.93939208984375,15
9609.0,8404.0,6143.0,2601,359.93948912620544,15
9199.0,6307.0,8515.0,2601,359.9395031929016,15
10367.0,8326.0,5783.0,2601,359.9395170211792,15
8366.0,6784.0,8667.0,2601,359.9395442008972,15
9173.0,6843.0,7841.0,2601,359.939738035202,15
8622.0,6540.0,8698.0,2601,359.9397931098938,15
8927.0,6279.0,8915.0,2601,359.9399302005768,15
9504.0,6046.0,8732.0,2601,359.9399712085724,15
10482.0,8088.0,6013.0,2601,359.94008111953735,15
9478.0,6582.0,8058.0,2601,359.9400951862335,15
9970.0,8027.0,6562.0,2617,362.9965970516205,15
8368.0,6902.0,8616.0,2626,364.7209460735321,15
8922.0,6701.0,8449.0,2626,364.72096014022827,15
8753.0,6306.0,8915.0,2627,364.83006620407104,15
7859.0,6879.0,9050.0,2627,364.8300940990448,15
8209.0,6677.0,8981.0,2628,364.93315410614014,15
8133.0,6844.0,8866.0,2630,365.1252040863037,15
8595.0,6752.0,8591.0,2631,365.23104310035706,15
5757.0,7078.0,11898.0,2895,398.2750520706177,15
5935.0,6799.0,12238.0,2897,398.45105600357056,15
4575.0,9806.0,11715.0,3144,417.4057140350342,15
8889.0,6763.0,8569.0,3267,427.1273880004883,15
4888.0,9279.0,11401.0,3322,432.47110199928284,15
6004.0,6818.0,11858.0,3335,433.4522240161896,15
11375.0,8147.0,5877.0,3411,439.88755202293396,16
9959.0,6390.0,7708.0,3424,443.39385414123535,16
10026.0,6113.0,8094.0,3424,443.3938682079315,16
9690.0,6817.0,7423.0,3424,443.3938829898834,16
9930.0,6366.0,7764.0,3424,443.39413118362427,16
9661.0,6793.0,7479.0,3424,443.394159078598,16
9921.0,6449.0,7643.0,3424,443.3941731452942,16
10006.0,6006.0,8271.0,3424,443.3944101333618,16
10035.0,6030.0,8215.0,3424,443.3944251537323,16
9877.0,8720.0,5821.0,3425,443.6709990501404,16
9921.0,6217.0,7962.0,3425,443.6710681915283,16
9833.0,6289.0,7894.0,3425,443.6710832118988,16
10188.0,8185.0,6091.0,3425,443.6710960865021,16
8901.0,6815.0,8241.0,3426,443.91348910331726,16
10379.0,7869.0,6453.0,3427,444.103627204895,16
8413.0,6678.0,8883.0,3462,450.18914818763733,16
8483.0,6510.0,9101.0,3462,450.18919014930725,16
8301.0,6568.0,9089.0,3463,450.27113819122314,16
8279.0,6509.0,9199.0,3464,450.3795471191406,16
8904.0,6696.0,8556.0,3467,450.6301519870758,16
5440.0,9740.0,9470.0,3588,466.01772809028625,16
6212.0,6557.0,12116.0,3733,479.47692704200745,16
5148.0,9308.0,10948.0,3790,484.6720540523529,16
4594.0,8977.0,12186.0,3983,497.37865114212036,16
4786.0,8729.0,12187.0,4024,499.8280620574951,16
6182.0,6539.0,12198.0,4195,513.0470230579376,16
8613.0,5545.0,10028.0,4244,516.4679729938507,16
7528.0,5489.0,11461.0,4254,516.9809989929199,16
7986.0,5494.0,10742.0,4256,517.030552148819,16
10446.0,8281.0,5952.0,4285,521.7843170166016,17
9603.0,6773.0,7704.0,4288,522.4791350364685,17
10020.0,9054.0,5452.0,4289,522.6537342071533,17
9573.0,8597.0,6082.0,4289,522.6538031101227,17
10331.0,8519.0,5722.0,4289,522.6540369987488,17
9775.0,6374.0,8051.0,4299,525.4090061187744,17
9699.0,6734.0,7544.0,4299,525.4091141223907,17
9670.0,6710.0,7600.0,4299,525.4091591835022,17
9746.0,6350.0,8107.0,4299,525.4091742038727,17
8943.0,6551.0,8484.0,4304,526.5674331188202,17
8671.0,6523.0,8884.0,4304,526.5678050518036,17
8924.0,9222.0,6260.0,4319,529.1515071392059,17
5038.0,8290.0,11935.0,5049,588.5013031959534,17
8878.0,6858.0,8254.0,5162,594.894858121872,18
11575.0,7655.0,6208.0,5164,595.3872101306915,18
10408.0,9169.0,5293.0,5180,599.1928951740265,18
9650.0,9247.0,5653.0,5180,599.192978143692,18
9753.0,9098.0,5573.0,5187,600.5280690193176,18
10064.0,8563.0,5843.0,5187,600.5281660556793,18
10179.0,8325.0,6073.0,5187,600.5281801223755,18
10761.0,7587.0,6562.0,5197,602.8826520442963,18
10646.0,7825.0,6332.0,5197,602.8826651573181,18
9996.0,6183.0,8217.0,5197,602.8829920291901,18
9386.0,6186.0,8388.0,5202,604.3001871109009,18
9603.0,5997.0,8537.0,5202,604.3002150058746,18
9360.0,6722.0,7714.0,5202,604.3002450466156,18
9026.0,6230.0,8720.0,5202,604.3003880977631,18
9665.0,6461.0,7931.0,5202,604.3004021644592,18
9577.0,6533.0,7863.0,5202,604.3004159927368,18
9691.0,5925.0,8605.0,5202,604.3005011081696,18
9114.0,6158.0,8788.0,5202,604.3006451129913,18
8823.0,6138.0,9133.0,5266,613.5885910987854,18
6359.0,6952.0,11185.0,5434,628.437655210495,18
5111.0,8686.0,11599.0,5998,664.1631460189819,18
7480.0,11424.0,6050.0,6107,669.0779330730438,19
7697.0,11444.0,5864.0,6107,669.078155040741,19
7377.0,11004.0,6171.0,6107,669.0784540176392,19
7869.0,10931.0,5781.0,6107,669.0784680843353,19
7594.0,11024.0,5985.0,6107,669.0784821510315,19
7652.0,10911.0,5967.0,6107,669.0785100460052,19
9358.0,5258.0,11383.0,6111,669.9339871406555,19
7917.0,6916.0,8970.0,6118,671.5696711540222,19
8109.0,6881.0,8851.0,6118,671.5696861743927,19
9688.0,6330.0,8332.0,6147,678.1117660999298,19
9717.0,6354.0,8276.0,6147,678.1119220256805,19
10314.0,8957.0,5374.0,6156,679.8179891109467,19
9556.0,9035.0,5734.0,6156,679.818118095398,19
9867.0,8500.0,6004.0,6156,679.8184311389923,19
9110.0,8938.0,6163.0,6158,680.2097451686859,19
9997.0,6089.0,8150.0,6172,683.0499091148376,19
9088.0,6694.0,8114.0,6184,686.4680051803589,19
9000.0,6766.0,8046.0,6184,686.4681022167206,19
9256.0,6522.0,8077.0,6186,686.8259611129761,19
9360.0,6401.0,8369.0,6186,686.8260850906372,19
9344.0,6450.0,8145.0,6186,686.8261001110077,19
10171.0,8623.0,5743.0,6192,687.8262600898743,19
9413.0,8701.0,6103.0,6192,687.8263051509857,19
8503.0,6581.0,9015.0,6197,688.5515260696411,19
6063.0,7007.0,11478.0,6911,737.7709381580353,19
5985.0,6779.0,12293.0,6936,739.2222571372986,19
10676.0,5211.0,10713.0,7039,745.3746690750122,20
8802.0,6744.0,8586.0,7043,746.2405819892883,20
9939.0,6069.0,8375.0,7086,755.3559081554413,20
9204.0,9150.0,6082.0,7093,756.4199221134186,20
10294.0,8126.0,6248.0,7123,762.3054940700531,20
9983.0,8661.0,5978.0,7123,762.3055391311646,20
9050.0,6416.0,8556.0,7141,766.7306790351868,20
8690.0,6460.0,8888.0,7141,766.7306931018829,20
10036.0,7991.0,6442.0,7153,768.4219670295715,20
9921.0,8229.0,6212.0,7155,768.6926851272583,20
9610.0,8764.0,5942.0,7155,768.6927402019501,20
8710.0,6468.0,8766.0,7158,769.056568145752,20
9287.0,6235.0,8583.0,7158,769.0565822124481,20
8374.0,6698.0,8934.0,7161,769.3652791976929,20
10426.0,7978.0,6307.0,7937,818.7973501682281,21
7755.0,11331.0,5846.0,7940,819.5156261920929,21
7815.0,10585.0,6060.0,7941,819.6862041950226,21
11435.0,7527.0,6544.0,7963,824.0126900672913,21
9679.0,6413.0,8211.0,8015,833.9500970840454,21
9322.0,6488.0,8417.0,8017,834.2009971141815,21
10141.0,9213.0,5414.0,8037,837.5390710830688,21
8871.0,6883.0,7965.0,8085,846.9545390605927,21
9448.0,6650.0,7782.0,8085,846.9545860290527,21
9474.0,6114.0,8456.0,8087,847.2644891738892,21
8897.0,6347.0,8639.0,8087,847.264591217041,21
8561.0,6577.0,8807.0,8089,847.5283410549164,21
8920.0,6752.0,8245.0,8090,847.663782119751,21
9704.0,6406.0,7813.0,8091,847.7903051376343,21
9127.0,6639.0,7996.0,8091,847.790363073349,21
8791.0,6869.0,8164.0,8091,847.7905511856079,21
9730.0,5870.0,8487.0,8092,847.931645154953,21
9153.0,6103.0,8670.0,8092,847.9317600727081,21
8946.0,6216.0,8919.0,8093,848.0338091850281,21
9240.0,8957.0,6143.0,8102,849.2387402057648,21
9289.0,9062.0,6072.0,8110,850.3299531936646,21
9101.0,9070.0,6130.0,8111,850.4724659919739,21
7634.0,10697.0,6244.0,8836,893.9480941295624,22
7851.0,10717.0,6058.0,8836,893.9481210708618,22
9293.0,6464.0,8473.0,8940,912.1957721710205,22
8937.0,9194.0,6203.0,8976,917.3476932048798,22
9497.0,6519.0,8062.0,9043,928.4256770610809,22
9280.0,6708.0,7913.0,9043,928.4257462024689,22
9368.0,6636.0,7981.0,9045,928.6169230937958,22
9008.0,6680.0,8313.0,9045,928.6170010566711,22
9585.0,6447.0,8130.0,9045,928.6171531677246,22
9261.0,6771.0,7909.0,9075,932.2055501937866,22
8454.0,6712.0,8735.0,9076,932.2806911468506,22
9031.0,6479.0,8552.0,9076,932.2807040214539,22
11629.0,7929.0,5991.0,9689,967.7981281280518,23
10309.0,8985.0,5450.0,9885,997.2510211467743,23
10620.0,8450.0,5720.0,9885,997.2510352134705,23
10735.0,8212.0,5950.0,9885,997.2510511875153,23
10061.0,6680.0,7452.0,9888,997.8132979869843,23
10070.0,6597.0,7573.0,9888,997.8135151863098,23
8752.0,6924.0,8282.0,9931,1004.8200471401215,23
9304.0,6868.0,7685.0,9943,1006.1639251708984,23
9313.0,6785.0,7806.0,9943,1006.1640911102295,23
9306.0,6172.0,8587.0,9953,1007.12446808815,23
9394.0,6100.0,8655.0,9953,1007.1244950294495,23
8817.0,6333.0,8838.0,9953,1007.1245090961456,23
8754.0,6891.0,8543.0,9957,1007.5034911632538,23
7318.0,11814.0,6213.0,10518,1039.6293380260468,24
7866.0,11999.0,5624.0,10518,1039.6299262046814,24
11157.0,7654.0,6412.0,10578,1050.242291212082,24
11159.0,7859.0,6287.0,10579,1050.3790152072906,24
9389.0,6425.0,8313.0,10827,1080.5814771652222,24
9611.0,5911.0,8804.0,10839,1081.4725620746613,24
9523.0,5983.0,8736.0,10839,1081.4726181030273,24
7468.0,11607.0,6168.0,11325,1111.3242881298065,25
10567.0,9081.0,5311.0,11437,1127.549283027649,25
9991.0,8122.0,6252.0,11626,1148.6526980400085,25
9832.0,6274.0,8383.0,11633,1149.3527131080627,25
10174.0,8353.0,6149.0,11675,1153.5719530582428,25
9034.0,6144.0,8987.0,11703,1155.219880104065,25
7810.0,10319.0,6271.0,12182,1188.4105870723724,26
9680.0,8657.0,5982.0,12476,1220.166594028473,26
9284.0,6761.0,7862.0,12533,1224.3803222179413,26
10353.0,8494.0,5841.0,12623,1229.6243920326233,26
11071.0,7800.0,6531.0,12978,1249.0806260108948,27
7699.0,10631.0,6125.0,13013,1255.5879731178284,27
7862.0,10305.0,6218.0,13029,1257.7905881404877,27
9275.0,6844.0,7741.0,13385,1290.6984481811523,27
9284.0,9107.0,5931.0,13467,1295.808865070343,27
9497.0,8865.0,6021.0,13794,1315.961876153946,28
7816.0,11756.0,5731.0,13794,1315.9619719982147,28
10006.0,9222.0,5510.0,13979,1335.5829842090607,28
9105.0,8966.0,6239.0,14201,1353.0718400478363,28
7838.0,11718.0,5729.0,14563,1375.5902080535889,29
11131.0,7663.0,6515.0,14565,1375.8207831382751,29
9551.0,9063.0,5810.0,14861,1404.1895380020142,29
9595.0,8572.0,6201.0,15001,1411.986575126648,29
7888.0,11961.0,5622.0,15256,1426.857075214386,30
7340.0,11776.0,6211.0,15256,1426.8572120666504,30
7763.0,12225.0,5771.0,15884,1476.2634501457214,31
7785.0,12187.0,5769.0,15884,1476.2634642124176,31
9542.0,9203.0,5792.0,16059,1494.2912511825562,31
10303.0,7947.0,6321.0,17262,1592.0338990688324,33
10438.0,8579.0,5622.0,17652,1621.607756137848,34
10032.0,6656.0,7508.0,17653,1621.709953069687,34
10005.0,8862.0,5711.0,18420,1680.5774149894714,36
9096.0,9106.0,6221.0,18464,1684.1682300567627,36
9862.0,8528.0,6080.0,18530,1690.0579600334167,36
11489.0,7801.0,6327.0,18714,1702.0211100578308,37
9399.0,8869.0,6161.0,18929,1720.3184940814972,37
10763.0,8784.0,5351.0,19100,1731.729726076126,38
10042.0,9029.0,5571.0,19232,1743.0845880508423,38
10300.0,9125.0,5432.0,19824,1783.756403207779,41
10878.0,8546.0,5581.0,19962,1792.7725481987,42
10468.0,8256.0,6071.0,20181,1807.163999080658,43
