z1,z2,z3,node,time,depth
63.0,75.0,69.0,1,0.03355884552001953,1
48.0,125.0,50.0,1,0.0335698127746582,1
64.0,83.0,56.0,1,0.03358197212219238,1
85.0,52.0,94.0,1,0.03359389305114746,1
89.0,61.0,81.0,1,0.03360486030578613,1
50.0,124.0,48.0,1,0.033615827560424805,1
51.0,125.0,47.0,1,0.03362894058227539,1
53.0,95.0,52.0,1,0.033641815185546875,1
76.0,72.0,70.0,2,0.061959028244018555,2
52.0,119.0,56.0,7,0.1494920253753662,3
55.0,117.0,51.0,7,0.14954590797424316,3
56.0,118.0,50.0,7,0.14957785606384277,3
82.0,58.0,92.0,8,0.18207001686096191,4
113.0,50.0,119.0,9,0.19694089889526367,4
88.0,60.0,85.0,16,0.3567500114440918,5
123.0,51.0,117.0,17,0.36623096466064453,5
72.0,69.0,77.0,26,0.5330719947814941,6
49.0,126.0,49.0,36,0.7300050258636475,6
76.0,68.0,78.0,38,0.7675139904022217,7
