z1,z2,z3,node,time,depth
-8524.0,-1663.0,-8841.0,1,0.06394505500793457,1
-8721.0,-1773.0,-8176.0,1,0.06395506858825684,1
-8643.0,-1884.0,-8540.0,1,0.06396484375,1
-8503.0,-2236.0,-8426.0,1,0.06397485733032227,1
-8694.0,-2144.0,-8176.0,1,0.06398487091064453,1
-1691.0,-9152.0,-1759.0,1,0.0639948844909668,1
-3945.0,-7664.0,-2761.0,1,0.06400489807128906,1
-2675.0,-8445.0,-2713.0,1,0.06401395797729492,1
-4994.0,-5465.0,-6027.0,1,0.0640249252319336,1
-5107.0,-5566.0,-5907.0,1,0.06403493881225586,1
-4022.0,-7272.0,-4060.0,1,0.06404495239257812,1
-7890.0,-2870.0,-8264.0,1,0.06405496597290039,1
-3675.0,-7862.0,-3032.0,1,0.06406402587890625,1
-5173.0,-6594.0,-4357.0,1,0.06407403945922852,1
-5889.0,-5901.0,-5112.0,1,0.0640859603881836,1
-5588.0,-6073.0,-5195.0,1,0.06409907341003418,1
-3082.0,-8379.0,-2431.0,1,0.06411194801330566,1
-2078.0,-9035.0,-1709.0,1,0.06412386894226074,1
-1914.0,-9092.0,-1518.0,1,0.06413388252258301,1
-2301.0,-8975.0,-1468.0,1,0.06414389610290527,1
-3930.0,-6906.0,-4557.0,1,0.06415390968322754,1
-8351.0,-1608.0,-9018.0,1,0.0641629695892334,1
-5955.0,-5851.0,-4953.0,1,0.06417298316955566,1
-6102.0,-5701.0,-4807.0,1,0.06418299674987793,1
-7645.0,-3694.0,-6808.0,1,0.0641930103302002,1
-7162.0,-4374.0,-6288.0,1,0.06420302391052246,1
-8215.0,-2873.0,-7765.0,1,0.06421303749084473,1
-7608.0,-3734.0,-6992.0,1,0.06422185897827148,1
-7640.0,-2556.0,-8527.0,1,0.06423187255859375,1
-6037.0,-4004.0,-7343.0,1,0.06424188613891602,1
-6673.0,-4367.0,-7042.0,1,0.06425189971923828,1
-6652.0,-4632.0,-6665.0,1,0.06426191329956055,1
-8039.0,-3033.0,-7886.0,1,0.06427192687988281,1
-6313.0,-5251.0,-5893.0,1,0.06428194046020508,1
-6555.0,-5235.0,-5515.0,1,0.06429100036621094,1
-6953.0,-4460.0,-6582.0,1,0.0643010139465332,1
-5609.0,-5808.0,-5572.0,1,0.06431102752685547,1
-3672.0,-7341.0,-4104.0,1,0.06432104110717773,1
-4043.0,-7007.0,-4437.0,1,0.0643310546875,1
-3115.0,-7913.0,-3442.0,1,0.06433987617492676,1
-3002.0,-7812.0,-3562.0,1,0.06434988975524902,1
-8354.0,-2073.0,-8804.0,1,0.06435990333557129,1
-8051.0,-1946.0,-8898.0,1,0.06436991691589355,1
-8209.0,-1986.0,-8862.0,1,0.06437993049621582,1
-8320.0,-1805.0,-8872.0,2,0.11569499969482422,2
-6254.0,-5407.0,-5598.0,2,0.11574792861938477,2
-2562.0,-8344.0,-2833.0,2,0.11576604843139648,2
-8493.0,-1860.0,-8695.0,2,0.11580085754394531,2
-8066.0,-2710.0,-8143.0,2,0.11580896377563477,2
-6275.0,-5142.0,-5975.0,2,0.11585307121276855,2
-7893.0,-2655.0,-8320.0,2,0.11586189270019531,2
-7234.0,-3395.0,-7688.0,2,0.11587095260620117,2
-4241.0,-7246.0,-3848.0,2,0.11591506004333496,2
-5654.0,-6023.0,-5036.0,2,0.11592388153076172,2
-5675.0,-5758.0,-5413.0,2,0.11594104766845703,2
-3823.0,-7246.0,-4082.0,2,0.11594891548156738,2
-2518.0,-8503.0,-2438.0,3,0.1556839942932129,2
-2251.0,-8580.0,-2356.0,3,0.15569400787353516,2
-2741.0,-8443.0,-2197.0,3,0.15573406219482422,2
-3522.0,-7847.0,-3160.0,3,0.15574288368225098,2
-8569.0,-1900.0,-8494.0,3,0.15575289726257324,2
-8450.0,-1679.0,-8795.0,3,0.15584206581115723,2
-8367.0,-1706.0,-8820.0,3,0.15586185455322266,2
-5011.0,-6364.0,-4731.0,4,0.18256306648254395,3
-7097.0,-4448.0,-6210.0,4,0.18263792991638184,3
-2512.0,-8536.0,-2530.0,4,0.18264484405517578,3
-3492.0,-7897.0,-3029.0,4,0.18265199661254883,3
-7407.0,-3450.0,-7511.0,4,0.18267297744750977,3
-4990.0,-6629.0,-4354.0,4,0.18271493911743164,3
-3786.0,-7682.0,-2981.0,4,0.18272089958190918,3
-2899.0,-8414.0,-2428.0,4,0.18272805213928223,3
-2118.0,-9010.0,-1465.0,4,0.18274188041687012,3
-7590.0,-3548.0,-7183.0,5,0.20604991912841797,3
-1671.0,-9000.0,-1876.0,5,0.20611906051635742,3
-7492.0,-3645.0,-7197.0,5,0.20615792274475098,3
-1811.0,-9112.0,-1627.0,5,0.20621490478515625,3
-2034.0,-9052.0,-1386.0,5,0.20622491836547852,3
-6882.0,-4281.0,-6748.0,5,0.20626497268676758,3
-6223.0,-5021.0,-6116.0,5,0.2062849998474121,3
-3489.0,-6911.0,-4475.0,6,0.232374906539917,3
-3602.0,-7012.0,-4355.0,6,0.23246407508850098,3
-4736.0,-5900.0,-5574.0,6,0.2325420379638672,3
-4200.0,-6730.0,-4591.0,6,0.23254799842834473,3
-6189.0,-5194.0,-5906.0,6,0.23259592056274414,3
-6484.0,-5033.0,-5801.0,7,0.2505829334259033,3
-6832.0,-4510.0,-6551.0,7,0.25058889389038086,3
-6826.0,-4311.0,-6794.0,7,0.2506098747253418,3
-2664.0,-8470.0,-2293.0,8,0.27666807174682617,4
-1747.0,-8967.0,-1923.0,8,0.27667689323425293,4
-3485.0,-7854.0,-3064.0,8,0.2767789363861084,4
-2657.0,-8187.0,-2863.0,8,0.27678585052490234,4
-4336.0,-7089.0,-3878.0,8,0.2767930030822754,4
-7435.0,-3679.0,-7169.0,8,0.2768070697784424,4
-5255.0,-6388.0,-4324.0,8,0.27681994438171387,4
-3280.0,-7388.0,-3760.0,8,0.27683401107788086,4
-6170.0,-4836.0,-6218.0,8,0.27684807777404785,4
-6343.0,-4891.0,-6041.0,8,0.2768549919128418,4
-4975.0,-6295.0,-4784.0,8,0.27686190605163574,4
-5306.0,-6313.0,-4473.0,8,0.27687501907348633,4
-4954.0,-6560.0,-4407.0,8,0.2768819332122803,4
-6448.0,-3394.0,-7714.0,9,0.2984910011291504,4
-6373.0,-5002.0,-5977.0,10,0.32251906394958496,4
-6233.0,-5001.0,-6003.0,10,0.3225259780883789,4
-5168.0,-5813.0,-5490.0,12,0.3937649726867676,4
-6115.0,-5017.0,-6201.0,12,0.39380598068237305,4
-6996.0,-3087.0,-7820.0,12,0.3939080238342285,4
-4385.0,-7132.0,-3490.0,14,0.4458620548248291,4
-4982.0,-6542.0,-4494.0,14,0.44586992263793945,4
-5799.0,-5700.0,-5196.0,14,0.44589686393737793,4
-5628.0,-5918.0,-5288.0,14,0.4459228515625,4
-4681.0,-6714.0,-4577.0,14,0.44593095779418945,4
-4115.0,-7330.0,-3761.0,14,0.4459829330444336,4
-4096.0,-7220.0,-4045.0,14,0.4459998607635498,4
-3281.0,-7817.0,-3318.0,15,0.46289706230163574,4
-3909.0,-7171.0,-4180.0,15,0.46299195289611816,4
-7002.0,-4151.0,-6673.0,17,0.5387790203094482,5
-6697.0,-4833.0,-5496.0,17,0.5388140678405762,5
-6829.0,-4096.0,-6850.0,17,0.5388278961181641,5
-6835.0,-4295.0,-6607.0,17,0.5388350486755371,5
-7008.0,-4350.0,-6430.0,17,0.5389790534973145,5
-7722.0,-3316.0,-6667.0,17,0.5389919281005859,5
-4770.0,-6450.0,-4793.0,20,0.6118500232696533,5
-4247.0,-7125.0,-4023.0,20,0.6119248867034912,5
-4327.0,-7221.0,-3695.0,21,0.6364879608154297,5
-5188.0,-6450.0,-4559.0,21,0.6364948749542236,5
-5791.0,-5969.0,-4839.0,21,0.6365189552307129,5
-4767.0,-6538.0,-4634.0,21,0.6365330219268799,5
-2784.0,-8430.0,-2161.0,21,0.6365468502044678,5
-3563.0,-7808.0,-3110.0,21,0.6365609169006348,5
-4343.0,-6406.0,-4932.0,24,0.7086169719696045,5
-7047.0,-4087.0,-6429.0,24,0.70871901512146,5
-8358.0,-2149.0,-8484.0,26,0.7542269229888916,5
-6638.0,-4512.0,-6669.0,26,0.7542340755462646,5
-6659.0,-4247.0,-7046.0,26,0.7542538642883301,5
-6860.0,-3452.0,-7648.0,26,0.7542819976806641,5
-6881.0,-3068.0,-7936.0,26,0.7542948722839355,5
-4930.0,-5731.0,-5660.0,26,0.7543230056762695,5
-5079.0,-5600.0,-5796.0,26,0.7543299198150635,5
-7045.0,-4319.0,-6541.0,26,0.7543430328369141,5
-5086.0,-5831.0,-5530.0,27,0.7785868644714355,5
-4262.0,-6196.0,-5154.0,27,0.7786970138549805,5
-4062.0,-7117.0,-4153.0,29,0.8201138973236084,5
-3302.0,-7552.0,-3695.0,29,0.8201210498809814,5
-6262.0,-5160.0,-5905.0,30,0.8343338966369629,5
-6420.0,-5118.0,-5535.0,32,0.8817319869995117,6
-8042.0,-2818.0,-7942.0,33,0.9098958969116211,6
-8500.0,-1696.0,-8644.0,33,0.9099018573760986,6
-8619.0,-1917.0,-8343.0,33,0.9099090099334717,6
-6412.0,-5115.0,-5605.0,33,0.9099299907684326,6
-8670.0,-2177.0,-7979.0,33,0.9099500179290771,6
-7704.0,-3587.0,-6983.0,33,0.9099569320678711,6
-8521.0,-2089.0,-8353.0,33,0.9100379943847656,6
-8470.0,-1829.0,-8717.0,33,0.9100449085235596,6
-2403.0,-8057.0,-2964.0,34,0.946281909942627,6
-5822.0,-5608.0,-5267.0,34,0.9464359283447266,6
-3230.0,-8082.0,-1918.0,34,0.9464850425720215,6
-4011.0,-7486.0,-2881.0,34,0.9464919567108154,6
-2379.0,-8705.0,-1541.0,34,0.9464988708496094,6
-6493.0,-4915.0,-5886.0,35,0.9754030704498291,6
-5982.0,-5629.0,-5104.0,35,0.975430965423584,6
-2819.0,-7947.0,-3111.0,38,1.0453300476074219,6
-3078.0,-7970.0,-2853.0,38,1.0454249382019043,6
-3058.0,-7914.0,-3033.0,38,1.0454318523406982,6
-2822.0,-7648.0,-3616.0,40,1.0978078842163086,6
-4939.0,-6637.0,-3979.0,40,1.097815990447998,6
-3222.0,-7769.0,-3320.0,40,1.0978949069976807,6
-6544.0,-4784.0,-5885.0,41,1.1163849830627441,6
-4348.0,-6956.0,-4072.0,42,1.1420369148254395,6
-5864.0,-5766.0,-5190.0,42,1.1421048641204834,6
-3718.0,-7636.0,-3162.0,42,1.142124891281128,6
-7474.0,-3781.0,-6791.0,45,1.2042560577392578,6
-5842.0,-5353.0,-5643.0,47,1.241189956665039,6
-6727.0,-4142.0,-6899.0,51,1.329941987991333,6
-4909.0,-5996.0,-5283.0,52,1.3482279777526855,6
-5058.0,-5865.0,-5419.0,52,1.3482348918914795,6
-3868.0,-6647.0,-4669.0,52,1.3482558727264404,6
-4906.0,-5798.0,-5573.0,52,1.3482630252838135,6
-7354.0,-3700.0,-7281.0,53,1.3658900260925293,6
-6014.0,-5146.0,-6035.0,53,1.3659250736236572,6
-5669.0,-4407.0,-6885.0,54,1.382922887802124,6
-7272.0,-2959.0,-8069.0,54,1.382930040359497,6
-7326.0,-3719.0,-7375.0,54,1.38297700881958,6
-3503.0,-7737.0,-3444.0,56,1.4180939197540283,6
-4946.0,-6487.0,-4555.0,56,1.4181349277496338,6
-5302.0,-5827.0,-5422.0,56,1.4181420803070068,6
-5370.0,-5837.0,-5336.0,56,1.4181480407714844,6
-4645.0,-6659.0,-4638.0,56,1.4181549549102783,6
-3623.0,-7117.0,-4314.0,57,1.4376180171966553,6
-3474.0,-7248.0,-4178.0,57,1.4376249313354492,6
-4784.0,-6401.0,-5014.0,58,1.4522018432617188,6
-6264.0,-4902.0,-6174.0,58,1.4522299766540527,6
-4803.0,-6511.0,-4730.0,58,1.4522359371185303,6
-5223.0,-5759.0,-5610.0,58,1.4522769451141357,6
-5335.0,-5864.0,-5350.0,60,1.4834439754486084,6
-4510.0,-6457.0,-4792.0,60,1.4835119247436523,6
-6419.0,-4931.0,-5840.0,61,1.4984169006347656,6
-8506.0,-1946.0,-8486.0,66,1.615156888961792,7
-7555.0,-3424.0,-7361.0,66,1.615170955657959,7
-6896.0,-4164.0,-6729.0,66,1.615304946899414,7
-5480.0,-6192.0,-4224.0,68,1.6736760139465332,7
-5832.0,-5605.0,-5259.0,70,1.7316880226135254,7
-2786.0,-8313.0,-2548.0,70,1.7317829132080078,7
-2704.0,-8450.0,-2101.0,71,1.7530169486999512,7
-3644.0,-7354.0,-3669.0,71,1.7531120777130127,7
-3155.0,-7900.0,-2903.0,73,1.813621997833252,7
-1895.0,-8982.0,-1802.0,79,1.9313240051269531,7
-3259.0,-7395.0,-3841.0,82,2.0226850509643555,7
-3372.0,-7496.0,-3721.0,82,2.0226919651031494,7
-3942.0,-7131.0,-4076.0,82,2.022705078125,7
-3416.0,-7839.0,-3290.0,82,2.022711992263794,7
-5039.0,-6359.0,-4632.0,82,2.022718906402588,7
-4363.0,-7043.0,-4001.0,82,2.022726058959961,7
-4889.0,-6335.0,-4787.0,82,2.022732973098755,7
-6035.0,-5548.0,-5098.0,82,2.0227389335632324,7
-5821.0,-5616.0,-5228.0,82,2.0227458477020264,7
-4628.0,-7049.0,-3612.0,82,2.0227530002593994,7
-5962.0,-5751.0,-4747.0,82,2.022758960723877,7
-4551.0,-7085.0,-3774.0,82,2.022765874862671,7
-5333.0,-6342.0,-4370.0,82,2.022779941558838,7
-3112.0,-7640.0,-3518.0,83,2.043653964996338,7
-3349.0,-7542.0,-3662.0,83,2.043660879135132,7
-5206.0,-6265.0,-4552.0,84,2.069072961807251,7
-4883.0,-6382.0,-4754.0,84,2.069079875946045,7
-6383.0,-5025.0,-5848.0,84,2.0691890716552734,7
-5714.0,-5742.0,-5345.0,85,2.0888659954071045,7
-6928.0,-4494.0,-6308.0,90,2.181717872619629,7
-6861.0,-4546.0,-6371.0,90,2.181725025177002,7
-3718.0,-7182.0,-4116.0,96,2.2927708625793457,7
-6286.0,-4799.0,-6109.0,99,2.364287853240967,7
-7369.0,-3888.0,-6929.0,104,2.4979350566864014,7
-7991.0,-3095.0,-7573.0,104,2.4979429244995117,7
-4102.0,-6279.0,-5035.0,104,2.4979500770568848,7
-4017.0,-6516.0,-4805.0,104,2.4979569911956787,7
-6710.0,-4409.0,-6602.0,104,2.49802303314209,7
-6939.0,-4340.0,-6586.0,105,2.520998001098633,7
-5516.0,-5391.0,-5756.0,107,2.5555689334869385,7
-5803.0,-5282.0,-5775.0,107,2.555595874786377,7
-7406.0,-2923.0,-8078.0,108,2.5762429237365723,7
-6339.0,-4452.0,-6758.0,108,2.5762500762939453,7
-6052.0,-4561.0,-6739.0,108,2.5762569904327393,7
-5709.0,-5218.0,-6108.0,108,2.576262950897217,7
-6189.0,-4420.0,-6856.0,108,2.5762698650360107,7
-4973.0,-5730.0,-5650.0,109,2.596834897994995,7
-7255.0,-3614.0,-7531.0,110,2.6114940643310547,7
-6693.0,-4205.0,-6911.0,110,2.6115009784698486,7
-6287.0,-4318.0,-7080.0,110,2.61151385307312,7
-5952.0,-4811.0,-6334.0,110,2.6115410327911377,7
-3820.0,-7252.0,-4080.0,112,2.648160934448242,7
-4163.0,-6595.0,-4711.0,112,2.648167848587036,7
-5125.0,-5861.0,-5386.0,112,2.648205041885376,7
-4988.0,-6002.0,-5269.0,112,2.648303985595703,7
-4596.0,-6759.0,-4440.0,113,2.7150728702545166,7
-3189.0,-7451.0,-3815.0,116,2.7664308547973633,7
-3949.0,-7016.0,-4273.0,116,2.766481876373291,7
-5489.0,-5475.0,-5760.0,119,2.8123250007629395,7
-6150.0,-4968.0,-6275.0,119,2.812330961227417,7
-4763.0,-6666.0,-4637.0,122,2.852144956588745,7
-4847.0,-6618.0,-4453.0,123,2.862226963043213,7
-6331.0,-5066.0,-5886.0,124,2.8768889904022217,7
-5488.0,-5844.0,-5335.0,127,2.9075000286102295,7
-7696.0,-3290.0,-7005.0,128,2.9428420066833496,8
-7166.0,-4260.0,-6277.0,132,3.051046848297119,8
-7656.0,-3649.0,-6670.0,132,3.0510878562927246,8
-7046.0,-4188.0,-6574.0,132,3.0511019229888916,8
-7045.0,-4327.0,-6351.0,132,3.051107883453369,8
-6886.0,-4167.0,-6737.0,134,3.1032660007476807,8
-7329.0,-3504.0,-7431.0,134,3.1032729148864746,8
-7384.0,-3419.0,-7533.0,135,3.124086856842041,8
-5200.0,-6099.0,-4684.0,136,3.1579978466033936,8
-5927.0,-5714.0,-5002.0,138,3.2204930782318115,8
-6491.0,-4865.0,-5891.0,138,3.2205910682678223,8
-6526.0,-5051.0,-5588.0,139,3.245512008666992,8
-3634.0,-7687.0,-3040.0,140,3.2777199745178223,8
-6320.0,-4860.0,-6063.0,143,3.337846040725708,8
-2158.0,-8959.0,-1686.0,156,3.6383979320526123,8
-2751.0,-8442.0,-2287.0,156,3.6384639739990234,8
-1771.0,-9081.0,-1788.0,156,3.6384708881378174,8
-3393.0,-7489.0,-3640.0,158,3.6670639514923096,8
-2969.0,-8278.0,-2551.0,164,3.8016350269317627,8
-2274.0,-8861.0,-1509.0,164,3.8016419410705566,8
-3134.0,-8267.0,-2192.0,164,3.8016769886016846,8
-1700.0,-8883.0,-2040.0,164,3.8017380237579346,8
-1558.0,-8899.0,-1996.0,164,3.8017449378967285,8
-1965.0,-8934.0,-1829.0,164,3.8017990589141846,8
-5237.0,-6428.0,-3963.0,166,3.851017951965332,8
-3204.0,-7480.0,-3739.0,166,3.8510940074920654,8
-4865.0,-6500.0,-4505.0,168,3.8838999271392822,8
-5717.0,-5792.0,-5134.0,170,3.9199230670928955,8
-6355.0,-5138.0,-5571.0,171,3.935525894165039,8
-4791.0,-6542.0,-4533.0,172,3.950403928756714,8
-6366.0,-5085.0,-5688.0,178,4.030561923980713,8
-6592.0,-4986.0,-5564.0,178,4.030596017837524,8
-7114.0,-4436.0,-5975.0,178,4.030650854110718,8
-6852.0,-4574.0,-6147.0,179,4.044795989990234,8
-6813.0,-4608.0,-6058.0,180,4.0650999546051025,8
-7692.0,-3404.0,-7016.0,180,4.065141916275024,8
-5783.0,-5526.0,-5379.0,199,4.354567050933838,8
-7241.0,-3494.0,-7535.0,210,4.5499279499053955,8
-5879.0,-5116.0,-6107.0,210,4.550005912780762,8
-6436.0,-4481.0,-6702.0,211,4.56377100944519,8
-5075.0,-6113.0,-5068.0,214,4.60288405418396,8
-4884.0,-5811.0,-5550.0,216,4.630764007568359,8
-5227.0,-5154.0,-6181.0,216,4.63078498840332,8
-5796.0,-5036.0,-6246.0,217,4.649065017700195,8
-6690.0,-4462.0,-6644.0,218,4.65981388092041,8
-7738.0,-3042.0,-7849.0,219,4.67021107673645,8
-7328.0,-3461.0,-7644.0,221,4.688310861587524,8
-6874.0,-3572.0,-7644.0,223,4.704190015792847,8
-5848.0,-4960.0,-6484.0,223,4.704196929931641,8
-4003.0,-7276.0,-3839.0,224,4.719610929489136,8
-4397.0,-6519.0,-4802.0,226,4.752378940582275,8
-3878.0,-7336.0,-3450.0,227,4.770151853561401,8
-4732.0,-6477.0,-4776.0,227,4.770159006118774,8
-3507.0,-6767.0,-4586.0,228,4.784129858016968,8
-2869.0,-7685.0,-3575.0,229,4.796517848968506,8
-5629.0,-5646.0,-5441.0,232,4.832726001739502,8
-4888.0,-6252.0,-4864.0,232,4.832762956619263,8
-4531.0,-6192.0,-5169.0,234,4.857562065124512,8
-6692.0,-4323.0,-6648.0,236,4.876756906509399,8
-5356.0,-5599.0,-5727.0,236,4.876770973205566,8
-5789.0,-5278.0,-5797.0,242,4.9407548904418945,8
-7422.0,-3241.0,-7436.0,258,5.140641927719116,9
-6530.0,-4666.0,-5935.0,272,5.497874021530151,9
-3190.0,-8102.0,-2110.0,272,5.497901916503906,9
-4739.0,-6737.0,-3482.0,272,5.497967004776001,9
-3559.0,-7399.0,-3532.0,275,5.563684940338135,9
-6845.0,-4067.0,-6812.0,278,5.626044988632202,9
-4756.0,-6672.0,-3976.0,280,5.669523000717163,9
-2272.0,-8542.0,-1855.0,280,5.6696789264678955,9
-2791.0,-7950.0,-3029.0,304,6.074038028717041,9
-3615.0,-7342.0,-3695.0,310,6.161176919937134,9
-2671.0,-8513.0,-2258.0,315,6.214911937713623,9
-1879.0,-9043.0,-1543.0,316,6.228631973266602,9
-4129.0,-7153.0,-3849.0,318,6.252686023712158,9
-4368.0,-7120.0,-3771.0,318,6.252692937850952,9
-4150.0,-6888.0,-4226.0,318,6.252712965011597,9
-4389.0,-6855.0,-4148.0,318,6.252719879150391,9
-4457.0,-7119.0,-3628.0,328,6.475627899169922,9
-1792.0,-8723.0,-2261.0,328,6.475648880004883,9
-2049.0,-8895.0,-1736.0,328,6.4757239818573,9
-2213.0,-8745.0,-1971.0,328,6.475730895996094,9
-2335.0,-8816.0,-1468.0,328,6.475738048553467,9
-3146.0,-8213.0,-2037.0,328,6.475745916366577,9
-3864.0,-7636.0,-3027.0,328,6.47575306892395,9
-5145.0,-6300.0,-4597.0,328,6.475772857666016,9
-5885.0,-5524.0,-5253.0,329,6.501788854598999,9
-4113.0,-6890.0,-4298.0,330,6.521146059036255,9
-2242.0,-8885.0,-1944.0,330,6.521221876144409,9
-3622.0,-7649.0,-3424.0,331,6.586261987686157,9
-2777.0,-8279.0,-2671.0,331,6.58629584312439,9
-5064.0,-6283.0,-4725.0,335,6.640893936157227,9
-5732.0,-5557.0,-5338.0,338,6.696146011352539,9
-5882.0,-5581.0,-5183.0,338,6.696192979812622,9
-6391.0,-4817.0,-5970.0,338,6.696199893951416,9
-4261.0,-6873.0,-4171.0,339,6.71141791343689,9
-6541.0,-4919.0,-5736.0,356,6.935808897018433,9
-5920.0,-5518.0,-5207.0,359,6.976135015487671,9
-6312.0,-4893.0,-6024.0,362,7.024168014526367,9
-6202.0,-5286.0,-5739.0,366,7.065352916717529,9
-5799.0,-5439.0,-5619.0,366,7.0653698444366455,9
-5625.0,-5569.0,-5465.0,370,7.131217956542969,9
-4549.0,-6216.0,-5066.0,387,7.3312249183654785,9
-4436.0,-6115.0,-5186.0,387,7.3312718868255615,9
-6222.0,-4459.0,-6738.0,420,7.835862874984741,9
-6699.0,-4479.0,-6640.0,422,7.856303930282593,9
-4623.0,-5619.0,-5721.0,432,7.963979959487915,9
-7790.0,-2922.0,-7915.0,436,8.006778001785278,9
-7250.0,-3799.0,-7214.0,436,8.006808996200562,9
-6853.0,-3837.0,-7267.0,439,8.031447887420654,9
-5827.0,-5225.0,-6107.0,439,8.03145694732666,9
-6606.0,-3434.0,-7678.0,440,8.042367935180664,9
-6989.0,-3588.0,-7532.0,440,8.042374849319458,9
-7158.0,-3550.0,-7557.0,440,8.042428970336914,9
-5639.0,-4718.0,-6491.0,440,8.042450904846191,9
-6882.0,-3249.0,-7770.0,443,8.065950870513916,9
-6798.0,-3222.0,-7813.0,444,8.075958967208862,9
-3201.0,-7486.0,-3737.0,448,8.117475032806396,9
-3390.0,-7636.0,-3564.0,448,8.117496013641357,9
-4393.0,-6559.0,-4677.0,452,8.180922031402588,9
-3198.0,-7637.0,-3684.0,452,8.180943965911865,9
-3053.0,-7575.0,-3761.0,452,8.18095088005066,9
-3856.0,-7307.0,-4019.0,456,8.234639883041382,9
-4262.0,-6007.0,-5278.0,456,8.234647989273071,9
-4551.0,-5967.0,-5322.0,464,8.312049865722656,9
-6107.0,-4818.0,-6313.0,464,8.312142848968506,9
-6070.0,-5116.0,-6004.0,464,8.312149047851562,9
-5222.0,-5420.0,-5800.0,472,8.379392862319946,9
-6147.0,-5177.0,-5946.0,474,8.3958580493927,9
-4868.0,-6353.0,-4830.0,474,8.395889043807983,9
-6173.0,-4873.0,-6209.0,475,8.401746034622192,9
-6030.0,-4725.0,-6398.0,479,8.425677061080933,9
-4991.0,-6318.0,-4751.0,488,8.54030704498291,9
-5700.0,-5751.0,-5285.0,488,8.540313005447388,9
-5655.0,-5529.0,-5478.0,492,8.569329977035522,9
-8469.0,-1893.0,-8498.0,536,9.297189950942993,10
-8004.0,-1746.0,-8937.0,536,9.297257900238037,10
-3270.0,-8031.0,-2139.0,542,9.395992040634155,10
-2459.0,-8634.0,-1570.0,542,9.396095991134644,10
-6544.0,-4866.0,-5581.0,554,9.60688591003418,10
-2853.0,-8219.0,-2647.0,632,10.680883884429932,10
-3511.0,-7682.0,-3320.0,634,10.696912050247192,10
-3444.0,-7385.0,-3692.0,636,10.712975025177002,10
-4404.0,-6906.0,-4020.0,655,11.096289873123169,10
-3509.0,-7548.0,-3544.0,656,11.119433879852295,10
-5212.0,-6477.0,-4070.0,656,11.119446992874146,10
-3817.0,-7652.0,-3043.0,656,11.119467973709106,10
-3644.0,-7491.0,-3404.0,657,11.136963844299316,10
-3750.0,-7597.0,-3205.0,684,11.499765872955322,10
-4156.0,-7291.0,-3711.0,688,11.54860806465149,10
-5032.0,-6514.0,-4453.0,694,11.603209972381592,10
-6446.0,-4810.0,-5993.0,713,11.838510990142822,10
-7122.0,-4016.0,-6292.0,723,11.957432985305786,10
-5654.0,-5336.0,-5672.0,728,12.007340908050537,10
-2914.0,-7663.0,-3578.0,764,12.317481994628906,10
-6758.0,-4100.0,-6795.0,798,12.86833906173706,10
-7106.0,-3890.0,-6991.0,831,13.303006887435913,10
-5937.0,-4784.0,-6385.0,832,13.318438053131104,10
-6682.0,-4152.0,-6980.0,838,13.390269041061401,10
-5834.0,-4840.0,-6488.0,839,13.400743007659912,10
-7312.0,-3599.0,-7379.0,840,13.410819053649902,10
-5803.0,-4371.0,-6894.0,858,13.585233926773071,10
-4117.0,-6134.0,-5231.0,862,13.623071908950806,10
-5457.0,-5118.0,-6147.0,863,13.637433052062988,10
-7483.0,-3490.0,-7310.0,867,13.679504871368408,10
-6987.0,-3801.0,-7276.0,868,13.690263986587524,10
-6871.0,-3677.0,-7536.0,876,13.750414848327637,10
-6420.0,-4158.0,-7197.0,884,13.808331966400146,10
-3224.0,-7898.0,-2890.0,889,13.909245014190674,10
-4139.0,-6994.0,-4175.0,889,13.909319877624512,10
-4171.0,-6955.0,-4218.0,889,13.909327030181885,10
-4421.0,-6452.0,-4889.0,922,14.255652904510498,10
-5925.0,-5029.0,-6062.0,938,14.39052700996399,10
-5475.0,-5629.0,-5645.0,940,14.403550863265991,10
-4337.0,-7049.0,-3801.0,971,14.646883964538574,10
-4973.0,-6465.0,-4589.0,971,14.646889925003052,10
-8629.0,-1764.0,-8544.0,1018,15.176188945770264,11
-8575.0,-1923.0,-8477.0,1018,15.176195859909058,11
-7445.0,-3451.0,-7374.0,1018,15.176256895065308,11
-8531.0,-1861.0,-8558.0,1018,15.176284074783325,11
-7502.0,-3559.0,-7254.0,1019,15.197882890701294,11
-7557.0,-3474.0,-7356.0,1019,15.197890043258667,11
-8048.0,-2970.0,-7335.0,1053,15.777535915374756,11
-8200.0,-2109.0,-8520.0,1060,15.897008895874023,11
-8456.0,-1709.0,-8721.0,1060,15.897014856338501,11
-8402.0,-1868.0,-8654.0,1060,15.897042036056519,11
-7594.0,-3434.0,-7172.0,1061,15.917167901992798,11
-2360.0,-8595.0,-1825.0,1073,16.1035099029541,11
-3836.0,-7499.0,-3076.0,1076,16.160475969314575,11
-5361.0,-6246.0,-4065.0,1090,16.36349105834961,11
-4637.0,-6917.0,-3795.0,1116,16.72342801094055,11
-3766.0,-7343.0,-3256.0,1144,17.11199688911438,11
-5272.0,-5292.0,-5798.0,1170,17.461894035339355,11
-1629.0,-8951.0,-1972.0,1224,18.137292861938477,11
-4342.0,-6968.0,-4053.0,1244,18.289248943328857,11
-2753.0,-8015.0,-2964.0,1280,18.90608501434326,11
-4579.0,-6825.0,-3814.0,1282,18.946305990219116,11
-3739.0,-7696.0,-2638.0,1282,18.946318864822388,11
-1945.0,-8790.0,-2105.0,1285,19.000328063964844,11
-2761.0,-8420.0,-2560.0,1288,19.049004077911377,11
-1937.0,-8785.0,-2184.0,1288,19.049025058746338,11
-3693.0,-7677.0,-3025.0,1288,19.04903793334961,11
-3100.0,-8194.0,-2424.0,1288,19.049044847488403,11
-3523.0,-7549.0,-3514.0,1288,19.049052000045776,11
-2782.0,-8155.0,-2937.0,1288,19.04905891418457,11
-2411.0,-8489.0,-2604.0,1288,19.049066066741943,11
-2058.0,-8891.0,-1985.0,1288,19.04907202720642,11
-2819.0,-8429.0,-2286.0,1288,19.049078941345215,11
-4938.0,-6297.0,-4856.0,1326,19.51181697845459,11
-5053.0,-6249.0,-4830.0,1327,19.530256986618042,11
-5901.0,-5517.0,-5239.0,1340,19.691575050354004,11
-6470.0,-4814.0,-5892.0,1376,20.060380935668945,11
-5885.0,-5489.0,-5452.0,1417,20.46141290664673,11
-5862.0,-4808.0,-6356.0,1602,22.42555594444275,11
-5813.0,-5105.0,-6111.0,1635,22.853451013565063,11
-7306.0,-3762.0,-6968.0,1646,22.977439880371094,11
-6684.0,-4555.0,-6324.0,1646,22.977447032928467,11
-4265.0,-6045.0,-5207.0,1662,23.088063955307007,11
-6990.0,-4211.0,-6631.0,1677,23.224748849868774,11
-6399.0,-4423.0,-6820.0,1684,23.2726309299469,11
-7242.0,-3270.0,-7675.0,1690,23.30356502532959,11
-7134.0,-3675.0,-7474.0,1697,23.349174976348877,11
-6080.0,-3875.0,-7211.0,1700,23.36087393760681,11
-6710.0,-4118.0,-7091.0,1702,23.37171506881714,11
-5595.0,-4751.0,-6639.0,1707,23.40628695487976,11
-2457.0,-8182.0,-2942.0,1727,23.631866931915283,11
-3355.0,-7765.0,-3303.0,1727,23.63188099861145,11
-3411.0,-7580.0,-3467.0,1742,23.7871310710907,11
-4428.0,-6505.0,-4732.0,1748,23.843869924545288,11
-4864.0,-6154.0,-4957.0,1794,24.205466985702515,11
-4570.0,-6321.0,-5025.0,1796,24.216328859329224,11
-6191.0,-5055.0,-6061.0,1812,24.31543207168579,11
-5646.0,-5559.0,-5621.0,1813,24.32088303565979,11
-6168.0,-4783.0,-6268.0,1822,24.363937854766846,11
-7431.0,-3454.0,-7410.0,1946,25.62408995628357,12
-7258.0,-4119.0,-6236.0,1984,26.345247983932495,12
-7005.0,-3190.0,-7742.0,2018,26.856471061706543,12
-6097.0,-4699.0,-6356.0,2037,27.06365203857422,12
-5234.0,-6100.0,-4575.0,2052,27.334548950195312,12
-3252.0,-7903.0,-2354.0,2110,28.07416605949402,12
-3607.0,-7358.0,-3590.0,2116,28.157728910446167,12
-5033.0,-6140.0,-4886.0,2142,28.424831867218018,12
-3721.0,-7481.0,-3272.0,2298,30.218371868133545,12
-2153.0,-8734.0,-2015.0,2330,30.527096033096313,12
-2276.0,-8733.0,-1802.0,2414,31.67766284942627,12
-1869.0,-8799.0,-2084.0,2414,31.677758932113647,12
-3628.0,-7502.0,-3216.0,2414,31.67776584625244,12
-1961.0,-8639.0,-2305.0,2414,31.67777991294861,12
-4665.0,-6800.0,-3661.0,2418,31.75697898864746,12
-3698.0,-7505.0,-3208.0,2418,31.75708794593811,12
-3889.0,-7418.0,-3070.0,2419,31.772111892700195,12
-2129.0,-8784.0,-2064.0,2424,31.851654052734375,12
-3512.0,-7515.0,-3560.0,2424,31.85171890258789,12
-4438.0,-6984.0,-3894.0,2424,31.851732969284058,12
-3685.0,-7691.0,-2886.0,2425,31.872145891189575,12
-5359.0,-6232.0,-4467.0,2428,31.913352966308594,12
-3640.0,-7464.0,-3417.0,2431,31.955147981643677,12
-4442.0,-6774.0,-4142.0,2432,31.96934485435486,12
-3625.0,-7616.0,-3440.0,2432,31.969372034072876,12
-4298.0,-6965.0,-4055.0,2440,32.06265592575073,12
-2925.0,-8190.0,-2647.0,2442,32.075554847717285,12
-4293.0,-6834.0,-4214.0,2506,32.76874494552612,12
-5219.0,-6303.0,-4548.0,2534,33.06664204597473,12
-7105.0,-4070.0,-6625.0,2599,33.717092990875244,12
-6503.0,-5114.0,-5656.0,2616,33.89228892326355,12
-4273.0,-6462.0,-4815.0,2770,35.2505829334259,12
-4090.0,-6197.0,-5087.0,2774,35.306899070739746,12
-6395.0,-4651.0,-6077.0,2828,35.9482798576355,12
-6066.0,-4649.0,-6384.0,2883,36.55129790306091,12
-6782.0,-4321.0,-6603.0,2955,37.173763036727905,12
-5514.0,-5090.0,-6116.0,2976,37.37478184700012,12
-7283.0,-3838.0,-7096.0,2990,37.50557804107666,12
-7477.0,-3624.0,-7266.0,2990,37.505584955215454,12
-5320.0,-5259.0,-6030.0,3058,38.014147996902466,12
-6689.0,-4383.0,-6714.0,3082,38.16709089279175,12
-5574.0,-5016.0,-6262.0,3087,38.276819944381714,12
-7002.0,-3405.0,-7686.0,3104,38.398223876953125,12
-7756.0,-2882.0,-8118.0,3104,38.398244857788086,12
-3109.0,-7646.0,-3516.0,3126,38.49603486061096,12
-3072.0,-7685.0,-3477.0,3159,38.850430965423584,12
-3217.0,-7747.0,-3400.0,3159,38.85043692588806,12
-3948.0,-6741.0,-4490.0,3180,39.02588891983032,12
-4047.0,-6996.0,-4255.0,3186,39.09568905830383,12
-2395.0,-7981.0,-3155.0,3186,39.09570288658142,12
-3149.0,-7413.0,-3894.0,3186,39.095710039138794,12
-6321.0,-4750.0,-6183.0,3234,39.447624921798706,12
-3796.0,-6727.0,-4630.0,3240,39.50192093849182,12
-3273.0,-7412.0,-3722.0,3240,39.50194787979126,12
-5205.0,-5318.0,-5840.0,3271,39.71786403656006,12
-6191.0,-4688.0,-6202.0,3300,39.8828399181366,12
-6178.0,-4711.0,-6205.0,3304,39.909327030181885,12
-8642.0,-2023.0,-8317.0,3474,41.692909955978394,13
-7556.0,-3613.0,-7133.0,3474,41.69297790527344,13
-8167.0,-2935.0,-7452.0,3474,41.69299101829529,13
-8358.0,-1806.0,-8735.0,3604,43.58601999282837,13
-7421.0,-3170.0,-7582.0,3612,43.65542197227478,13
-7370.0,-3299.0,-7537.0,3640,43.93772506713867,13
-2986.0,-8026.0,-2739.0,3786,45.81393504142761,13
-3896.0,-7462.0,-3053.0,3806,46.00387692451477,13
-3127.0,-8005.0,-2377.0,3810,46.040322065353394,13
-5163.0,-6209.0,-4581.0,3814,46.06455707550049,13
-1839.0,-9063.0,-1735.0,4078,48.500941038131714,13
-1949.0,-8904.0,-1972.0,4079,48.510427951812744,13
-3011.0,-8043.0,-2495.0,4118,48.75491690635681,13
-2868.0,-8010.0,-2788.0,4124,48.7868070602417,13
-2770.0,-8288.0,-2743.0,4140,48.86368489265442,13
-2660.0,-8447.0,-2506.0,4140,48.8636908531189,13
-3720.0,-7459.0,-3470.0,4142,48.87327694892883,13
-2806.0,-8228.0,-2572.0,4260,50.5391960144043,13
-2669.0,-8054.0,-3057.0,4278,50.792754888534546,13
-3527.0,-7363.0,-3537.0,4280,50.81586694717407,13
-5390.0,-6085.0,-4456.0,4286,50.8802649974823,13
-3730.0,-7466.0,-3251.0,4286,50.88027787208557,13
-2801.0,-8053.0,-2731.0,4311,51.12011790275574,13
-5191.0,-6409.0,-4350.0,4356,51.463139057159424,13
-2910.0,-8103.0,-2718.0,4403,51.951395988464355,13
-5116.0,-6237.0,-4661.0,4474,52.52124285697937,13
-5738.0,-5746.0,-5244.0,4474,52.52125000953674,13
-5225.0,-6201.0,-4608.0,4475,52.52717185020447,13
-6596.0,-4834.0,-5838.0,4582,53.49368691444397,13
-6727.0,-4558.0,-6225.0,4618,53.815353870391846,13
-7020.0,-3840.0,-7158.0,5102,58.080787897109985,13
-5364.0,-5013.0,-6298.0,5176,58.566953897476196,13
-4300.0,-6454.0,-4828.0,5320,59.53536605834961,13
-4801.0,-6189.0,-4868.0,5376,59.95345997810364,13
-4061.0,-6842.0,-4370.0,5393,60.105151891708374,13
-4575.0,-6159.0,-5021.0,5516,60.994389057159424,13
-5769.0,-5568.0,-5300.0,5622,61.592463970184326,13
-5926.0,-5652.0,-5161.0,5622,61.59247088432312,13
-7417.0,-3334.0,-7414.0,5742,63.08563590049744,14
-7645.0,-3485.0,-7041.0,5744,63.10717701911926,14
-7594.0,-3225.0,-7405.0,5746,63.12919807434082,14
-8219.0,-2524.0,-7709.0,5748,63.160109996795654,14
-7357.0,-3485.0,-7337.0,5925,65.34180092811584,14
-7398.0,-3216.0,-7523.0,5937,65.5190839767456,14
-7383.0,-3558.0,-7310.0,5978,65.84743905067444,14
-3928.0,-7340.0,-2913.0,5990,65.92369198799133,14
-2284.0,-8647.0,-1765.0,5994,66.01169800758362,14
-6632.0,-4731.0,-5535.0,6130,67.56500601768494,14
-6334.0,-4657.0,-6053.0,6162,67.8081579208374,14
-1836.0,-8803.0,-2092.0,6200,68.13426995277405,14
-1781.0,-8935.0,-1818.0,6200,68.13428401947021,14
-3868.0,-7460.0,-3119.0,6259,68.5929799079895,14
-1735.0,-8998.0,-1805.0,6536,70.92567706108093,14
-1709.0,-8880.0,-2001.0,6536,70.92568302154541,14
-2029.0,-8833.0,-2001.0,6536,70.9256899356842,14
-1919.0,-8992.0,-1764.0,6536,70.92570400238037,14
-1894.0,-9036.0,-1698.0,6578,71.18925285339355,14
-3323.0,-7365.0,-3733.0,6830,73.57723307609558,14
-1653.0,-8811.0,-2078.0,6858,73.89751386642456,14
-4456.0,-6799.0,-3887.0,6862,73.94753003120422,14
-3028.0,-8206.0,-2436.0,6886,74.15402293205261,14
-2835.0,-8368.0,-2545.0,6888,74.17884397506714,14
-5237.0,-6118.0,-4541.0,7047,75.31709504127502,14
-4208.0,-6879.0,-4077.0,7071,75.47544693946838,14
-7745.0,-3123.0,-6613.0,7234,76.61848497390747,14
-7682.0,-3244.0,-7022.0,7234,76.61849093437195,14
-2173.0,-8208.0,-2836.0,7444,77.90219187736511,14
-3027.0,-7764.0,-3458.0,7446,77.9322018623352,14
-6882.0,-4036.0,-6923.0,7770,80.79262185096741,14
-5439.0,-5286.0,-5812.0,7777,80.862783908844,14
-5397.0,-5052.0,-6180.0,7809,81.10504603385925,14
-7905.0,-3045.0,-7740.0,7869,81.46112489700317,14
-2312.0,-8120.0,-3019.0,8164,83.40216088294983,14
-3004.0,-7351.0,-3971.0,8203,83.6649899482727,14
-2968.0,-7583.0,-3715.0,8203,83.66500401496887,14
-2481.0,-8036.0,-3063.0,8203,83.66501092910767,14
-2250.0,-7919.0,-3232.0,8203,83.66501784324646,14
-2421.0,-8099.0,-2959.0,8222,83.95164704322815,14
-4588.0,-6136.0,-5018.0,8350,84.60111093521118,14
-8707.0,-1653.0,-8180.0,8491,85.32645893096924,15
-8285.0,-2370.0,-7295.0,8664,88.0118339061737,15
-7927.0,-2248.0,-8187.0,8821,89.6653459072113,15
-8469.0,-1968.0,-8494.0,8832,89.7384819984436,15
-4448.0,-6767.0,-3968.0,8967,91.08039402961731,15
-1974.0,-8965.0,-1727.0,9563,95.84365105628967,15
-3171.0,-8018.0,-2241.0,9854,97.96338605880737,15
-2816.0,-8003.0,-2795.0,9855,97.97465205192566,15
-4470.0,-6861.0,-3867.0,9886,98.3247230052948,15
-1993.0,-8600.0,-2348.0,9927,98.70259690284729,15
-2891.0,-8183.0,-2709.0,9927,98.7026309967041,15
-4185.0,-6864.0,-4175.0,9930,98.72716093063354,15
-2987.0,-8093.0,-2544.0,9932,98.73815608024597,15
-3921.0,-7379.0,-3113.0,9956,98.90012407302856,15
-6905.0,-3941.0,-6857.0,10835,105.26649403572083,15
-3036.0,-7988.0,-2895.0,11242,107.80952095985413,15
-4697.0,-6099.0,-5101.0,11335,108.40417385101318,15
-6918.0,-3909.0,-6774.0,11626,111.29465103149414,16
-7571.0,-3271.0,-7346.0,11629,111.33188199996948,16
-7708.0,-3238.0,-6927.0,11758,112.7852680683136,16
-7134.0,-3167.0,-7729.0,11916,113.93586492538452,16
-3218.0,-7904.0,-2305.0,12012,114.65996789932251,16
-3005.0,-8136.0,-2455.0,12330,117.40754699707031,16
-3754.0,-7461.0,-3162.0,12331,117.41729497909546,16
-2252.0,-8773.0,-1760.0,12678,119.68993401527405,16
-3139.0,-7907.0,-2408.0,13057,122.56196904182434,16
-2773.0,-8167.0,-2758.0,13140,123.14219307899475,16
-3468.0,-7427.0,-3656.0,13160,123.40224099159241,16
-5980.0,-5633.0,-4996.0,13279,123.97358894348145,16
-3346.0,-7548.0,-3660.0,14201,129.91290497779846,16
-2389.0,-8196.0,-2842.0,14360,131.0300750732422,16
-2513.0,-7997.0,-3106.0,14362,131.0531289577484,16
-6344.0,-4655.0,-6117.0,14435,131.39864993095398,16
-8283.0,-2602.0,-7407.0,14753,135.04485297203064,17
-8120.0,-2319.0,-7789.0,14753,135.0449080467224,17
-3085.0,-8065.0,-2484.0,15388,139.70226287841797,17
-4407.0,-6787.0,-3960.0,15499,140.31621503829956,17
-1908.0,-8645.0,-2211.0,15881,143.06788206100464,17
-1875.0,-8584.0,-2397.0,16113,144.6865849494934,17
-1766.0,-8912.0,-1958.0,16113,144.68659806251526,17
-3540.0,-7662.0,-3153.0,16884,149.42309594154358,17
-8100.0,-2303.0,-8010.0,17254,152.85852098464966,18
-2185.0,-8608.0,-2020.0,17644,156.15968799591064,18
-1756.0,-8640.0,-2278.0,18244,159.93213891983032,18
-2999.0,-8066.0,-2463.0,18275,160.29057502746582,18
-2919.0,-8069.0,-2682.0,18448,161.38642406463623,18
-1804.0,-8872.0,-2034.0,18515,161.8249750137329,18
-3768.0,-7412.0,-3198.0,18628,162.35137701034546,18
-6912.0,-4011.0,-6714.0,19423,168.19124293327332,19
-7675.0,-2292.0,-8387.0,19596,169.45968389511108,19
-2003.0,-9037.0,-1565.0,20424,175.1328890323639,19
-2596.0,-8520.0,-2166.0,20424,175.13290905952454,19
-2085.0,-8696.0,-2160.0,20434,175.20272302627563,19
-1901.0,-8702.0,-2201.0,20434,175.20272994041443,19
-8081.0,-2885.0,-7619.0,21062,179.64152097702026,20
-3146.0,-7916.0,-2317.0,21304,181.1261830329895,20
-7932.0,-2722.0,-7997.0,22434,188.63888597488403,21
-3764.0,-7358.0,-3221.0,22666,190.3604519367218,21
-6355.0,-4636.0,-6083.0,23149,193.09487390518188,21
-2316.0,-8608.0,-1808.0,25315,206.30523204803467,27
-2632.0,-8217.0,-2748.0,25362,206.54710793495178,27
