z1,z2,z3,node,time,depth
-23.0,-51.0,-21.0,1,0.0026938915252685547,1
-32.0,-41.0,-37.0,1,0.002696990966796875,1
-47.0,-18.0,-52.0,1,0.0026998519897460938,1
-43.0,-34.0,-39.0,1,0.002702951431274414,1
-50.0,-17.0,-52.0,1,0.002705812454223633,1
-44.0,-29.0,-49.0,1,0.002708911895751953,1
-55.0,-12.0,-50.0,1,0.0027120113372802734,1
-50.0,-25.0,-45.0,1,0.002714872360229492,1
-49.0,-27.0,-47.0,1,0.0027179718017578125,1
-34.0,-39.0,-37.0,2,0.005447864532470703,2
-39.0,-37.0,-35.0,2,0.0054738521575927734,2
-51.0,-22.0,-43.0,2,0.005489826202392578,2
-45.0,-31.0,-38.0,2,0.0054929256439208984,2
-47.0,-20.0,-48.0,3,0.009083986282348633,2
-38.0,-38.0,-34.0,3,0.00910496711730957,2
-20.0,-44.0,-26.0,3,0.009109020233154297,2
-21.0,-47.0,-23.0,4,0.012982845306396484,3
-35.0,-39.0,-29.0,4,0.012991905212402344,3
-30.0,-43.0,-24.0,4,0.012995004653930664,3
-38.0,-31.0,-42.0,5,0.015487909317016602,3
-32.0,-37.0,-40.0,6,0.019166946411132812,3
-52.0,-11.0,-51.0,8,0.02452397346496582,4
-52.0,-13.0,-50.0,8,0.02452683448791504,4
-40.0,-32.0,-41.0,9,0.027482032775878906,4
-37.0,-37.0,-36.0,12,0.03389883041381836,4
-38.0,-33.0,-41.0,14,0.03807997703552246,4
-45.0,-28.0,-40.0,19,0.05074191093444824,5
-37.0,-32.0,-42.0,24,0.060530900955200195,5
-33.0,-31.0,-43.0,31,0.07094192504882812,5
-26.0,-43.0,-30.0,40,0.08997392654418945,6
-28.0,-46.0,-23.0,40,0.08998489379882812,6
-41.0,-31.0,-40.0,70,0.1476888656616211,7
-29.0,-43.0,-25.0,75,0.15485501289367676,7
-37.0,-35.0,-38.0,84,0.1708688735961914,7
