z1,z2,z3,node,time,depth
9373.0,7675.0,8429.0,1,0.10010790824890137,1
8625.0,10554.0,6513.0,1,0.10013890266418457,1
12587.0,6366.0,11417.0,1,0.10018205642700195,1
12191.0,6382.0,11533.0,1,0.10021305084228516,1
9111.0,6706.0,9477.0,1,0.10023307800292969,1
6602.0,11931.0,15237.0,1,0.1002960205078125,1
7392.0,7939.0,9514.0,1,0.10030603408813477,1
6635.0,10013.0,13526.0,1,0.1003580093383789,1
8716.0,7550.0,9198.0,2,0.25600099563598633,2
9001.0,7533.0,13788.0,5,0.5606648921966553,3
9505.0,7489.0,9034.0,5,0.5607280731201172,3
11972.0,6515.0,11854.0,6,0.6797630786895752,3
6626.0,11825.0,15291.0,8,0.8739800453186035,4
8527.0,7638.0,13872.0,9,0.9182908535003662,4
6868.0,9956.0,12869.0,9,0.9183220863342285,4
6925.0,10442.0,12061.0,9,0.9183330535888672,4
12688.0,6423.0,11368.0,14,1.4834949970245361,4
11546.0,6702.0,12101.0,14,1.483536958694458,4
12277.0,9213.0,8134.0,14,1.483557939529419,4
12292.0,6439.0,11484.0,14,1.4835789203643799,4
12821.0,7607.0,8920.0,14,1.4837758541107178,4
8493.0,7757.0,13208.0,16,1.6524670124053955,5
12968.0,9861.0,7270.0,17,1.7256779670715332,5
12767.0,10396.0,6986.0,17,1.7256879806518555,5
6949.0,10336.0,12115.0,17,1.7256989479064941,5
7332.0,12059.0,10584.0,18,1.8454909324645996,5
7157.0,9517.0,12897.0,18,1.8455119132995605,5
7078.0,9633.0,13015.0,18,1.8455219268798828,5
7020.0,10855.0,11684.0,18,1.8455629348754883,5
7068.0,9901.0,12185.0,18,1.8455839157104492,5
7027.0,10064.0,12130.0,18,1.8455939292907715,5
6889.0,10283.0,12591.0,18,1.8456048965454102,5
7997.0,12612.0,9457.0,18,1.8456149101257324,5
7319.0,11679.0,10771.0,18,1.8457188606262207,5
8468.0,7677.0,14011.0,19,1.894110918045044,5
8793.0,8291.0,8839.0,32,3.122022867202759,6
11625.0,10449.0,7730.0,34,3.319908857345581,6
7051.0,9958.0,12184.0,34,3.3200149536132812,6
6909.0,9732.0,13766.0,34,3.32002592086792,6
7092.0,9795.0,12239.0,34,3.3202390670776367,6
7192.0,11539.0,11199.0,36,3.4825239181518555,6
7286.0,11000.0,11638.0,38,3.7187490463256836,6
12234.0,6636.0,11479.0,56,5.306704044342041,6
11838.0,6652.0,11595.0,56,5.306714057922363,6
12637.0,8671.0,8286.0,58,5.384839057922363,6
7168.0,9588.0,12664.0,70,6.520768880844116,7
6966.0,10279.0,12116.0,71,6.598576068878174,7
7154.0,9613.0,12954.0,74,6.916172981262207,7
7212.0,9626.0,12651.0,74,6.916183948516846,7
7073.0,10393.0,11993.0,119,10.322761058807373,8
7216.0,9852.0,12117.0,119,10.322896957397461,8
7175.0,10015.0,12062.0,119,10.32300090789795,8
13501.0,9087.0,8111.0,122,10.592578887939453,8
12634.0,9585.0,7551.0,123,10.691449880599976,8
12433.0,10120.0,7267.0,123,10.691461086273193,8
13190.0,9534.0,7547.0,123,10.691534042358398,8
12856.0,9258.0,7828.0,123,10.69154405593872,8
12201.0,9137.0,8414.0,123,10.691554069519043,8
11778.0,9999.0,7853.0,123,10.691565036773682,8
11369.0,10170.0,8067.0,123,10.691586017608643,8
11979.0,9464.0,8137.0,123,10.691596031188965,8
7307.0,11327.0,11360.0,125,10.876957893371582,8
7089.0,9704.0,12782.0,129,11.245320081710815,8
6947.0,10296.0,12288.0,129,11.245329856872559,8
6962.0,10842.0,11987.0,129,11.245360851287842,8
6999.0,10528.0,11962.0,136,11.894381046295166,8
6926.0,9969.0,12566.0,136,11.894423007965088,8
7244.0,9297.0,13178.0,136,11.894589900970459,8
11841.0,6629.0,12034.0,173,14.434015989303589,8
11445.0,6645.0,12150.0,173,14.434082984924316,8
7333.0,9695.0,12324.0,201,16.730364084243774,9
11134.0,10413.0,8180.0,210,17.509746074676514,9
11789.0,10534.0,7594.0,210,17.509984016418457,9
12024.0,10291.0,7481.0,211,17.582571983337402,9
7375.0,11433.0,11124.0,212,17.672268867492676,9
7280.0,9416.0,13019.0,220,18.335247039794922,9
7362.0,11053.0,11311.0,220,18.335361003875732,9
7291.0,9487.0,12786.0,222,18.50465202331543,9
7384.0,9221.0,13146.0,228,18.959516048431396,9
7302.0,9310.0,12875.0,233,19.379250049591064,9
12073.0,6572.0,11805.0,262,21.1938259601593,9
12536.0,9306.0,7710.0,295,22.847543001174927,10
12635.0,9965.0,7187.0,295,22.847563982009888,10
12220.0,8885.0,8393.0,295,22.84762692451477,10
11871.0,10180.0,7609.0,295,22.847667932510376,10
11772.0,9521.0,8132.0,295,22.84782385826111,10
11135.0,10318.0,8184.0,295,22.84786605834961,10
11659.0,10166.0,7894.0,342,26.93623685836792,10
12314.0,10287.0,7308.0,342,26.93631100654602,10
7257.0,9753.0,12563.0,358,28.08939003944397,10
6954.0,10498.0,12056.0,360,28.228075981140137,10
7056.0,10120.0,12125.0,360,28.228219032287598,10
7350.0,9638.0,12325.0,368,28.863054037094116,10
7098.0,9564.0,13061.0,380,29.72965407371521,10
7156.0,9577.0,12758.0,382,29.83542799949646,10
12652.0,6665.0,11051.0,434,32.595146894454956,10
12256.0,6681.0,11167.0,434,32.5951988697052,10
8146.0,9880.0,9003.0,454,33.18601393699646,11
11989.0,9221.0,8285.0,456,33.348042011260986,11
12067.0,9391.0,8085.0,456,33.34817290306091,11
7114.0,10230.0,12048.0,502,37.049582958221436,11
11536.0,9857.0,8399.0,529,39.017170906066895,11
7323.0,9637.0,12597.0,561,41.08685302734375,11
7360.0,10553.0,11543.0,567,41.39151406288147,11
7339.0,10226.0,11821.0,591,42.85408401489258,11
7266.0,9667.0,12425.0,591,42.8541259765625,11
12505.0,9300.0,7828.0,676,46.20216703414917,12
12337.0,9263.0,7908.0,676,46.20217704772949,12
12444.0,9073.0,8227.0,680,46.53532099723816,12
12319.0,9544.0,7870.0,681,46.61477994918823,12
11402.0,10265.0,7984.0,682,46.685914039611816,12
6855.0,10077.0,13042.0,729,49.991617918014526,12
7078.0,10555.0,11934.0,810,55.112180948257446,12
7180.0,10177.0,12003.0,810,55.11229085922241,12
7351.0,11489.0,10972.0,812,55.24612998962402,12
7324.0,10579.0,11640.0,822,55.81181788444519,12
12876.0,7571.0,9001.0,913,59.63394498825073,12
11578.0,9812.0,8259.0,952,61.01126408576965,13
11283.0,9942.0,8306.0,956,61.30635595321655,13
7374.0,9532.0,12379.0,1014,64.94582986831665,13
7143.0,10286.0,12043.0,1019,65.25132203102112,13
7245.0,9908.0,12112.0,1019,65.25138401985168,13
12655.0,9793.0,7544.0,1064,67.72251105308533,13
12000.0,9672.0,8130.0,1064,67.72257590293884,13
12515.0,9752.0,7592.0,1065,67.75708103179932,13
11250.0,10337.0,8108.0,1077,68.20388889312744,13
11905.0,10458.0,7522.0,1079,68.27592587471008,13
8106.0,12495.0,9442.0,1086,68.65030694007874,13
7179.0,11159.0,11386.0,1117,70.1509358882904,13
7302.0,10540.0,11846.0,1132,70.86035394668579,13
7379.0,9694.0,12320.0,1136,71.02011895179749,13
7097.0,9957.0,12180.0,1138,71.09740900993347,13
6995.0,10335.0,12111.0,1138,71.09741997718811,13
8796.0,10197.0,8221.0,1246,76.14578485488892,14
6990.0,10173.0,12170.0,1320,80.06570887565613,14
7049.0,10499.0,11939.0,1446,85.44509291648865,14
7151.0,10121.0,12008.0,1448,85.50527596473694,14
7306.0,10512.0,11769.0,1460,86.04147386550903,14
7220.0,10852.0,11809.0,1508,87.66020488739014,14
12233.0,9846.0,7772.0,1597,91.21366286277771,15
12361.0,9853.0,7339.0,1598,91.34669804573059,15
12529.0,9890.0,7259.0,1598,91.34671306610107,15
12104.0,9866.0,7516.0,1598,91.34687805175781,15
12080.0,9276.0,8085.0,1598,91.3471188545227,15
11575.0,9849.0,7988.0,1598,91.34736800193787,15
12047.0,9727.0,7884.0,1603,91.68508005142212,15
12146.0,10386.0,7361.0,1603,91.68515205383301,15
7301.0,11422.0,11184.0,1779,98.43931794166565,15
6631.0,11987.0,15232.0,1788,98.7345678806305,15
7313.0,10508.0,11873.0,1809,99.36890697479248,15
7250.0,10463.0,11876.0,1810,99.39888286590576,15
7261.0,10653.0,11711.0,1814,99.47861504554749,15
7119.0,10392.0,11989.0,1853,100.56622099876404,15
7221.0,10014.0,12058.0,1853,100.566241979599,15
12248.0,9313.0,8005.0,1969,106.09379291534424,16
12272.0,9903.0,7436.0,1969,106.09403491020203,16
11743.0,9886.0,7908.0,1969,106.09408807754517,16
11860.0,9427.0,8241.0,1970,106.28317093849182,16
12275.0,10507.0,7035.0,1970,106.28337502479553,16
11412.0,10063.0,7980.0,1970,106.28345894813538,16
12176.0,9848.0,7558.0,1970,106.28356385231018,16
11555.0,9759.0,8292.0,1989,107.17275905609131,16
7362.0,9751.0,12319.0,2059,109.74717092514038,16
7204.0,10071.0,12057.0,2065,109.97700095176697,16
7102.0,10449.0,11988.0,2065,109.97703194618225,16
12313.0,9740.0,7856.0,2118,111.55608701705933,16
12045.0,10499.0,7474.0,2138,111.74713587760925,16
7288.0,11042.0,11371.0,2202,113.3598198890686,16
7298.0,10023.0,11965.0,2207,113.45565795898438,16
7192.0,9958.0,12063.0,2244,114.19945406913757,16
7090.0,10336.0,11994.0,2244,114.19948196411133,16
11832.0,9836.0,7811.0,2355,118.02218008041382,17
11808.0,9246.0,8380.0,2355,118.0222110748291,17
11806.0,9381.0,8407.0,2360,118.72658896446228,17
11830.0,9971.0,7838.0,2360,118.72673296928406,17
11573.0,9984.0,8015.0,2360,118.72687792778015,17
12419.0,9186.0,8139.0,2364,119.15208601951599,17
11699.0,10538.0,7454.0,2750,128.1903600692749,18
11442.0,10551.0,7631.0,2750,128.19041991233826,18
11849.0,10001.0,7706.0,2751,128.2537488937378,18
11582.0,10299.0,7878.0,2753,128.4073839187622,18
11325.0,10312.0,8055.0,2753,128.4074878692627,18
12017.0,10038.0,7626.0,2755,128.61390590667725,18
11405.0,9947.0,8095.0,2761,129.10022497177124,18
11687.0,10269.0,7732.0,2761,129.10024690628052,18
7019.0,10229.0,12165.0,2849,132.98521208763123,18
12111.0,10316.0,7406.0,3109,138.49612307548523,19
12087.0,9726.0,7975.0,3109,138.49616599082947,19
11854.0,10329.0,7583.0,3109,138.49630188941956,19
11976.0,9283.0,8300.0,3116,138.9838149547577,19
11195.0,10301.0,8140.0,3123,139.55127692222595,19
11662.0,9934.0,7918.0,3124,139.64686489105225,19
10943.0,10148.0,8355.0,3124,139.64690685272217,19
11133.0,9917.0,8390.0,3124,139.6469168663025,19
11629.0,9763.0,8133.0,3125,139.72357201576233,19
11318.0,10119.0,8205.0,3131,140.12723994255066,19
6827.0,10281.0,13378.0,3214,142.60816287994385,19
7121.0,9851.0,12234.0,3215,142.64012503623962,19
11447.0,9842.0,8421.0,3430,146.90398287773132,20
11685.0,9574.0,8392.0,3437,147.53022503852844,20
11576.0,9691.0,8407.0,3439,147.70064496994019,20
11320.0,9984.0,8178.0,3446,148.10984206199646,20
10913.0,10534.0,8103.0,3447,148.18207001686096,20
11470.0,10507.0,7892.0,3465,149.38738799095154,20
11150.0,10082.0,8285.0,3470,149.7204668521881,20
11998.0,9776.0,8072.0,3773,158.1208529472351,21
12084.0,9615.0,8075.0,3798,159.44886994361877,21
11140.0,10184.0,8307.0,3805,159.7993459701538,21
10923.0,10484.0,8154.0,3808,159.94682002067566,21
11323.0,10447.0,8082.0,3818,160.3860149383545,21
6978.0,10392.0,12110.0,3884,162.16931986808777,21
11571.0,10531.0,7887.0,4036,164.80141186714172,22
11170.0,10521.0,7926.0,4077,166.86428308486938,22
11074.0,10528.0,8018.0,4077,166.86433601379395,22
12279.0,10353.0,7326.0,4099,167.85349798202515,22
11493.0,10349.0,7975.0,4101,167.93289399147034,22
12022.0,10366.0,7503.0,4101,167.93290400505066,22
11371.0,9848.0,8415.0,4117,168.68319988250732,22
11578.0,10507.0,7881.0,4133,169.3826858997345,22
11155.0,10410.0,8162.0,4146,169.86780786514282,22
12543.0,9732.0,7704.0,4188,171.3975338935852,22
11534.0,9927.0,8351.0,4354,174.15517497062683,23
11682.0,10275.0,7847.0,4397,175.99433493614197,23
11728.0,10422.0,7610.0,4492,179.35878801345825,23
11419.0,10489.0,7974.0,4496,179.47154808044434,23
11218.0,10354.0,8107.0,4507,180.0078480243683,23
11580.0,10434.0,7905.0,4526,180.75623106956482,23
7080.0,10014.0,12179.0,4576,181.96464705467224,23
11599.0,10464.0,7773.0,4730,185.22583103179932,24
11726.0,9746.0,8367.0,4771,186.59554195404053,24
12000.0,9873.0,7731.0,4782,186.9908640384674,24
11707.0,9933.0,7933.0,4834,188.42253708839417,24
11259.0,10507.0,7985.0,4836,188.46233797073364,24
11937.0,10140.0,7657.0,5040,192.6335060596466,25
12170.0,9537.0,8049.0,5332,198.8763508796692,26
12194.0,10127.0,7480.0,5338,198.96297597885132,26
11159.0,10514.0,8040.0,5922,209.76615595817566,28
