z1,z2,z3,node,time,depth
-8298.0,-8593.0,-7091.0,2,0.0016341209411621094,2
-7891.0,-8574.0,-7932.0,5,0.0034990310668945312,3
-7994.0,-8587.0,-7795.0,5,0.0034999847412109375,3
-8195.0,-8580.0,-7228.0,9,0.005897998809814453,4
-8507.0,-8136.0,-7219.0,13,0.008162975311279297,4
-7994.0,-8682.0,-7688.0,32,0.018178939819335938,6
-8610.0,-8244.0,-6975.0,184,0.07371711730957031,9
-8507.0,-8231.0,-7112.0,212,0.0829310417175293,9
-8306.0,-8238.0,-7679.0,256,0.09549903869628906,10
-8203.0,-8225.0,-7816.0,268,0.09850811958312988,10
-8306.0,-8333.0,-7572.0,278,0.10111308097839355,10
