z1,z2,z3,node,time,depth
6972.0,7102.0,7382.0,1,0.04673910140991211,1
8392.0,7411.0,6274.0,1,0.046749114990234375,1
5648.0,8802.0,7988.0,1,0.04677009582519531,1
9661.0,6024.0,11743.0,1,0.046781063079833984,1
6978.0,6494.0,7974.0,1,0.046874046325683594,1
5748.0,6295.0,10185.0,1,0.0469059944152832,1
5664.0,8156.0,12523.0,3,0.11724996566772461,2
7311.0,7808.0,7087.0,4,0.14989709854125977,3
6847.0,6706.0,8652.0,4,0.14997196197509766,3
5711.0,8230.0,12489.0,15,0.5418729782104492,5
9967.0,6115.0,11310.0,27,0.9982349872589111,6
8503.0,6912.0,7827.0,27,0.9982500076293945,6
7753.0,6960.0,7899.0,41,1.4958250522613525,7
9443.0,6160.0,11710.0,63,2.249746084213257,8
9749.0,6251.0,11277.0,82,2.9201810359954834,9
9784.0,6206.0,11582.0,154,5.125312089920044,12
