z1,z2,z3,node,time,depth
-18637.0,-17015.0,-19702.0,14,0.011558055877685547,4
-19394.0,-16067.0,-20570.0,65,0.04332709312438965,7
-19935.0,-16100.0,-19760.0,71,0.05266594886779785,7
-20395.0,-15721.0,-19564.0,83,0.06196999549865723,7
-18703.0,-16891.0,-18982.0,103,0.07315206527709961,7
-20173.0,-15861.0,-20375.0,177,0.11569499969482422,8
-18162.0,-17121.0,-18864.0,229,0.14367198944091797,8
-18859.0,-16875.0,-18891.0,229,0.14367413520812988,8
-19508.0,-16197.0,-20240.0,242,0.15061593055725098,9
-19329.0,-16234.0,-20200.0,243,0.15137910842895508,9
-18979.0,-16353.0,-20401.0,389,0.23533892631530762,9
-19923.0,-16064.0,-20437.0,424,0.25730013847351074,10
-19767.0,-16227.0,-19338.0,432,0.26228809356689453,10
-20145.0,-15924.0,-19626.0,632,0.39316701889038086,11
-19545.0,-16367.0,-20149.0,640,0.39885807037353516,11
-19912.0,-15523.0,-20543.0,656,0.4089670181274414,11
-20383.0,-15685.0,-20241.0,660,0.41123104095458984,11
-20005.0,-15988.0,-19953.0,668,0.4168701171875,11
-19567.0,-15995.0,-20815.0,679,0.42357802391052246,11
-19557.0,-16403.0,-19472.0,840,0.526418924331665,12
-20017.0,-16024.0,-19276.0,856,0.5360009670257568,12
-19078.0,-15761.0,-20899.0,870,0.5438470840454102,12
-19171.0,-16226.0,-20309.0,880,0.5501179695129395,12
-19746.0,-15958.0,-20855.0,888,0.5549991130828857,12
-18691.0,-16855.0,-19659.0,926,0.5792529582977295,12
-19212.0,-16747.0,-20248.0,954,0.5967340469360352,12
-19672.0,-16368.0,-20052.0,958,0.5991981029510498,12
-18600.0,-16845.0,-19793.0,972,0.6077051162719727,12
-19795.0,-16164.0,-20087.0,1058,0.6656129360198975,13
-18224.0,-16249.0,-20409.0,1094,0.6891751289367676,13
-18892.0,-16446.0,-20365.0,1100,0.6921350955963135,13
-18838.0,-16606.0,-20408.0,1112,0.7003610134124756,13
-19434.0,-16607.0,-19437.0,1128,0.7097339630126953,13
-19132.0,-15601.0,-20856.0,1174,0.7367820739746094,14
-19462.0,-16544.0,-20186.0,1214,0.7631850242614746,14
-19224.0,-16783.0,-19571.0,1224,0.7698309421539307,14
-19684.0,-16404.0,-19375.0,1230,0.7737679481506348,14
-18737.0,-16853.0,-19410.0,1268,0.8001189231872559,15
-19957.0,-15974.0,-20493.0,1272,0.803023099899292,16
