z1,z2,z3,node,time,depth
-8977.0,-9861.0,-8097.0,1,0.0622560977935791,1
-10212.0,-9199.0,-6112.0,1,0.062394142150878906,1
-10809.0,-7732.0,-6670.0,1,0.06241917610168457,1
-10561.0,-8213.0,-7777.0,1,0.06248116493225098,1
-5803.0,-10779.0,-6759.0,1,0.06288599967956543,1
-7260.0,-10748.0,-6473.0,1,0.06293702125549316,1
-9215.0,-10167.0,-5981.0,1,0.06295299530029297,1
-8092.0,-9935.0,-8513.0,1,0.06301498413085938,1
-11116.0,-6632.0,-7002.0,1,0.06306815147399902,1
-9956.0,-7132.0,-9447.0,1,0.06322097778320312,1
-10688.0,-7186.0,-8175.0,1,0.06357502937316895,1
-7609.0,-9417.0,-9646.0,1,0.06363296508789062,1
-10573.0,-6855.0,-8515.0,1,0.06366395950317383,1
-9427.0,-5441.0,-9983.0,2,0.12648296356201172,2
-9833.0,-7079.0,-9592.0,3,0.19191908836364746,2
-10438.0,-8160.0,-7922.0,3,0.19201397895812988,2
-10018.0,-9011.0,-7622.0,3,0.19202613830566406,2
-9092.0,-10114.0,-6126.0,3,0.19221901893615723,2
-10004.0,-8971.0,-7774.0,3,0.19237709045410156,2
-8172.0,-9995.0,-8277.0,3,0.19247817993164062,2
-8428.0,-9959.0,-8200.0,3,0.19268107414245605,2
-10480.0,-5755.0,-8736.0,4,0.284365177154541,3
-10606.0,-6102.0,-8528.0,4,0.28436899185180664,3
-5600.0,-10666.0,-7140.0,4,0.2854299545288086,3
-7732.0,-9470.0,-9501.0,5,0.36342811584472656,3
-8551.0,-10012.0,-8055.0,5,0.3635270595550537,3
-8295.0,-10048.0,-8132.0,5,0.3635420799255371,3
-10089.0,-9146.0,-6257.0,6,0.4301941394805908,3
-10686.0,-7679.0,-6815.0,6,0.4302401542663574,3
-9304.0,-5388.0,-10128.0,6,0.43026208877563477,3
-5680.0,-10726.0,-6904.0,6,0.4304239749908447,3
-6433.0,-10483.0,-7671.0,7,0.5027029514312744,3
-7248.0,-8902.0,-10190.0,7,0.5027191638946533,3
-7812.0,-9530.0,-9265.0,7,0.5033221244812012,3
-6946.0,-10109.0,-8348.0,8,0.5739431381225586,4
-8348.0,-9899.0,-8436.0,8,0.574113130569458,4
-9294.0,-9738.0,-7760.0,8,0.5742471218109131,4
-6493.0,-9879.0,-8872.0,8,0.5744590759277344,4
-8289.0,-9013.0,-9701.0,9,0.645190954208374,4
-8721.0,-9897.0,-8174.0,9,0.6453940868377686,4
-9564.0,-9760.0,-6089.0,10,0.7237110137939453,4
-9168.0,-8001.0,-9615.0,11,0.8046810626983643,4
-9014.0,-9545.0,-8448.0,11,0.8048501014709473,4
-10212.0,-8620.0,-7669.0,11,0.8048961162567139,4
-8552.0,-10365.0,-6747.0,11,0.8050031661987305,4
-8585.0,-8159.0,-10048.0,13,0.9811000823974609,4
-9045.0,-7948.0,-9760.0,13,0.9811341762542725,4
-8891.0,-9492.0,-8593.0,13,0.9813010692596436,4
-8429.0,-10312.0,-6892.0,13,0.9814600944519043,4
-8003.0,-10463.0,-6850.0,15,1.188474178314209,4
-9524.0,-5620.0,-9810.0,16,1.2860500812530518,5
-9154.0,-7849.0,-9823.0,17,1.3718481063842773,5
-8694.0,-8060.0,-10111.0,17,1.3719651699066162,5
-9593.0,-7387.0,-9547.0,17,1.3719711303710938,5
-10006.0,-8380.0,-8325.0,17,1.3721771240234375,5
-9973.0,-8391.0,-8377.0,17,1.372192144393921,5
-10371.0,-8523.0,-7067.0,17,1.3725559711456299,5
-9863.0,-7503.0,-9262.0,20,1.6522080898284912,5
-10256.0,-7406.0,-8578.0,20,1.652467966079712,5
-10342.0,-8237.0,-7800.0,20,1.6524829864501953,5
-9517.0,-7594.0,-9723.0,21,1.7508411407470703,5
-9057.0,-7805.0,-10011.0,21,1.7509751319885254,5
-9363.0,-9138.0,-8556.0,21,1.751258134841919,5
-8901.0,-9958.0,-6855.0,21,1.751526117324829,5
-9308.0,-9796.0,-6166.0,22,1.846851110458374,5
-6903.0,-10476.0,-7379.0,22,1.8472621440887451,5
-10305.0,-8249.0,-7854.0,22,1.8474900722503662,5
-9581.0,-8994.0,-8393.0,23,1.9502620697021484,5
-9091.0,-9641.0,-7983.0,23,1.950592041015625,5
-10179.0,-8631.0,-7721.0,23,1.9506280422210693,5
-9773.0,-9082.0,-7945.0,23,1.9506311416625977,5
-9740.0,-7450.0,-9407.0,24,2.0690109729766846,5
-10133.0,-7353.0,-8723.0,24,2.069272041320801,5
-10219.0,-8184.0,-7945.0,24,2.0692880153656006,5
-9394.0,-7541.0,-9868.0,25,2.216850996017456,5
-8934.0,-7752.0,-10156.0,25,2.216984987258911,5
-7934.0,-6628.0,-10483.0,25,2.2172319889068604,5
-9240.0,-9085.0,-8701.0,25,2.2172691822052,5
-6780.0,-10423.0,-7524.0,26,2.3222639560699463,5
-10182.0,-8196.0,-7999.0,26,2.3224899768829346,5
-8968.0,-9588.0,-8128.0,27,2.456068992614746,5
-10228.0,-7280.0,-8763.0,29,2.706757068634033,5
-10036.0,-7192.0,-9211.0,29,2.7071001529693604,5
-8378.0,-9346.0,-9434.0,33,3.1433091163635254,6
-9673.0,-8117.0,-9246.0,33,3.143449068069458,6
-9580.0,-8488.0,-9061.0,33,3.1434621810913086,6
-9613.0,-8477.0,-9009.0,33,3.143465042114258,6
-9657.0,-9366.0,-6660.0,37,3.521149158477783,6
-10022.0,-8930.0,-6959.0,37,3.5216400623321533,6
-7149.0,-10222.0,-7967.0,40,3.785853147506714,6
-6696.0,-9992.0,-8491.0,40,3.7859599590301514,6
-9924.0,-8911.0,-8010.0,41,3.895493984222412,6
-9938.0,-8951.0,-7858.0,41,3.8957290649414062,6
-10683.0,-5868.0,-8355.0,42,4.024739027023315,6
-10809.0,-6215.0,-8147.0,42,4.02475118637085,6
-10017.0,-8540.0,-8195.0,43,4.134582996368408,6
-7785.0,-9660.0,-8993.0,44,4.2657310962677,6
-6893.0,-10258.0,-8044.0,45,4.419931173324585,6
-8492.0,-9126.0,-9320.0,45,4.419955015182495,6
-7180.0,-10688.0,-6709.0,47,4.631587028503418,6
-7923.0,-10403.0,-7086.0,47,4.631868124008179,6
-7026.0,-10169.0,-8112.0,48,4.746433973312378,6
-10686.0,-6162.0,-8292.0,50,4.980981111526489,6
-7662.0,-9607.0,-9138.0,52,5.20840311050415,6
-6770.0,-10205.0,-8189.0,53,5.3144659996032715,6
-7057.0,-10635.0,-6854.0,55,5.524896144866943,6
-7800.0,-10350.0,-7231.0,55,5.525175094604492,6
-8388.0,-9564.0,-8769.0,64,6.593130111694336,7
-9361.0,-9647.0,-6470.0,65,6.665348052978516,7
-9267.0,-8568.0,-9470.0,67,6.9195311069488525,7
-9706.0,-8106.0,-9194.0,67,6.919753074645996,7
-8918.0,-8975.0,-9362.0,73,7.404921054840088,7
-9324.0,-8524.0,-9138.0,73,7.405126094818115,7
-9357.0,-8513.0,-9086.0,73,7.40513014793396,7
-8361.0,-9432.0,-9162.0,81,8.023760080337524,7
-9272.0,-8917.0,-9046.0,81,8.023812055587769,7
-8041.0,-9624.0,-8916.0,83,8.23294711112976,7
-8964.0,-8176.0,-9826.0,83,8.232967138290405,7
-9424.0,-7965.0,-9538.0,83,8.233412981033325,7
-9825.0,-8452.0,-8643.0,87,8.833072185516357,7
-9463.0,-7354.0,-9787.0,87,8.833218097686768,7
-9674.0,-8623.0,-8578.0,89,9.045314073562622,7
-10272.0,-8260.0,-7906.0,89,9.045835971832275,7
-9866.0,-8711.0,-8130.0,89,9.045839071273804,7
-4984.0,-10237.0,-8205.0,90,9.15578818321228,7
-5793.0,-10561.0,-7424.0,93,9.505985021591187,7
-7422.0,-10298.0,-7550.0,93,9.506441116333008,7
-7309.0,-10440.0,-7444.0,95,9.723839044570923,7
-8238.0,-9379.0,-9307.0,97,9.908923149108887,7
-7918.0,-9571.0,-9061.0,99,10.093131065368652,7
-8841.0,-8123.0,-9971.0,99,10.093147039413452,7
-9301.0,-7912.0,-9683.0,99,10.09349513053894,7
-9340.0,-7301.0,-9932.0,103,10.524357080459595,7
-4861.0,-10184.0,-8350.0,106,10.83047604560852,7
-5670.0,-10508.0,-7569.0,109,11.114052057266235,7
-7299.0,-10245.0,-7695.0,109,11.114509105682373,7
-7186.0,-10387.0,-7589.0,111,11.301257133483887,7
-10946.0,-5745.0,-7860.0,115,11.734169960021973,7
-10765.0,-6943.0,-8067.0,115,11.734621047973633,7
-9822.0,-7731.0,-8987.0,116,11.876732110977173,7
-9504.0,-8025.0,-9302.0,117,11.958680152893066,7
-9943.0,-7563.0,-9026.0,119,12.182584047317505,7
-7389.0,-10500.0,-7208.0,123,12.633543014526367,7
-9160.0,-9025.0,-8937.0,131,13.273147106170654,8
-7575.0,-10071.0,-8009.0,132,13.38313603401184,8
-8311.0,-8375.0,-10130.0,133,13.492053985595703,8
-7996.0,-6978.0,-10429.0,133,13.492272138595581,8
-9213.0,-8328.0,-9534.0,135,13.655691146850586,8
-7606.0,-10537.0,-6751.0,144,14.202394962310791,8
-7848.0,-10147.0,-7592.0,146,14.417636156082153,8
-8235.0,-8773.0,-9765.0,147,14.515869140625,8
-9355.0,-9684.0,-6854.0,155,15.080624103546143,8
-9038.0,-9807.0,-7191.0,155,15.080651044845581,8
-10055.0,-7591.0,-8814.0,167,15.990766048431396,8
-9930.0,-8587.0,-8501.0,169,16.17705512046814,8
-10122.0,-8675.0,-8053.0,169,16.177124977111816,8
-10528.0,-8224.0,-7829.0,169,16.177128076553345,8
-9607.0,-7209.0,-9614.0,173,16.5205020904541,8
-9936.0,-8318.0,-8522.0,173,16.520631074905396,8
-10349.0,-7035.0,-8763.0,174,16.614228010177612,8
-10541.0,-7123.0,-8315.0,174,16.614447116851807,8
-10375.0,-7856.0,-8246.0,175,16.715660095214844,8
-10909.0,-7258.0,-6979.0,184,17.372202157974243,8
-10986.0,-7015.0,-6871.0,184,17.372205018997192,8
-10053.0,-9293.0,-5815.0,185,17.450481176376343,8
-5921.0,-10594.0,-7023.0,186,17.5737521648407,8
-9484.0,-7156.0,-9759.0,205,19.238195180892944,8
-9813.0,-8265.0,-8667.0,205,19.23831009864807,8
-10226.0,-6982.0,-8908.0,206,19.321829080581665,8
-10252.0,-7803.0,-8391.0,207,19.416605949401855,8
-5798.0,-10541.0,-7168.0,218,20.222891092300415,8
-9336.0,-9570.0,-7660.0,228,20.97455596923828,8
-9322.0,-9530.0,-7812.0,228,20.97455906867981,8
-9653.0,-9447.0,-7323.0,228,20.974722146987915,8
-9517.0,-6924.0,-9788.0,232,21.508056163787842,8
-8753.0,-6877.0,-10414.0,232,21.50807499885559,8
-8508.0,-7903.0,-10114.0,233,21.582051038742065,8
-9789.0,-7742.0,-9039.0,233,21.582111120224,8
-9137.0,-7865.0,-9775.0,233,21.582231998443604,8
-9597.0,-7654.0,-9487.0,233,21.582237005233765,8
-5064.0,-10297.0,-7969.0,242,22.373780012130737,8
-9659.0,-9302.0,-8059.0,256,23.390181064605713,9
-8941.0,-9049.0,-8960.0,261,23.64383602142334,9
-9487.0,-8130.0,-9217.0,264,23.86022114753723,9
-8545.0,-8977.0,-9624.0,265,23.93256902694702,9
-9174.0,-8939.0,-9285.0,265,23.932587146759033,9
-7089.0,-9805.0,-8750.0,267,24.10349202156067,9
-8798.0,-7927.0,-10081.0,269,24.21523904800415,9
-9567.0,-8842.0,-8601.0,273,24.46083116531372,9
-9403.0,-9338.0,-8136.0,288,24.92525315284729,9
-9038.0,-9774.0,-7837.0,288,24.925356149673462,9
-6690.0,-10145.0,-8425.0,294,25.43155312538147,9
-8547.0,-10016.0,-7171.0,310,25.98630118370056,9
-9345.0,-9784.0,-6112.0,321,26.32682514190674,9
-8397.0,-8727.0,-9881.0,331,26.949133157730103,9
-9414.0,-9481.0,-7262.0,332,27.01901412010193,9
-9573.0,-9387.0,-7559.0,332,27.01922607421875,9
-8641.0,-9547.0,-8710.0,333,27.10333013534546,9
-9370.0,-7725.0,-9602.0,335,27.300121068954468,9
-9709.0,-7682.0,-9275.0,345,27.83362913131714,9
-9742.0,-7671.0,-9223.0,345,27.833806037902832,9
-10133.0,-5616.0,-9179.0,347,27.960838079452515,9
-10148.0,-7220.0,-8999.0,349,28.080646991729736,9
-9028.0,-9585.0,-8296.0,354,28.319369077682495,9
-9385.0,-9892.0,-5701.0,368,28.943217039108276,9
-9371.0,-9852.0,-5853.0,370,29.131214141845703,9
-7927.0,-10129.0,-7418.0,373,29.37250304222107,9
-8728.0,-8732.0,-9717.0,388,30.2055561542511,9
-8274.0,-8674.0,-10026.0,395,30.615918159484863,9
-8518.0,-9494.0,-8855.0,397,30.75015616416931,9
-5117.0,-10148.0,-8273.0,398,30.85518717765808,9
-9807.0,-8534.0,-8646.0,401,31.083482027053833,9
-9999.0,-8622.0,-8198.0,401,31.08373713493347,9
-10405.0,-8171.0,-7974.0,401,31.08388113975525,9
-9078.0,-7937.0,-9708.0,425,32.16751217842102,9
-10447.0,-6508.0,-8723.0,452,33.61086297035217,9
-10639.0,-6596.0,-8275.0,452,33.61099314689636,9
-10429.0,-7095.0,-8527.0,453,33.69321298599243,9
-10336.0,-7466.0,-8342.0,457,33.82896399497986,9
-10528.0,-7554.0,-7894.0,457,33.82915496826172,9
-8728.0,-9922.0,-7591.0,458,33.88866209983826,9
-9576.0,-7403.0,-9499.0,473,34.89001107215881,9
-10020.0,-7320.0,-8918.0,479,35.159850120544434,9
-8168.0,-9537.0,-8878.0,521,36.82318615913391,10
-9727.0,-8474.0,-8882.0,525,37.01390314102173,10
-8705.0,-8298.0,-9896.0,531,37.29320216178894,10
-8811.0,-9432.0,-8829.0,573,38.49735713005066,10
-9108.0,-9555.0,-8255.0,574,38.55587196350098,10
-6700.0,-10363.0,-7760.0,578,38.77805805206299,10
-7329.0,-10325.0,-7421.0,578,38.77805995941162,10
-6833.0,-9841.0,-8827.0,582,38.92674112319946,10
-7219.0,-10185.0,-7931.0,583,38.986499071121216,10
-9471.0,-8510.0,-8959.0,599,39.40025210380554,10
-7933.0,-10053.0,-7529.0,611,39.67649602890015,10
-9286.0,-8957.0,-8894.0,634,40.28373718261719,10
-8748.0,-9090.0,-9243.0,635,40.355600118637085,10
-7678.0,-9230.0,-9565.0,649,40.91582012176514,10
-9804.0,-8240.0,-8709.0,659,41.421929121017456,10
-8734.0,-9176.0,-8895.0,675,41.91036415100098,10
-10033.0,-6889.0,-9339.0,685,42.24768304824829,10
-9530.0,-9758.0,-6150.0,723,43.68446707725525,10
-6422.0,-10699.0,-6559.0,749,45.10370206832886,10
-10913.0,-6631.0,-7327.0,753,45.20175313949585,10
-8555.0,-9256.0,-8970.0,764,45.61874508857727,10
-9085.0,-5412.0,-10151.0,774,46.02163910865784,10
-7555.0,-9177.0,-9710.0,777,46.17483901977539,10
-8611.0,-9123.0,-9040.0,803,47.05223202705383,10
-9910.0,-6836.0,-9484.0,813,47.33738303184509,10
-9407.0,-9705.0,-6295.0,851,48.12580418586731,10
-7984.0,-10074.0,-7426.0,857,48.47389817237854,10
-9494.0,-9541.0,-7026.0,896,49.389283180236816,10
-9057.0,-7135.0,-10076.0,915,50.51225805282593,10
-9752.0,-8931.0,-8244.0,1010,54.107527017593384,11
-9387.0,-9367.0,-7945.0,1010,54.10757303237915,11
-9120.0,-8699.0,-9349.0,1039,55.37660098075867,11
-8491.0,-8737.0,-9688.0,1039,55.376609086990356,11
-9187.0,-7838.0,-9771.0,1072,56.954039096832275,11
-9100.0,-7609.0,-9887.0,1073,57.00630497932434,11
-6942.0,-9973.0,-8601.0,1139,58.97613501548767,11
-7319.0,-10107.0,-8086.0,1142,59.16986012458801,11
-5590.0,-10448.0,-7805.0,1148,59.4124391078949,11
-10763.0,-7131.0,-7383.0,1171,59.99810004234314,11
-7918.0,-10054.0,-7510.0,1185,60.266525983810425,11
-8313.0,-8034.0,-10220.0,1248,62.34765601158142,11
-9457.0,-7954.0,-9486.0,1258,63.02392506599426,11
-9940.0,-7260.0,-9154.0,1263,63.26892614364624,11
-9540.0,-7111.0,-9679.0,1321,65.22446513175964,11
-10731.0,-7295.0,-7160.0,1329,65.46641707420349,11
-8612.0,-9925.0,-7795.0,1342,65.794193983078,11
-7946.0,-10125.0,-7353.0,1387,66.85984396934509,11
-7548.0,-10753.0,-4968.0,1392,67.13742208480835,11
-7809.0,-10650.0,-6370.0,1398,67.64606595039368,11
-7432.0,-10516.0,-6885.0,1399,67.78386497497559,11
-7762.0,-8473.0,-10233.0,1482,70.64444994926453,11
-8190.0,-7981.0,-10365.0,1486,70.89018106460571,11
-9334.0,-7901.0,-9631.0,1498,71.56104111671448,11
-9817.0,-7207.0,-9299.0,1503,71.79757118225098,11
-9846.0,-8254.0,-8615.0,1541,72.92082095146179,11
-8262.0,-9530.0,-8932.0,1567,73.58749008178711,11
-7686.0,-10597.0,-6515.0,1628,75.11576294898987,11
-7525.0,-9758.0,-8802.0,1681,76.50243496894836,11
-6999.0,-10851.0,-5071.0,1840,81.48905801773071,11
-6385.0,-10888.0,-5429.0,1840,81.48915696144104,11
-6502.0,-10759.0,-6323.0,1841,81.54171109199524,11
-9508.0,-8498.0,-8905.0,1935,83.91686511039734,12
-10151.0,-7531.0,-8693.0,1939,84.18300199508667,12
-9454.0,-8141.0,-9269.0,1949,84.53081202507019,12
-9048.0,-8592.0,-9493.0,1949,84.53097915649414,12
-10893.0,-6748.0,-7514.0,2057,87.2335569858551,12
-9022.0,-5696.0,-10198.0,2079,87.52396607398987,12
-7241.0,-9909.0,-8681.0,2137,89.08160996437073,12
-9903.0,-8699.0,-8076.0,2257,91.51793718338013,12
-10309.0,-8248.0,-7852.0,2257,91.51794099807739,12
-8655.0,-9587.0,-8558.0,2326,93.29375410079956,12
-9301.0,-8625.0,-8840.0,2420,95.66234016418457,12
-10426.0,-6792.0,-8655.0,2434,95.90426707267761,12
-10249.0,-7509.0,-8454.0,2435,95.94792199134827,12
-10067.0,-9333.0,-5663.0,2551,98.44218397140503,12
-10722.0,-7742.0,-6384.0,2561,99.03823018074036,12
-10895.0,-7218.0,-7131.0,2561,99.03830218315125,12
-10972.0,-6975.0,-7023.0,2561,99.0384750366211,12
-7778.0,-10537.0,-6637.0,2633,100.36395001411438,12
-7323.0,-10480.0,-7292.0,2633,100.36398005485535,12
-10186.0,-8195.0,-7997.0,2661,101.29955816268921,12
-9175.0,-7565.0,-9891.0,2713,102.39065408706665,12
-8715.0,-7776.0,-10179.0,2713,102.3906660079956,12
-9427.0,-7530.0,-9816.0,2814,104.95303297042847,12
-10303.0,-6739.0,-8800.0,2828,105.22025299072266,12
-10772.0,-7165.0,-7276.0,2943,107.54219508171082,12
-6859.0,-10332.0,-7713.0,2995,108.23038411140442,12
-9812.0,-8883.0,-8222.0,3063,109.84373807907104,12
-9024.0,-7146.0,-10128.0,3124,112.0456190109253,12
-6933.0,-7505.0,-10489.0,3131,112.2722520828247,12
-10113.0,-6949.0,-9103.0,3183,112.99482297897339,12
-7403.0,-10540.0,-7056.0,3298,114.82898211479187,12
-9601.0,-8127.0,-9090.0,3461,117.84661102294922,13
-9174.0,-9065.0,-8785.0,3462,117.87954616546631,13
-9673.0,-8234.0,-8946.0,3465,118.0238950252533,13
-10133.0,-8023.0,-8658.0,3465,118.02395701408386,13
-10230.0,-5795.0,-9006.0,3581,120.40754508972168,13
-10860.0,-6759.0,-7566.0,3671,121.4097900390625,13
-9324.0,-8641.0,-8838.0,3747,122.32430696487427,13
-9012.0,-10054.0,-6362.0,3755,122.60229110717773,13
-8349.0,-10252.0,-7128.0,3755,122.60248899459839,13
-9270.0,-9509.0,-8371.0,3969,125.77806997299194,13
-6639.0,-9834.0,-8828.0,4121,128.75423216819763,13
-10354.0,-7644.0,-8312.0,4152,129.1845359802246,13
-9757.0,-9111.0,-7754.0,4152,129.18463611602783,13
-9876.0,-8347.0,-8565.0,4153,129.24145913124084,13
-10336.0,-8136.0,-8277.0,4153,129.2415211200714,13
-11039.0,-6875.0,-7110.0,4154,129.3347201347351,13
-11102.0,-6592.0,-7154.0,4155,129.38681316375732,13
-9481.0,-6862.0,-9822.0,4233,130.76013112068176,13
-9550.0,-7583.0,-9671.0,4244,130.8758089542389,13
-9953.0,-5029.0,-9451.0,4295,131.56469202041626,13
-10389.0,-7896.0,-8094.0,4318,131.86837100982666,13
-10080.0,-8172.0,-8354.0,4365,132.81904006004333,13
-7317.0,-10163.0,-7692.0,4445,133.7165150642395,13
-9895.0,-9322.0,-6449.0,4455,134.03543305397034,13
-10385.0,-8675.0,-6859.0,4455,134.03560495376587,13
-7952.0,-10442.0,-6953.0,4461,134.29618310928345,13
-7913.0,-10089.0,-7570.0,4496,135.38861417770386,13
-6277.0,-10833.0,-6110.0,4578,136.25874710083008,13
-9103.0,-9950.0,-6185.0,4587,136.36493802070618,13
-9147.0,-9456.0,-8516.0,4601,136.8298041820526,13
-6931.0,-7846.0,-10399.0,4699,138.48893308639526,13
-7447.0,-7076.0,-10532.0,4699,138.4889371395111,13
-9121.0,-7325.0,-9955.0,4703,138.57548213005066,13
-9614.0,-7103.0,-9615.0,4703,138.5755250453949,13
-8099.0,-8770.0,-10056.0,4711,138.78217816352844,13
-9753.0,-8294.0,-8710.0,4779,140.0972421169281,13
-10213.0,-8083.0,-8422.0,4779,140.0972981452942,13
-10979.0,-6539.0,-7299.0,4781,140.22409009933472,13
-9358.0,-6809.0,-9967.0,4849,141.11513996124268,13
-9957.0,-8119.0,-8499.0,4957,142.84846115112305,13
-7459.0,-10255.0,-7507.0,5110,144.88360214233398,13
-10455.0,-7916.0,-8010.0,5217,146.76309609413147,13
-10799.0,-6809.0,-7438.0,5297,148.58834409713745,13
-8840.0,-6927.0,-10158.0,5325,149.08825397491455,13
-9463.0,-6684.0,-9852.0,5438,150.39909505844116,13
-9947.0,-8036.0,-8629.0,5787,155.14825010299683,14
-10007.0,-7676.0,-8866.0,5793,155.28972601890564,14
-9133.0,-7598.0,-9835.0,6044,158.75858902931213,14
-7735.0,-10289.0,-7486.0,6209,160.21185517311096,14
-7865.0,-10090.0,-7658.0,6229,160.59070014953613,14
-7251.0,-10127.0,-8016.0,6229,160.59072518348694,14
-7851.0,-10050.0,-7810.0,6229,160.5907371044159,14
-5842.0,-10276.0,-7981.0,6291,161.12512111663818,14
-8411.0,-8767.0,-9729.0,6660,164.2007451057434,14
-8222.0,-8823.0,-9911.0,6661,164.23618912696838,14
-9403.0,-7714.0,-9550.0,6716,165.14054012298584,14
-9309.0,-8898.0,-8620.0,6737,165.29662799835205,14
-10210.0,-7789.0,-8485.0,6741,165.35565495491028,14
-9627.0,-7340.0,-9563.0,6885,166.80524897575378,14
-10214.0,-5691.0,-9132.0,6953,167.23726296424866,14
-9573.0,-7100.0,-9627.0,6961,167.2816560268402,14
-8385.0,-9583.0,-8787.0,7011,167.89409708976746,14
-7938.0,-10402.0,-7105.0,7221,169.98174905776978,14
-7814.0,-10271.0,-7312.0,7337,170.88949608802795,14
-9154.0,-7314.0,-9903.0,7534,172.85885500907898,14
-7359.0,-7354.0,-10531.0,7545,173.01452207565308,14
-9609.0,-8770.0,-8603.0,7559,173.18737316131592,14
-9830.0,-4976.0,-9596.0,7823,175.373309135437,14
-7815.0,-10349.0,-7250.0,8037,176.9570939540863,14
-10469.0,-7956.0,-7858.0,8252,179.39342617988586,14
-10823.0,-6806.0,-7513.0,8287,180.01716995239258,14
-10249.0,-7648.0,-8451.0,8365,181.26169204711914,14
-9630.0,-7643.0,-9435.0,8468,182.68779706954956,14
-10390.0,-8459.0,-6230.0,8789,185.94619607925415,14
-9561.0,-9122.0,-8399.0,8928,187.22379803657532,15
-9671.0,-8709.0,-8571.0,8967,187.81863617897034,15
-9067.0,-9396.0,-8752.0,8985,188.20684695243835,15
-10117.0,-7422.0,-8706.0,9047,188.76089000701904,15
-10040.0,-7665.0,-8814.0,9047,188.76090598106384,15
-8475.0,-9196.0,-9206.0,9088,189.33018612861633,15
-8158.0,-9319.0,-9543.0,9088,189.33019018173218,15
-7599.0,-10222.0,-7634.0,9605,194.3491280078888,15
-7749.0,-10329.0,-7334.0,9625,194.98686599731445,15
-7136.0,-9774.0,-8823.0,9771,196.42150712013245,15
-9877.0,-8059.0,-8735.0,9835,197.13137912750244,15
-10730.0,-7142.0,-7435.0,9851,197.32466101646423,15
-9732.0,-8823.0,-8458.0,10201,201.6824071407318,15
-10320.0,-7535.0,-8325.0,10307,203.0804901123047,15
-10243.0,-7778.0,-8433.0,10307,203.0805950164795,15
-10068.0,-8435.0,-8117.0,10332,203.3435251712799,15
-9496.0,-7343.0,-9735.0,10593,206.07466101646423,15
-6383.0,-9870.0,-8905.0,10813,208.4330050945282,15
-9208.0,-7554.0,-9839.0,11384,214.41189408302307,15
-9156.0,-5901.0,-10059.0,11729,217.97251105308533,15
-9373.0,-7290.0,-9880.0,11797,218.55199599266052,15
-6860.0,-9740.0,-8844.0,11941,220.3394980430603,15
-6260.0,-9817.0,-9050.0,11943,220.38470315933228,15
-10262.0,-8622.0,-7004.0,11997,220.79768204689026,15
-7641.0,-10444.0,-6934.0,12144,222.33613395690918,15
-10756.0,-7269.0,-7152.0,12365,224.8309760093689,15
-10701.0,-7609.0,-7084.0,12373,224.92825508117676,15
-10778.0,-7366.0,-6976.0,12373,224.9282841682434,15
-9059.0,-6903.0,-10135.0,12642,227.84828996658325,15
-9498.0,-6441.0,-9859.0,12790,228.78277206420898,15
-7858.0,-10597.0,-6401.0,12999,230.681312084198,15
-9654.0,-8751.0,-8584.0,13256,233.068852186203,16
-9914.0,-8047.0,-8681.0,13355,234.16572904586792,16
-8742.0,-8580.0,-9845.0,13424,234.87643814086914,16
-8594.0,-8432.0,-10017.0,13427,234.9118070602417,16
-9054.0,-8221.0,-9729.0,13427,234.91193914413452,16
-8825.0,-9472.0,-8677.0,14022,238.23501205444336,16
-8757.0,-9192.0,-8893.0,14023,238.25459003448486,16
-8666.0,-10129.0,-6791.0,14071,238.72189617156982,16
-7628.0,-10261.0,-7501.0,14093,239.03161311149597,16
-9910.0,-8048.0,-8683.0,14375,240.6597671508789,16
-9534.0,-7711.0,-9378.0,14883,243.95438694953918,16
-11025.0,-6835.0,-7262.0,14987,244.72005414962769,16
-10826.0,-5811.0,-7941.0,14987,244.72011017799377,16
-10658.0,-7796.0,-7192.0,14997,244.91513395309448,16
-9166.0,-5465.0,-10121.0,15189,246.43244004249573,16
-8399.0,-9623.0,-8635.0,15446,247.78380298614502,16
-9993.0,-9223.0,-6135.0,15671,249.08956503868103,16
-9311.0,-9782.0,-6173.0,15671,249.0897409915924,16
-9408.0,-9518.0,-7646.0,15784,250.00377202033997,16
-7202.0,-10412.0,-7459.0,15819,250.49584913253784,16
-7764.0,-10497.0,-6789.0,15994,251.33110904693604,16
-6253.0,-10575.0,-6927.0,15994,251.33113598823547,16
-7830.0,-6761.0,-10513.0,16295,253.2450110912323,16
-6516.0,-9781.0,-8973.0,16489,254.49667406082153,16
-10392.0,-8239.0,-7135.0,16551,254.9906940460205,16
-10246.0,-8072.0,-8370.0,16556,255.06560516357422,16
-10902.0,-6782.0,-7407.0,16561,255.2493760585785,16
-9189.0,-5890.0,-10007.0,16757,256.41057896614075,16
-9595.0,-5439.0,-9783.0,16833,256.7907781600952,16
-6996.0,-9807.0,-8696.0,17027,258.02459597587585,16
-8746.0,-10189.0,-6555.0,17089,258.4026701450348,16
-8270.0,-10406.0,-6595.0,17159,258.93715810775757,16
-10811.0,-7355.0,-6924.0,17550,261.24342799186707,16
-10785.0,-6769.0,-7590.0,17715,262.4386019706726,16
-9092.0,-6892.0,-10083.0,17904,263.4897780418396,16
-10193.0,-5842.0,-8953.0,18105,264.4705560207367,16
-8835.0,-9662.0,-8495.0,18512,266.76107001304626,17
-9184.0,-9157.0,-8620.0,18553,267.09354996681213,17
-9081.0,-9436.0,-8600.0,18614,267.5003900527954,17
-9013.0,-9156.0,-8816.0,18615,267.5155770778656,17
-8229.0,-8616.0,-10173.0,18754,268.25198698043823,17
-8648.0,-8672.0,-9953.0,18755,268.25589513778687,17
-9378.0,-8881.0,-8774.0,19425,271.6455020904541,17
-7454.0,-10356.0,-7185.0,19525,272.42206597328186,17
-9284.0,-9549.0,-8219.0,20018,274.8729531764984,17
-9216.0,-9269.0,-8435.0,20019,274.88824009895325,17
-9501.0,-7722.0,-9430.0,20462,277.34476017951965,17
-10342.0,-8816.0,-6243.0,20571,277.98393416404724,17
-10515.0,-8292.0,-6990.0,20571,277.9839770793915,17
-10369.0,-8125.0,-8225.0,20584,278.1200041770935,17
-10910.0,-6504.0,-7602.0,20597,278.2761940956116,17
-10866.0,-7399.0,-6363.0,20607,278.3857500553131,17
-11018.0,-5899.0,-7493.0,20609,278.4143121242523,17
-9969.0,-8307.0,-8470.0,20889,280.0628480911255,17
-10931.0,-6929.0,-7099.0,21591,285.0141580104828,17
-10780.0,-6887.0,-7471.0,21603,285.08498096466064,17
-7657.0,-10469.0,-6804.0,21627,285.2942199707031,17
-7802.0,-10335.0,-7253.0,21627,285.29427313804626,17
-7313.0,-10166.0,-7776.0,21694,285.6088111400604,17
-10787.0,-6451.0,-7747.0,22487,289.9508321285248,17
-9471.0,-7298.0,-9760.0,22708,290.77990102767944,17
-9417.0,-7058.0,-9824.0,22799,291.2156500816345,17
-7670.0,-10483.0,-6801.0,23177,293.2584230899811,17
-10770.0,-7309.0,-7000.0,23595,295.3841609954834,17
-10734.0,-7598.0,-7032.0,23625,295.72985196113586,17
-10856.0,-6795.0,-7461.0,23669,295.914724111557,17
-7764.0,-8132.0,-10323.0,23996,297.51043009757996,17
-9537.0,-8014.0,-9250.0,24073,298.0869150161743,17
-6116.0,-9907.0,-8767.0,24221,298.7014670372009,17
-9724.0,-8884.0,-8531.0,24780,301.6182210445404,18
-8615.0,-9635.0,-8604.0,24826,302.12427401542664,18
-8576.0,-9605.0,-8732.0,24827,302.12972497940063,18
-8669.0,-9234.0,-8917.0,24895,302.48860001564026,18
-8016.0,-9120.0,-9941.0,24970,302.9498801231384,18
-8688.0,-8340.0,-9909.0,24972,302.9594531059265,18
-8985.0,-8111.0,-9766.0,24973,302.962543964386,18
-8632.0,-8126.0,-10064.0,24978,303.0167510509491,18
-9085.0,-6082.0,-10086.0,25261,304.13781809806824,18
-9257.0,-7651.0,-9817.0,25350,304.67396998405457,18
-10822.0,-6722.0,-7643.0,25577,305.5424790382385,18
-10836.0,-6762.0,-7491.0,25577,305.54248213768005,18
-8579.0,-9698.0,-8572.0,25694,305.96890902519226,18
-8359.0,-9671.0,-8681.0,25708,306.0209221839905,18
-8320.0,-9641.0,-8809.0,25709,306.02542901039124,18
-8083.0,-10318.0,-6846.0,25823,306.8384630680084,18
-8204.0,-10386.0,-6679.0,25837,306.9169180393219,18
-10586.0,-7848.0,-7182.0,26214,308.6000430583954,18
-10677.0,-7645.0,-6922.0,26219,308.6312770843506,18
-10600.0,-7888.0,-7030.0,26219,308.6313099861145,18
-10692.0,-7105.0,-7512.0,26269,308.8480441570282,18
-8818.0,-9748.0,-8223.0,26394,309.3447940349579,18
-8779.0,-9718.0,-8351.0,26395,309.3495681285858,18
-8851.0,-8785.0,-9572.0,26539,310.15355610847473,18
-8074.0,-9660.0,-8699.0,26643,310.70143699645996,18
-9390.0,-7856.0,-9551.0,26751,311.3513250350952,18
-9505.0,-8187.0,-9211.0,26751,311.35145807266235,18
-10163.0,-8660.0,-7530.0,27038,313.87186312675476,18
-10446.0,-7882.0,-8117.0,27039,313.9134430885315,18
-9946.0,-9154.0,-6627.0,27161,315.0660150051117,18
-10176.0,-6263.0,-8916.0,27407,316.16527795791626,18
-9597.0,-9561.0,-6519.0,28269,320.6580150127411,18
-8695.0,-9695.0,-8368.0,28572,322.0409631729126,18
-8656.0,-9665.0,-8496.0,28573,322.0491271018982,18
-9298.0,-8322.0,-9332.0,28686,322.46736097335815,18
-8918.0,-7880.0,-9863.0,29091,324.12104511260986,18
-9102.0,-5661.0,-10123.0,29505,326.3913240432739,18
-8439.0,-9731.0,-8445.0,29620,327.216835975647,18
-8400.0,-9701.0,-8573.0,29621,327.2225811481476,18
-10693.0,-7552.0,-7108.0,30399,332.47494411468506,18
-8326.0,-6403.0,-10426.0,30835,334.73455715179443,18
-9552.0,-6681.0,-9795.0,30914,335.07344102859497,18
-6343.0,-10853.0,-6026.0,31351,337.2640731334686,18
-7410.0,-10760.0,-5183.0,31413,337.54200410842896,18
-9102.0,-9398.0,-8663.0,31620,338.5848550796509,19
-9467.0,-9214.0,-8507.0,31621,338.59206199645996,19
-9195.0,-9027.0,-8848.0,31682,339.04948711395264,19
-9560.0,-8843.0,-8692.0,31683,339.0541160106659,19
-9540.0,-9160.0,-8336.0,31754,339.5627510547638,19
-8838.0,-9252.0,-8846.0,31760,339.60755014419556,19
-9400.0,-8773.0,-8696.0,31804,339.85002303123474,19
-9107.0,-8396.0,-9689.0,31920,340.5165550708771,19
-8104.0,-9079.0,-9607.0,31929,340.6103529930115,19
-10840.0,-7020.0,-7415.0,32555,343.7306270599365,19
-8846.0,-9434.0,-8740.0,32668,344.1117250919342,19
-9211.0,-9250.0,-8584.0,32669,344.117427110672,19
-10567.0,-7899.0,-7082.0,33246,347.058452129364,19
-9743.0,-9273.0,-7955.0,33418,347.9689750671387,19
-8945.0,-8693.0,-9464.0,33574,348.5749740600586,19
-8529.0,-8227.0,-10035.0,33750,349.4779381752014,19
-8189.0,-9786.0,-8562.0,33912,350.37694907188416,19
-8150.0,-9756.0,-8690.0,33913,350.3839690685272,19
-6632.0,-9773.0,-8881.0,33991,351.12405705451965,19
-9836.0,-8902.0,-8140.0,34032,351.28941106796265,19
-10196.0,-8649.0,-7478.0,34146,352.224897146225,19
-10941.0,-6142.0,-7601.0,34164,352.3922870159149,19
-10924.0,-6544.0,-7450.0,34165,352.4134271144867,19
-10852.0,-7359.0,-6515.0,34182,352.55633211135864,19
-10786.0,-6783.0,-7514.0,34195,352.63865303993225,19
-9768.0,-9106.0,-6923.0,34249,353.0649039745331,19
-9960.0,-9194.0,-6475.0,34261,353.14469599723816,19
-9987.0,-7254.0,-8931.0,34461,354.06653809547424,19
-9487.0,-9309.0,-8032.0,34826,356.65605211257935,19
-8562.0,-9784.0,-8300.0,34834,356.7273440361023,19
-8523.0,-9754.0,-8428.0,34835,356.7328040599823,19
-9848.0,-9357.0,-5686.0,35133,358.4681091308594,19
-9814.0,-9067.0,-7422.0,35360,360.3415050506592,19
-10020.0,-8532.0,-8117.0,35361,360.3655540943146,19
-10854.0,-7172.0,-7207.0,35385,360.5749430656433,19
-8417.0,-10014.0,-7420.0,35461,361.08954215049744,19
-8710.0,-10336.0,-6113.0,35479,361.20282101631165,19
-7582.0,-10308.0,-7362.0,35625,361.94189405441284,19
-8406.0,-8174.0,-10180.0,35960,363.3837139606476,19
-7783.0,-8883.0,-10006.0,36093,363.86846804618835,19
-6663.0,-9474.0,-9291.0,36123,364.0001480579376,19
-9043.0,-5412.0,-10266.0,36561,366.1715290546417,19
-10206.0,-5969.0,-8937.0,36705,366.9195079803467,19
-10737.0,-7320.0,-7052.0,37599,371.204115152359,19
-8230.0,-9816.0,-8454.0,37751,372.0694739818573,19
-9877.0,-8094.0,-8628.0,37999,373.3792259693146,19
-8302.0,-8883.0,-9675.0,38019,373.48032903671265,19
-8969.0,-5436.0,-10214.0,38149,373.99945402145386,19
-7974.0,-9852.0,-8531.0,38457,375.3344831466675,19
-8403.0,-9303.0,-9055.0,39048,378.2133960723877,20
-9105.0,-8988.0,-9014.0,39052,378.23028206825256,20
-9198.0,-8617.0,-9199.0,39126,378.54687213897705,20
-10166.0,-8012.0,-8606.0,39148,378.640722990036,20
-8689.0,-8405.0,-9885.0,39204,378.9823660850525,20
-8475.0,-8844.0,-9677.0,39206,378.9917221069336,20
-8469.0,-8881.0,-9633.0,39207,378.9951720237732,20
-7962.0,-8880.0,-10005.0,39216,379.02785897254944,20
-9092.0,-7915.0,-9776.0,39220,379.07943415641785,20
-7404.0,-7952.0,-10383.0,39242,379.16822600364685,20
-9750.0,-7429.0,-9477.0,39616,380.5441801548004,20
-9375.0,-9291.0,-8423.0,39952,381.9506859779358,20
-8240.0,-10120.0,-7354.0,40035,382.4581060409546,20
-7890.0,-10080.0,-7682.0,40144,383.081983089447,20
-9497.0,-9531.0,-6927.0,40492,384.6503300666809,20
-9458.0,-9501.0,-7055.0,40493,384.6533019542694,20
-10710.0,-7403.0,-7284.0,40613,385.1641671657562,20
-9308.0,-9101.0,-8633.0,40702,385.7798240184784,20
-8820.0,-9156.0,-8898.0,40850,386.3925850391388,20
-8781.0,-9126.0,-9026.0,40851,386.39815402030945,20
-8948.0,-8283.0,-9815.0,41002,387.14732813835144,20
-9405.0,-8599.0,-8876.0,41142,387.62754702568054,20
-9514.0,-8004.0,-9372.0,41656,390.28374004364014,20
-9741.0,-7759.0,-8982.0,41941,391.4281179904938,20
-9718.0,-5492.0,-9638.0,41951,391.47996497154236,20
-10020.0,-9111.0,-6560.0,42494,393.8703861236572,20
-10250.0,-8605.0,-7048.0,42495,393.8879909515381,20
-9611.0,-9601.0,-6367.0,42627,394.7195391654968,20
-7534.0,-10713.0,-5120.0,42848,396.0373430252075,20
-6263.0,-10793.0,-6262.0,43059,396.966717004776,20
-9185.0,-9048.0,-8778.0,43182,397.4985671043396,20
-8822.0,-8640.0,-9609.0,43248,397.8719789981842,20
-8825.0,-8230.0,-9960.0,43350,398.31222796440125,20
-8818.0,-7443.0,-10158.0,43352,398.3217861652374,20
-6832.0,-8383.0,-10303.0,43559,399.1169681549072,20
-9282.0,-8546.0,-9021.0,43606,399.2387430667877,20
-9737.0,-8401.0,-8699.0,43728,399.6753730773926,20
-8844.0,-6285.0,-10235.0,43983,400.82179713249207,20
-10167.0,-7306.0,-8739.0,45443,407.76334404945374,20
-10282.0,-7637.0,-8399.0,45443,407.7633500099182,20
-8819.0,-5495.0,-10267.0,45619,408.4038829803467,20
-6985.0,-10811.0,-5223.0,46148,410.9133839607239,20
-8655.0,-9300.0,-8937.0,46472,412.3596751689911,21
-10330.0,-8477.0,-7143.0,46513,412.5412850379944,21
-8997.0,-9263.0,-8805.0,46582,413.03226613998413,21
-9526.0,-9120.0,-8488.0,46584,413.04228806495667,21
-8473.0,-9436.0,-9002.0,46586,413.05130100250244,21
-8467.0,-9473.0,-8958.0,46587,413.0559890270233,21
-8560.0,-9102.0,-9143.0,46661,413.29947900772095,21
-9768.0,-8207.0,-8814.0,46672,413.34262895584106,21
-9104.0,-8806.0,-9338.0,46740,413.5985310077667,21
-9069.0,-8804.0,-9427.0,46741,413.60194301605225,21
-7433.0,-7536.0,-10380.0,46978,414.6008470058441,21
-9290.0,-7640.0,-9765.0,47126,415.0417981147766,21
-9270.0,-9156.0,-8565.0,47448,416.1714379787445,21
-9585.0,-9450.0,-6649.0,47495,416.4402060508728,21
-8246.0,-10083.0,-7398.0,47526,416.73151898384094,21
-7904.0,-10120.0,-7530.0,47678,417.48522996902466,21
-6809.0,-9719.0,-8947.0,47855,418.19848704338074,21
-10807.0,-6454.0,-7666.0,48122,419.31950306892395,21
-9200.0,-9376.0,-8424.0,48240,419.76127409935,21
-9729.0,-9233.0,-8107.0,48242,419.7707850933075,21
-8676.0,-9549.0,-8621.0,48244,419.7818579673767,21
-8670.0,-9586.0,-8577.0,48245,419.7932860851288,21
-8219.0,-9233.0,-9560.0,48392,420.540580034256,21
-9421.0,-8375.0,-9187.0,48418,420.6466131210327,21
-8435.0,-8319.0,-10143.0,48612,421.2787539958954,21
-8679.0,-9139.0,-8972.0,48714,421.78817796707153,21
-9822.0,-8862.0,-8292.0,48844,422.2169201374054,21
-9401.0,-8730.0,-8818.0,48862,422.2713351249695,21
-9971.0,-8320.0,-8433.0,48912,422.50465416908264,21
-10413.0,-7893.0,-8169.0,49004,423.0761649608612,21
-10692.0,-7575.0,-7191.0,49045,423.28677201271057,21
-10625.0,-7807.0,-7244.0,49057,423.3428621292114,21
-10639.0,-7847.0,-7092.0,49075,423.4057581424713,21
-10233.0,-8298.0,-7316.0,49105,423.51331305503845,21
-9278.0,-9753.0,-6513.0,49166,423.72730708122253,21
-9134.0,-7562.0,-9903.0,49375,424.59820008277893,21
-9904.0,-7777.0,-8837.0,49486,424.94381308555603,21
-7933.0,-9822.0,-8639.0,49758,426.10644912719727,21
-7894.0,-9792.0,-8767.0,49759,426.1155860424042,21
-10462.0,-8432.0,-6751.0,50077,427.45865201950073,21
-9750.0,-9456.0,-6000.0,50151,427.7907190322876,21
-8915.0,-10120.0,-6557.0,50463,429.6515419483185,21
-9606.0,-9180.0,-8252.0,50798,430.9756841659546,21
-8553.0,-9496.0,-8766.0,50800,430.98561811447144,21
-8697.0,-9103.0,-9043.0,50858,431.1832239627838,21
-7348.0,-7613.0,-10436.0,51165,432.3054201602936,21
-8067.0,-6525.0,-10496.0,51181,432.3522620201111,21
-9848.0,-8267.0,-8578.0,51338,432.8701841831207,21
-8297.0,-9532.0,-8843.0,51828,435.02118015289307,21
-6253.0,-9756.0,-9103.0,51975,435.47879815101624,21
-9889.0,-8640.0,-8114.0,52654,438.0708830356598,21
-9072.0,-7666.0,-9862.0,53190,440.57961797714233,21
-9944.0,-9025.0,-6721.0,54148,444.7262501716614,22
-9934.0,-9043.0,-6757.0,54149,444.73091197013855,22
-9670.0,-8644.0,-8595.0,54176,444.82441306114197,22
-9619.0,-8749.0,-8673.0,54292,445.4420449733734,22
-8645.0,-9082.0,-9602.0,54380,445.7478561401367,22
-9148.0,-8129.0,-9621.0,54382,445.7662000656128,22
-8591.0,-8842.0,-9666.0,54390,445.79390811920166,22
-9125.0,-7904.0,-9724.0,54406,445.8760130405426,22
-8758.0,-8473.0,-9856.0,54492,446.09662914276123,22
-10937.0,-6071.0,-7797.0,54940,447.59582805633545,22
-10934.0,-6481.0,-7446.0,54946,447.6141929626465,22
-9144.0,-5981.0,-10121.0,54988,447.7814099788666,22
-10285.0,-6077.0,-8833.0,55006,448.01362800598145,22
-8875.0,-10045.0,-7059.0,55114,448.4479510784149,22
-6999.0,-10299.0,-7840.0,55285,449.29568696022034,22
-7937.0,-10156.0,-7313.0,55324,449.46911096572876,22
-6911.0,-9790.0,-8774.0,55471,449.8836359977722,22
-9835.0,-9296.0,-6713.0,55629,450.431823015213,22
-9821.0,-9256.0,-6865.0,55637,450.61399698257446,22
-8432.0,-8729.0,-9792.0,56004,451.98385310173035,22
-9310.0,-8509.0,-9308.0,56006,451.99483609199524,22
-7757.0,-10053.0,-7859.0,56054,452.1924159526825,22
-8316.0,-8731.0,-9803.0,56126,452.4781970977783,22
-9460.0,-7764.0,-9436.0,56822,455.3456840515137,22
-10007.0,-5269.0,-9387.0,56971,455.7764370441437,22
-9594.0,-7351.0,-9615.0,56981,455.8102331161499,22
-10776.0,-6735.0,-7697.0,57213,456.6794831752777,22
-8414.0,-9622.0,-8654.0,57315,457.18789410591125,22
-10736.0,-7782.0,-6232.0,57663,458.46271109580994,22
-9273.0,-9836.0,-6581.0,57704,458.61693596839905,22
-9234.0,-9806.0,-6709.0,57705,458.62286901474,22
-8869.0,-10242.0,-6410.0,57707,458.6430640220642,22
-8724.0,-10376.0,-5961.0,57771,458.89766001701355,22
-7817.0,-10091.0,-7626.0,58011,460.3537449836731,22
-7793.0,-10536.0,-6656.0,58027,460.52302598953247,22
-8096.0,-9180.0,-9705.0,58396,462.4051570892334,22
-8042.0,-8940.0,-9769.0,58400,462.4356310367584,22
-8193.0,-8678.0,-9948.0,58494,462.9017369747162,22
-9382.0,-8134.0,-9356.0,58621,463.5738639831543,22
-8312.0,-8266.0,-10288.0,58632,463.63952898979187,22
-8066.0,-9733.0,-8707.0,58742,464.1818120479584,22
-8027.0,-9703.0,-8835.0,58743,464.1866309642792,22
-8882.0,-7856.0,-9903.0,58792,464.432893037796,22
-6509.0,-9720.0,-9026.0,58813,464.5616090297699,22
-8975.0,-7485.0,-10088.0,59036,465.75417399406433,22
-8888.0,-6053.0,-10179.0,59079,465.88459610939026,22
-9884.0,-5216.0,-9532.0,59115,465.99413299560547,22
-9639.0,-9407.0,-7475.0,60113,470.13330817222595,22
-8786.0,-5506.0,-10319.0,60686,472.5211491584778,22
-8934.0,-5679.0,-10207.0,60687,472.5281431674957,22
-9181.0,-7188.0,-10058.0,60788,472.8156759738922,22
-9620.0,-6726.0,-9782.0,60928,473.4323651790619,22
-10130.0,-8433.0,-8307.0,61616,476.0924620628357,23
-10243.0,-7769.0,-8498.0,61785,476.7148189544678,23
-8851.0,-8102.0,-10041.0,62068,477.6910820007324,23
-8960.0,-5762.0,-10151.0,62086,477.7438950538635,23
-8849.0,-9024.0,-9091.0,62400,478.7772011756897,23
-7741.0,-10252.0,-7530.0,62492,479.0937421321869,23
-8207.0,-10053.0,-7526.0,62496,479.1084530353546,23
-9422.0,-9602.0,-6536.0,62532,479.23003602027893,23
-6992.0,-10238.0,-7893.0,62651,479.84681510925293,23
-7399.0,-10289.0,-7662.0,62664,479.91975498199463,23
-7329.0,-10156.0,-7715.0,62694,480.02372908592224,23
-6802.0,-9658.0,-9000.0,62817,480.37758803367615,23
-9594.0,-9349.0,-7622.0,63190,481.72029209136963,23
-8672.0,-8994.0,-9252.0,63323,482.31642508506775,23
-9454.0,-8364.0,-9135.0,63348,482.445209980011,23
-9316.0,-8240.0,-9329.0,63476,482.86528611183167,23
-7803.0,-8767.0,-10131.0,63496,482.92665696144104,23
-7797.0,-8804.0,-10087.0,63497,482.9300739765167,23
-9559.0,-9347.0,-7711.0,63569,483.18803906440735,23
-10347.0,-8233.0,-7231.0,63767,483.8908619880676,23
-10618.0,-7959.0,-6969.0,63924,484.4892761707306,23
-10672.0,-7836.0,-7040.0,63994,484.78779006004333,23
-9547.0,-7993.0,-9320.0,64116,485.2384991645813,23
-9953.0,-7542.0,-9096.0,64120,485.2545921802521,23
-9493.0,-7753.0,-9384.0,64150,485.33956003189087,23
-9098.0,-7538.0,-9943.0,64200,485.4761040210724,23
-9365.0,-5507.0,-9936.0,64226,485.53725004196167,23
-10413.0,-7448.0,-8508.0,64430,486.30554699897766,23
-6906.0,-10795.0,-5771.0,65047,488.52604699134827,23
-9847.0,-9056.0,-7370.0,65120,488.9153971672058,23
-10833.0,-7284.0,-7084.0,65136,488.97420716285706,23
-6892.0,-10755.0,-5923.0,65312,489.9826409816742,23
-6403.0,-10702.0,-6553.0,65313,489.9902231693268,23
-8309.0,-8676.0,-9937.0,65654,490.9766671657562,23
-9737.0,-7860.0,-9056.0,65700,491.0922131538391,23
-7581.0,-7510.0,-10390.0,65768,491.4186179637909,23
-7680.0,-8714.0,-10276.0,65878,491.70572805404663,23
-7674.0,-8751.0,-10232.0,65879,491.7147870063782,23
-9278.0,-8677.0,-8963.0,66082,492.47371912002563,23
-9851.0,-7857.0,-8929.0,66368,493.30881094932556,23
-9797.0,-7617.0,-8993.0,66514,493.7991671562195,23
-9830.0,-7606.0,-8941.0,66524,493.8259561061859,23
-8067.0,-10086.0,-7399.0,66994,495.41072607040405,23
-10820.0,-5398.0,-8068.0,67241,496.2788760662079,23
-10723.0,-7280.0,-7204.0,67348,496.5648889541626,23
-10879.0,-6230.0,-7621.0,67634,497.6543381214142,23
-7886.0,-8417.0,-10246.0,67858,498.2758700847626,23
-9214.0,-7177.0,-10006.0,67924,498.4328861236572,23
-6957.0,-10816.0,-5668.0,68323,499.8992049694061,23
-10563.0,-7935.0,-6977.0,68421,500.25689005851746,23
-9944.0,-8446.0,-8278.0,68594,500.92574405670166,24
-10004.0,-8086.0,-8515.0,68620,501.03069400787354,24
-9804.0,-8231.0,-8774.0,68803,502.02531909942627,24
-10210.0,-7780.0,-8550.0,68825,502.1543221473694,24
-7914.0,-7219.0,-10472.0,68894,502.69372606277466,24
-9218.0,-8262.0,-9568.0,68932,502.8266100883484,24
-9164.0,-8022.0,-9632.0,68936,502.8517291545868,24
-9311.0,-7891.0,-9753.0,69062,503.333909034729,24
-10143.0,-7332.0,-8793.0,69208,503.8712751865387,24
-10819.0,-7132.0,-7292.0,69264,504.17315101623535,24
-10049.0,-6198.0,-9132.0,69300,504.3027560710907,24
-8217.0,-9472.0,-9079.0,69334,504.56364607810974,24
-8211.0,-9509.0,-9035.0,69335,504.5684540271759,24
-8228.0,-10184.0,-7295.0,69403,504.8918390274048,24
-8190.0,-10346.0,-6831.0,69439,505.05741596221924,24
-7755.0,-10292.0,-7378.0,69504,505.4520311355591,24
-5888.0,-10367.0,-7800.0,69714,506.54817605018616,24
-7284.0,-9936.0,-8469.0,69762,506.75768399238586,24
-10217.0,-8564.0,-7151.0,69866,507.18989396095276,24
-10701.0,-7197.0,-7336.0,69938,507.5973379611969,24
-9584.0,-9367.0,-7658.0,70070,508.25212597846985,24
-9135.0,-9625.0,-7886.0,70072,508.2657780647278,24
-9125.0,-9643.0,-7922.0,70073,508.27043414115906,24
-9351.0,-8242.0,-9240.0,70176,508.7073919773102,24
-9860.0,-7913.0,-8911.0,70218,508.89175605773926,24
-8838.0,-9150.0,-8931.0,70266,509.09936594963074,24
-8910.0,-8691.0,-9553.0,70298,509.2884180545807,24
-9354.0,-7832.0,-9591.0,70326,509.51303911209106,24
-9349.0,-8229.0,-9277.0,70332,509.5302300453186,24
-9370.0,-8117.0,-9400.0,70335,509.53525495529175,24
-9367.0,-9007.0,-8614.0,70388,509.70455598831177,24
-10007.0,-8344.0,-8393.0,70561,510.19922709465027,24
-10719.0,-7268.0,-7275.0,70722,510.91535997390747,24
-10733.0,-7308.0,-7123.0,70736,510.9544839859009,24
-10740.0,-7156.0,-7398.0,70746,510.9894800186157,24
-10766.0,-7297.0,-7071.0,70764,511.0288610458374,24
-10133.0,-8670.0,-7222.0,70793,511.12990713119507,24
-10321.0,-5642.0,-8862.0,71002,511.6998040676117,24
-9974.0,-7910.0,-8784.0,71028,511.79608702659607,24
-7501.0,-10089.0,-7936.0,71478,513.6865410804749,24
-10217.0,-8616.0,-7100.0,71539,513.860563993454,24
-9763.0,-9189.0,-6991.0,71632,514.2977221012115,24
-7810.0,-10243.0,-7351.0,71658,514.4024651050568,24
-9461.0,-9314.0,-7803.0,72282,517.5949420928955,24
-8715.0,-9097.0,-9076.0,72378,518.0317759513855,24
-8787.0,-8638.0,-9698.0,72408,518.185348033905,24
-8091.0,-6777.0,-10479.0,72422,518.2385740280151,24
-8353.0,-7999.0,-10220.0,72510,518.5656690597534,24
-6388.0,-9632.0,-9031.0,72523,518.6250741481781,24
-7365.0,-7317.0,-10575.0,72540,518.7083010673523,24
-9378.0,-7669.0,-9575.0,72677,519.2379071712494,24
-9884.0,-8291.0,-8538.0,72711,519.4005210399628,24
-10290.0,-7840.0,-8314.0,72741,519.7249779701233,24
-9337.0,-8583.0,-8944.0,72858,520.1091361045837,24
-7771.0,-9739.0,-8912.0,73091,520.7978141307831,24
-6362.0,-9888.0,-8877.0,73181,521.1585149765015,24
-7673.0,-10150.0,-7648.0,73394,521.7931001186371,24
-10796.0,-7219.0,-7087.0,73904,523.6984889507294,24
-8559.0,-7702.0,-10190.0,74174,524.7016470432281,24
-9674.0,-6966.0,-9718.0,74274,525.0136351585388,24
-8957.0,-8399.0,-9504.0,74347,525.2899329662323,24
-7844.0,-10557.0,-6553.0,74625,526.2782821655273,24
-7244.0,-10634.0,-6759.0,74631,526.3225040435791,24
-10037.0,-8075.0,-8463.0,74930,527.3309650421143,25
-9697.0,-9287.0,-7438.0,74935,527.3499891757965,25
-8397.0,-9340.0,-9011.0,75040,527.6798009872437,25
-9421.0,-8661.0,-8819.0,75075,527.8426160812378,25
-9184.0,-8153.0,-9581.0,75148,528.1179189682007,25
-7282.0,-7667.0,-10460.0,75206,528.4448261260986,25
-9251.0,-8251.0,-9516.0,75224,528.5048010349274,25
-9657.0,-7800.0,-9292.0,75226,528.5217130184174,25
-7632.0,-10120.0,-7756.0,75654,530.3912479877472,25
-7592.0,-10161.0,-7687.0,75657,530.4058790206909,25
-7593.0,-10090.0,-7884.0,75658,530.4144370555878,25
-9412.0,-9620.0,-6572.0,75678,530.5478949546814,25
-8242.0,-10224.0,-7143.0,75689,530.605710029602,25
-7607.0,-10130.0,-7732.0,75738,530.9058339595795,25
-7290.0,-10157.0,-7888.0,75814,531.2385101318359,25
-7923.0,-10116.0,-7465.0,75854,531.387403011322,25
-6055.0,-10723.0,-6485.0,75893,531.5620861053467,25
-7313.0,-9975.0,-8336.0,75982,531.9624290466309,25
-7175.0,-9804.0,-8695.0,75988,531.9795579910278,25
-7305.0,-9824.0,-8592.0,75991,531.9890069961548,25
-9203.0,-8966.0,-8775.0,76438,534.276134967804,25
-8894.0,-8043.0,-9879.0,76482,534.4586901664734,25
-8877.0,-8339.0,-9740.0,76483,534.465038061142,25
-10287.0,-7546.0,-8377.0,76665,535.3199310302734,25
-10610.0,-7902.0,-6993.0,76712,535.5001001358032,25
-10596.0,-7862.0,-7145.0,76734,535.7694690227509,25
-10287.0,-7101.0,-8716.0,77130,537.6811630725861,25
-9920.0,-8062.0,-8646.0,77146,537.7431271076202,25
-10291.0,-7163.0,-8585.0,77287,538.3368179798126,25
-6977.0,-9661.0,-8949.0,77494,539.4409720897675,25
-10847.0,-7324.0,-6932.0,77606,539.9515330791473,25
-8449.0,-10196.0,-7017.0,77666,540.1923379898071,25
-8443.0,-10233.0,-6973.0,77667,540.1979191303253,25
-7849.0,-10273.0,-7223.0,77678,540.2755379676819,25
-8298.0,-10367.0,-6524.0,77703,540.4674661159515,25
-7350.0,-10574.0,-7105.0,77954,541.891704082489,25
-7195.0,-10351.0,-7512.0,77961,541.9443030357361,25
-8866.0,-7963.0,-9892.0,78386,543.6051361560822,25
-9247.0,-8064.0,-9545.0,78461,543.9054930210114,25
-8038.0,-6602.0,-10519.0,78506,544.0480780601501,25
-9011.0,-7509.0,-10048.0,78789,544.8496119976044,25
-9242.0,-5454.0,-10081.0,78808,544.8967759609222,25
-7987.0,-6803.0,-10443.0,78824,544.9317710399628,25
-9884.0,-7846.0,-8877.0,78858,545.122339963913,25
-10324.0,-5936.0,-8799.0,78876,545.1671211719513,25
-10164.0,-7048.0,-8861.0,78892,545.204992055893,25
-10091.0,-5638.0,-9277.0,78921,545.272901058197,25
-10290.0,-7395.0,-8653.0,78954,545.3412120342255,25
-9467.0,-9660.0,-6389.0,79136,545.8664171695709,25
-9457.0,-9678.0,-6425.0,79137,545.8703951835632,25
-8287.0,-10113.0,-7290.0,79144,545.8989441394806,25
-9304.0,-8914.0,-8662.0,79419,547.1091330051422,25
-10570.0,-7265.0,-8164.0,79558,547.8397560119629,25
-8612.0,-7877.0,-10150.0,79960,549.320638179779,25
-9258.0,-6945.0,-9950.0,80008,549.4616839885712,25
-9671.0,-4863.0,-9722.0,80028,549.5172820091248,25
-9417.0,-8188.0,-9216.0,80077,549.6299381256104,25
-9697.0,-6483.0,-9674.0,80112,549.7311570644379,25
-7868.0,-10579.0,-6365.0,80324,550.2980260848999,25
-10316.0,-8437.0,-7295.0,80729,551.5245821475983,26
-10084.0,-7433.0,-8758.0,80789,551.831160068512,26
-7276.0,-7704.0,-10416.0,80902,552.1668980121613,26
-9344.0,-7880.0,-9701.0,81004,552.4363219738007,26
-9192.0,-9922.0,-6722.0,81236,553.2626869678497,26
-8896.0,-9933.0,-7182.0,81284,553.5060420036316,26
-8857.0,-9903.0,-7310.0,81287,553.5308229923248,26
-9203.0,-9828.0,-6881.0,81287,553.5308351516724,26
-7776.0,-10423.0,-7147.0,81306,553.6390199661255,26
-7323.0,-10193.0,-7671.0,81430,554.1456351280212,26
-7280.0,-9939.0,-8553.0,81502,554.3984110355377,26
-7319.0,-9938.0,-8380.0,81556,554.522598028183,26
-9362.0,-9647.0,-6442.0,81650,554.8838829994202,26
-8868.0,-9889.0,-7718.0,81824,555.4956500530243,26
-9387.0,-8266.0,-9200.0,81878,555.7110300064087,26
-9746.0,-8863.0,-8306.0,82056,556.3595161437988,26
-10592.0,-8049.0,-6882.0,82175,556.8058660030365,26
-10577.0,-7913.0,-7045.0,82186,556.8357701301575,26
-10007.0,-7899.0,-8732.0,82532,557.9353890419006,26
-10055.0,-8132.0,-8457.0,82586,558.0660879611969,26
-9902.0,-8209.0,-8535.0,82589,558.0973241329193,26
-10329.0,-6022.0,-8792.0,82613,558.2313361167908,26
-10267.0,-5402.0,-8926.0,82624,558.268951177597,26
-10490.0,-7205.0,-8400.0,82712,558.7273981571198,26
-9473.0,-9269.0,-8184.0,82776,558.9440050125122,26
-7487.0,-10049.0,-8088.0,82910,559.4948079586029,26
-10924.0,-7081.0,-6824.0,83008,559.9590680599213,26
-8301.0,-10034.0,-7371.0,83038,560.0736591815948,26
-8760.0,-10110.0,-6636.0,83040,560.0845050811768,26
-9388.0,-9643.0,-6728.0,83041,560.097715139389,26
-7958.0,-10405.0,-6997.0,83050,560.1365940570831,26
-8431.0,-10054.0,-7268.0,83055,560.3029870986938,26
-7325.0,-10743.0,-5261.0,83112,560.5926721096039,26
-10910.0,-7041.0,-6976.0,83214,560.9993779659271,26
-6128.0,-10909.0,-5777.0,83570,562.4922251701355,26
-9331.0,-8311.0,-9280.0,83686,562.8039150238037,26
-8120.0,-6361.0,-10476.0,83754,563.0258700847626,26
-11017.0,-6131.0,-7561.0,84024,563.9040551185608,26
-9250.0,-5834.0,-10011.0,84181,564.3186810016632,26
-6854.0,-9608.0,-9094.0,84296,564.7181279659271,26
-7821.0,-10312.0,-7294.0,84452,565.1597399711609,26
-8626.0,-10313.0,-6130.0,84480,565.2942521572113,26
-9970.0,-7723.0,-8813.0,84659,565.8694219589233,26
-10003.0,-7712.0,-8761.0,84673,565.9222099781036,26
-10749.0,-7421.0,-6877.0,84768,566.2085270881653,26
-9910.0,-8083.0,-8576.0,85001,566.9894931316376,26
-9011.0,-8639.0,-9440.0,85025,567.0521681308746,26
-7357.0,-9034.0,-9964.0,85089,567.22047996521,26
-10427.0,-5495.0,-8752.0,85204,567.5461661815643,26
-10553.0,-5842.0,-8544.0,85225,567.6054930686951,26
-6808.0,-10892.0,-5335.0,85392,568.1792969703674,26
-10163.0,-8422.0,-8255.0,85640,568.8345501422882,27
-9182.0,-9940.0,-6758.0,86114,570.2979049682617,27
-8726.0,-10121.0,-6726.0,86120,570.3185391426086,27
-9189.0,-9788.0,-7033.0,86123,570.33904504776,27
-8242.0,-10055.0,-7437.0,86156,570.4353799819946,27
-9213.0,-9810.0,-6845.0,86160,570.4492030143738,27
-7621.0,-10200.0,-7554.0,86185,570.5448989868164,27
-7646.0,-10160.0,-7604.0,86204,570.6115901470184,27
-8560.0,-10293.0,-6214.0,86210,570.621474981308,27
-7294.0,-10154.0,-7804.0,86290,570.837051153183,27
-9814.0,-9408.0,-6590.0,86478,571.450590133667,27
-9804.0,-9426.0,-6626.0,86479,571.4550559520721,27
-10224.0,-8412.0,-7426.0,86508,571.5382721424103,27
-9500.0,-9189.0,-8185.0,86598,571.7845981121063,27
-9502.0,-8597.0,-8860.0,86678,572.0129661560059,27
-7143.0,-10090.0,-8217.0,86716,572.1527819633484,27
-8989.0,-8016.0,-9747.0,86762,572.3779540061951,27
-8895.0,-8108.0,-9855.0,86796,572.4737641811371,27
-9847.0,-8172.0,-8612.0,86854,572.6367671489716,27
-9841.0,-9126.0,-6692.0,86964,572.930319070816,27
-10616.0,-7601.0,-7296.0,86996,573.0429241657257,27
-10563.0,-7873.0,-7197.0,86998,573.0510370731354,27
-9247.0,-9883.0,-6426.0,87139,573.6190850734711,27
-9460.0,-8636.0,-8799.0,87238,573.8499391078949,27
-9866.0,-8185.0,-8575.0,87296,573.9945421218872,27
-9940.0,-7801.0,-8797.0,87310,574.0332441329956,27
-6376.0,-9809.0,-8958.0,87593,574.8759520053864,27
-9482.0,-9551.0,-6620.0,87616,574.9351060390472,27
-10447.0,-8296.0,-6914.0,87678,575.1542210578918,27
-10664.0,-7866.0,-6221.0,87687,575.1874120235443,27
-9023.0,-9827.0,-6884.0,87704,575.236613035202,27
-9590.0,-9713.0,-6244.0,87706,575.2441630363464,27
-9580.0,-9731.0,-6280.0,87707,575.2491421699524,27
-8908.0,-10272.0,-6282.0,87708,575.2579271793365,27
-8898.0,-10290.0,-6318.0,87709,575.2679040431976,27
-8766.0,-10073.0,-6680.0,87710,575.2762110233307,27
-9398.0,-9625.0,-6692.0,87712,575.2835581302643,27
-8929.0,-10160.0,-6405.0,87756,575.4129860401154,27
-8407.0,-10499.0,-6298.0,87757,575.4234349727631,27
-7506.0,-10718.0,-5565.0,87777,575.5336401462555,27
-10027.0,-8707.0,-7290.0,87864,575.9077019691467,27
-10433.0,-8256.0,-7066.0,87866,575.9150741100311,27
-7965.0,-10253.0,-7272.0,87966,576.2245800495148,27
-7856.0,-10121.0,-7498.0,87970,576.246484041214,27
-7440.0,-10109.0,-7760.0,88128,576.6402590274811,27
-6877.0,-10756.0,-5904.0,88177,576.7385470867157,27
-8503.0,-6046.0,-10457.0,88334,577.2660109996796,27
-9720.0,-8697.0,-8560.0,88521,577.7842540740967,27
-7810.0,-9769.0,-8784.0,88742,578.5067420005798,27
-6402.0,-9847.0,-8946.0,88792,578.6596801280975,27
-8775.0,-10237.0,-6463.0,88863,578.8592190742493,27
-10493.0,-7508.0,-8272.0,89158,579.8339490890503,27
-8490.0,-7592.0,-10227.0,89450,580.6894919872284,27
-10346.0,-5420.0,-8799.0,89524,580.9832670688629,27
-6357.0,-10893.0,-5874.0,89740,581.5020339488983,27
-6353.0,-10835.0,-5990.0,89744,581.5184161663055,27
-9548.0,-9497.0,-6596.0,89771,581.6180419921875,27
-9292.0,-8525.0,-9091.0,90032,582.4281489849091,28
-9640.0,-8637.0,-8796.0,90033,582.4324200153351,28
-7398.0,-7989.0,-10339.0,90114,582.7222371101379,28
-6766.0,-8437.0,-10327.0,90118,582.7348141670227,28
-6940.0,-9977.0,-8598.0,90180,582.8969120979309,28
-9221.0,-5738.0,-10013.0,90292,583.2538731098175,28
-8882.0,-9893.0,-7334.0,90366,583.45765209198,28
-8691.0,-10149.0,-6738.0,90402,583.5810871124268,28
-7667.0,-10122.0,-7667.0,90410,583.6089179515839,28
-7628.0,-10092.0,-7795.0,90412,583.6165521144867,28
-6951.0,-9749.0,-8843.0,90596,584.3142521381378,28
-10044.0,-9088.0,-6404.0,90690,584.608570098877,28
-10200.0,-8860.0,-7012.0,90691,584.6116950511932,28
-10030.0,-9048.0,-6556.0,90702,584.6386411190033,28
-10186.0,-8820.0,-7164.0,90703,584.6414971351624,28
-8310.0,-8768.0,-9759.0,90930,585.2653591632843,28
-9337.0,-8128.0,-9452.0,90949,585.3204569816589,28
-6334.0,-9766.0,-8998.0,90974,585.4844191074371,28
-6972.0,-8140.0,-10297.0,90980,585.4897511005402,28
-9831.0,-9144.0,-6728.0,91092,585.7929990291595,28
-10227.0,-8578.0,-7114.0,91098,585.8086521625519,28
-10213.0,-8538.0,-7266.0,91124,585.8869791030884,28
-10709.0,-7026.0,-7622.0,91191,586.0983409881592,28
-10051.0,-7667.0,-8676.0,91352,586.6076650619507,28
-10834.0,-6172.0,-7768.0,91466,586.8475661277771,28
-10605.0,-7536.0,-8060.0,91486,586.9009041786194,28
-10716.0,-7159.0,-7323.0,91492,586.9269750118256,28
-10702.0,-7119.0,-7475.0,91494,586.9303209781647,28
-10250.0,-8791.0,-6374.0,91680,587.6174490451813,28
-10240.0,-8809.0,-6410.0,91681,587.6228771209717,28
-9760.0,-9438.0,-5964.0,91706,587.7223501205444,28
-10466.0,-8245.0,-7014.0,91872,588.3096821308136,28
-7835.0,-10233.0,-7375.0,91958,588.534196138382,28
-8393.0,-10459.0,-6450.0,91993,588.6257090568542,28
-7774.0,-10479.0,-6753.0,92094,588.8783640861511,28
-9627.0,-9068.0,-8375.0,92151,589.0994441509247,28
-7848.0,-9438.0,-9114.0,92216,589.3080179691315,28
-9214.0,-8075.0,-9597.0,92259,589.3921389579773,28
-10045.0,-6011.0,-9161.0,92544,590.1768050193787,28
-10367.0,-7152.0,-8545.0,92572,590.2353041172028,28
-7037.0,-9941.0,-8357.0,92650,590.4214770793915,28
-6764.0,-10073.0,-8439.0,92652,590.4298510551453,28
-8785.0,-10219.0,-6427.0,92692,590.5098600387573,28
-8135.0,-10522.0,-6110.0,92786,590.7534980773926,28
-6634.0,-10818.0,-5583.0,92808,590.80832695961,28
-7453.0,-10123.0,-7757.0,92832,590.9011471271515,28
-9826.0,-8923.0,-8070.0,92953,591.3053181171417,28
-10685.0,-7596.0,-7824.0,92956,591.319746017456,28
-10272.0,-8636.0,-6967.0,93004,591.4252779483795,28
-9897.0,-9090.0,-6704.0,93007,591.4328279495239,28
-8437.0,-7417.0,-10267.0,93202,591.9169011116028,28
-8943.0,-5548.0,-10249.0,93244,592.1182520389557,28
-9436.0,-5326.0,-9909.0,93256,592.1696040630341,28
-10294.0,-5751.0,-8896.0,93275,592.2547471523285,28
-6967.0,-10798.0,-5632.0,93422,592.8637239933014,28
-9923.0,-9043.0,-6859.0,93454,592.9837160110474,28
-9564.0,-8712.0,-8750.0,93648,593.7343430519104,29
-9657.0,-8341.0,-8935.0,93680,593.8487701416016,29
-8065.0,-7427.0,-10372.0,93757,594.27259516716,29
-9308.0,-8748.0,-8827.0,93908,594.8155381679535,29
-8836.0,-10015.0,-7187.0,93952,594.9887969493866,29
-9348.0,-9694.0,-7330.0,93953,595.0292119979858,29
-9408.0,-9562.0,-6688.0,93956,595.0478310585022,29
-8716.0,-10139.0,-6762.0,93958,595.0609669685364,29
-9199.0,-9770.0,-6997.0,93960,595.072417974472,29
-8677.0,-10109.0,-6890.0,93962,595.083151102066,29
-8695.0,-10177.0,-6699.0,93969,595.1219310760498,29
-8740.0,-10161.0,-6574.0,93990,595.3226890563965,29
-8236.0,-10092.0,-7393.0,93994,595.3458681106567,29
-7776.0,-10254.0,-7441.0,94002,595.3959560394287,29
-8214.0,-10368.0,-6643.0,94040,595.5470280647278,29
-8055.0,-10462.0,-6346.0,94044,595.568911075592,29
-7147.0,-10461.0,-7486.0,94054,595.6025741100311,29
-7389.0,-10071.0,-8327.0,94138,595.8733801841736,29
-10034.0,-9106.0,-6440.0,94246,596.2507581710815,29
-10020.0,-9066.0,-6592.0,94254,596.285807132721,29
-9402.0,-9009.0,-8525.0,94312,596.470067024231,29
-9750.0,-9121.0,-8230.0,94313,596.4753241539001,29
-8931.0,-8579.0,-9676.0,94437,597.1451301574707,29
-9779.0,-9045.0,-7561.0,94498,597.3990869522095,29
-6781.0,-9864.0,-8724.0,94528,597.5332930088043,29
-10696.0,-7388.0,-7454.0,94676,598.0327091217041,29
-10773.0,-7145.0,-7346.0,94702,598.1165750026703,29
-9257.0,-9865.0,-6390.0,94728,598.2018330097198,29
-10168.0,-6064.0,-9016.0,94838,598.6965219974518,29
-6887.0,-10126.0,-8294.0,94998,599.2093331813812,29
-10674.0,-7848.0,-6185.0,95078,599.5274131298065,29
-8756.0,-10091.0,-6716.0,95098,599.5998630523682,29
-9699.0,-9472.0,-5140.0,95184,599.9207701683044,29
-7944.0,-10365.0,-7149.0,95318,600.5107221603394,29
-7795.0,-10274.0,-7306.0,95319,600.5183160305023,29
-7809.0,-10481.0,-6664.0,95320,600.5273749828339,29
-7799.0,-10499.0,-6700.0,95322,600.5384330749512,29
-7796.0,-10203.0,-7503.0,95334,600.5953040122986,29
-7357.0,-10794.0,-5232.0,95382,600.7424111366272,29
-6742.0,-10872.0,-5419.0,95456,600.9893910884857,29
-7020.0,-10037.0,-8362.0,95538,601.3084261417389,29
-8296.0,-8847.0,-9678.0,95556,601.3870031833649,29
-8808.0,-8526.0,-9821.0,95557,601.3925061225891,29
-8754.0,-8286.0,-9885.0,95583,601.5217480659485,29
-6211.0,-9713.0,-9143.0,95606,601.6033480167389,29
-7528.0,-7335.0,-10430.0,95614,601.6251590251923,29
-6727.0,-7802.0,-10519.0,95632,601.7889399528503,29
-8021.0,-6898.0,-10380.0,95640,601.8151290416718,29
-6400.0,-9557.0,-9207.0,95656,601.8748631477356,29
-8765.0,-6669.0,-10171.0,95760,602.2518601417542,29
-9797.0,-8009.0,-8791.0,95788,602.351804971695,29
-8280.0,-10388.0,-6559.0,95980,603.0548350811005,29
-8792.0,-10067.0,-6702.0,95981,603.0598781108856,29
-6005.0,-10856.0,-5922.0,96038,603.2472641468048,29
-9907.0,-9072.0,-6668.0,96174,603.8237261772156,29
-10914.0,-6232.0,-7532.0,96218,603.9584691524506,29
-9558.0,-9479.0,-6560.0,96546,605.195011138916,29
-9018.0,-9151.0,-8928.0,96720,605.8844850063324,30
-9547.0,-9008.0,-8611.0,96723,605.9100360870361,30
-9291.0,-9044.0,-8688.0,96951,606.8976020812988,30
-8261.0,-10082.0,-7417.0,96994,607.0604021549225,30
-8222.0,-10052.0,-7545.0,96998,607.080500125885,30
-8705.0,-10159.0,-6663.0,97004,607.1130521297455,30
-9047.0,-10056.0,-6273.0,97030,607.2198970317841,30
-7634.0,-10224.0,-7545.0,97044,607.2811989784241,30
-8726.0,-10047.0,-6786.0,97077,607.4233210086823,30
-7141.0,-10329.0,-7736.0,97088,607.4653310775757,30
-7101.0,-10370.0,-7667.0,97089,607.472165107727,30
-7414.0,-10197.0,-7654.0,97102,607.523206949234,30
-6554.0,-10758.0,-5819.0,97124,607.591628074646,30
-6684.0,-10013.0,-8675.0,97204,607.8605890274048,30
-10179.0,-8972.0,-6889.0,97246,607.992546081543,30
-8859.0,-9038.0,-9054.0,97398,608.6524751186371,30
-9388.0,-8895.0,-8737.0,97460,608.89208817482,30
-9789.0,-9027.0,-7525.0,97474,608.9522969722748,30
-6787.0,-9996.0,-8474.0,97502,609.0637121200562,30
-9843.0,-8750.0,-8415.0,97507,609.0784211158752,30
-10711.0,-7211.0,-7299.0,97576,609.3771080970764,30
-10790.0,-6849.0,-7485.0,97608,609.578104019165,30
-10742.0,-7015.0,-7570.0,97609,609.5826230049133,30
-9929.0,-9324.0,-6388.0,97643,609.6879131793976,30
-10747.0,-6281.0,-8100.0,97678,609.8180429935455,30
-9481.0,-8524.0,-8922.0,97682,609.8301250934601,30
-9887.0,-8073.0,-8698.0,97706,609.8924310207367,30
-8410.0,-10166.0,-7145.0,97930,610.6342990398407,30
-10226.0,-8769.0,-6562.0,98045,611.0793001651764,30
-11010.0,-6567.0,-7285.0,98068,611.1326520442963,30
-8456.0,-10044.0,-7292.0,98098,611.324639081955,30
-8403.0,-10441.0,-6414.0,98118,611.4051849842072,30
-6757.0,-10871.0,-5438.0,98148,611.5016341209412,30
-6273.0,-10775.0,-6226.0,98200,611.6494491100311,30
-6287.0,-10815.0,-6074.0,98208,611.6733770370483,30
-8469.0,-9249.0,-9031.0,98290,611.9857921600342,30
-6943.0,-7995.0,-10334.0,98302,612.0389330387115,30
-6849.0,-8087.0,-10442.0,98340,612.1787531375885,30
-9764.0,-8020.0,-8843.0,98470,612.7520840167999,30
-6889.0,-9610.0,-9005.0,98534,612.9410271644592,30
-6408.0,-9979.0,-8696.0,98544,612.9745700359344,30
-7842.0,-10200.0,-7417.0,98618,613.2115550041199,30
-10782.0,-7179.0,-7239.0,98816,613.8602039813995,30
-10900.0,-6118.0,-7744.0,98872,614.05060505867,30
-9055.0,-7962.0,-9723.0,98892,614.125216960907,30
-8595.0,-8173.0,-10011.0,98908,614.170382976532,30
-6776.0,-10841.0,-5364.0,99095,614.8384130001068,30
-6317.0,-10259.0,-7905.0,99152,615.0065770149231,30
-9398.0,-9580.0,-6724.0,99474,616.1924130916595,31
-8370.0,-10214.0,-7191.0,99476,616.2021110057831,31
-8221.0,-10123.0,-7348.0,99477,616.216048002243,31
-7588.0,-10133.0,-7726.0,99526,616.3778350353241,31
-7368.0,-10106.0,-7835.0,99580,616.5487191677094,31
-6200.0,-10589.0,-6934.0,99601,616.6079020500183,31
-6809.0,-9550.0,-9241.0,99624,616.6625549793243,31
-9767.0,-8825.0,-8369.0,99724,616.9296591281891,31
-9860.0,-8454.0,-8554.0,99908,617.7382740974426,31
-11140.0,-6184.0,-7416.0,99986,617.972011089325,31
-10752.0,-7257.0,-7223.0,100002,618.028352022171,31
-9794.0,-9440.0,-5903.0,100024,618.0959351062775,31
-10364.0,-6858.0,-8608.0,100062,618.2020950317383,31
-9338.0,-9385.0,-7699.0,100114,618.3306910991669,31
-6485.0,-9941.0,-8732.0,100155,618.4926950931549,31
-10426.0,-8408.0,-6791.0,100182,618.5901591777802,31
-8763.0,-10406.0,-5833.0,100244,618.8858110904694,31
-6916.0,-10777.0,-5735.0,100270,618.9708271026611,31
-7965.0,-10625.0,-5124.0,100274,618.9808349609375,31
-7344.0,-10442.0,-7355.0,100352,619.2566390037537,31
-7304.0,-10483.0,-7286.0,100353,619.2639980316162,31
-9431.0,-9807.0,-5947.0,100382,619.3544039726257,31
-6728.0,-10832.0,-5571.0,100424,619.4682490825653,31
-9002.0,-9590.0,-8067.0,100441,619.5146520137787,31
-6809.0,-8128.0,-10373.0,100547,619.9071619510651,31
-6618.0,-9852.0,-8800.0,100579,620.0416660308838,31
-9358.0,-8471.0,-9067.0,100630,620.1775150299072,31
-9120.0,-5169.0,-10158.0,100643,620.220869064331,31
-9817.0,-7748.0,-8942.0,100656,620.2616250514984,31
-10155.0,-6051.0,-9022.0,100674,620.4011590480804,31
-7227.0,-10521.0,-7250.0,100756,620.6118400096893,31
-5308.0,-10282.0,-8076.0,100788,620.6999821662903,31
-9751.0,-6723.0,-9610.0,101002,621.3427641391754,31
-6208.0,-10969.0,-5541.0,101094,621.6113650798798,31
-9033.0,-10016.0,-6425.0,101404,622.6779770851135,32
-8200.0,-10328.0,-6795.0,101414,622.710000038147,32
-8730.0,-10179.0,-6610.0,101426,622.7437920570374,32
-7627.0,-10163.0,-7598.0,101436,622.800940990448,32
-8391.0,-10102.0,-7314.0,101450,622.8375651836395,32
-6808.0,-9621.0,-9044.0,101504,623.0754699707031,32
-6815.0,-9682.0,-8991.0,101506,623.0865001678467,32
-9221.0,-9264.0,-8547.0,101566,623.2202920913696,32
-9962.0,-8503.0,-8272.0,101718,623.7253820896149,32
-10152.0,-5757.0,-9085.0,101854,624.1552000045776,32
-8470.0,-10084.0,-7140.0,101978,624.5685951709747,32
-8417.0,-10481.0,-6262.0,101984,624.5904541015625,32
-7371.0,-10834.0,-5080.0,102006,624.670636177063,32
-10236.0,-8751.0,-6526.0,102046,624.8764221668243,32
-8749.0,-10366.0,-5985.0,102090,625.0241520404816,32
-9098.0,-9211.0,-8692.0,102130,625.1362910270691,32
-9379.0,-8544.0,-9005.0,102176,625.2919371128082,32
-8902.0,-7987.0,-9852.0,102200,625.3691601753235,32
-9859.0,-9105.0,-7325.0,102444,626.1030280590057,32
-10866.0,-6398.0,-7617.0,102468,626.2545471191406,32
-10943.0,-6155.0,-7509.0,102472,626.2642569541931,32
-10838.0,-6184.0,-7697.0,102510,626.3616139888763,32
-9101.0,-7589.0,-9839.0,102519,626.3848240375519,32
-8641.0,-7800.0,-10127.0,102531,626.4213919639587,32
-7416.0,-10723.0,-5227.0,102620,626.6758620738983,32
-9906.0,-9079.0,-7129.0,102686,626.854413986206,33
-9734.0,-8098.0,-8827.0,102730,627.0127980709076,33
-8275.0,-10122.0,-7265.0,102896,627.5574741363525,33
-8235.0,-10163.0,-7196.0,102897,627.5616631507874,33
-7762.0,-10140.0,-7653.0,102926,627.6444721221924,33
-6769.0,-9591.0,-9172.0,102948,627.7121670246124,33
-9669.0,-9542.0,-6141.0,102968,627.7529201507568,33
-9655.0,-9502.0,-6293.0,102972,627.7619791030884,33
-8873.0,-9152.0,-8842.0,102976,627.7724010944366,33
-9318.0,-8762.0,-8790.0,103062,628.0326731204987,33
-8592.0,-9302.0,-8886.0,103064,628.0432410240173,33
-10052.0,-8542.0,-8106.0,103134,628.2136430740356,33
-10651.0,-7948.0,-6917.0,103194,628.3714010715485,33
-10863.0,-6095.0,-7745.0,103236,628.4793450832367,33
-10020.0,-8859.0,-7015.0,103288,628.712494134903,33
-9138.0,-9952.0,-6096.0,103328,628.8173110485077,33
-9445.0,-9847.0,-5795.0,103336,628.8380000591278,33
-8069.0,-10071.0,-7421.0,103386,628.9546229839325,33
-8258.0,-10575.0,-5965.0,103418,629.0449810028076,33
-6258.0,-10836.0,-6104.0,103427,629.0749180316925,33
-6658.0,-9811.0,-8869.0,103554,629.4403750896454,33
-9932.0,-8079.0,-8602.0,103604,629.6044991016388,33
-7854.0,-10539.0,-6517.0,103802,630.1905841827393,33
-9531.0,-9533.0,-6866.0,103864,630.3614110946655,34
-10309.0,-8589.0,-7020.0,103872,630.3956110477448,34
-8687.0,-10091.0,-6854.0,104016,630.7926380634308,34
-8384.0,-10254.0,-7039.0,104026,630.8093681335449,34
-7770.0,-10291.0,-7397.0,104038,630.842805147171,34
-7730.0,-10332.0,-7328.0,104039,630.8486790657043,34
-8076.0,-10257.0,-6899.0,104041,630.8587081432343,34
-9959.0,-8913.0,-7921.0,104076,630.9306881427765,34
-9939.0,-9306.0,-6352.0,104232,631.4088821411133,34
-9933.0,-7700.0,-8814.0,104245,631.4492340087891,34
-10278.0,-6104.0,-8877.0,104250,631.4648811817169,34
-10786.0,-6338.0,-7853.0,104252,631.4694490432739,34
-9128.0,-9970.0,-6132.0,104324,631.6483371257782,34
-6912.0,-10758.0,-5815.0,104326,631.6538469791412,34
-7516.0,-10700.0,-5529.0,104332,631.6672229766846,34
-7803.0,-10518.0,-6620.0,104374,631.7693150043488,34
-6763.0,-10834.0,-5482.0,104376,631.7737419605255,34
-5431.0,-10335.0,-7931.0,104394,631.8138480186462,34
-8120.0,-6700.0,-10456.0,104454,631.997801065445,34
-7516.0,-7525.0,-10475.0,104465,632.0193290710449,34
-8859.0,-6130.0,-10202.0,104510,632.2112250328064,34
-8811.0,-6296.0,-10287.0,104511,632.2159991264343,34
-7221.0,-10389.0,-7500.0,104532,632.2675721645355,34
-9869.0,-9087.0,-7289.0,104568,632.3714091777802,34
-10884.0,-5811.0,-7813.0,104594,632.4458341598511,34
-10338.0,-5221.0,-8899.0,104638,632.5387930870056,34
-7709.0,-10673.0,-6068.0,104650,632.5622961521149,34
-9541.0,-9515.0,-6830.0,104694,632.6711120605469,35
-9557.0,-9486.0,-7021.0,104800,632.8963670730591,35
-9328.0,-9403.0,-7735.0,104960,633.1882209777832,35
-6531.0,-10032.0,-8551.0,104976,633.2252180576324,35
-6525.0,-9900.0,-8801.0,104978,633.2294931411743,35
-6298.0,-10795.0,-6173.0,105032,633.3143720626831,35
-6308.0,-10777.0,-6137.0,105034,633.3900451660156,35
-9091.0,-5721.0,-10137.0,105188,633.6519551277161,35
-7254.0,-10616.0,-6723.0,105204,633.6816940307617,35
-6822.0,-10932.0,-5183.0,105206,633.6861391067505,35
-6367.0,-10875.0,-5838.0,105208,633.6914901733398,35
-6523.0,-9610.0,-9062.0,105320,633.8056070804596,36
-10206.0,-8690.0,-6991.0,105328,633.8161079883575,36
-8242.0,-6985.0,-10379.0,105374,633.8602070808411,36
-7610.0,-7433.0,-10367.0,105378,633.86891913414,36
-8189.0,-6810.0,-10419.0,105382,633.8744730949402,36
-7557.0,-7258.0,-10407.0,105384,633.8801550865173,36
