z1,z2,z3,node,time,depth
49.0,114.0,49.0,1,0.03620409965515137,1
55.0,105.0,55.0,1,0.03621506690979004,1
80.0,70.0,85.0,1,0.036225080490112305,1
93.0,65.0,94.0,1,0.03625607490539551,1
78.0,80.0,79.0,2,0.0834660530090332,2
115.0,56.0,126.0,3,0.13113808631896973,2
130.0,54.0,129.0,4,0.17257094383239746,3
128.0,54.0,131.0,9,0.37413692474365234,4
122.0,55.0,130.0,16,0.690964937210083,5
121.0,57.0,125.0,36,1.572563886642456,6
124.0,57.0,122.0,36,1.572584867477417,6
117.0,60.0,116.0,36,1.572606086730957,6
115.0,60.0,118.0,36,1.5726161003112793,6
109.0,63.0,120.0,57,2.563410997390747,6
75.0,86.0,77.0,62,2.736509084701538,7
117.0,58.0,125.0,64,2.8265130519866943,7
111.0,61.0,121.0,64,2.826524019241333,7
111.0,62.0,119.0,146,6.125030994415283,8
81.0,101.0,75.0,151,6.307748079299927,9
110.0,64.0,119.0,157,6.5384840965271,9
111.0,64.0,118.0,157,6.538512945175171,9
73.0,104.0,78.0,161,6.700042963027954,9
77.0,104.0,75.0,207,8.355568885803223,10
122.0,57.0,124.0,224,9.023303031921387,10
123.0,57.0,123.0,225,9.055639028549194,10
73.0,93.0,80.0,260,10.091708898544312,11
116.0,63.0,116.0,282,11.050013065338135,11
118.0,63.0,114.0,284,11.110152006149292,11
71.0,102.0,82.0,326,12.599835872650146,12
79.0,102.0,76.0,662,20.749664068222046,20
