z1,z2,z3,node,time,depth
-13768.0,-15243.0,-9832.0,1,0.02124786376953125,1
-10363.0,-15210.0,-13500.0,1,0.021255970001220703,1
-10472.0,-15782.0,-12286.0,1,0.02126288414001465,1
-11484.0,-16169.0,-11197.0,1,0.0212709903717041,1
-11076.0,-16096.0,-11524.0,1,0.021287918090820312,1
-11282.0,-15773.0,-12236.0,1,0.021295785903930664,1
-15265.0,-13216.0,-10041.0,1,0.021303892135620117,1
-13997.0,-10358.0,-14680.0,1,0.02131199836730957,1
-11423.0,-11580.0,-15758.0,1,0.021318912506103516,1
-9921.0,-14434.0,-14342.0,1,0.021326780319213867,1
-10349.0,-12911.0,-15616.0,1,0.021333932876586914,1
-10342.0,-14008.0,-14780.0,1,0.02134084701538086,1
-15061.0,-13420.0,-10432.0,1,0.021348953247070312,1
-14698.0,-13574.0,-10991.0,1,0.021356821060180664,1
-15453.0,-12102.0,-11089.0,1,0.02136397361755371,1
-12572.0,-11154.0,-15328.0,1,0.021370887756347656,1
-10784.0,-14784.0,-13938.0,1,0.0213778018951416,1
-12142.0,-13051.0,-14446.0,1,0.021385908126831055,1
-12349.0,-12642.0,-14658.0,1,0.021392822265625,1
-10735.0,-12327.0,-15946.0,1,0.021400928497314453,1
-11143.0,-13215.0,-15033.0,1,0.0214078426361084,1
-10528.0,-12736.0,-15734.0,1,0.02141594886779785,1
-12024.0,-11954.0,-15444.0,1,0.021422863006591797,1
-11322.0,-12233.0,-15707.0,1,0.021429777145385742,1
-12816.0,-11474.0,-15234.0,1,0.02144789695739746,1
-13816.0,-11320.0,-14403.0,1,0.021456003189086914,1
-15175.0,-10744.0,-12511.0,1,0.021461963653564453,1
-12747.0,-14201.0,-12627.0,1,0.021467924118041992,1
-11473.0,-14456.0,-13640.0,1,0.021474838256835938,1
-11651.0,-15039.0,-12768.0,1,0.021480798721313477,1
-14410.0,-14475.0,-10140.0,1,0.021487951278686523,1
-14442.0,-13116.0,-12078.0,1,0.021495819091796875,1
-13666.0,-14360.0,-11389.0,1,0.021503925323486328,1
-12925.0,-14784.0,-11755.0,1,0.021519899368286133,1
-12149.0,-16028.0,-11066.0,1,0.021528005599975586,1
-14306.0,-10327.0,-14444.0,1,0.02153491973876953,1
-15037.0,-11328.0,-12670.0,1,0.021542787551879883,1
-14264.0,-12533.0,-12950.0,1,0.02154994010925293,1
-14754.0,-11540.0,-12991.0,1,0.02155780792236328,1
-15249.0,-12306.0,-11480.0,1,0.021564960479736328,1
-11986.0,-15361.0,-11358.0,2,0.045540809631347656,2
-11230.0,-15465.0,-12330.0,2,0.0455470085144043,2
-12118.0,-15140.0,-12113.0,2,0.045552968978881836,2
-13635.0,-13472.0,-12436.0,2,0.04556989669799805,2
-13070.0,-14383.0,-11924.0,2,0.04557490348815918,2
-12428.0,-15151.0,-11616.0,2,0.04558086395263672,2
-13821.0,-14208.0,-10777.0,2,0.04558682441711426,2
-12250.0,-13452.0,-13927.0,2,0.045633792877197266,2
-14358.0,-12317.0,-12553.0,2,0.04566788673400879,2
-15298.0,-11269.0,-11844.0,2,0.04567289352416992,2
-14429.0,-10852.0,-13777.0,2,0.04567885398864746,2
-13457.0,-12889.0,-13308.0,2,0.045684814453125,2
-13939.0,-11845.0,-13736.0,2,0.04569578170776367,2
-12457.0,-13043.0,-14139.0,2,0.04570794105529785,2
-10507.0,-14786.0,-13541.0,3,0.0661158561706543,2
-10949.0,-15562.0,-12699.0,3,0.06613278388977051,2
-11110.0,-12779.0,-15043.0,3,0.06614995002746582,2
-14456.0,-10836.0,-13525.0,3,0.06617188453674316,2
-15208.0,-11239.0,-12104.0,3,0.06622195243835449,2
-14006.0,-11326.0,-13850.0,3,0.06623291969299316,2
-14693.0,-11186.0,-13282.0,3,0.06624484062194824,2
-12058.0,-14529.0,-12925.0,3,0.06624984741210938,2
-11971.0,-15445.0,-11938.0,3,0.06625580787658691,2
-13368.0,-13270.0,-13036.0,3,0.06627798080444336,2
-11832.0,-12887.0,-14735.0,4,0.08936095237731934,3
-12892.0,-13800.0,-12796.0,4,0.08937287330627441,3
-13646.0,-10062.0,-14702.0,4,0.08941292762756348,3
-13237.0,-12124.0,-13999.0,4,0.08944177627563477,3
-11732.0,-11861.0,-15575.0,4,0.08947587013244629,3
-13341.0,-13903.0,-12085.0,4,0.0895378589630127,3
-11817.0,-12363.0,-15232.0,5,0.10869288444519043,3
-11780.0,-11634.0,-15538.0,5,0.10870480537414551,3
-13157.0,-14408.0,-11268.0,5,0.10874390602111816,3
-12514.0,-13862.0,-13098.0,5,0.10878300666809082,3
-11513.0,-14041.0,-13590.0,5,0.10878896713256836,3
-12561.0,-13626.0,-13394.0,5,0.10880494117736816,3
-12908.0,-14255.0,-12110.0,5,0.10882782936096191,3
-12203.0,-13688.0,-13631.0,5,0.10886096954345703,3
-12041.0,-14000.0,-13280.0,5,0.10886693000793457,3
-10840.0,-14997.0,-13078.0,6,0.12817096710205078,3
-11018.0,-14121.0,-13753.0,6,0.12818193435668945,3
-13847.0,-12208.0,-13356.0,6,0.12823891639709473,3
-15022.0,-12148.0,-11975.0,6,0.12829995155334473,3
-14520.0,-12991.0,-11863.0,6,0.12830591201782227,3
-12261.0,-13279.0,-13757.0,6,0.1283118724822998,3
-13488.0,-13777.0,-12261.0,6,0.12832880020141602,3
-12592.0,-14514.0,-12347.0,6,0.1283400058746338,3
-12707.0,-12581.0,-14008.0,6,0.12834501266479492,3
-13795.0,-11574.0,-13744.0,6,0.12835097312927246,3
-11460.0,-14897.0,-12911.0,6,0.12836289405822754,3
-12141.0,-14559.0,-12701.0,6,0.12836790084838867,3
-12348.0,-14150.0,-12913.0,6,0.1283738613128662,3
-12458.0,-15362.0,-11110.0,7,0.14257478713989258,3
-11816.0,-15817.0,-11529.0,7,0.14258098602294922,3
-13956.0,-14158.0,-11069.0,7,0.14258599281311035,3
-14598.0,-13390.0,-11377.0,7,0.1426079273223877,3
-15164.0,-11759.0,-12001.0,7,0.1426248550415039,3
-10182.0,-14098.0,-14327.0,8,0.16526389122009277,4
-12465.0,-11178.0,-15256.0,8,0.16527485847473145,4
-11360.0,-15457.0,-12069.0,8,0.16529178619384766,4
-10624.0,-14874.0,-13485.0,8,0.1653139591217041,4
-11940.0,-14557.0,-12985.0,8,0.1653308868408203,4
-11251.0,-14885.0,-13283.0,8,0.16533684730529785,4
-10809.0,-14109.0,-14125.0,8,0.1653428077697754,4
-10785.0,-12091.0,-15829.0,8,0.1653599739074707,4
-11610.0,-13316.0,-14378.0,8,0.16539978981018066,4
-11227.0,-12867.0,-14987.0,8,0.1654047966003418,4
-11577.0,-11611.0,-15619.0,8,0.1654338836669922,4
-13205.0,-11696.0,-14221.0,8,0.16544485092163086,4
-12205.0,-11850.0,-15052.0,8,0.16547298431396484,4
-12704.0,-12379.0,-14175.0,8,0.16547894477844238,4
-11684.0,-13455.0,-14046.0,10,0.20376896858215332,4
-14009.0,-13123.0,-12014.0,10,0.20384693145751953,4
-12023.0,-12800.0,-14592.0,10,0.20386385917663574,4
-12938.0,-12845.0,-13715.0,10,0.20389199256896973,4
-12609.0,-11883.0,-15022.0,10,0.20389890670776367,4
-13839.0,-13268.0,-12045.0,10,0.2039039134979248,4
-13060.0,-13795.0,-12367.0,10,0.2039318084716797,4
-11709.0,-13177.0,-14254.0,11,0.22629785537719727,4
-11902.0,-12302.0,-14820.0,11,0.22637701034545898,4
-14864.0,-11097.0,-12716.0,12,0.24497389793395996,4
-12951.0,-12945.0,-13442.0,12,0.2449789047241211,4
-14849.0,-11460.0,-12581.0,12,0.24498486518859863,4
-14513.0,-13021.0,-11714.0,12,0.24505281448364258,4
-13453.0,-12108.0,-13653.0,12,0.2450578212738037,4
-15193.0,-11602.0,-11969.0,12,0.24509191513061523,4
-14738.0,-13368.0,-11138.0,12,0.24509692192077637,4
-15178.0,-12422.0,-11274.0,12,0.2451028823852539,4
-12500.0,-12990.0,-13796.0,12,0.24510788917541504,4
-13835.0,-14496.0,-10470.0,13,0.26021599769592285,4
-12657.0,-15031.0,-11189.0,13,0.2602219581604004,4
-11638.0,-15234.0,-12401.0,14,0.27176380157470703,4
-13179.0,-14046.0,-12221.0,14,0.27177000045776367,4
-13001.0,-13463.0,-13093.0,14,0.271791934967041,4
-13335.0,-12365.0,-13779.0,14,0.27179789543151855,4
-13841.0,-11947.0,-13517.0,14,0.27181482315063477,4
-13778.0,-13575.0,-11941.0,14,0.27182698249816895,4
-14593.0,-12350.0,-12096.0,14,0.2718319892883301,4
-14350.0,-11468.0,-13238.0,14,0.2718379497528076,4
-12234.0,-15207.0,-11387.0,15,0.2827489376068115,4
-11616.0,-13753.0,-13767.0,15,0.2827768325805664,4
-13254.0,-10345.0,-14767.0,16,0.3077869415283203,5
-11444.0,-14010.0,-13849.0,16,0.3078458309173584,5
-12221.0,-10858.0,-15350.0,16,0.30785679817199707,5
-12359.0,-14055.0,-12972.0,16,0.307938814163208,5
-11234.0,-13312.0,-14588.0,17,0.3313438892364502,5
-11258.0,-13788.0,-14119.0,17,0.33141088485717773,5
-11390.0,-13849.0,-13941.0,17,0.3314168453216553,5
-11733.0,-13841.0,-13711.0,17,0.3314518928527832,5
-12422.0,-13513.0,-13413.0,17,0.33145785331726074,5
-12610.0,-13952.0,-12717.0,17,0.33151984214782715,5
-10706.0,-12427.0,-15819.0,18,0.3550260066986084,5
-13110.0,-13177.0,-13075.0,18,0.3550429344177246,5
-12017.0,-13906.0,-13364.0,18,0.35506486892700195,5
-10791.0,-13687.0,-14774.0,18,0.3550708293914795,5
-10369.0,-15621.0,-12591.0,18,0.3550758361816406,5
-11078.0,-11913.0,-15801.0,18,0.35508179664611816,5
-9890.0,-14098.0,-14478.0,18,0.3550879955291748,5
-11115.0,-12642.0,-15495.0,18,0.35510993003845215,5
-10893.0,-15356.0,-12724.0,18,0.3551208972930908,5
-12512.0,-15004.0,-11514.0,18,0.35512685775756836,5
-11241.0,-15150.0,-12675.0,18,0.3551328182220459,5
-10332.0,-14874.0,-13636.0,18,0.35513877868652344,5
-10669.0,-15590.0,-12485.0,18,0.3551828861236572,5
-11344.0,-15311.0,-12370.0,18,0.35518884658813477,5
-10233.0,-15218.0,-13253.0,18,0.3551948070526123,5
-10566.0,-15429.0,-12790.0,18,0.35519981384277344,5
-10790.0,-15195.0,-13029.0,18,0.3552060127258301,5
-13080.0,-11632.0,-14350.0,19,0.37648487091064453,5
-10354.0,-15341.0,-12987.0,19,0.3764967918395996,5
-12851.0,-10789.0,-15028.0,19,0.3765239715576172,5
-12891.0,-13081.0,-13419.0,20,0.3965737819671631,5
-11770.0,-12599.0,-14936.0,20,0.3965799808502197,5
-12631.0,-11512.0,-14737.0,21,0.41510486602783203,5
-11587.0,-12509.0,-14972.0,21,0.4151167869567871,5
-12413.0,-11917.0,-14833.0,21,0.41512179374694824,5
-11657.0,-12707.0,-14847.0,21,0.415172815322876,5
-12882.0,-13212.0,-13239.0,21,0.41518378257751465,5
-13831.0,-12540.0,-12886.0,21,0.41522789001464844,5
-13413.0,-11763.0,-14002.0,21,0.415233850479126,5
-13378.0,-12343.0,-13554.0,21,0.4152398109436035,5
-12676.0,-12775.0,-13879.0,21,0.41524481773376465,5
-12553.0,-11970.0,-14761.0,21,0.4152507781982422,5
-11987.0,-13103.0,-14177.0,21,0.4152679443359375,5
-12754.0,-12751.0,-13960.0,22,0.4351658821105957,5
-12457.0,-12549.0,-14309.0,22,0.4351778030395508,5
-13622.0,-13032.0,-12787.0,22,0.4352560043334961,5
-13799.0,-13640.0,-11576.0,22,0.4352729320526123,5
-13669.0,-12796.0,-13083.0,22,0.4353017807006836,5
-13638.0,-11927.0,-13585.0,23,0.45133090019226074,5
-14561.0,-12543.0,-12024.0,24,0.46901679039001465,5
-14538.0,-12551.0,-11796.0,25,0.48391294479370117,5
-12991.0,-15131.0,-10984.0,25,0.4839189052581787,5
-11813.0,-15666.0,-11703.0,25,0.4839518070220947,5
-12327.0,-15152.0,-11741.0,25,0.48395800590515137,5
-13319.0,-14024.0,-11982.0,25,0.48396897315979004,5
-13094.0,-13677.0,-12558.0,25,0.48397397994995117,5
-14713.0,-12215.0,-12314.0,26,0.49837183952331543,5
-12938.0,-13069.0,-13217.0,26,0.4983999729156494,5
-12798.0,-12324.0,-14022.0,26,0.49840593338012695,5
-13526.0,-13615.0,-12194.0,26,0.4984169006347656,5
-14025.0,-12791.0,-12484.0,26,0.49842190742492676,5
-13883.0,-13955.0,-11151.0,27,0.5087549686431885,5
-13333.0,-14149.0,-11852.0,28,0.5215787887573242,5
-13679.0,-12507.0,-13167.0,28,0.5216069221496582,5
-12919.0,-13163.0,-13294.0,28,0.5216119289398193,5
-11676.0,-13675.0,-13821.0,28,0.5216398239135742,5
-13183.0,-11791.0,-14087.0,28,0.5216457843780518,5
-12259.0,-14303.0,-12810.0,28,0.5216569900512695,5
-13155.0,-13566.0,-12724.0,28,0.5216619968414307,5
-11681.0,-15250.0,-12262.0,29,0.5343070030212402,5
-14237.0,-11283.0,-13437.0,29,0.5343418121337891,5
-12312.0,-13791.0,-13391.0,29,0.53436279296875,5
-11814.0,-14158.0,-13448.0,29,0.5343778133392334,5
-11559.0,-14000.0,-13802.0,29,0.53438401222229,5
-11552.0,-13555.0,-14201.0,29,0.5343887805938721,5
-14169.0,-13654.0,-11362.0,30,0.5478289127349854,5
-13995.0,-12946.0,-12242.0,30,0.547839879989624,5
-13467.0,-13446.0,-12493.0,30,0.5478630065917969,5
-12647.0,-13175.0,-13467.0,30,0.547868013381958,5
-12646.0,-13785.0,-12855.0,31,0.5620830059051514,5
-13715.0,-13899.0,-11752.0,31,0.5620880126953125,5
-12848.0,-13644.0,-12922.0,31,0.5620999336242676,5
-13321.0,-13506.0,-12740.0,31,0.5621049404144287,5
-12693.0,-13549.0,-13151.0,31,0.5621159076690674,5
-12900.0,-13140.0,-13363.0,31,0.5621218681335449,5
-11660.0,-13956.0,-13682.0,32,0.5875339508056641,6
-12699.0,-14671.0,-11777.0,32,0.5875568389892578,6
-12233.0,-14733.0,-12396.0,32,0.587561845779419,6
-11860.0,-13526.0,-13849.0,32,0.5876297950744629,6
-12660.0,-13802.0,-12851.0,32,0.5876469612121582,6
-11922.0,-14559.0,-12929.0,32,0.5876529216766357,6
-13345.0,-13778.0,-12093.0,33,0.6128308773040771,6
-11582.0,-12743.0,-14840.0,34,0.6345999240875244,6
-11262.0,-13050.0,-14712.0,34,0.6346168518066406,6
-12497.0,-12788.0,-13963.0,34,0.6346359252929688,6
-13019.0,-12233.0,-13946.0,35,0.6561999320983887,6
-10665.0,-15085.0,-13173.0,36,0.6809718608856201,6
-11114.0,-14150.0,-13750.0,36,0.6810908317565918,6
-11234.0,-12870.0,-14806.0,36,0.681102991104126,6
-11321.0,-13741.0,-13962.0,36,0.6811308860778809,6
-10761.0,-14940.0,-13283.0,37,0.699211835861206,6
-12120.0,-14067.0,-13059.0,37,0.6992228031158447,6
-11011.0,-15100.0,-12833.0,37,0.6992349624633789,6
-12179.0,-14793.0,-11977.0,37,0.69923996925354,6
-10336.0,-15379.0,-12948.0,37,0.6992459297180176,6
-11488.0,-11541.0,-15669.0,38,0.7202448844909668,6
-12718.0,-11584.0,-14696.0,38,0.7203118801116943,6
-13118.0,-13905.0,-12234.0,38,0.7203350067138672,6
-11390.0,-12111.0,-15577.0,39,0.7350199222564697,6
-12250.0,-14568.0,-12488.0,39,0.7350478172302246,6
-11031.0,-13680.0,-14482.0,39,0.7350637912750244,6
-15179.0,-10972.0,-12108.0,40,0.7566628456115723,6
-13994.0,-11903.0,-13531.0,40,0.7567369937896729,6
-13326.0,-11510.0,-14307.0,41,0.7731978893280029,6
-13145.0,-12436.0,-13927.0,41,0.7732028961181641,6
-11890.0,-13892.0,-13406.0,42,0.7906467914581299,6
-12171.0,-12906.0,-14173.0,42,0.7907838821411133,6
-12759.0,-12407.0,-14121.0,42,0.7907998561859131,6
-12707.0,-12987.0,-13664.0,44,0.8207128047943115,6
-14135.0,-12893.0,-12090.0,44,0.8208088874816895,6
-12380.0,-14296.0,-12420.0,46,0.8459489345550537,6
-13787.0,-12908.0,-12648.0,46,0.8459939956665039,6
-12980.0,-13800.0,-12479.0,46,0.8460438251495361,6
-13027.0,-13564.0,-12775.0,46,0.8460497856140137,6
-11886.0,-13905.0,-13509.0,47,0.8580307960510254,6
-12093.0,-13496.0,-13721.0,47,0.8580420017242432,6
-11087.0,-16034.0,-11612.0,48,0.8826808929443359,6
-11608.0,-15930.0,-11438.0,48,0.8826978206634521,6
-12590.0,-15778.0,-10551.0,48,0.8827037811279297,6
-11039.0,-15323.0,-12473.0,48,0.8827669620513916,6
-12250.0,-15162.0,-11746.0,48,0.8827779293060303,6
-13181.0,-15242.0,-10668.0,48,0.882788896560669,6
-13560.0,-13903.0,-11857.0,48,0.882828950881958,6
-13624.0,-13728.0,-11949.0,48,0.8828339576721191,6
-12829.0,-13952.0,-12489.0,48,0.8828399181365967,6
-13782.0,-13070.0,-12346.0,48,0.8828518390655518,6
-13817.0,-12952.0,-12400.0,48,0.8828568458557129,6
-13393.0,-14898.0,-10673.0,49,0.9024310111999512,6
-13721.0,-13791.0,-11671.0,49,0.9024767875671387,6
-12149.0,-14569.0,-12613.0,50,0.9163639545440674,6
-12508.0,-13000.0,-13708.0,50,0.9164028167724609,6
-13101.0,-14510.0,-11442.0,51,0.9266319274902344,6
-12094.0,-14795.0,-12405.0,51,0.926642894744873,6
-14800.0,-10978.0,-12913.0,52,0.9422948360443115,6
-14022.0,-13266.0,-11822.0,53,0.9544308185577393,6
-13713.0,-13333.0,-12161.0,53,0.9544417858123779,6
-14880.0,-12860.0,-11354.0,53,0.954474925994873,6
-11927.0,-14576.0,-12475.0,55,0.9734969139099121,6
-11485.0,-14661.0,-12942.0,56,0.9917759895324707,6
-13203.0,-14367.0,-11480.0,56,0.9918158054351807,6
-11609.0,-14422.0,-13183.0,56,0.9918220043182373,6
-14162.0,-11600.0,-13149.0,58,1.0143048763275146,6
-12009.0,-14143.0,-13260.0,58,1.0143499374389648,6
-12878.0,-12658.0,-13975.0,58,1.0143558979034424,6
-11982.0,-13395.0,-14061.0,58,1.014366865158081,6
-13138.0,-11809.0,-14169.0,58,1.0143837928771973,6
-12426.0,-14255.0,-12632.0,59,1.0243229866027832,6
-12596.0,-14801.0,-11555.0,60,1.035998821258545,6
-12365.0,-14656.0,-12153.0,60,1.0360097885131836,6
-13040.0,-14377.0,-12038.0,60,1.0360448360443115,6
-13100.0,-14594.0,-11418.0,60,1.0360779762268066,6
-13645.0,-14029.0,-11621.0,60,1.0360839366912842,6
-13629.0,-13023.0,-12580.0,60,1.0361008644104004,6
-12877.0,-13930.0,-12257.0,62,1.0573418140411377,6
-13514.0,-12462.0,-13362.0,62,1.057358980178833,6
-14272.0,-12200.0,-12936.0,62,1.0573768615722656,6
-13847.0,-13596.0,-11629.0,63,1.06557297706604,6
-14420.0,-12807.0,-12249.0,63,1.0655789375305176,6
-12838.0,-14385.0,-11979.0,64,1.0948758125305176,7
-13157.0,-14229.0,-11534.0,64,1.0949039459228516,7
-11717.0,-14823.0,-12664.0,66,1.1533458232879639,7
-10817.0,-13999.0,-14051.0,66,1.1534128189086914,7
-11291.0,-13065.0,-14553.0,68,1.1941368579864502,7
-11469.0,-12641.0,-14924.0,68,1.194220781326294,7
-11168.0,-12540.0,-15220.0,68,1.1942598819732666,7
-11351.0,-12987.0,-14607.0,68,1.1942658424377441,7
-12258.0,-11587.0,-15044.0,69,1.2156188488006592,7
-11998.0,-12259.0,-14840.0,69,1.2156248092651367,7
-11662.0,-13387.0,-14128.0,70,1.2346608638763428,7
-12173.0,-13833.0,-13242.0,70,1.2347447872161865,7
-12577.0,-13432.0,-13251.0,70,1.2347497940063477,7
-11379.0,-13911.0,-13853.0,71,1.2518727779388428,7
-10673.0,-15577.0,-12382.0,72,1.2752659320831299,7
-10263.0,-13462.0,-15026.0,74,1.3124308586120605,7
-10705.0,-14238.0,-14184.0,74,1.3124709129333496,7
-11851.0,-12249.0,-15024.0,74,1.3124868869781494,7
-12814.0,-11538.0,-14566.0,74,1.312497854232788,7
-10955.0,-12986.0,-15110.0,74,1.3125147819519043,7
-10189.0,-13255.0,-15231.0,74,1.312520980834961,7
-11394.0,-13910.0,-13886.0,74,1.3125379085540771,7
-10908.0,-14939.0,-13138.0,74,1.3126039505004883,7
-10699.0,-15073.0,-13031.0,76,1.3912768363952637,7
-10701.0,-12439.0,-15875.0,76,1.3913350105285645,7
-11002.0,-12540.0,-15579.0,76,1.3913698196411133,7
-11373.0,-13430.0,-14480.0,76,1.3913919925689697,7
-11166.0,-13839.0,-14268.0,76,1.3913979530334473,7
-11421.0,-14558.0,-13212.0,76,1.3914039134979248,7
-11374.0,-14794.0,-12916.0,76,1.3914098739624023,7
-12585.0,-13183.0,-13424.0,76,1.3914330005645752,7
-11185.0,-12770.0,-15090.0,77,1.405970811843872,7
-12010.0,-13470.0,-13863.0,77,1.4060428142547607,7
-11590.0,-14604.0,-12800.0,78,1.4189848899841309,7
-12317.0,-13821.0,-13126.0,78,1.418989896774292,7
-11865.0,-12356.0,-14916.0,79,1.427973985671997,7
-14146.0,-11339.0,-13743.0,80,1.4475359916687012,7
-14302.0,-11613.0,-13042.0,80,1.4475979804992676,7
-12873.0,-12293.0,-14193.0,80,1.447624921798706,7
-13339.0,-12231.0,-13574.0,80,1.4476368427276611,7
-13972.0,-11594.0,-13702.0,80,1.4476418495178223,7
-14049.0,-11334.0,-13813.0,81,1.4670908451080322,7
-12873.0,-11498.0,-14643.0,81,1.4671030044555664,7
-13189.0,-11218.0,-14687.0,81,1.4671308994293213,7
-13498.0,-11187.0,-14451.0,81,1.46714186668396,7
-14839.0,-11071.0,-12787.0,82,1.4859588146209717,7
-14431.0,-10810.0,-13596.0,82,1.4859979152679443,7
-13695.0,-11525.0,-13830.0,82,1.4860639572143555,7
-14919.0,-11571.0,-12082.0,83,1.4996578693389893,7
-13847.0,-13162.0,-11886.0,83,1.4996798038482666,7
-12482.0,-13080.0,-13640.0,84,1.5177249908447266,7
-12501.0,-12298.0,-14387.0,84,1.5177299976348877,7
-13431.0,-11946.0,-13681.0,84,1.5177409648895264,7
-12378.0,-12497.0,-14385.0,85,1.5338048934936523,7
-12831.0,-12694.0,-13717.0,86,1.5465819835662842,7
-12530.0,-13256.0,-13403.0,86,1.5466489791870117,7
-12738.0,-13269.0,-13175.0,86,1.5466599464416504,7
-12427.0,-13095.0,-13708.0,86,1.5466649532318115,7
-13372.0,-12594.0,-13432.0,89,1.591484785079956,7
-13165.0,-13003.0,-13220.0,89,1.5914969444274902,7
-13498.0,-12197.0,-13542.0,92,1.6199870109558105,7
-11605.0,-13971.0,-13495.0,93,1.627722978591919,7
-14882.0,-12693.0,-11184.0,96,1.6607849597930908,7
-11720.0,-14985.0,-12263.0,96,1.6608288288116455,7
-13782.0,-13634.0,-11661.0,96,1.660862922668457,7
-14096.0,-14136.0,-10830.0,96,1.6608679294586182,7
-14455.0,-12567.0,-11925.0,96,1.6608798503875732,7
-13104.0,-15264.0,-10589.0,96,1.6609067916870117,7
-12366.0,-15623.0,-10828.0,97,1.6789000034332275,7
-13544.0,-15088.0,-10109.0,97,1.6789219379425049,7
-15214.0,-11794.0,-11513.0,97,1.6789278984069824,7
-14786.0,-12890.0,-11448.0,97,1.6789848804473877,7
-11641.0,-14204.0,-13331.0,99,1.7079739570617676,7
-12330.0,-13876.0,-13033.0,99,1.7080090045928955,7
-12405.0,-14005.0,-12856.0,103,1.7527728080749512,7
-14678.0,-12897.0,-11575.0,104,1.766875982284546,7
-13702.0,-13395.0,-12073.0,110,1.8280229568481445,7
-12605.0,-13100.0,-13571.0,111,1.8353009223937988,7
-12162.0,-14175.0,-12844.0,112,1.8495879173278809,7
-11352.0,-15753.0,-11756.0,114,1.8726108074188232,7
-11336.0,-15176.0,-12423.0,114,1.8726158142089844,7
-11476.0,-15514.0,-11997.0,114,1.8726658821105957,7
-13060.0,-14687.0,-11136.0,115,1.881861925125122,7
-11962.0,-14379.0,-12964.0,116,1.8944799900054932,7
-11935.0,-13631.0,-13765.0,116,1.8944849967956543,7
-11912.0,-13197.0,-14186.0,116,1.8944909572601318,7
-11687.0,-15065.0,-12181.0,116,1.8945128917694092,7
-13033.0,-12807.0,-13524.0,116,1.8945238590240479,7
-12601.0,-12869.0,-13888.0,116,1.8945298194885254,7
-13056.0,-13241.0,-13103.0,116,1.8945348262786865,7
-12148.0,-12646.0,-14344.0,118,1.9196219444274902,7
-12248.0,-13672.0,-13504.0,118,1.9196388721466064,7
-12095.0,-13287.0,-14150.0,119,1.9258759021759033,7
-13046.0,-14192.0,-11957.0,120,1.9371798038482666,7
-13106.0,-14409.0,-11337.0,120,1.9371860027313232,7
-13997.0,-12886.0,-12153.0,120,1.9372189044952393,7
-12305.0,-13425.0,-13469.0,123,1.9615910053253174,7
-13739.0,-12809.0,-12786.0,124,1.9695918560028076,7
-14497.0,-12547.0,-12360.0,124,1.9696028232574463,7
-13886.0,-12863.0,-12484.0,125,1.9774539470672607,7
-12924.0,-13694.0,-12553.0,126,1.9832029342651367,7
-13428.0,-13487.0,-12416.0,126,1.983219861984253,7
-13537.0,-13316.0,-12624.0,127,1.9890978336334229,7
-12270.0,-14576.0,-12325.0,132,2.112424850463867,8
-11577.0,-14485.0,-13090.0,132,2.11250901222229,8
-11257.0,-15296.0,-12374.0,134,2.1526308059692383,8
-11422.0,-13087.0,-14455.0,134,2.1527090072631836,8
-13097.0,-11290.0,-14551.0,136,2.192568778991699,8
-11202.0,-12428.0,-15291.0,136,2.1926469802856445,8
-11857.0,-12212.0,-14922.0,139,2.2450308799743652,8
-12305.0,-13894.0,-13064.0,142,2.288127899169922,8
-12294.0,-13956.0,-12976.0,143,2.299172878265381,8
-12294.0,-13097.0,-13789.0,150,2.4259769916534424,8
-11068.0,-12878.0,-15199.0,150,2.4259939193725586,8
-11156.0,-12870.0,-14963.0,151,2.437802791595459,8
-11195.0,-13286.0,-14783.0,151,2.43780779838562,8
-11822.0,-12049.0,-15213.0,152,2.4547109603881836,8
-11463.0,-13618.0,-14118.0,152,2.454749822616577,8
-11256.0,-14027.0,-13906.0,152,2.4547548294067383,8
-11525.0,-12270.0,-15363.0,153,2.488712787628174,8
-11119.0,-14075.0,-13972.0,153,2.488741874694824,8
-10556.0,-14335.0,-14066.0,154,2.5059797763824463,8
-11472.0,-14177.0,-13726.0,154,2.5059847831726074,8
-11896.0,-11167.0,-15472.0,156,2.525329828262329,8
-11888.0,-11500.0,-15486.0,157,2.5354788303375244,8
-11264.0,-12343.0,-15263.0,157,2.5354909896850586,8
-11429.0,-13330.0,-14334.0,158,2.546926975250244,8
-12940.0,-13322.0,-13106.0,159,2.556269884109497,8
-12230.0,-12391.0,-14804.0,160,2.575847864151001,8
-12102.0,-11496.0,-15420.0,160,2.575878858566284,8
-13681.0,-10638.0,-14636.0,160,2.575889825820923,8
-13986.0,-10740.0,-14162.0,160,2.575924873352051,8
-13496.0,-11733.0,-14121.0,160,2.5759987831115723,8
-12068.0,-11608.0,-15349.0,161,2.648514986038208,8
-11872.0,-12472.0,-14685.0,161,2.648575782775879,8
-12920.0,-12057.0,-14489.0,161,2.6486258506774902,8
-12562.0,-12119.0,-14726.0,161,2.648636817932129,8
-12400.0,-12431.0,-14375.0,161,2.648648977279663,8
-13797.0,-11347.0,-13921.0,162,2.6686298847198486,8
-13160.0,-11231.0,-14479.0,162,2.6686959266662598,8
-13328.0,-11468.0,-14126.0,164,2.70485782623291,8
-13625.0,-11670.0,-13777.0,164,2.7049028873443604,8
-13690.0,-12165.0,-13565.0,166,2.7327218055725098,8
-13887.0,-12173.0,-13362.0,166,2.7327330112457275,8
-13822.0,-12226.0,-13387.0,166,2.732738971710205,8
-14295.0,-10984.0,-13509.0,166,2.73276686668396,8
-14017.0,-11387.0,-13712.0,166,2.7327728271484375,8
-14377.0,-11180.0,-13403.0,166,2.7327778339385986,8
-14180.0,-11172.0,-13606.0,166,2.732783794403076,8
-14645.0,-11788.0,-12387.0,166,2.7327888011932373,8
-14131.0,-12159.0,-13048.0,166,2.732800006866455,8
-12321.0,-13097.0,-13641.0,167,2.753765821456909,8
-12996.0,-12818.0,-13526.0,167,2.7537717819213867,8
-12523.0,-12956.0,-13708.0,167,2.7537829875946045,8
-13043.0,-12582.0,-13822.0,167,2.7538058757781982,8
-11863.0,-13144.0,-14207.0,169,2.792444944381714,8
-12608.0,-13351.0,-13167.0,169,2.7925169467926025,8
-12830.0,-12878.0,-13510.0,171,2.814826011657715,8
-12559.0,-13156.0,-13530.0,174,2.8486549854278564,8
-14042.0,-12540.0,-12536.0,178,2.907510995864868,8
-13621.0,-13057.0,-12448.0,178,2.907573938369751,8
-14413.0,-11748.0,-12835.0,179,2.9183599948883057,8
-12465.0,-12710.0,-14125.0,184,2.9677529335021973,8
-12623.0,-13196.0,-13380.0,184,2.967763900756836,8
-13110.0,-13394.0,-12746.0,185,2.9803237915039062,8
-11652.0,-13735.0,-13791.0,185,2.9803287982940674,8
-12932.0,-13165.0,-13144.0,188,3.0035839080810547,8
-13465.0,-12556.0,-13294.0,188,3.0036168098449707,8
-12707.0,-12818.0,-13720.0,188,3.0036327838897705,8
-13690.0,-12903.0,-12718.0,188,3.0036489963531494,8
-12730.0,-13672.0,-12982.0,189,3.012712001800537,8
-13027.0,-13723.0,-12401.0,190,3.019284963607788,8
-13108.0,-15279.0,-10144.0,192,3.0477709770202637,8
-12662.0,-15634.0,-10478.0,192,3.047776937484741,8
-13664.0,-14621.0,-10299.0,192,3.0477819442749023,8
-15122.0,-11779.0,-11566.0,192,3.0478107929229736,8
-12874.0,-15506.0,-10302.0,192,3.047884941101074,8
-13594.0,-14535.0,-10712.0,192,3.0478909015655518,8
-12786.0,-15395.0,-10719.0,192,3.047895908355713,8
-14384.0,-13650.0,-10709.0,192,3.047912836074829,8
-13161.0,-14565.0,-11252.0,192,3.0479187965393066,8
-13951.0,-13680.0,-11249.0,192,3.0479300022125244,8
-12161.0,-15683.0,-11099.0,192,3.0479419231414795,8
-12594.0,-15653.0,-10559.0,192,3.0479469299316406,8
-12113.0,-15248.0,-11518.0,193,3.0756468772888184,8
-13746.0,-14496.0,-10897.0,194,3.093608856201172,8
-12837.0,-13962.0,-12401.0,194,3.093620777130127,8
-14458.0,-13997.0,-10450.0,194,3.093625783920288,8
-14236.0,-13767.0,-11020.0,194,3.093636989593506,8
-13568.0,-13913.0,-11769.0,194,3.0936708450317383,8
-13003.0,-14659.0,-11540.0,194,3.093681812286377,8
-12782.0,-14188.0,-12193.0,195,3.1134369373321533,8
-14520.0,-13854.0,-10598.0,195,3.113492965698242,8
-13971.0,-14357.0,-10665.0,195,3.113503932952881,8
-13513.0,-14139.0,-11561.0,195,3.1135149002075195,8
-12939.0,-15143.0,-11063.0,196,3.1331448554992676,8
-12913.0,-14100.0,-12192.0,196,3.1331918239593506,8
-12761.0,-14560.0,-11935.0,196,3.1332318782806396,8
-12264.0,-15621.0,-11349.0,197,3.1492059230804443,8
-12869.0,-15273.0,-10932.0,197,3.149216890335083,8
-11551.0,-15063.0,-12456.0,202,3.2012758255004883,8
-12923.0,-13927.0,-12314.0,204,3.21889591217041,8
-13935.0,-12965.0,-12080.0,208,3.261119842529297,8
-14476.0,-11865.0,-12557.0,208,3.261132001876831,8
-13171.0,-14517.0,-11227.0,208,3.261147975921631,8
-13678.0,-14015.0,-11422.0,208,3.261164903640747,8
-14302.0,-13119.0,-11565.0,213,3.3166098594665527,8
-13436.0,-13143.0,-12649.0,223,3.3934078216552734,8
-11262.0,-14664.0,-12928.0,228,3.4625818729400635,8
-12506.0,-15079.0,-11384.0,228,3.4626197814941406,8
-11289.0,-15412.0,-12127.0,228,3.4626259803771973,8
-12462.0,-15237.0,-11118.0,228,3.4626309871673584,8
-12029.0,-15267.0,-11658.0,228,3.462636947631836,8
-13642.0,-13656.0,-11900.0,228,3.4626529216766357,8
-11538.0,-14208.0,-13241.0,230,3.481477975845337,8
-11584.0,-14582.0,-12925.0,231,3.4904909133911133,8
-11791.0,-14173.0,-13137.0,231,3.490506887435913,8
-11739.0,-14677.0,-12696.0,231,3.4905128479003906,8
-12606.0,-14932.0,-11526.0,231,3.4905238151550293,8
-12212.0,-14539.0,-12514.0,231,3.4905288219451904,8
-12826.0,-13216.0,-13312.0,232,3.508111000061035,8
-12886.0,-12325.0,-13961.0,233,3.516418933868408,8
-12505.0,-12916.0,-13957.0,234,3.5254158973693848,8
-12154.0,-13048.0,-13990.0,238,3.556168794631958,8
-13275.0,-12658.0,-13328.0,238,3.5561749935150146,8
-13097.0,-12075.0,-14200.0,238,3.5561859607696533,8
-12201.0,-12812.0,-14286.0,238,3.5562028884887695,8
-13390.0,-11796.0,-14061.0,239,3.562659978866577,8
-13917.0,-13667.0,-11470.0,242,3.5952889919281006,8
-12649.0,-13240.0,-13184.0,244,3.6128950119018555,8
-12737.0,-13363.0,-13105.0,244,3.612905979156494,8
-13187.0,-13806.0,-12249.0,244,3.6129119396209717,8
-14756.0,-11498.0,-12810.0,248,3.6452488899230957,8
-13977.0,-12921.0,-12246.0,248,3.645277976989746,8
-14910.0,-11814.0,-12290.0,249,3.6538889408111572,8
-13946.0,-12400.0,-12998.0,249,3.653934955596924,8
-13971.0,-12792.0,-12396.0,250,3.6615958213806152,8
-14094.0,-13597.0,-11514.0,250,3.6616129875183105,8
-13131.0,-13285.0,-12765.0,253,3.6767098903656006,8
-12604.0,-14272.0,-12146.0,262,3.8464319705963135,9
-12912.0,-13567.0,-12576.0,262,3.84651780128479,9
-13362.0,-14010.0,-11720.0,262,3.846529006958008,9
-11397.0,-15077.0,-12553.0,265,3.909301996231079,9
-12382.0,-13199.0,-13542.0,266,3.9260778427124023,9
-11840.0,-13531.0,-13825.0,270,3.995248794555664,9
-11498.0,-13781.0,-13827.0,271,4.002604007720947,9
-11173.0,-12528.0,-15164.0,272,4.028795957565308,9
-11232.0,-12528.0,-14961.0,276,4.097560882568359,9
-11535.0,-12979.0,-14544.0,278,4.127064943313599,9
-11440.0,-13749.0,-13948.0,286,4.228809833526611,9
-11695.0,-13907.0,-13594.0,286,4.228817939758301,9
-11489.0,-13470.0,-14234.0,286,4.2288289070129395,9
-10930.0,-14482.0,-13378.0,294,4.388918876647949,9
-10848.0,-14595.0,-13290.0,295,4.402694940567017,9
-10339.0,-13180.0,-15222.0,298,4.454402923583984,9
-11724.0,-13302.0,-14100.0,298,4.454466819763184,9
-10935.0,-13970.0,-14013.0,299,4.466018915176392,9
-10982.0,-13734.0,-14309.0,299,4.466068983078003,9
-10381.0,-12852.0,-15593.0,300,4.480376958847046,9
-10499.0,-12836.0,-15607.0,301,4.491791009902954,9
-11512.0,-13300.0,-14453.0,302,4.502103805541992,9
-11441.0,-13841.0,-13862.0,303,4.511084794998169,9
-11615.0,-12458.0,-15001.0,305,4.541831970214844,9
-11437.0,-15135.0,-12545.0,308,4.584606885910034,9
-12319.0,-14589.0,-12176.0,308,4.58462381362915,9
-12149.0,-13967.0,-13186.0,308,4.584657907485962,9
-12458.0,-13900.0,-12847.0,308,4.5846638679504395,9
-12114.0,-14649.0,-12447.0,308,4.584669828414917,9
-12339.0,-14432.0,-12556.0,309,4.644620895385742,9
-11913.0,-14061.0,-13262.0,311,4.660765886306763,9
-12609.0,-12999.0,-13583.0,318,4.726242780685425,9
-12161.0,-13849.0,-13428.0,318,4.7262489795684814,9
-14025.0,-10780.0,-14024.0,320,4.752640962600708,9
-13887.0,-11075.0,-13996.0,320,4.7526469230651855,9
-12907.0,-12181.0,-14264.0,320,4.75267481803894,9
-13010.0,-11677.0,-14565.0,320,4.752685785293579,9
-12972.0,-12128.0,-14239.0,320,4.752691984176636,9
-12496.0,-11887.0,-14952.0,321,4.782090902328491,9
-12289.0,-12296.0,-14740.0,321,4.78213095664978,9
-12600.0,-12470.0,-14207.0,321,4.782174825668335,9
-13089.0,-12103.0,-14077.0,322,4.802418947219849,9
-13572.0,-11000.0,-14497.0,323,4.818290948867798,9
-14341.0,-10500.0,-14068.0,323,4.8183019161224365,9
-14311.0,-11524.0,-13073.0,326,4.857677936553955,9
-13086.0,-12457.0,-13466.0,328,4.888848781585693,9
-13949.0,-12600.0,-12559.0,328,4.888949871063232,9
-14406.0,-12177.0,-12388.0,328,4.8890039920806885,9
-14705.0,-11594.0,-12356.0,329,4.905361890792847,9
-15059.0,-10961.0,-12268.0,330,4.9186179637908936,9
-13297.0,-11610.0,-14180.0,332,4.944180011749268,9
-13114.0,-12100.0,-14063.0,332,4.94418478012085,9
-12907.0,-12509.0,-13851.0,332,4.944212913513184,9
-13840.0,-12409.0,-13066.0,332,4.944267988204956,9
-13793.0,-12326.0,-13260.0,332,4.944279909133911,9
-14326.0,-11320.0,-13373.0,333,4.963624954223633,9
-11610.0,-12943.0,-14551.0,338,5.032261848449707,9
-12482.0,-12618.0,-14034.0,338,5.0322959423065186,9
-12548.0,-13218.0,-13442.0,350,5.133677005767822,9
-12601.0,-12392.0,-14167.0,354,5.19377589225769,9
-12502.0,-12338.0,-14333.0,354,5.193781852722168,9
-14200.0,-12564.0,-12399.0,358,5.237046957015991,9
-14714.0,-12193.0,-11738.0,358,5.237052917480469,9
-13992.0,-12848.0,-12377.0,358,5.23710298538208,9
-13017.0,-13570.0,-12571.0,375,5.3867809772491455,9
-13877.0,-12671.0,-12545.0,376,5.39663290977478,9
-14103.0,-13220.0,-11506.0,385,5.481101989746094,9
-13459.0,-14825.0,-10393.0,386,5.49966287612915,9
-12314.0,-14987.0,-11838.0,388,5.531828880310059,9
-12185.0,-15063.0,-11750.0,389,5.548571825027466,9
-12196.0,-15001.0,-11838.0,389,5.548588991165161,9
-12501.0,-15059.0,-11491.0,389,5.548594951629639,9
-13679.0,-14524.0,-10772.0,389,5.548632860183716,9
-13015.0,-14545.0,-11529.0,389,5.5486438274383545,9
-14902.0,-13370.0,-10600.0,390,5.569482803344727,9
-15051.0,-12771.0,-10788.0,390,5.569489002227783,9
-14528.0,-12658.0,-11849.0,390,5.569555997848511,9
-14753.0,-13005.0,-11273.0,390,5.569583892822266,9
-14007.0,-13417.0,-11770.0,391,5.583814859390259,9
-14218.0,-13742.0,-11024.0,391,5.583830833435059,9
-12963.0,-14053.0,-12097.0,392,5.604341983795166,9
-13091.0,-14683.0,-11320.0,392,5.604363918304443,9
-13219.0,-14190.0,-11553.0,393,5.617971897125244,9
-12276.0,-13224.0,-13557.0,397,5.66107177734375,9
-12904.0,-13181.0,-13146.0,397,5.661088943481445,9
-13438.0,-13492.0,-12273.0,414,5.8008129596710205,9
-14433.0,-13619.0,-10710.0,416,5.8236918449401855,9
-14179.0,-13966.0,-10801.0,417,5.834053993225098,9
-14337.0,-11215.0,-13397.0,424,5.898968935012817,9
-13766.0,-12650.0,-12670.0,454,6.170619010925293,9
-12536.0,-15062.0,-11395.0,460,6.231705904006958,9
-12428.0,-14349.0,-12398.0,463,6.252255916595459,9
-11820.0,-13973.0,-13367.0,474,6.330395936965942,9
-13198.0,-12186.0,-13857.0,476,6.342299938201904,9
-13105.0,-11742.0,-14186.0,476,6.342327833175659,9
-13719.0,-13211.0,-12218.0,486,6.415485858917236,9
-12935.0,-13819.0,-12357.0,488,6.432883977890015,9
-13104.0,-14469.0,-11426.0,488,6.432889938354492,9
-12118.0,-14746.0,-12305.0,488,6.432894945144653,9
-13858.0,-12277.0,-13077.0,498,6.5125298500061035,9
-14102.0,-12674.0,-12297.0,498,6.51255989074707,9
-12644.0,-13235.0,-13241.0,566,7.536175966262817,10
-11532.0,-15340.0,-12003.0,590,7.8897809982299805,10
-11478.0,-12507.0,-15006.0,598,8.001563787460327,10
-11412.0,-12274.0,-15293.0,600,8.02110481262207,10
-11205.0,-12683.0,-15081.0,602,8.045795917510986,10
-10823.0,-13628.0,-14751.0,605,8.078369855880737,10
-9970.0,-14267.0,-14213.0,608,8.106777906417847,10
-11000.0,-13053.0,-15074.0,608,8.106828927993774,10
-10795.0,-12949.0,-15367.0,608,8.106913805007935,10
-10535.0,-13133.0,-15346.0,608,8.106920003890991,10
-10793.0,-13462.0,-14862.0,608,8.106925964355469,10
-12359.0,-13153.0,-13601.0,614,8.187630891799927,10
-10365.0,-15279.0,-13075.0,616,8.215265989303589,10
-11023.0,-14070.0,-13984.0,616,8.215324878692627,10
-10886.0,-15175.0,-12901.0,616,8.215374946594238,10
-11528.0,-14407.0,-13209.0,616,8.215390920639038,10
-12566.0,-14590.0,-12061.0,618,8.24599289894104,10
-10779.0,-14902.0,-13322.0,620,8.262515783309937,10
-10790.0,-14840.0,-13410.0,621,8.269798994064331,10
-10923.0,-13748.0,-14596.0,621,8.269821882247925,10
-11254.0,-12767.0,-14809.0,624,8.29260778427124,10
-12974.0,-11331.0,-14594.0,628,8.33200192451477,10
-12388.0,-14007.0,-12933.0,636,8.386683940887451,10
-11554.0,-13447.0,-14131.0,638,8.39499282836914,10
-12802.0,-12273.0,-14270.0,640,8.428476810455322,10
-13052.0,-12517.0,-13475.0,640,8.42859697341919,10
-13063.0,-12455.0,-13563.0,640,8.428607940673828,10
-12925.0,-12364.0,-13943.0,640,8.428619861602783,10
-11986.0,-12071.0,-14898.0,641,8.449819803237915,10
-14716.0,-10546.0,-13454.0,644,8.510027885437012,10
-13605.0,-10641.0,-14745.0,644,8.510066986083984,10
-14308.0,-10285.0,-14263.0,644,8.510093927383423,10
-12972.0,-11748.0,-14533.0,644,8.510133981704712,10
-13386.0,-11995.0,-13870.0,646,8.540435791015625,10
-13291.0,-11596.0,-14239.0,654,8.63788390159607,10
-13953.0,-11980.0,-13056.0,656,8.661431789398193,10
-13967.0,-12562.0,-12598.0,657,8.675457954406738,10
-14482.0,-11594.0,-12672.0,658,8.689429998397827,10
-14448.0,-11780.0,-12590.0,664,8.750319004058838,10
-14100.0,-11823.0,-13184.0,664,8.750335931777954,10
-13236.0,-12391.0,-13493.0,666,8.774635791778564,10
-13670.0,-12554.0,-13097.0,667,8.785552978515625,10
-14186.0,-11590.0,-13330.0,667,8.785558938980103,10
-14207.0,-11325.0,-13434.0,667,8.785563945770264,10
-13414.0,-12121.0,-13572.0,668,8.802313804626465,10
-13947.0,-11512.0,-13722.0,668,8.802337884902954,10
-13189.0,-11774.0,-14148.0,668,8.80234980583191,10
-14172.0,-11859.0,-13146.0,668,8.802361011505127,10
-13212.0,-12628.0,-13410.0,669,8.812869787216187,10
-12581.0,-13198.0,-13339.0,683,8.966193914413452,10
-13384.0,-11863.0,-13875.0,686,8.987204790115356,10
-12661.0,-12839.0,-13748.0,701,9.092850923538208,10
-13443.0,-12272.0,-13430.0,710,9.194116830825806,10
-14482.0,-11855.0,-12418.0,719,9.277789831161499,10
-13139.0,-12756.0,-13356.0,751,9.53113079071045,10
-11392.0,-16092.0,-11265.0,764,9.630167007446289,10
-11468.0,-15592.0,-11864.0,765,9.645013809204102,10
-12926.0,-14681.0,-11461.0,769,9.708822011947632,10
-14425.0,-14112.0,-10275.0,771,9.751805782318115,10
-14342.0,-13271.0,-11470.0,774,9.808335781097412,10
-13577.0,-13964.0,-11653.0,775,9.82237982749939,10
-15036.0,-13134.0,-10653.0,776,9.833416938781738,10
-14009.0,-13228.0,-11851.0,777,9.84148383140564,10
-15026.0,-12882.0,-11017.0,777,9.841519832611084,10
-11475.0,-14898.0,-12802.0,778,9.856810808181763,10
-11754.0,-15016.0,-12204.0,779,9.869497776031494,10
-11917.0,-14793.0,-12462.0,779,9.86950397491455,10
-11161.0,-15042.0,-12702.0,779,9.869509935379028,10
-13069.0,-14843.0,-11099.0,784,9.95198678970337,10
-13810.0,-13709.0,-11417.0,784,9.952040910720825,10
-11469.0,-13575.0,-13835.0,794,10.037352800369263,10
-12540.0,-13880.0,-12735.0,806,10.21794581413269,10
-11331.0,-14617.0,-13029.0,900,10.902615785598755,10
-12281.0,-13141.0,-13685.0,916,11.005781888961792,10
-11419.0,-14647.0,-13015.0,918,11.017849922180176,10
-11654.0,-14502.0,-13063.0,918,11.017855882644653,10
-12545.0,-13723.0,-12923.0,927,11.068930864334106,10
-12991.0,-12595.0,-13645.0,931,11.082781791687012,10
-12357.0,-12309.0,-14644.0,934,11.092285871505737,10
-13875.0,-13485.0,-11517.0,948,11.196464776992798,10
-13411.0,-13916.0,-11788.0,950,11.206419944763184,10
-13104.0,-14202.0,-11624.0,955,11.23525881767273,10
-13044.0,-14252.0,-12046.0,956,11.239760875701904,10
-12530.0,-13772.0,-12893.0,957,11.245669841766357,10
-14245.0,-12560.0,-12468.0,968,11.290812969207764,10
-14598.0,-11745.0,-12656.0,968,11.290817975997925,10
-14785.0,-12061.0,-12239.0,968,11.29082989692688,10
-14020.0,-12213.0,-13044.0,971,11.314711809158325,10
-13834.0,-13367.0,-12043.0,980,11.35088300704956,10
-13916.0,-13014.0,-12386.0,985,11.364825963973999,10
-12837.0,-14110.0,-12222.0,1022,11.96059799194336,11
-11356.0,-14562.0,-13048.0,1024,11.981848955154419,11
-11661.0,-14895.0,-12383.0,1041,12.257046937942505,11
-11130.0,-14154.0,-13749.0,1046,12.31774091720581,11
-11260.0,-13563.0,-14207.0,1046,12.31778597831726,11
-13181.0,-11810.0,-14033.0,1065,12.591561794281006,11
-11290.0,-13729.0,-14096.0,1086,12.835660934448242,11
-11674.0,-13304.0,-14119.0,1087,12.848432779312134,11
-12348.0,-13349.0,-13470.0,1109,13.081169843673706,11
-12592.0,-13164.0,-13491.0,1110,13.088798999786377,11
-12715.0,-13689.0,-12824.0,1111,13.09430980682373,11
-11284.0,-13734.0,-13969.0,1112,13.100675821304321,11
-10366.0,-13928.0,-14421.0,1152,13.630722999572754,11
-10885.0,-12788.0,-15235.0,1155,13.66002893447876,11
-12308.0,-11956.0,-14828.0,1161,13.715722799301147,11
-11158.0,-12919.0,-14785.0,1162,13.725980997085571,11
-10395.0,-13828.0,-14548.0,1174,13.833019971847534,11
-10114.0,-13559.0,-14908.0,1175,13.85057282447815,11
-10836.0,-13968.0,-14114.0,1175,13.850643873214722,11
-11030.0,-13401.0,-14568.0,1176,13.865518808364868,11
-10368.0,-13080.0,-15349.0,1177,13.879312992095947,11
-10635.0,-13293.0,-14982.0,1177,13.879317998886108,11
-11478.0,-12506.0,-15067.0,1183,13.942829847335815,11
-10890.0,-15162.0,-12798.0,1190,14.076239824295044,11
-11699.0,-14335.0,-13231.0,1193,14.105121850967407,11
-10912.0,-13810.0,-14508.0,1198,14.14148998260498,11
-10763.0,-14092.0,-14211.0,1200,14.15186882019043,11
-11770.0,-14507.0,-13059.0,1200,14.151896953582764,11
-12710.0,-11625.0,-14654.0,1234,14.367098808288574,11
-12978.0,-11824.0,-14346.0,1236,14.406554937362671,11
-13025.0,-11409.0,-14439.0,1239,14.451734781265259,11
-13345.0,-10996.0,-14721.0,1243,14.517457962036133,11
-13376.0,-12001.0,-13666.0,1248,14.576598882675171,11
-13156.0,-12407.0,-13474.0,1263,14.72319483757019,11
-14279.0,-11771.0,-12799.0,1266,14.769073963165283,11
-13988.0,-11487.0,-13585.0,1280,14.909891843795776,11
-14035.0,-11570.0,-13391.0,1282,14.93007493019104,11
-13811.0,-12288.0,-13299.0,1286,14.974164009094238,11
-14359.0,-11627.0,-12973.0,1288,14.99105191230774,11
-14460.0,-11373.0,-13025.0,1289,14.999415874481201,11
-13559.0,-11381.0,-13831.0,1318,15.265016794204712,11
-13097.0,-12445.0,-13473.0,1366,15.682772874832153,11
-14143.0,-12631.0,-12275.0,1376,15.768509864807129,11
-13051.0,-12633.0,-13435.0,1430,16.11908793449402,11
-13454.0,-14741.0,-10663.0,1456,16.36613392829895,11
-12871.0,-14907.0,-11253.0,1457,16.37663698196411,11
-13878.0,-14622.0,-10290.0,1457,16.376653909683228,11
-13723.0,-13904.0,-11406.0,1462,16.45414686203003,11
-14124.0,-13979.0,-10473.0,1463,16.47250986099243,11
-13242.0,-14703.0,-11034.0,1463,16.47254991531372,11
-13794.0,-14018.0,-11207.0,1464,16.48453378677368,11
-13789.0,-13903.0,-11230.0,1466,16.50610589981079,11
-14026.0,-14000.0,-10864.0,1467,16.51987600326538,11
-13793.0,-13774.0,-11537.0,1468,16.531497955322266,11
-13945.0,-13314.0,-11794.0,1468,16.531524896621704,11
-14234.0,-13575.0,-11275.0,1470,16.553247928619385,11
-13940.0,-13810.0,-11094.0,1471,16.560768842697144,11
-15295.0,-12349.0,-10935.0,1472,16.567646980285645,11
-15074.0,-12404.0,-11327.0,1472,16.567652940750122,11
-14869.0,-12489.0,-11613.0,1473,16.57896089553833,11
-11277.0,-15891.0,-11620.0,1474,16.595119953155518,11
-11288.0,-15829.0,-11708.0,1474,16.595125913619995,11
-11114.0,-15278.0,-12406.0,1474,16.595176935195923,11
-13201.0,-14165.0,-11557.0,1475,16.61294388771057,11
-12072.0,-14888.0,-12233.0,1475,16.612977981567383,11
-11664.0,-14828.0,-12566.0,1477,16.635990858078003,11
-12160.0,-14309.0,-12603.0,1480,16.66527795791626,11
-12691.0,-14690.0,-11804.0,1488,16.76156783103943,11
-12545.0,-14750.0,-12051.0,1489,16.76768183708191,11
-11701.0,-13544.0,-13787.0,1518,17.073859930038452,11
-11653.0,-14022.0,-13477.0,1518,17.07387089729309,11
-15091.0,-12553.0,-11326.0,1556,17.329831838607788,11
-14249.0,-13424.0,-11327.0,1557,17.340468883514404,11
-14441.0,-13166.0,-11487.0,1557,17.340474843978882,11
-14643.0,-12510.0,-11597.0,1558,17.35055899620056,11
-13170.0,-13644.0,-12309.0,1564,17.39677882194519,11
-13002.0,-12993.0,-13265.0,1657,17.99732494354248,11
-12945.0,-12684.0,-13603.0,1698,18.236276865005493,11
-12216.0,-13734.0,-13472.0,1718,18.339305877685547,11
-11873.0,-13919.0,-13288.0,1732,18.404521942138672,11
-12780.0,-13670.0,-12808.0,1786,18.675036907196045,11
-14568.0,-12612.0,-11762.0,1791,18.705506801605225,11
-14055.0,-13312.0,-11651.0,1806,18.772507905960083,11
-11801.0,-14676.0,-12562.0,1882,19.730464935302734,12
-11593.0,-15062.0,-12423.0,1883,19.74496579170227,12
-11196.0,-14927.0,-12838.0,1883,19.74498200416565,12
-11352.0,-12889.0,-14580.0,1899,19.946772813796997,12
-9791.0,-14442.0,-14095.0,2076,21.92276692390442,12
-11021.0,-14546.0,-13338.0,2077,21.93513798713684,12
-10734.0,-14192.0,-14084.0,2088,22.0503408908844,12
-11589.0,-11989.0,-15245.0,2098,22.133538961410522,12
-11330.0,-11900.0,-15693.0,2102,22.179542779922485,12
-12070.0,-11666.0,-15249.0,2103,22.18773078918457,12
-10565.0,-13095.0,-15107.0,2136,22.442973852157593,12
-10663.0,-14053.0,-14404.0,2137,22.452147960662842,12
-10242.0,-14479.0,-13966.0,2137,22.45215392112732,12
-11474.0,-14246.0,-13301.0,2162,22.689777851104736,12
-10467.0,-14962.0,-13293.0,2163,22.699472904205322,12
-12138.0,-14029.0,-13098.0,2167,22.725087881088257,12
-12896.0,-12243.0,-14176.0,2242,23.14324188232422,12
-13354.0,-11819.0,-13953.0,2243,23.15707278251648,12
-12238.0,-12058.0,-14790.0,2244,23.179951906204224,12
-14462.0,-10601.0,-13743.0,2256,23.35799789428711,12
-13128.0,-11887.0,-14048.0,2259,23.39543080329895,12
-14543.0,-10599.0,-13564.0,2260,23.410709857940674,12
-14236.0,-11102.0,-13640.0,2264,23.459925889968872,12
-13470.0,-11848.0,-13768.0,2264,23.45996594429016,12
-13273.0,-11840.0,-13971.0,2264,23.459982872009277,12
-14720.0,-10774.0,-13051.0,2265,23.479568004608154,12
-14173.0,-11661.0,-13011.0,2295,23.74728298187256,12
-14336.0,-11855.0,-12726.0,2328,24.070223808288574,12
-13119.0,-11919.0,-14095.0,2334,24.115551948547363,12
-13717.0,-12318.0,-13393.0,2335,24.121346950531006,12
-14434.0,-12049.0,-12406.0,2338,24.144986867904663,12
-13621.0,-11712.0,-13784.0,2341,24.164543867111206,12
-12517.0,-12500.0,-14088.0,2368,24.421013832092285,12
-12501.0,-12528.0,-14098.0,2369,24.427923917770386,12
-12436.0,-12351.0,-14412.0,2382,24.582993984222412,12
-14089.0,-12578.0,-12320.0,2472,25.121333837509155,12
-12548.0,-12998.0,-13705.0,2516,25.395673990249634,12
-12274.0,-15284.0,-11194.0,2567,25.71204686164856,12
-13452.0,-14749.0,-10475.0,2567,25.7120578289032,12
-12472.0,-14893.0,-11550.0,2568,25.722508907318115,12
-12728.0,-15217.0,-10996.0,2588,25.953786849975586,12
-13232.0,-15010.0,-10859.0,2588,25.953791856765747,12
-14238.0,-13707.0,-10931.0,2588,25.953831911087036,12
-14251.0,-13404.0,-11155.0,2589,25.967103004455566,12
-13280.0,-14532.0,-11169.0,2592,25.993372917175293,12
-13916.0,-13128.0,-11857.0,2595,26.01299786567688,12
-14123.0,-13897.0,-10922.0,2600,26.064188957214355,12
-14724.0,-12787.0,-11472.0,2602,26.07871985435486,12
-14195.0,-13290.0,-11412.0,2606,26.11182689666748,12
-11589.0,-15900.0,-11464.0,2612,26.1428120136261,12
-12635.0,-15160.0,-11099.0,2612,26.142828941345215,12
-11726.0,-14795.0,-12547.0,2612,26.14289093017578,12
-13110.0,-14599.0,-11275.0,2662,26.57651686668396,12
-14091.0,-13671.0,-11173.0,2720,26.94101095199585,12
-13441.0,-13068.0,-12715.0,2892,28.049494981765747,12
-13111.0,-12672.0,-13385.0,2892,28.049500942230225,12
-13298.0,-13514.0,-12512.0,2893,28.05608296394348,12
-11635.0,-13465.0,-13866.0,2926,28.216489791870117,12
-14533.0,-12074.0,-12347.0,3018,28.590312004089355,12
-13516.0,-12420.0,-13181.0,3026,28.616424798965454,12
-14042.0,-13137.0,-11783.0,3038,28.666343927383423,12
-11298.0,-14610.0,-13056.0,3144,30.00042486190796,13
-13079.0,-11292.0,-14495.0,3200,30.59157085418701,13
-11823.0,-11958.0,-15130.0,3208,30.68616795539856,13
-11282.0,-12526.0,-14942.0,3416,32.58842182159424,13
-10956.0,-11927.0,-15768.0,3482,32.99974489212036,13
-10470.0,-13034.0,-15350.0,3483,33.019558906555176,13
-10616.0,-14289.0,-14108.0,3491,33.10290288925171,13
-11247.0,-12830.0,-14759.0,3507,33.23436498641968,13
-10899.0,-14309.0,-13743.0,3524,33.364585876464844,13
-10752.0,-14154.0,-14123.0,3542,33.47769784927368,13
-10892.0,-14523.0,-13628.0,3546,33.49665093421936,13
-11203.0,-13432.0,-14413.0,3546,33.49666690826416,13
-11719.0,-13073.0,-14270.0,3568,33.6164288520813,13
-12073.0,-11596.0,-15293.0,3618,33.8816499710083,13
-11992.0,-12464.0,-14728.0,3618,33.88169479370117,13
-12199.0,-12055.0,-14940.0,3618,33.88169980049133,13
-12775.0,-12120.0,-14442.0,3618,33.88170599937439,13
-13504.0,-11400.0,-14107.0,3641,34.19107389450073,13
-14936.0,-10436.0,-12935.0,3644,34.229084968566895,13
-14483.0,-10239.0,-13603.0,3644,34.229164838790894,13
-14722.0,-10547.0,-13179.0,3644,34.2292218208313,13
-13122.0,-11572.0,-14258.0,3648,34.28460383415222,13
-13029.0,-11665.0,-14259.0,3652,34.33739399909973,13
-13236.0,-11256.0,-14471.0,3652,34.33739900588989,13
-14119.0,-10818.0,-13897.0,3652,34.33742690086365,13
-12561.0,-12144.0,-14387.0,3653,34.35885787010193,13
-14283.0,-11185.0,-13446.0,3660,34.426405906677246,13
-13949.0,-10783.0,-14133.0,3662,34.447590827941895,13
-14201.0,-10770.0,-14025.0,3662,34.44760179519653,13
-13533.0,-11589.0,-13863.0,3792,35.52794790267944,13
-12425.0,-12413.0,-14324.0,3850,35.94870591163635,13
-12428.0,-15543.0,-10605.0,4042,37.018056869506836,13
-12646.0,-15057.0,-11145.0,4043,37.023077964782715,13
-13700.0,-14039.0,-11162.0,4060,37.21927785873413,13
-13428.0,-14627.0,-11027.0,4074,37.36316895484924,13
-13284.0,-14407.0,-11177.0,4080,37.403138875961304,13
-14306.0,-13853.0,-10607.0,4089,37.47118091583252,13
-13056.0,-14110.0,-11994.0,4092,37.5012948513031,13
-14090.0,-13825.0,-10956.0,4097,37.54481387138367,13
-13933.0,-13432.0,-11552.0,4101,37.56743097305298,13
-11870.0,-15029.0,-12166.0,4123,37.711105823516846,13
-12270.0,-15436.0,-11268.0,4162,38.00405979156494,13
-11819.0,-15481.0,-11622.0,4190,38.19550085067749,13
-12453.0,-13226.0,-13500.0,4211,38.3089439868927,13
-13546.0,-13599.0,-11981.0,4390,39.38131785392761,13
-11530.0,-14721.0,-12794.0,4676,41.34248900413513,14
-9941.0,-14367.0,-14086.0,4967,43.697510957717896,14
-11189.0,-13325.0,-14521.0,5004,43.915602922439575,14
-10850.0,-13448.0,-14614.0,5054,44.20649290084839,14
-10748.0,-13185.0,-15071.0,5076,44.37000584602356,14
-11090.0,-13323.0,-14622.0,5077,44.38827085494995,14
-11022.0,-12484.0,-15499.0,5084,44.46639680862427,14
-10310.0,-13378.0,-14965.0,5091,44.5219190120697,14
-11740.0,-11528.0,-15561.0,5114,44.70687794685364,14
-11381.0,-13097.0,-14466.0,5130,44.812790870666504,14
-12382.0,-11565.0,-15057.0,5236,45.44848394393921,14
-11866.0,-12005.0,-15081.0,5236,45.44854784011841,14
-11975.0,-12178.0,-14906.0,5238,45.475998878479004,14
-11876.0,-12124.0,-15072.0,5238,45.47600984573364,14
-12664.0,-11850.0,-14608.0,5238,45.476014852523804,14
-13065.0,-11108.0,-14847.0,5239,45.492496967315674,14
-12878.0,-12281.0,-14137.0,5242,45.59310698509216,14
-13968.0,-10371.0,-14472.0,5274,45.960354804992676,14
-13099.0,-10718.0,-14996.0,5275,45.97150683403015,14
-12377.0,-11577.0,-15113.0,5286,46.094496965408325,14
-12824.0,-11141.0,-15220.0,5286,46.09451389312744,14
-13066.0,-11249.0,-14815.0,5286,46.0945188999176,14
-13857.0,-10628.0,-14637.0,5286,46.09452486038208,14
-12907.0,-11429.0,-14800.0,5287,46.112268924713135,14
-12011.0,-12166.0,-14886.0,5287,46.11230397224426,14
-14463.0,-10960.0,-13285.0,5296,46.18230199813843,14
-12919.0,-12260.0,-13952.0,5301,46.230087995529175,14
-13824.0,-10987.0,-14389.0,5302,46.23849892616272,14
-13534.0,-11392.0,-13899.0,5302,46.23850989341736,14
-14155.0,-11254.0,-13466.0,5409,46.942240953445435,14
-12696.0,-14923.0,-11174.0,5668,48.31184101104736,14
-13871.0,-13789.0,-11406.0,5700,48.59652400016785,14
-13906.0,-14682.0,-10277.0,5716,48.74945592880249,14
-13302.0,-14650.0,-10870.0,5716,48.74948978424072,14
-13236.0,-14885.0,-10867.0,5718,48.76749396324158,14
-13338.0,-14155.0,-11482.0,5720,48.7820839881897,14
-12298.0,-14684.0,-12056.0,5730,48.87596678733826,14
-13363.0,-14528.0,-11031.0,5734,48.9027738571167,14
-12565.0,-15050.0,-11236.0,5804,49.36111879348755,14
-12338.0,-14892.0,-11731.0,5804,49.36115789413452,14
-12268.0,-15496.0,-11357.0,5805,49.37049198150635,14
-13210.0,-14151.0,-11611.0,5806,49.38794183731079,14
-11751.0,-14633.0,-12623.0,5889,49.89017200469971,14
-14142.0,-13321.0,-11397.0,5958,50.29177188873291,14
-12464.0,-15177.0,-11029.0,6070,50.81743383407593,14
-11602.0,-13458.0,-13893.0,6207,51.6605589389801,15
-12237.0,-14608.0,-12404.0,6336,52.78888487815857,15
-11885.0,-12157.0,-14924.0,6400,53.41644096374512,15
-10753.0,-12510.0,-15625.0,6625,54.73990797996521,15
-11273.0,-12457.0,-15169.0,6640,54.83504295349121,15
-11174.0,-12403.0,-15335.0,6640,54.83504891395569,15
-10975.0,-12720.0,-15203.0,6697,55.22162699699402,15
-10878.0,-14078.0,-13836.0,6704,55.2835898399353,15
-10977.0,-13909.0,-14504.0,6796,55.896859884262085,15
-11025.0,-13431.0,-14814.0,6797,55.902822971343994,15
-13596.0,-11325.0,-14014.0,6832,56.1836998462677,15
-13265.0,-11127.0,-14483.0,6833,56.201358795166016,15
-12415.0,-12170.0,-14437.0,6834,56.21730184555054,15
-12720.0,-11715.0,-14612.0,6834,56.217307806015015,15
-14085.0,-10861.0,-13800.0,6889,56.767179012298584,15
-13469.0,-11825.0,-13841.0,6931,57.09797382354736,15
-14312.0,-10513.0,-13860.0,6932,57.106756925582886,15
-14150.0,-10532.0,-14109.0,6932,57.10676193237305,15
-14497.0,-10774.0,-13367.0,6933,57.114259004592896,15
-13174.0,-11838.0,-14017.0,7072,57.85060000419617,15
-11421.0,-15828.0,-11568.0,7254,58.76996088027954,15
-13901.0,-14487.0,-10534.0,7316,59.28532886505127,15
-13296.0,-14835.0,-10951.0,7318,59.30151700973511,15
-13300.0,-14710.0,-10959.0,7322,59.3283429145813,15
-12995.0,-14702.0,-11149.0,7328,59.3622989654541,15
-13203.0,-14418.0,-11171.0,7328,59.36230492591858,15
-14128.0,-13270.0,-11479.0,7369,59.61135292053223,15
-13058.0,-14611.0,-11354.0,7435,60.024757862091064,15
-10583.0,-12655.0,-15656.0,8156,64.09938478469849,16
-11053.0,-14472.0,-13355.0,8181,64.24868988990784,16
-10912.0,-14201.0,-13731.0,8192,64.29501485824585,16
-11040.0,-15000.0,-12960.0,8249,64.54624199867249,16
-13912.0,-10595.0,-14223.0,8300,64.9334008693695,16
-12032.0,-11621.0,-15430.0,8304,64.99204778671265,16
-13150.0,-10686.0,-14940.0,8366,65.58515977859497,16
-13368.0,-10281.0,-14844.0,8366,65.58516478538513,16
-13650.0,-10623.0,-14663.0,8400,65.82431888580322,16
-13410.0,-11064.0,-14530.0,8401,65.83007597923279,16
-12452.0,-11927.0,-14816.0,8402,65.83613300323486,16
-14558.0,-10793.0,-13300.0,8433,66.01211786270142,16
-13516.0,-14738.0,-10610.0,8758,67.571781873703,16
-13663.0,-14556.0,-10400.0,8759,67.58164691925049,16
-12574.0,-15339.0,-10850.0,8760,67.61410284042358,16
-12537.0,-14786.0,-11577.0,8933,68.61794900894165,16
-10904.0,-12700.0,-15280.0,9422,71.36640977859497,17
-11029.0,-15062.0,-12872.0,9524,71.79454278945923,17
-12120.0,-11679.0,-15099.0,9556,72.08828091621399,17
-13159.0,-10898.0,-14726.0,9568,72.19451999664307,17
-12858.0,-11103.0,-14873.0,9576,72.26293396949768,17
-12594.0,-12475.0,-14080.0,9578,72.2781069278717,17
-12282.0,-12647.0,-14156.0,9578,72.2781298160553,17
-12655.0,-11768.0,-14637.0,9584,72.32014489173889,17
-13013.0,-10749.0,-14916.0,9647,72.76886296272278,17
-13353.0,-10663.0,-14707.0,9650,72.78830194473267,17
-13005.0,-11082.0,-14930.0,9664,72.87592792510986,17
-13101.0,-11095.0,-14766.0,9683,72.9837818145752,17
-13959.0,-10832.0,-13882.0,9686,73.00546193122864,17
-13349.0,-15030.0,-10224.0,9919,74.11743187904358,17
-14025.0,-14150.0,-10568.0,9950,74.23253297805786,17
-10125.0,-14362.0,-13984.0,10474,76.91487097740173,18
-12850.0,-10929.0,-14962.0,10558,77.515939950943,18
-12626.0,-11868.0,-14510.0,10580,77.64927387237549,18
-13228.0,-10551.0,-14801.0,10634,77.97086596488953,18
-12032.0,-15302.0,-11465.0,11486,81.99233794212341,19
