z1,z2,z3,node,time,depth
-19282.0,-18751.0,-19824.0,1,0.0018808841705322266,1
-19161.0,-18751.0,-19904.0,1,0.0018830299377441406,1
-19577.0,-18740.0,-19591.0,1,0.0019040107727050781,1
-19456.0,-18740.0,-19671.0,7,0.009582996368408203,3
-18979.0,-18444.0,-20069.0,12,0.015167951583862305,4
-19100.0,-18444.0,-19989.0,25,0.027998924255371094,5
-19526.0,-17614.0,-20210.0,43,0.04058694839477539,6
-20003.0,-17910.0,-19812.0,47,0.043419837951660156,6
-19821.0,-17603.0,-19977.0,209,0.1327650547027588,9
-19645.0,-17887.0,-20089.0,400,0.22211003303527832,12
-19463.0,-17580.0,-20254.0,456,0.24768590927124023,13
-19388.0,-18113.0,-19886.0,470,0.25345492362976074,13
-19940.0,-17876.0,-19856.0,502,0.267103910446167,14
-19451.0,-18147.0,-19842.0,528,0.27762889862060547,15
-19746.0,-18136.0,-19609.0,532,0.27956295013427734,15
