z1,z2,z3,node,time,depth
58.0,101.0,107.0,1,0.31946587562561035,1
59.0,96.0,104.0,1,0.31947994232177734,1
62.0,92.0,103.0,1,0.31969189643859863,1
70.0,89.0,91.0,1,0.31980180740356445,1
67.0,93.0,92.0,1,0.31999778747558594,1
125.0,70.0,83.0,1,0.3200409412384033,1
64.0,91.0,98.0,1,0.3202648162841797,1
61.0,95.0,99.0,1,0.32062697410583496,1
88.0,78.0,79.0,1,0.32109999656677246,1
78.0,73.0,105.0,1,0.3214089870452881,1
116.0,91.0,51.0,1,0.32150697708129883,1
105.0,68.0,111.0,2,0.6021959781646729,2
110.0,75.0,77.0,2,0.6024057865142822,2
83.0,86.0,83.0,3,0.7024869918823242,2
123.0,67.0,109.0,3,0.7025008201599121,2
88.0,86.0,77.0,3,0.7025139331817627,2
93.0,102.0,59.0,3,0.7025279998779297,2
113.0,71.0,94.0,3,0.7025558948516846,2
114.0,72.0,88.0,3,0.7025699615478516,2
87.0,93.0,72.0,3,0.7025837898254395,2
93.0,94.0,64.0,3,0.7025978565216064,2
88.0,102.0,65.0,3,0.7026259899139404,2
88.0,94.0,70.0,3,0.7026388645172119,2
82.0,93.0,78.0,3,0.7026529312133789,2
82.0,101.0,73.0,3,0.7026669979095459,2
115.0,68.0,107.0,3,0.7026798725128174,2
100.0,106.0,55.0,3,0.7026939392089844,2
97.0,105.0,56.0,3,0.7027089595794678,2
100.0,83.0,72.0,3,0.7027218341827393,2
123.0,70.0,84.0,3,0.7027359008789062,2
94.0,87.0,69.0,3,0.7027628421783447,2
113.0,88.0,57.0,3,0.7027769088745117,2
68.0,118.0,89.0,4,0.9608027935028076,3
66.0,113.0,93.0,4,0.9612348079681396,3
64.0,117.0,97.0,4,0.9616529941558838,3
67.0,89.0,97.0,5,1.0502469539642334,3
73.0,87.0,90.0,5,1.0502889156341553,3
111.0,73.0,89.0,5,1.05045485496521,3
105.0,74.0,83.0,5,1.0505108833312988,3
113.0,85.0,69.0,5,1.0505518913269043,3
109.0,80.0,72.0,5,1.0505659580230713,3
92.0,105.0,62.0,6,1.1692569255828857,3
98.0,90.0,66.0,6,1.1693129539489746,3
86.0,104.0,70.0,6,1.1694939136505127,3
111.0,92.0,54.0,6,1.1695349216461182,3
86.0,96.0,75.0,6,1.1695489883422852,3
97.0,97.0,61.0,6,1.1695899963378906,3
87.0,89.0,80.0,6,1.1696858406066895,3
96.0,103.0,58.0,7,1.2405598163604736,3
97.0,88.0,68.0,7,1.2406158447265625,3
96.0,95.0,63.0,7,1.240628957748413,3
103.0,84.0,71.0,7,1.240684986114502,3
106.0,73.0,97.0,9,1.5957448482513428,4
100.0,72.0,103.0,9,1.5957589149475098,4
92.0,86.0,76.0,9,1.5957729816436768,4
88.0,92.0,73.0,9,1.5957868099212646,4
74.0,117.0,82.0,9,1.5958008766174316,4
94.0,84.0,78.0,9,1.5958139896392822,4
117.0,85.0,68.0,9,1.5958278179168701,4
85.0,119.0,71.0,9,1.595841884613037,4
96.0,86.0,74.0,9,1.595855951309204,4
116.0,83.0,70.0,9,1.5958688259124756,4
90.0,94.0,69.0,9,1.595937967300415,4
96.0,91.0,68.0,9,1.5959789752960205,4
92.0,97.0,65.0,9,1.5960068702697754,4
82.0,83.0,101.0,10,1.6891908645629883,4
104.0,79.0,78.0,10,1.689314842224121,4
102.0,75.0,90.0,11,1.7660448551177979,4
74.0,99.0,85.0,11,1.7661287784576416,4
108.0,77.0,82.0,12,1.9201488494873047,4
118.0,73.0,84.0,12,1.920163869857788,4
114.0,73.0,86.0,13,2.0218207836151123,4
113.0,72.0,92.0,13,2.0218489170074463,4
91.0,103.0,64.0,14,2.0872838497161865,4
95.0,83.0,78.0,14,2.0873119831085205,4
92.0,88.0,74.0,14,2.0873398780822754,4
89.0,87.0,75.0,14,2.0874369144439697,4
87.0,101.0,67.0,15,2.1386289596557617,4
100.0,77.0,92.0,17,2.5887458324432373,5
97.0,84.0,74.0,17,2.5889809131622314,5
72.0,112.0,86.0,18,2.6661038398742676,5
95.0,77.0,99.0,18,2.666200876235962,5
90.0,100.0,68.0,19,2.725228786468506,5
86.0,95.0,76.0,19,2.7252848148345947,5
87.0,81.0,104.0,21,2.8830158710479736,5
68.0,90.0,96.0,22,2.9568419456481934,5
65.0,90.0,102.0,22,2.9568698406219482,5
72.0,100.0,90.0,22,2.9568967819213867,5
65.0,94.0,97.0,22,2.9569108486175537,5
71.0,88.0,95.0,22,2.956951856613159,5
60.0,100.0,102.0,23,3.027071952819824,5
111.0,96.0,53.0,26,3.4100539684295654,5
112.0,93.0,53.0,27,3.4802498817443848,5
104.0,91.0,62.0,27,3.4802639484405518,5
107.0,94.0,56.0,27,3.480332851409912,5
108.0,89.0,60.0,27,3.4804158210754395,5
104.0,86.0,69.0,27,3.4804298877716064,5
76.0,86.0,114.0,33,4.143474817276001,6
92.0,92.0,71.0,38,4.51056981086731,6
116.0,73.0,85.0,48,5.37100076675415,6
109.0,90.0,59.0,54,6.071720838546753,6
100.0,71.0,109.0,65,6.953460931777954,7
83.0,85.0,95.0,71,7.462925910949707,7
81.0,92.0,84.0,71,7.462954998016357,7
100.0,76.0,100.0,73,7.634544849395752,7
79.0,83.0,103.0,88,8.76137089729309,7
78.0,94.0,88.0,89,8.821472883224487,7
75.0,96.0,89.0,90,8.895939826965332,7
80.0,93.0,83.0,92,9.01718282699585,7
77.0,95.0,84.0,95,9.199939966201782,7
108.0,93.0,59.0,104,10.25409483909607,7
103.0,94.0,62.0,104,10.25410795211792,7
100.0,98.0,60.0,105,10.303378820419312,7
103.0,93.0,64.0,109,10.595793962478638,7
85.0,94.0,77.0,112,10.75856900215149,7
79.0,109.0,83.0,132,12.177770853042603,8
80.0,105.0,82.0,145,13.08438491821289,8
85.0,84.0,100.0,167,14.619623899459839,8
107.0,98.0,55.0,192,16.659092903137207,8
106.0,97.0,56.0,192,16.659120798110962,8
102.0,99.0,58.0,192,16.65913486480713,8
93.0,90.0,72.0,194,16.773608922958374,8
110.0,87.0,66.0,202,17.323325872421265,8
107.0,87.0,68.0,203,17.35457992553711,8
70.0,116.0,90.0,245,20.171846866607666,9
107.0,81.0,75.0,262,21.202399969100952,9
104.0,95.0,61.0,307,24.527954816818237,9
128.0,73.0,80.0,317,25.22354483604431,9
86.0,82.0,104.0,382,29.08478879928589,10
113.0,70.0,106.0,423,31.725353002548218,10
122.0,73.0,81.0,449,33.5423538684845,10
120.0,73.0,82.0,449,33.542367935180664,10
86.0,87.0,82.0,466,34.08830785751343,10
105.0,71.0,108.0,479,35.1572949886322,11
101.0,76.0,98.0,493,36.05817890167236,11
69.0,115.0,91.0,503,36.721643924713135,11
71.0,120.0,87.0,503,36.721701860427856,11
77.0,119.0,80.0,505,36.79786276817322,11
101.0,91.0,65.0,581,41.454816818237305,11
111.0,88.0,65.0,595,42.21727180480957,11
78.0,114.0,81.0,644,45.01108193397522,12
81.0,116.0,79.0,644,45.01111078262329,12
81.0,85.0,100.0,670,46.531025886535645,12
77.0,85.0,117.0,676,46.985607862472534,12
73.0,104.0,88.0,698,47.97600984573364,12
108.0,71.0,107.0,703,48.37208795547485,12
112.0,72.0,98.0,703,48.372156858444214,12
85.0,102.0,72.0,748,50.52282500267029,12
99.0,71.0,118.0,757,51.34284496307373,13
96.0,72.0,117.0,757,51.343095779418945,13
75.0,114.0,84.0,786,52.77793478965759,13
66.0,98.0,95.0,828,55.13811182975769,13
115.0,86.0,63.0,1089,69.35428881645203,15
