z1,z2,z3,node,time,depth
-5544.0,-6396.0,-4440.0,1,0.0026388168334960938,1
-6075.0,-5604.0,-4518.0,1,0.0026748180389404297,1
-5780.0,-5769.0,-4508.0,4,0.010258913040161133,3
-5738.0,-5995.0,-4140.0,25,0.05130481719970703,5
-5832.0,-3913.0,-4724.0,45,0.08591580390930176,6
-5596.0,-4540.0,-4656.0,57,0.1054999828338623,6
-5717.0,-4009.0,-4741.0,91,0.15734386444091797,7
-5196.0,-5326.0,-4548.0,130,0.21345996856689453,8
-4872.0,-5314.0,-4614.0,275,0.3803708553314209,9
-4787.0,-6525.0,-3675.0,292,0.3952789306640625,9
-5797.0,-4122.0,-4656.0,412,0.5178530216217041,10
-4887.0,-6407.0,-3566.0,426,0.5272998809814453,10
-5222.0,-4893.0,-5072.0,436,0.5355479717254639,10
-5298.0,-5199.0,-4713.0,476,0.5651278495788574,10
-5207.0,-5051.0,-4886.0,484,0.5710608959197998,10
-4760.0,-6593.0,-3493.0,558,0.6352689266204834,10
-5372.0,-4591.0,-4976.0,583,0.654951810836792,10
-5448.0,-4897.0,-4617.0,629,0.6941559314727783,10
-4834.0,-5297.0,-4657.0,684,0.7344119548797607,11
-4885.0,-5284.0,-4694.0,710,0.7498250007629395,11
-5318.0,-4968.0,-4689.0,751,0.775825023651123,11
-5433.0,-4872.0,-4672.0,751,0.7758259773254395,11
-4747.0,-6623.0,-3413.0,837,0.8359580039978027,11
-5404.0,-4954.0,-4721.0,959,0.9174749851226807,12
-5512.0,-4375.0,-5129.0,962,0.9192659854888916,12
-5307.0,-4933.0,-4777.0,970,0.928354024887085,12
-5608.0,-3964.0,-5044.0,981,0.9344680309295654,12
-5588.0,-4681.0,-4770.0,1034,0.9672799110412598,12
-5591.0,-4867.0,-4591.0,1046,0.9745659828186035,12
-5409.0,-4806.0,-4942.0,1048,0.9756648540496826,12
-4872.0,-6565.0,-3380.0,1064,0.9850859642028809,12
-4898.0,-6442.0,-3478.0,1085,0.9986560344696045,12
-6105.0,-4122.0,-4200.0,1125,1.0232069492340088,12
-5382.0,-4874.0,-4760.0,1190,1.0668129920959473,12
-5167.0,-6400.0,-3390.0,1222,1.0861129760742188,12
-4856.0,-6668.0,-3110.0,1227,1.0901308059692383,12
-4971.0,-6572.0,-3093.0,1227,1.0901329517364502,12
-5694.0,-4436.0,-4778.0,1304,1.1382739543914795,13
-5923.0,-4061.0,-4551.0,1476,1.2413928508758545,13
-4986.0,-6414.0,-3279.0,1528,1.2713909149169922,13
-5611.0,-4382.0,-4842.0,1560,1.290998935699463,13
-4947.0,-6506.0,-3363.0,1598,1.3124048709869385,13
-5367.0,-5032.0,-4574.0,1606,1.3175840377807617,13
-4736.0,-5287.0,-4872.0,1674,1.3532660007476807,14
-4619.0,-5572.0,-4521.0,1686,1.3594319820404053,14
-4821.0,-5327.0,-4577.0,1692,1.3625848293304443,14
-5914.0,-3912.0,-4576.0,1701,1.3673570156097412,14
-6029.0,-3816.0,-4559.0,1701,1.367358922958374,14
-5706.0,-3974.0,-4829.0,1702,1.3680579662322998,14
-5679.0,-4594.0,-4592.0,1760,1.3987069129943848,14
-5497.0,-4533.0,-4943.0,1764,1.400735855102539,14
-5523.0,-4410.0,-5041.0,1765,1.4013359546661377,14
-5638.0,-4314.0,-5024.0,1765,1.401336908340454,14
-4721.0,-5445.0,-4686.0,1766,1.4020910263061523,14
-4923.0,-5200.0,-4742.0,1778,1.40867280960083,14
-4747.0,-5322.0,-4784.0,1779,1.4093129634857178,14
-4862.0,-5226.0,-4767.0,1779,1.4093139171600342,14
-4974.0,-5187.0,-4779.0,1800,1.4197118282318115,14
-5808.0,-4157.0,-4568.0,1830,1.4358370304107666,14
-4845.0,-6633.0,-3198.0,1878,1.4605510234832764,14
-4896.0,-5268.0,-4560.0,1926,1.4869580268859863,14
-5269.0,-5022.0,-4789.0,1960,1.5074679851531982,14
-4976.0,-5432.0,-4521.0,1994,1.524209976196289,15
-5732.0,-3851.0,-4927.0,2028,1.5388898849487305,15
-4425.0,-5555.0,-4592.0,2054,1.551177978515625,15
-4845.0,-5332.0,-4569.0,2080,1.5659558773040771,15
-5271.0,-5267.0,-4531.0,2132,1.5893568992614746,15
-4975.0,-5078.0,-4738.0,2224,1.6274969577789307,16
-5847.0,-3755.0,-4910.0,2238,1.6321008205413818,16
-4540.0,-5459.0,-4575.0,2250,1.6361398696899414,16
-4960.0,-5236.0,-4552.0,2264,1.64119291305542,16
-5744.0,-4186.0,-4723.0,2284,1.6480088233947754,16
-6078.0,-4190.0,-4018.0,2292,1.6506860256195068,16
-5717.0,-4254.0,-4541.0,2304,1.6547069549560547,16
-4947.0,-5255.0,-4597.0,2306,1.6554028987884521,16
-5508.0,-4813.0,-4655.0,2318,1.6594808101654053,16
-4849.0,-6496.0,-3578.0,2324,1.6615660190582275,16
