z1,z2,z3,node,time,depth
19.0,64.0,12.0,1,0.01539301872253418,1
18.0,66.0,12.0,1,0.015397071838378906,1
17.0,64.0,13.0,1,0.015401124954223633,1
16.0,66.0,14.0,1,0.015404939651489258,1
18.0,62.0,13.0,1,0.015408992767333984,1
24.0,53.0,19.0,1,0.015413045883178711,1
50.0,29.0,44.0,1,0.015417098999023438,1
23.0,48.0,32.0,1,0.015420913696289062,1
15.0,61.0,16.0,1,0.015424966812133789,1
70.0,14.0,63.0,1,0.015433073043823242,1
63.0,20.0,54.0,1,0.015440940856933594,1
32.0,43.0,29.0,1,0.01544499397277832,1
28.0,46.0,27.0,1,0.015449047088623047,1
18.0,60.0,14.0,1,0.015453100204467773,1
16.0,59.0,16.0,1,0.015456914901733398,1
50.0,25.0,53.0,1,0.015460968017578125,1
39.0,33.0,45.0,1,0.015469074249267578,1
24.0,52.0,20.0,1,0.015473127365112305,1
16.0,58.0,17.0,1,0.01547694206237793,1
18.0,57.0,17.0,1,0.015480995178222656,1
36.0,38.0,35.0,1,0.015485048294067383,1
20.0,52.0,24.0,1,0.01548910140991211,1
34.0,39.0,36.0,1,0.015492916107177734,1
45.0,32.0,41.0,1,0.015500068664550781,1
41.0,32.0,44.0,1,0.015505075454711914,1
26.0,48.0,26.0,2,0.0332949161529541,2
29.0,43.0,35.0,2,0.03329896926879883,2
32.0,44.0,28.0,2,0.033351898193359375,2
24.0,49.0,26.0,2,0.03336906433105469,2
51.0,28.0,48.0,3,0.04584693908691406,2
35.0,40.0,34.0,3,0.04587507247924805,2
66.0,17.0,63.0,4,0.0639801025390625,3
30.0,42.0,39.0,4,0.0639960765838623,3
27.0,46.0,31.0,4,0.06400394439697266,3
29.0,45.0,31.0,4,0.06400799751281738,3
58.0,21.0,57.0,4,0.06401991844177246,3
24.0,50.0,25.0,5,0.07977104187011719,3
46.0,28.0,51.0,5,0.0798029899597168,3
45.0,29.0,48.0,5,0.07980704307556152,3
52.0,24.0,54.0,5,0.07983899116516113,3
48.0,27.0,50.0,5,0.07984209060668945,3
28.0,47.0,26.0,6,0.09151506423950195,3
28.0,48.0,25.0,6,0.09152698516845703,3
22.0,51.0,24.0,7,0.10137701034545898,3
17.0,62.0,14.0,7,0.10139703750610352,3
25.0,47.0,32.0,7,0.10143804550170898,3
54.0,23.0,59.0,8,0.11820292472839355,4
41.0,34.0,42.0,9,0.1310429573059082,4
43.0,33.0,41.0,10,0.14558005332946777,4
26.0,49.0,25.0,10,0.14558792114257812,4
52.0,27.0,47.0,10,0.1456000804901123,4
48.0,31.0,42.0,10,0.14560389518737793,4
29.0,44.0,34.0,10,0.1456160545349121,4
32.0,40.0,42.0,10,0.14562392234802246,4
38.0,34.0,48.0,10,0.1456279754638672,4
36.0,39.0,34.0,10,0.14563989639282227,4
34.0,40.0,35.0,10,0.145643949508667,4
39.0,34.0,44.0,10,0.14564800262451172,4
43.0,31.0,46.0,10,0.1456599235534668,4
41.0,33.0,43.0,10,0.14566397666931152,4
26.0,50.0,24.0,11,0.15741395950317383,4
56.0,25.0,49.0,11,0.1574420928955078,4
27.0,47.0,28.0,12,0.16901707649230957,4
32.0,41.0,39.0,19,0.2514688968658447,5
33.0,40.0,39.0,21,0.2774488925933838,5
47.0,30.0,45.0,21,0.2774770259857178,5
38.0,37.0,37.0,21,0.2775120735168457,5
30.0,44.0,30.0,22,0.28754591941833496,5
35.0,37.0,41.0,23,0.2952430248260498,5
30.0,43.0,32.0,23,0.29527902603149414,5
22.0,52.0,23.0,26,0.3246629238128662,5
22.0,53.0,21.0,30,0.3589301109313965,5
21.0,55.0,22.0,31,0.3657510280609131,5
59.0,21.0,56.0,40,0.4796459674835205,6
56.0,23.0,54.0,41,0.4918019771575928,6
61.0,19.0,60.0,41,0.49181389808654785,6
60.0,20.0,58.0,41,0.4918179512023926,6
69.0,15.0,64.0,41,0.4918220043182373,6
30.0,45.0,29.0,42,0.5021851062774658,6
40.0,40.0,33.0,43,0.5119121074676514,6
34.0,42.0,31.0,45,0.5271010398864746,6
40.0,35.0,39.0,45,0.5271050930023193,6
44.0,34.0,40.0,46,0.5358340740203857,6
49.0,28.0,49.0,46,0.5358500480651855,6
16.0,64.0,15.0,54,0.6082730293273926,6
33.0,42.0,34.0,62,0.6672260761260986,6
45.0,30.0,47.0,82,0.8770389556884766,7
56.0,22.0,60.0,82,0.8770430088043213,7
65.0,17.0,66.0,82,0.8771231174468994,7
47.0,34.0,39.0,84,0.893467903137207,7
57.0,24.0,50.0,85,0.9010770320892334,7
31.0,42.0,35.0,94,0.962475061416626,7
57.0,22.0,56.0,147,1.4026129245758057,8
46.0,33.0,40.0,150,1.425187110900879,8
61.0,22.0,52.0,150,1.4252169132232666,8
55.0,26.0,48.0,150,1.4252209663391113,8
39.0,36.0,40.0,162,1.5025999546051025,8
33.0,41.0,35.0,176,1.5895259380340576,8
19.0,54.0,24.0,185,1.644813060760498,8
26.0,51.0,22.0,192,1.6911530494689941,8
23.0,55.0,19.0,193,1.6955959796905518,8
38.0,41.0,33.0,208,1.8409340381622314,9
40.0,36.0,38.0,243,2.07676100730896,9
25.0,48.0,31.0,290,2.3286828994750977,9
35.0,38.0,39.0,362,2.777501106262207,10
37.0,37.0,38.0,364,2.790066957473755,10
38.0,36.0,44.0,385,2.8860960006713867,10
22.0,54.0,20.0,415,3.0076100826263428,10
44.0,30.0,51.0,440,3.188915967941284,11
55.0,23.0,57.0,456,3.2698819637298584,11
21.0,56.0,20.0,540,3.6215100288391113,11
49.0,26.0,52.0,551,3.722235918045044,12
67.0,17.0,62.0,686,4.301757097244263,13
18.0,58.0,16.0,742,4.493796110153198,13
18.0,59.0,15.0,743,4.496277093887329,13
32.0,49.0,24.0,810,4.735066890716553,14
62.0,20.0,57.0,828,4.796546936035156,15
64.0,18.0,59.0,828,4.796550989151001,15
68.0,16.0,61.0,888,4.945297956466675,17
