z1,z2,z3,node,time,depth
-10356.0,-9287.0,-6520.0,1,0.07725715637207031,1
-8168.0,-10034.0,-4763.0,1,0.07729697227478027,1
-7153.0,-9182.0,-9543.0,1,0.07740497589111328,1
-10098.0,-6968.0,-9873.0,1,0.07746315002441406,1
-7792.0,-6235.0,-11440.0,1,0.0775899887084961,1
-11165.0,-8103.0,-7634.0,1,0.07813715934753418,1
-11786.0,-7168.0,-6623.0,1,0.07853007316589355,1
-8618.0,-9898.0,-5884.0,1,0.07864212989807129,1
-9250.0,-9267.0,-8789.0,1,0.07866501808166504,1
-9573.0,-9632.0,-5484.0,1,0.0787050724029541,1
-11873.0,-5576.0,-6725.0,1,0.07877397537231445,1
-11624.0,-6532.0,-7469.0,1,0.07882905006408691,1
-11258.0,-7668.0,-7833.0,1,0.07886600494384766,1
-6596.0,-6574.0,-11591.0,1,0.07910919189453125,1
-10828.0,-6511.0,-8998.0,1,0.07924604415893555,1
-10696.0,-6364.0,-9205.0,1,0.07926011085510254,1
-11469.0,-8121.0,-5691.0,1,0.07935905456542969,1
-11519.0,-7809.0,-6471.0,3,0.29383397102355957,2
-8340.0,-9357.0,-8699.0,3,0.29413700103759766,2
-10539.0,-8822.0,-7634.0,3,0.2944819927215576,2
-10836.0,-8803.0,-6893.0,3,0.2944951057434082,2
-6968.0,-9298.0,-9343.0,4,0.40378713607788086,3
-10249.0,-8049.0,-9176.0,5,0.5177581310272217,3
-10581.0,-7858.0,-8693.0,5,0.5181450843811035,3
-10500.0,-8554.0,-7766.0,5,0.5183460712432861,3
-10980.0,-6875.0,-8664.0,5,0.5185811519622803,3
-10974.0,-6765.0,-8712.0,5,0.5185849666595459,3
-11660.0,-7264.0,-6528.0,6,0.6342661380767822,3
-8143.0,-7466.0,-10512.0,8,0.8721520900726318,4
-9927.0,-8384.0,-8982.0,9,1.0083091259002686,4
-10842.0,-6618.0,-8919.0,10,1.1418590545654297,4
-9800.0,-7157.0,-9999.0,11,1.2788081169128418,4
-7822.0,-8510.0,-9972.0,11,1.2789890766143799,4
-10834.0,-6621.0,-8950.0,11,1.2790560722351074,4
-10435.0,-7604.0,-8979.0,11,1.2795560359954834,4
-8278.0,-7794.0,-10402.0,11,1.2797060012817383,4
-8662.0,-9022.0,-8893.0,13,1.5513701438903809,4
-8377.0,-9711.0,-7883.0,16,1.9421401023864746,5
-8180.0,-9735.0,-7838.0,16,1.9421520233154297,5
-10472.0,-8997.0,-6953.0,16,1.9422249794006348,5
-10404.0,-6742.0,-9359.0,17,2.089766025543213,5
-11280.0,-6539.0,-8198.0,17,2.089938163757324,5
-7796.0,-9346.0,-8819.0,19,2.3841969966888428,5
-9478.0,-7492.0,-9805.0,19,2.3842899799346924,5
-8621.0,-8024.0,-10161.0,20,2.523754119873047,5
-10878.0,-7839.0,-7952.0,20,2.5239040851593018,5
-9534.0,-7839.0,-9660.0,20,2.5243680477142334,5
-8758.0,-7805.0,-10155.0,20,2.524372100830078,5
-9769.0,-8533.0,-8803.0,21,2.680037021636963,5
-9603.0,-7181.0,-9954.0,23,2.9791970252990723,5
-10671.0,-6788.0,-9062.0,23,2.9794981479644775,5
-10131.0,-5654.0,-9830.0,23,2.9799840450286865,5
-10059.0,-9306.0,-7261.0,25,3.2868130207061768,5
-8287.0,-9966.0,-6399.0,25,3.287630081176758,5
-11885.0,-6673.0,-6107.0,29,3.843623161315918,5
-10550.0,-6996.0,-9073.0,34,4.4634621143341064,6
-11744.0,-7288.0,-5991.0,34,4.46393609046936,6
-10907.0,-8635.0,-6279.0,35,4.639075040817261,6
-11387.0,-8151.0,-6652.0,35,4.6392810344696045,6
-11019.0,-7779.0,-7972.0,35,4.639729022979736,6
-7999.0,-7336.0,-10730.0,37,4.9570910930633545,6
-7534.0,-7537.0,-10636.0,37,4.9574010372161865,6
-7716.0,-5782.0,-11453.0,42,5.6893041133880615,6
-8698.0,-7928.0,-10313.0,43,5.845450162887573,6
-9615.0,-6454.0,-10118.0,43,5.845782995223999,6
-10819.0,-8599.0,-7130.0,48,6.623389005661011,6
-7886.0,-9806.0,-7275.0,51,6.9902191162109375,6
-10615.0,-7738.0,-8678.0,64,8.108190059661865,7
-8236.0,-9708.0,-7914.0,65,8.247029066085815,7
-11019.0,-7849.0,-7920.0,66,8.39771819114685,7
-10832.0,-7637.0,-8623.0,67,8.548123121261597,7
-10858.0,-7800.0,-8312.0,68,8.69741702079773,7
-10864.0,-7910.0,-8264.0,68,8.697421073913574,7
-11112.0,-7414.0,-8119.0,70,9.096917152404785,7
-11286.0,-6649.0,-8150.0,71,9.265315055847168,7
-9447.0,-8868.0,-8609.0,73,9.531692028045654,7
-8185.0,-9662.0,-8167.0,75,9.815035104751587,7
-9397.0,-8058.0,-9666.0,81,10.587728023529053,7
-8247.0,-9170.0,-9206.0,81,10.588158130645752,7
-7290.0,-8963.0,-9537.0,82,10.710990190505981,7
-9184.0,-8836.0,-8870.0,83,10.879791975021362,7
-9640.0,-8120.0,-9300.0,83,10.87993597984314,7
-11348.0,-7247.0,-7344.0,84,11.007649183273315,7
-10341.0,-7030.0,-9507.0,85,11.167086124420166,7
-8310.0,-8741.0,-9396.0,85,11.167136192321777,7
-8127.0,-7789.0,-10406.0,85,11.167360067367554,7
-7865.0,-7717.0,-10494.0,85,11.167363166809082,7
-8321.0,-7001.0,-10924.0,85,11.167423963546753,7
-7480.0,-6671.0,-11340.0,87,11.422336101531982,7
-6510.0,-7851.0,-10671.0,87,11.42269515991211,7
-9906.0,-7819.0,-9417.0,89,11.657605171203613,7
-8634.0,-9465.0,-8080.0,97,12.654525995254517,7
-9561.0,-9215.0,-7672.0,97,12.65511703491211,7
-8124.0,-9941.0,-6580.0,100,12.994760990142822,7
-11843.0,-6793.0,-5475.0,100,12.994852066040039,7
-11363.0,-7283.0,-7269.0,100,12.995172023773193,7
-7871.0,-10053.0,-5504.0,100,12.995198965072632,7
-11373.0,-7555.0,-6757.0,118,14.351225137710571,7
-8509.0,-9606.0,-7713.0,129,14.851956129074097,8
-10208.0,-7160.0,-9278.0,133,15.469635963439941,8
-11090.0,-8170.0,-7393.0,134,15.600912094116211,8
-9856.0,-8956.0,-8503.0,136,15.847718000411987,8
-8752.0,-9668.0,-7347.0,136,15.847942113876343,8
-11177.0,-8364.0,-6906.0,139,16.225504159927368,8
-11678.0,-6451.0,-7094.0,143,16.755449056625366,8
-7886.0,-9627.0,-8457.0,145,17.00819206237793,8
-7942.0,-9600.0,-8533.0,145,17.008196115493774,8
-7812.0,-8473.0,-10000.0,146,17.112946033477783,8
-8006.0,-7685.0,-10518.0,146,17.113043069839478,8
-8268.0,-7757.0,-10430.0,146,17.113051176071167,8
-8513.0,-8044.0,-10113.0,147,17.25523805618286,8
-9584.0,-8154.0,-9223.0,153,17.98617196083069,8
-8424.0,-8048.0,-10116.0,163,19.02367115020752,8
-7968.0,-8764.0,-9686.0,163,19.02373719215393,8
-9200.0,-8082.0,-9621.0,163,19.023842096328735,8
-8211.0,-8826.0,-9320.0,167,19.66999316215515,8
-10225.0,-7817.0,-9233.0,169,19.95507311820984,8
-10189.0,-7473.0,-9347.0,171,20.31888198852539,8
-9036.0,-6230.0,-10518.0,173,20.547080993652344,8
-8218.0,-8412.0,-9940.0,174,20.60394310951233,8
-8415.0,-7575.0,-10396.0,176,20.783313035964966,8
-8153.0,-7503.0,-10484.0,176,20.783321142196655,8
-9054.0,-7828.0,-9907.0,177,20.92209506034851,8
-9130.0,-7785.0,-9912.0,179,21.189625024795532,8
-8320.0,-5828.0,-11114.0,179,21.190020084381104,8
-8898.0,-6554.0,-10674.0,180,21.321691036224365,8
-9327.0,-5697.0,-10431.0,181,21.521579027175903,8
-10501.0,-6443.0,-9271.0,190,22.38185715675354,8
-10301.0,-5999.0,-9621.0,191,22.451234102249146,8
-9267.0,-9107.0,-8291.0,193,22.616029024124146,8
-8321.0,-9917.0,-6625.0,194,22.707194089889526,8
-8877.0,-9527.0,-7714.0,195,22.776714086532593,8
-10105.0,-8782.0,-7930.0,197,22.96121907234192,8
-10179.0,-9321.0,-5198.0,203,23.50685405731201,8
-10221.0,-8492.0,-8363.0,255,25.45401906967163,9
-10097.0,-9017.0,-7450.0,258,25.804403066635132,9
-11141.0,-7871.0,-7691.0,259,25.94217610359192,9
-10559.0,-8414.0,-7920.0,261,26.18504500389099,9
-9080.0,-8922.0,-8998.0,271,27.3002769947052,9
-10471.0,-7819.0,-8736.0,273,27.54903817176819,9
-10339.0,-7672.0,-8943.0,273,27.549170970916748,9
-8343.0,-9760.0,-7657.0,274,27.699133157730103,9
-8479.0,-9770.0,-7548.0,275,27.82164716720581,9
-10725.0,-7507.0,-8640.0,276,27.920614004135132,9
-10579.0,-7253.0,-8926.0,280,28.39802598953247,9
-11129.0,-7618.0,-7882.0,283,28.785011053085327,9
-8083.0,-9603.0,-8502.0,286,29.17500615119934,9
-8219.0,-9613.0,-8393.0,287,29.291145086288452,9
-9730.0,-8408.0,-8937.0,291,29.71125316619873,9
-9624.0,-7746.0,-9519.0,291,29.711472034454346,9
-9156.0,-9279.0,-8057.0,295,30.092254161834717,9
-7125.0,-9625.0,-8730.0,295,30.092458963394165,9
-8405.0,-9268.0,-8696.0,318,31.834460973739624,9
-8541.0,-9278.0,-8587.0,319,31.978661060333252,9
-9519.0,-8885.0,-8549.0,321,32.2010760307312,9
-9333.0,-8375.0,-9293.0,322,32.33654308319092,9
-8941.0,-8774.0,-9236.0,323,32.50463604927063,9
-8165.0,-8740.0,-9731.0,323,32.50480818748474,9
-7964.0,-7708.0,-10519.0,330,33.37176704406738,9
-8226.0,-7780.0,-10431.0,330,33.371772050857544,9
-7770.0,-8496.0,-10001.0,330,33.37180519104004,9
-7929.0,-9216.0,-9048.0,330,33.37189507484436,9
-9901.0,-6992.0,-9828.0,334,33.79667806625366,9
-10052.0,-8073.0,-9131.0,334,33.79689812660217,9
-10028.0,-7841.0,-9188.0,337,34.292800188064575,9
-8927.0,-6690.0,-10638.0,339,34.623125076293945,9
-10144.0,-7054.0,-9462.0,340,34.772057056427,9
-8412.0,-7624.0,-10458.0,342,35.04266309738159,9
-7749.0,-6346.0,-11250.0,345,35.22070002555847,9
-9149.0,-7049.0,-10400.0,357,36.27186417579651,9
-8027.0,-9809.0,-7244.0,384,38.11529803276062,9
-8583.0,-9419.0,-8333.0,385,38.2005500793457,9
-8377.0,-9890.0,-6701.0,387,38.319650173187256,9
-7227.0,-9929.0,-6962.0,389,38.4427330493927,9
-9276.0,-9651.0,-6225.0,398,39.00258803367615,9
-8044.0,-9904.0,-6765.0,398,39.00271701812744,9
-8180.0,-9914.0,-6656.0,399,39.084465980529785,9
-7339.0,-10028.0,-5780.0,406,39.7021119594574,9
-7830.0,-9833.0,-7199.0,407,39.7383291721344,9
-12050.0,-6248.0,-5804.0,468,41.348735094070435,9
-10064.0,-8165.0,-8976.0,489,41.590397119522095,10
-8220.0,-9384.0,-8496.0,489,41.59044098854065,10
-8356.0,-9394.0,-8387.0,491,41.79199504852295,10
-10818.0,-8434.0,-7595.0,498,42.48361110687256,10
-10685.0,-8587.0,-7261.0,499,42.581109046936035,10
-9491.0,-9328.0,-7736.0,500,42.77054214477539,10
-11465.0,-6955.0,-7421.0,517,44.19754505157471,10
-7262.0,-9406.0,-8724.0,521,44.51683497428894,10
-9374.0,-9234.0,-7849.0,527,45.18799614906311,10
-9788.0,-9309.0,-6995.0,530,45.53621196746826,10
-10394.0,-8998.0,-6709.0,530,45.536216020584106,10
-8643.0,-9607.0,-7618.0,530,45.53630805015564,10
-10809.0,-7992.0,-8226.0,533,45.84724402427673,10
-11363.0,-7919.0,-6709.0,545,46.961244106292725,10
-10938.0,-8475.0,-7045.0,545,46.96144509315491,10
-7982.0,-7453.0,-10575.0,561,48.29600214958191,10
-9903.0,-8152.0,-9039.0,561,48.29604697227478,10
-8458.0,-9560.0,-7966.0,568,48.829437017440796,10
-8382.0,-9638.0,-8212.0,569,48.93998098373413,10
-7845.0,-9686.0,-8159.0,570,49.065813064575195,10
-7901.0,-9659.0,-8235.0,570,49.06585502624512,10
-8516.0,-9594.0,-7652.0,571,49.139163970947266,10
-8349.0,-9499.0,-8237.0,576,49.59955716133118,10
-9950.0,-8189.0,-8810.0,612,51.311721086502075,10
-9364.0,-7494.0,-9869.0,613,51.43606901168823,10
-8727.0,-8686.0,-9579.0,621,52.17076396942139,10
-9227.0,-7713.0,-9875.0,622,52.26868200302124,10
-9092.0,-8490.0,-9323.0,622,52.26884198188782,10
-8704.0,-9303.0,-8406.0,629,52.83679413795471,10
-10303.0,-7968.0,-8801.0,646,54.31339907646179,10
-11342.0,-7137.0,-7392.0,646,54.313788175582886,10
-8304.0,-7118.0,-10769.0,648,54.58593702316284,10
-8811.0,-7477.0,-10364.0,649,54.781530141830444,10
-9735.0,-7341.0,-9793.0,653,55.31236219406128,10
-9886.0,-7250.0,-9779.0,654,55.469460010528564,10
-11097.0,-6819.0,-8272.0,659,56.0269570350647,10
-7579.0,-6001.0,-11459.0,664,56.33253717422485,10
-7185.0,-6751.0,-11309.0,668,56.47368907928467,10
-8400.0,-6454.0,-10849.0,668,56.47371697425842,10
-9373.0,-8631.0,-8835.0,677,57.01268911361694,10
-11015.0,-6781.0,-8333.0,735,60.15198111534119,10
-10702.0,-8802.0,-6988.0,740,60.29256296157837,10
-9235.0,-9710.0,-5927.0,752,60.97274398803711,10
-8003.0,-9963.0,-6467.0,752,60.97285008430481,10
-7536.0,-10004.0,-5825.0,752,60.97286915779114,10
-8674.0,-9871.0,-5960.0,753,61.023996114730835,10
-10934.0,-8302.0,-7272.0,933,66.39936113357544,11
-10566.0,-7930.0,-8592.0,933,66.3993890285492,11
-11483.0,-7077.0,-7412.0,966,68.35083818435669,11
-11489.0,-7187.0,-7364.0,966,68.35094904899597,11
-11037.0,-6477.0,-8564.0,966,68.3509521484375,11
-10996.0,-8204.0,-7523.0,985,69.6689121723175,11
-8676.0,-9746.0,-7593.0,987,69.90506100654602,11
-11067.0,-8525.0,-6996.0,993,70.48138999938965,11
-11340.0,-6568.0,-7775.0,1037,73.41975498199463,11
-9462.0,-8585.0,-8888.0,1039,73.56560397148132,11
-8137.0,-9183.0,-8918.0,1043,73.84821319580078,11
-7212.0,-9374.0,-8808.0,1071,75.41110610961914,11
-8546.0,-9475.0,-8282.0,1072,75.47157597541809,11
-9304.0,-8734.0,-8709.0,1153,78.3638551235199,11
-9784.0,-8250.0,-9082.0,1153,78.36397409439087,11
-7753.0,-8613.0,-9846.0,1168,79.37700605392456,11
-8233.0,-8129.0,-10219.0,1168,79.37712597846985,11
-8134.0,-8138.0,-10194.0,1214,82.06536912918091,11
-8590.0,-7422.0,-10624.0,1214,82.06539702415466,11
-8328.0,-7350.0,-10712.0,1214,82.06557202339172,11
-8835.0,-7709.0,-10307.0,1215,82.16789817810059,11
-9492.0,-7279.0,-10159.0,1220,82.51609206199646,11
-9322.0,-6934.0,-10368.0,1220,82.51610016822815,11
-8910.0,-6807.0,-10483.0,1223,82.95840811729431,11
-9280.0,-7561.0,-10065.0,1232,83.76843619346619,11
-9541.0,-8129.0,-9275.0,1233,83.87316608428955,11
-9565.0,-6996.0,-10002.0,1237,84.18547916412354,11
-11277.0,-6856.0,-7923.0,1244,84.6039650440216,11
-11139.0,-6599.0,-8178.0,1244,84.60401105880737,11
-11271.0,-6746.0,-7971.0,1244,84.60402202606201,11
-8960.0,-7254.0,-10435.0,1247,84.76287817955017,11
-9829.0,-7915.0,-9265.0,1279,85.98496103286743,11
-8926.0,-5517.0,-10828.0,1293,86.62748408317566,11
-6821.0,-5362.0,-11665.0,1298,86.81354808807373,11
-8183.0,-6047.0,-11120.0,1301,86.95940899848938,11
-10248.0,-6059.0,-9574.0,1336,88.29552912712097,11
-8797.0,-9490.0,-7899.0,1403,89.91950297355652,11
-7709.0,-9855.0,-7086.0,1410,90.30699300765991,11
-8941.0,-9602.0,-6546.0,1410,90.30716800689697,11
-7789.0,-9892.0,-6901.0,1421,90.6034300327301,11
-7845.0,-9865.0,-6977.0,1421,90.6034460067749,11
-7178.0,-9821.0,-7612.0,1421,90.60346913337708,11
-11495.0,-7577.0,-6528.0,1458,91.78002214431763,11
-8421.0,-9922.0,-5839.0,1470,92.2496600151062,11
-10308.0,-8241.0,-8441.0,1647,94.77774500846863,12
-10425.0,-7567.0,-9007.0,1663,95.67563915252686,12
-11407.0,-7439.0,-6609.0,1683,96.67503905296326,12
-10995.0,-7617.0,-7977.0,1721,98.50136804580688,12
-11043.0,-6587.0,-8516.0,1759,99.68774104118347,12
-11543.0,-7106.0,-6989.0,1759,99.68775606155396,12
-11333.0,-6808.0,-7628.0,1765,100.02172207832336,12
-8840.0,-9583.0,-7663.0,1800,102.04660511016846,12
-8423.0,-9797.0,-7472.0,1818,103.26097202301025,12
-10921.0,-8271.0,-7282.0,1845,104.79575610160828,12
-10663.0,-7738.0,-8512.0,1855,105.09658718109131,12
-7843.0,-9172.0,-9207.0,1903,106.74267196655273,12
-6657.0,-9688.0,-8285.0,1915,107.34581398963928,12
-9044.0,-7791.0,-9935.0,1935,108.00671410560608,12
-8033.0,-8528.0,-9740.0,1955,108.96281599998474,12
-7062.0,-10031.0,-7123.0,1979,109.83887314796448,12
-7141.0,-9877.0,-7561.0,1980,109.87435007095337,12
-8756.0,-8106.0,-9747.0,1983,110.01694703102112,12
-8129.0,-9689.0,-8091.0,2002,110.89305210113525,12
-8165.0,-8837.0,-9401.0,2109,112.775719165802,12
-8621.0,-8121.0,-9831.0,2109,112.77578997612,12
-9975.0,-8169.0,-8979.0,2132,113.7618350982666,12
-8703.0,-8454.0,-9636.0,2145,114.36663603782654,12
-8359.0,-7952.0,-10249.0,2146,114.45121598243713,12
-9135.0,-7986.0,-9754.0,2151,114.71132898330688,12
-10617.0,-8351.0,-7908.0,2187,116.2609760761261,12
-9366.0,-7456.0,-10129.0,2227,117.77477312088013,12
-8492.0,-5816.0,-10958.0,2229,117.93451499938965,12
-7886.0,-6127.0,-11244.0,2229,117.93458819389343,12
-9946.0,-7411.0,-9713.0,2239,118.44899702072144,12
-9490.0,-8127.0,-9283.0,2239,118.4490430355072,12
-8537.0,-6235.0,-10843.0,2241,118.64139413833618,12
-9097.0,-7035.0,-10429.0,2258,119.57300901412964,12
-7841.0,-7485.0,-10551.0,2263,120.03890299797058,12
-7935.0,-6451.0,-11068.0,2298,121.46713399887085,12
-8355.0,-6035.0,-10964.0,2316,121.92184615135193,12
-8941.0,-7990.0,-9947.0,2323,122.09543013572693,12
-7990.0,-8008.0,-10412.0,2323,122.09556198120117,12
-8086.0,-6360.0,-11054.0,2326,122.24766612052917,12
-9538.0,-7085.0,-10087.0,2381,123.76216316223145,12
-9755.0,-6738.0,-10114.0,2382,123.86521911621094,12
-8959.0,-6081.0,-10625.0,2389,124.14169502258301,12
-8979.0,-6704.0,-10609.0,2393,124.28069615364075,12
-8087.0,-6311.0,-11045.0,2395,124.3877170085907,12
-8224.0,-6092.0,-11039.0,2397,124.44944405555725,12
-8552.0,-5821.0,-10913.0,2433,125.7379629611969,12
-11131.0,-6602.0,-8209.0,2462,126.1770851612091,12
-11125.0,-6492.0,-8257.0,2462,126.17716312408447,12
-10707.0,-5894.0,-9143.0,2464,126.24267315864563,12
-8741.0,-9517.0,-7823.0,2560,127.89803004264832,12
-6935.0,-9759.0,-7978.0,2584,128.61816906929016,12
-9648.0,-8632.0,-8639.0,2608,129.15171313285828,12
-9283.0,-9272.0,-7756.0,2649,130.17148113250732,12
-10880.0,-8383.0,-7647.0,2997,136.85497498512268,13
-9578.0,-9077.0,-7814.0,3007,137.31501817703247,13
-10869.0,-7352.0,-8485.0,3053,138.66859412193298,13
-10662.0,-7292.0,-8832.0,3119,140.29653406143188,13
-11459.0,-6845.0,-7469.0,3126,140.5093150138855,13
-8620.0,-9773.0,-7517.0,3198,143.2438449859619,13
-10353.0,-8708.0,-7796.0,3247,145.615149974823,13
-11433.0,-7389.0,-6632.0,3334,148.14728498458862,13
-8062.0,-9286.0,-9006.0,3381,149.07418513298035,13
-7523.0,-9277.0,-9108.0,3495,152.24891901016235,13
-7340.0,-8325.0,-10118.0,3495,152.24895405769348,13
-8384.0,-8951.0,-9200.0,3709,156.40940499305725,13
-10303.0,-7898.0,-8853.0,3851,161.13998913764954,13
-9234.0,-8384.0,-9268.0,3914,162.6950740814209,13
-9196.0,-7111.0,-10338.0,3916,162.82367515563965,13
-9298.0,-8067.0,-9641.0,3934,163.48188519477844,13
-9343.0,-6356.0,-10303.0,3939,163.96698713302612,13
-9173.0,-6011.0,-10512.0,3939,163.96712112426758,13
-9061.0,-7888.0,-9786.0,3943,164.18432712554932,13
-9609.0,-7518.0,-9763.0,3973,165.2502520084381,13
-9883.0,-8174.0,-9020.0,3977,165.52971005439758,13
-9751.0,-8027.0,-9227.0,3977,165.52971410751343,13
-8790.0,-6909.0,-10644.0,4044,167.62438702583313,13
-8184.0,-7220.0,-10930.0,4052,167.80436611175537,13
-8430.0,-6541.0,-10804.0,4066,168.07794499397278,13
-8674.0,-7696.0,-10370.0,4094,168.45056700706482,13
-7809.0,-6628.0,-11038.0,4105,168.86765217781067,13
-8766.0,-8042.0,-9917.0,4121,169.13785099983215,13
-10434.0,-6292.0,-9293.0,4205,171.0480580329895,13
-8789.0,-5736.0,-10834.0,4215,171.24611902236938,13
-8496.0,-6190.0,-10854.0,4227,171.5481960773468,13
-10263.0,-5801.0,-9623.0,4422,174.15547108650208,13
-9721.0,-9133.0,-7771.0,4476,174.78137016296387,13
-11387.0,-7662.0,-6678.0,4675,177.86500096321106,13
-9038.0,-9734.0,-5882.0,4696,178.27978706359863,13
-8477.0,-9895.0,-5915.0,4697,178.29712414741516,13
-11015.0,-7606.0,-8199.0,5117,182.2544641494751,14
-9334.0,-9001.0,-8349.0,5165,183.18953704833984,14
-10212.0,-8745.0,-7881.0,5178,183.33507013320923,14
-11537.0,-6996.0,-7037.0,5340,185.37986516952515,14
-10289.0,-8116.0,-8631.0,5463,187.58906507492065,14
-9226.0,-9462.0,-7231.0,5468,187.73869609832764,14
-8443.0,-9807.0,-6195.0,5483,188.1723861694336,14
-10368.0,-8425.0,-8075.0,5509,188.7679581642151,14
-9326.0,-9623.0,-5686.0,5549,190.50473713874817,14
-10887.0,-8143.0,-7794.0,5559,190.8981649875641,14
-11312.0,-7587.0,-7458.0,5587,191.74716901779175,14
-10682.0,-7143.0,-8866.0,5587,191.74722599983215,14
-11508.0,-7322.0,-6873.0,5596,191.87202906608582,14
-11654.0,-7021.0,-6830.0,5725,193.48902797698975,14
-8306.0,-9362.0,-8471.0,5773,193.9424090385437,14
-8756.0,-8890.0,-9036.0,5775,194.0330891609192,14
-9757.0,-8039.0,-9191.0,5885,195.61990118026733,14
-7156.0,-9401.0,-8732.0,5980,196.78869795799255,14
-9484.0,-8605.0,-8674.0,5991,197.11075901985168,14
-8326.0,-9665.0,-8136.0,5994,197.15020203590393,14
-9078.0,-8555.0,-9230.0,6289,199.85648107528687,14
-8302.0,-8521.0,-9725.0,6289,199.85653400421143,14
-10125.0,-8574.0,-8263.0,6361,200.85836505889893,14
-7944.0,-8532.0,-9743.0,6433,202.26195096969604,14
-9830.0,-8502.0,-8811.0,6487,203.11565113067627,14
-8923.0,-8268.0,-9660.0,6550,204.17181515693665,14
-7263.0,-8137.0,-10406.0,6576,204.59764218330383,14
-7719.0,-7421.0,-10836.0,6576,204.59765100479126,14
-9104.0,-7384.0,-10217.0,6625,205.1999011039734,14
-11034.0,-6794.0,-8289.0,6645,205.6128761768341,14
-11028.0,-6684.0,-8337.0,6645,205.61288809776306,14
-10079.0,-7704.0,-9385.0,6655,205.7952950000763,14
-10848.0,-6728.0,-8871.0,6657,205.8932671546936,14
-9449.0,-7783.0,-9728.0,6672,206.39435005187988,14
-10430.0,-6657.0,-9174.0,6678,206.67549109458923,14
-9604.0,-7768.0,-9500.0,6785,208.31614804267883,14
-10564.0,-6658.0,-9079.0,6800,208.5021140575409,14
-7728.0,-7936.0,-10500.0,6855,209.2642481327057,14
-7724.0,-6846.0,-10952.0,6857,209.33066415786743,14
-8758.0,-6270.0,-10678.0,6881,209.7300319671631,14
-8035.0,-6297.0,-11074.0,6893,210.0178439617157,14
-9514.0,-6853.0,-10144.0,7085,212.8064329624176,14
-8830.0,-5781.0,-10753.0,7093,213.14404797554016,14
-8693.0,-6000.0,-10759.0,7100,213.38287997245789,14
-8633.0,-5971.0,-10848.0,7143,214.21407008171082,14
-6819.0,-5421.0,-11724.0,7154,214.44998502731323,14
-10424.0,-8842.0,-7148.0,7529,219.0762801170349,14
-9408.0,-9561.0,-7188.0,7529,219.0763430595398,14
-10339.0,-9083.0,-6757.0,7531,219.1549620628357,14
-8431.0,-9809.0,-6326.0,7616,219.99070405960083,14
-9524.0,-9157.0,-7726.0,7748,221.20229601860046,14
-10113.0,-9225.0,-6886.0,7757,221.3949840068817,14
-9882.0,-9340.0,-5939.0,7759,221.54550218582153,14
-9810.0,-9422.0,-5830.0,7765,221.60734701156616,14
-10052.0,-8215.0,-8788.0,8174,224.34493112564087,15
-9819.0,-7878.0,-9293.0,8178,224.39926600456238,15
-9584.0,-8649.0,-8603.0,8223,224.9139211177826,15
-10591.0,-7506.0,-8735.0,8267,225.50157618522644,15
-10008.0,-8245.0,-8691.0,8287,225.9606330394745,15
-10444.0,-7908.0,-8821.0,8549,229.42236709594727,15
-8499.0,-9780.0,-6271.0,8891,234.58448696136475,15
-10266.0,-9040.0,-6896.0,8963,236.64146518707275,15
-10589.0,-8794.0,-7095.0,8978,236.8823380470276,15
-11334.0,-7395.0,-7174.0,9085,238.30795216560364,15
-11404.0,-7869.0,-5912.0,9087,238.3397901058197,15
-10536.0,-6889.0,-9152.0,9177,239.3714210987091,15
-11780.0,-7058.0,-6671.0,9240,239.9273030757904,15
-8542.0,-8802.0,-9379.0,9310,240.46060705184937,15
-9318.0,-8447.0,-9192.0,9493,242.40896105766296,15
-8542.0,-8413.0,-9687.0,9497,242.47033405303955,15
-7744.0,-9332.0,-8848.0,9601,243.2456271648407,15
-7069.0,-9652.0,-8654.0,9684,244.24380612373352,15
-6699.0,-9694.0,-8077.0,9697,244.3145031929016,15
-8958.0,-7896.0,-9871.0,9727,244.61708998680115,15
-8864.0,-8467.0,-9573.0,10012,246.71987915039062,15
-9470.0,-8156.0,-9287.0,10041,247.18748116493225,15
-6753.0,-6800.0,-11334.0,10175,248.745845079422,15
-8141.0,-8508.0,-9788.0,10187,249.0238070487976,15
-9698.0,-8355.0,-9018.0,10298,250.19294214248657,15
-7525.0,-8209.0,-10318.0,10430,251.85671615600586,15
-8279.0,-8381.0,-9948.0,10431,251.8910801410675,15
-7097.0,-9209.0,-9467.0,10434,251.97771906852722,15
-9252.0,-7807.0,-9683.0,10615,254.40839004516602,15
-9412.0,-7708.0,-9858.0,10673,255.04258704185486,15
-8699.0,-6258.0,-10751.0,10830,256.4196140766144,15
-7994.0,-6633.0,-10933.0,10835,256.4782531261444,15
-6923.0,-6679.0,-11397.0,10919,257.23098611831665,15
-8138.0,-6382.0,-10937.0,10919,257.23102617263794,15
-7411.0,-6420.0,-11345.0,10921,257.26166915893555,15
-6729.0,-7467.0,-10879.0,10995,257.93044209480286,15
-7430.0,-7038.0,-10992.0,10997,257.9662821292877,15
-7024.0,-7387.0,-10910.0,11015,258.26249599456787,15
-8016.0,-7722.0,-10490.0,11165,259.398236989975,15
-9000.0,-6126.0,-10544.0,11184,259.5142819881439,15
-9723.0,-6099.0,-10148.0,11187,259.5881621837616,15
-9058.0,-5664.0,-10621.0,11206,259.91187596321106,15
-10702.0,-6474.0,-9157.0,11207,259.9420349597931,15
-9190.0,-5916.0,-10437.0,11369,261.4273211956024,15
-11463.0,-5683.0,-7908.0,11727,263.383061170578,15
-9995.0,-8714.0,-8096.0,11739,263.51796197891235,15
-9787.0,-9313.0,-6668.0,11777,264.1332700252533,15
-10393.0,-9002.0,-6382.0,11779,264.18722319602966,15
-6902.0,-9868.0,-7858.0,11829,264.5422360897064,15
-7019.0,-9938.0,-7359.0,11829,264.542268037796,15
-10593.0,-8741.0,-7259.0,12032,265.84987711906433,15
-8989.0,-9622.0,-6507.0,12185,267.32223200798035,15
-11065.0,-8650.0,-5363.0,12221,267.56497597694397,15
-10597.0,-7616.0,-8687.0,12645,270.08313512802124,16
-10612.0,-8281.0,-8330.0,12726,270.7741720676422,16
-10824.0,-8463.0,-7362.0,12795,271.50012612342834,16
-9969.0,-9059.0,-7637.0,12893,272.41967701911926,16
-8882.0,-9391.0,-7946.0,12905,272.53165102005005,16
-11555.0,-7087.0,-6910.0,13154,274.65860199928284,16
-11531.0,-6967.0,-7270.0,13178,274.878319978714,16
-11489.0,-7334.0,-6830.0,13195,275.00061202049255,16
-10870.0,-7939.0,-8031.0,13363,276.8181710243225,16
-11121.0,-8444.0,-6621.0,13583,279.6354081630707,16
-10109.0,-9278.0,-6722.0,13643,280.3658971786499,16
-8053.0,-9839.0,-6895.0,13651,280.4407801628113,16
-11328.0,-7285.0,-7222.0,13756,281.3670861721039,16
-10415.0,-7018.0,-9087.0,13866,282.3023841381073,16
-10409.0,-6908.0,-9135.0,13866,282.30238699913025,16
-11756.0,-6826.0,-6728.0,13950,283.1296820640564,16
-11762.0,-6936.0,-6680.0,13950,283.1296901702881,16
-11630.0,-6789.0,-6887.0,13955,283.195130109787,16
-11048.0,-6007.0,-8502.0,14030,283.598690032959,16
-8410.0,-8266.0,-9894.0,14304,285.92097210884094,16
-7467.0,-9304.0,-9032.0,14440,286.92062306404114,16
-7118.0,-10004.0,-7199.0,14545,287.93280601501465,16
-7772.0,-8042.0,-10258.0,14904,290.0387849807739,16
-9008.0,-8216.0,-9577.0,14926,290.3336160182953,16
-9713.0,-8613.0,-8518.0,14967,290.8912091255188,16
-9777.0,-7901.0,-9294.0,15258,293.86784315109253,16
-9321.0,-8617.0,-8864.0,15258,293.8678460121155,16
-9956.0,-8675.0,-8152.0,15275,294.16296100616455,16
-9350.0,-8986.0,-8438.0,15277,294.2084290981293,16
-8575.0,-8899.0,-9080.0,15409,295.22697496414185,16
-8792.0,-7820.0,-10117.0,15514,296.11952209472656,16
-8567.0,-6322.0,-10798.0,15653,298.0598831176758,16
-9241.0,-6784.0,-10433.0,15802,299.6878590583801,16
-9645.0,-7365.0,-9809.0,15822,299.94366908073425,16
-8956.0,-8424.0,-9428.0,15829,300.0578191280365,16
-9018.0,-7489.0,-10153.0,15829,300.05790305137634,16
-10395.0,-6949.0,-9132.0,15916,302.06091713905334,16
-10853.0,-6148.0,-8857.0,16035,303.1960461139679,16
-6916.0,-6330.0,-11609.0,16137,304.45116996765137,16
-7838.0,-6487.0,-11169.0,16137,304.4513051509857,16
-6966.0,-7135.0,-11101.0,16347,306.1002559661865,16
-8194.0,-6005.0,-11084.0,16535,307.67580103874207,16
-9596.0,-6118.0,-10131.0,16538,307.7398180961609,16
-9553.0,-5754.0,-10357.0,16577,308.18518900871277,16
-8356.0,-6028.0,-10992.0,16628,308.5133101940155,16
-10418.0,-6404.0,-9365.0,16826,309.946720123291,16
-9333.0,-5807.0,-10383.0,16908,310.3332130908966,16
-11229.0,-7710.0,-6912.0,17796,315.492635011673,16
-8958.0,-9697.0,-6067.0,17865,316.04253816604614,16
-8902.0,-9724.0,-5991.0,17865,316.0425431728363,16
-11463.0,-8011.0,-5739.0,17904,316.38458609580994,16
-12044.0,-6138.0,-5852.0,18163,317.5252239704132,16
-9945.0,-8429.0,-8753.0,18188,317.61097407341003,17
-10213.0,-8531.0,-8070.0,18192,317.6373291015625,17
-9741.0,-8976.0,-7990.0,18307,318.6008930206299,17
-10335.0,-8603.0,-7814.0,18486,319.8121771812439,17
-10917.0,-7728.0,-8474.0,18514,319.992555141449,17
-10110.0,-8646.0,-8162.0,18631,320.7811121940613,17
-10420.0,-7676.0,-8878.0,18853,322.4421560764313,17
-11357.0,-7040.0,-7571.0,19045,323.77373600006104,17
-10258.0,-8221.0,-8550.0,19446,327.2394001483917,17
-10015.0,-8535.0,-8306.0,19447,327.26915311813354,17
-10746.0,-8556.0,-7269.0,19495,327.66948103904724,17
-10585.0,-7363.0,-8878.0,19879,331.001935005188,17
-11702.0,-6571.0,-6734.0,20118,332.5213451385498,17
-9634.0,-8634.0,-8568.0,20133,332.6024100780487,17
-9287.0,-8894.0,-8778.0,20134,332.6088969707489,17
-9109.0,-8396.0,-9247.0,20137,332.6380190849304,17
-9241.0,-8543.0,-9040.0,20137,332.6380281448364,17
-8588.0,-9283.0,-8565.0,20389,334.2206211090088,17
-9170.0,-8342.0,-9395.0,20436,334.4710741043091,17
-9151.0,-8350.0,-9477.0,20480,334.63756704330444,17
-9186.0,-8300.0,-9399.0,20504,334.835412979126,17
-6945.0,-9961.0,-7622.0,20809,337.72609210014343,17
-9956.0,-8299.0,-8762.0,21151,339.8859031200409,17
-9609.0,-8559.0,-8972.0,21152,339.8943021297455,17
-9431.0,-8061.0,-9441.0,21155,339.92744398117065,17
-9563.0,-8208.0,-9234.0,21155,339.9274661540985,17
-8971.0,-8253.0,-9608.0,21162,339.9969081878662,17
-8694.0,-8122.0,-9782.0,21220,340.5150661468506,17
-8557.0,-8341.0,-9788.0,21413,342.1606891155243,17
-6885.0,-6947.0,-11127.0,21432,342.4010570049286,17
-7940.0,-7476.0,-10576.0,21851,346.10724997520447,17
-8147.0,-8234.0,-10155.0,21892,346.53347396850586,17
-9492.0,-8007.0,-9589.0,21958,346.99671816825867,17
-9690.0,-7668.0,-9698.0,21960,347.013787984848,17
-9428.0,-7596.0,-9786.0,21960,347.0138039588928,17
-9101.0,-8091.0,-9596.0,22049,347.68432998657227,17
-10460.0,-6999.0,-9069.0,22133,348.438570022583,17
-9963.0,-7745.0,-9321.0,22229,349.261559009552,17
-9078.0,-7771.0,-9941.0,22359,350.06704902648926,17
-9801.0,-7744.0,-9545.0,22387,350.33443117141724,17
-7218.0,-6599.0,-11428.0,22843,354.0472581386566,17
-7336.0,-6951.0,-11010.0,22963,355.27811002731323,17
-7612.0,-6818.0,-11133.0,23136,357.0248210430145,17
-9557.0,-5809.0,-10198.0,23400,359.6034879684448,17
-8057.0,-6224.0,-11090.0,23513,360.56055307388306,17
-10424.0,-6514.0,-9317.0,23747,362.4949769973755,17
-10254.0,-6169.0,-9526.0,23915,363.5804121494293,17
-9979.0,-8756.0,-8092.0,24166,365.68560218811035,17
-11235.0,-7820.0,-6864.0,24770,370.8363320827484,17
-10107.0,-9403.0,-5089.0,24837,371.6905221939087,17
-10428.0,-9036.0,-5209.0,24841,371.75829815864563,17
-10374.0,-9117.0,-5584.0,24845,371.83600211143494,17
-8785.0,-9654.0,-6490.0,24847,371.86991596221924,17
-8933.0,-9649.0,-6431.0,24850,371.9069871902466,17
-11861.0,-6441.0,-6164.0,25113,373.72058510780334,17
-10222.0,-8439.0,-8380.0,25146,373.8455469608307,18
-9200.0,-8337.0,-9354.0,25222,374.2847800254822,18
-9581.0,-9002.0,-8159.0,25274,374.5645639896393,18
-9858.0,-9012.0,-7786.0,25278,374.57975816726685,18
-8433.0,-9684.0,-7959.0,25299,374.7443141937256,18
-10699.0,-8223.0,-8264.0,25349,375.0946340560913,18
-10248.0,-8854.0,-7736.0,25484,375.7419831752777,18
-10590.0,-8162.0,-8535.0,25491,375.7897410392761,18
-10458.0,-8015.0,-8742.0,25491,375.78974509239197,18
-10249.0,-8801.0,-7753.0,25562,376.157368183136,18
-10846.0,-8582.0,-7157.0,25564,376.16952109336853,18
-10771.0,-7474.0,-8760.0,25862,377.8934290409088,18
-10295.0,-8277.0,-8422.0,26376,380.9518949985504,18
-10461.0,-8836.0,-7282.0,26745,383.9892590045929,18
-11648.0,-6652.0,-7109.0,27318,388.1700689792633,18
-11690.0,-6432.0,-7015.0,27324,388.20994806289673,18
-11624.0,-6679.0,-6935.0,27326,388.23066806793213,18
-9893.0,-8583.0,-8492.0,27548,389.4842290878296,18
-9954.0,-8746.0,-8355.0,27646,390.1150469779968,18
-6912.0,-9325.0,-9267.0,27956,391.83456897735596,18
-9028.0,-9321.0,-8244.0,28055,392.6165430545807,18
-8831.0,-9345.0,-8199.0,28281,394.4421260356903,18
-9886.0,-8569.0,-8599.0,28426,395.2409830093384,18
-8365.0,-8443.0,-9695.0,28444,395.36342000961304,18
-9059.0,-8047.0,-9725.0,28448,395.3952281475067,18
-8920.0,-8422.0,-9460.0,28480,395.57468605041504,18
-10276.0,-8411.0,-8549.0,28632,396.6496651172638,18
-10374.0,-8289.0,-8274.0,28650,396.7657120227814,18
-8382.0,-8393.0,-9758.0,28745,397.25075006484985,18
-6691.0,-7735.0,-10609.0,28777,397.55744218826294,18
-8441.0,-8382.0,-9724.0,28790,397.82053208351135,18
-8922.0,-8266.0,-9731.0,28830,398.31698203086853,18
-8725.0,-8290.0,-9686.0,28912,398.7459349632263,18
-5885.0,-8292.0,-10222.0,29309,403.00203108787537,18
-9385.0,-8221.0,-9554.0,29366,403.4167170524597,18
-9991.0,-7910.0,-9268.0,29368,403.44251704216003,18
-8891.0,-7664.0,-10194.0,29386,403.58802604675293,18
-7848.0,-5929.0,-11246.0,29464,404.3900589942932,18
-9894.0,-5929.0,-10005.0,29577,405.4436411857605,18
-9473.0,-8015.0,-9671.0,29580,405.4952440261841,18
-9036.0,-7995.0,-9729.0,29581,405.53158617019653,18
-10610.0,-6086.0,-9223.0,29626,406.246621131897,18
-9669.0,-7597.0,-9752.0,29910,408.3420441150665,18
-9383.0,-7293.0,-9897.0,29943,408.74054312705994,18
-9110.0,-7216.0,-10274.0,30050,409.6107621192932,18
-7933.0,-6521.0,-10989.0,30289,411.073007106781,18
-7194.0,-6367.0,-11485.0,30447,411.8390100002289,18
-6899.0,-6447.0,-11454.0,30554,412.4730520248413,18
-6443.0,-7163.0,-11024.0,30565,412.63258504867554,18
-6958.0,-5477.0,-11623.0,30609,412.99739718437195,18
-6577.0,-5946.0,-11636.0,30663,413.38543605804443,18
-7881.0,-6493.0,-11043.0,30688,413.4825301170349,18
-7992.0,-7490.0,-10547.0,31001,415.4510180950165,18
-9409.0,-6005.0,-10353.0,31107,416.5470781326294,18
-10464.0,-5832.0,-9509.0,31156,416.8523371219635,18
-11009.0,-6671.0,-8381.0,31954,420.69875407218933,18
-9872.0,-8970.0,-8057.0,32030,421.237998008728,18
-10478.0,-8659.0,-7771.0,32032,421.2498950958252,18
-8921.0,-9664.0,-6381.0,32767,425.33877515792847,18
-9662.0,-8610.0,-8527.0,32918,426.17882204055786,18
-11795.0,-6047.0,-6451.0,33044,426.809974193573,18
-9961.0,-8387.0,-8757.0,33085,426.9323990345001,19
-10093.0,-8534.0,-8550.0,33085,426.9324049949646,19
-9079.0,-9367.0,-7991.0,33237,427.7656559944153,19
-10096.0,-7610.0,-9309.0,33275,428.0800211429596,19
-10655.0,-7656.0,-8562.0,33434,428.8324520587921,19
-10461.0,-7200.0,-9027.0,33444,428.87728214263916,19
-10802.0,-8623.0,-7057.0,33476,429.1002240180969,19
-10303.0,-8321.0,-8296.0,33827,431.1447250843048,19
-10761.0,-8491.0,-7306.0,33914,431.53744316101074,19
-11381.0,-6470.0,-7835.0,34006,432.2054440975189,19
-10892.0,-8058.0,-7826.0,34306,433.664831161499,19
-10446.0,-7458.0,-8978.0,34318,433.72112703323364,19
-10953.0,-8221.0,-7689.0,34932,437.9463641643524,19
-11696.0,-6542.0,-6967.0,35395,440.9047520160675,19
-8139.0,-9576.0,-8578.0,35505,441.31767106056213,19
-8598.0,-8757.0,-9266.0,35564,441.6745240688324,19
-9063.0,-8556.0,-9360.0,35842,443.1709530353546,19
-9340.0,-8566.0,-8987.0,35888,443.4494140148163,19
-9415.0,-8103.0,-9437.0,36510,448.37208318710327,19
-9587.0,-8440.0,-9177.0,36511,448.37769198417664,19
-9455.0,-8293.0,-9384.0,36511,448.3776960372925,19
-9141.0,-8477.0,-9200.0,36526,448.5419270992279,19
-9590.0,-7794.0,-9547.0,36576,448.8810660839081,19
-10215.0,-8248.0,-8686.0,36632,449.29862999916077,19
-10252.0,-8179.0,-8606.0,36734,450.1838390827179,19
-9139.0,-7919.0,-9758.0,36762,450.412278175354,19
-9004.0,-8696.0,-9206.0,36766,450.44845700263977,19
-8947.0,-7909.0,-9764.0,37117,453.47540497779846,19
-8282.0,-7735.0,-10318.0,37332,455.2981390953064,19
-8776.0,-8292.0,-9678.0,37418,456.03199005126953,19
-7667.0,-8718.0,-9782.0,37502,456.82536602020264,19
-9191.0,-7765.0,-10019.0,37566,457.2433559894562,19
-9082.0,-7583.0,-10091.0,37742,458.58006405830383,19
-10055.0,-7593.0,-9641.0,37822,458.99268412590027,19
-9662.0,-8231.0,-9181.0,38016,460.8718361854553,19
-9508.0,-7965.0,-9593.0,38019,460.91164207458496,19
-9640.0,-8112.0,-9386.0,38019,460.9116930961609,19
-8622.0,-7243.0,-10494.0,38204,462.1851201057434,19
-10298.0,-7655.0,-9275.0,38236,462.3694980144501,19
-8485.0,-7462.0,-10500.0,38712,465.66022300720215,19
-7704.0,-7704.0,-10557.0,38873,466.56631898880005,19
-7543.0,-6567.0,-11138.0,39023,467.7695941925049,19
-7918.0,-6779.0,-10940.0,39277,469.63430619239807,19
-7723.0,-6733.0,-10974.0,39313,469.83247804641724,19
-7000.0,-7155.0,-10967.0,39321,469.9131369590759,19
-10130.0,-8157.0,-8835.0,39430,470.61462903022766,19
-9712.0,-7363.0,-9882.0,39508,471.0837330818176,19
-9096.0,-5862.0,-10619.0,39539,471.51793217658997,19
-9450.0,-7291.0,-9970.0,39568,471.76435017585754,19
-7147.0,-5150.0,-11598.0,40217,475.6802179813385,19
-10137.0,-5764.0,-9782.0,40429,476.755047082901,19
-7841.0,-9333.0,-8821.0,40694,478.5185081958771,19
-8992.0,-9648.0,-6293.0,40823,479.06211519241333,19
-9675.0,-8994.0,-8012.0,41050,479.89006900787354,19
-9952.0,-9004.0,-7639.0,41062,480.0970549583435,19
-9424.0,-8675.0,-8772.0,41736,483.0853531360626,20
-9870.0,-7709.0,-9441.0,41738,483.09566712379456,20
-8547.0,-8047.0,-9888.0,41778,483.2361521720886,20
-10726.0,-8585.0,-7637.0,42040,484.56833815574646,20
-10509.0,-7402.0,-8848.0,42324,486.0074369907379,20
-10312.0,-7761.0,-9028.0,42329,486.0253121852875,20
-11393.0,-6451.0,-7756.0,42574,486.97688817977905,20
-11351.0,-6930.0,-7619.0,42580,487.0164701938629,20
-10664.0,-7344.0,-8777.0,42890,488.30518102645874,20
-10311.0,-8235.0,-8426.0,42962,488.7571110725403,20
-10338.0,-8597.0,-7799.0,43288,490.65872406959534,20
-10935.0,-8378.0,-7203.0,43340,490.9896819591522,20
-11115.0,-8415.0,-6854.0,43341,491.00374698638916,20
-10833.0,-8224.0,-8169.0,43519,492.00068712234497,20
-10701.0,-8077.0,-8376.0,43519,492.0006899833679,20
-10929.0,-7989.0,-7746.0,43532,492.1214120388031,20
-10515.0,-7633.0,-8715.0,43788,493.43173813819885,20
-10687.0,-7970.0,-8455.0,43789,493.4405369758606,20
-11648.0,-6911.0,-6878.0,44053,494.68609714508057,20
-9093.0,-8438.0,-9243.0,44138,494.9640791416168,20
-9265.0,-8775.0,-8983.0,44139,494.96810698509216,20
-9133.0,-8628.0,-9190.0,44139,494.96811604499817,20
-7595.0,-9838.0,-7377.0,44436,496.3509521484375,20
-8957.0,-7894.0,-9942.0,44476,496.49513006210327,20
-9733.0,-7928.0,-9447.0,44480,496.51850414276123,20
-6405.0,-9683.0,-8366.0,44633,497.2983100414276,20
-10114.0,-8526.0,-8331.0,44737,498.084645986557,20
-7053.0,-9962.0,-7245.0,44825,498.7165231704712,20
-9107.0,-8924.0,-8804.0,45111,499.98237705230713,20
-8670.0,-8011.0,-10038.0,45116,500.00616216659546,20
-10193.0,-8129.0,-8891.0,45231,500.54916405677795,20
-9390.0,-8464.0,-9132.0,45297,500.9225239753723,20
-8898.0,-8034.0,-9788.0,45608,502.9919309616089,20
-10436.0,-8191.0,-8525.0,45803,503.7897741794586,20
-10304.0,-8044.0,-8732.0,45803,503.7897779941559,20
-10325.0,-8017.0,-8648.0,45902,504.45894408226013,20
-9077.0,-8534.0,-9248.0,45964,504.65414118766785,20
-9055.0,-8415.0,-9453.0,45965,504.6582820415497,20
-9021.0,-7420.0,-10228.0,46212,505.9975550174713,20
-9234.0,-7140.0,-10251.0,46214,506.00998401641846,20
-9858.0,-7617.0,-9596.0,46404,506.7271981239319,20
-9017.0,-7487.0,-10224.0,46512,507.2381660938263,20
-9735.0,-8069.0,-9223.0,46884,509.18787598609924,20
-8598.0,-7011.0,-10551.0,46952,509.5317120552063,20
-9522.0,-7621.0,-9770.0,47050,509.9542181491852,20
-7656.0,-6707.0,-11028.0,47397,511.3814079761505,20
-6704.0,-7063.0,-11189.0,47563,512.264237165451,20
-8747.0,-7534.0,-10412.0,47954,514.632884979248,20
-8579.0,-8036.0,-9972.0,48202,516.0623781681061,20
-9454.0,-6424.0,-10238.0,48275,516.3847270011902,20
-8936.0,-7329.0,-10377.0,48570,518.1837451457977,20
-7708.0,-6721.0,-10999.0,48629,518.4954559803009,20
-9458.0,-7514.0,-9786.0,48799,519.2922580242157,20
-10439.0,-6256.0,-9366.0,49185,520.7021939754486,20
-10433.0,-6146.0,-9414.0,49185,520.7021980285645,20
-10149.0,-8980.0,-7684.0,49324,521.4571831226349,20
-10127.0,-8861.0,-7889.0,49325,521.4640891551971,20
-10490.0,-8920.0,-7043.0,49408,521.8891689777374,20
-9154.0,-9537.0,-7341.0,49604,522.6281590461731,20
-9118.0,-9640.0,-6426.0,49685,523.205934047699,20
-9940.0,-9374.0,-5625.0,49873,524.2894949913025,20
-8841.0,-9627.0,-6566.0,50141,525.8070771694183,20
-11400.0,-7917.0,-6130.0,50278,526.3831071853638,20
-9767.0,-7931.0,-9222.0,50402,526.9053730964661,21
-9480.0,-8630.0,-8659.0,50416,526.9799649715424,21
-9363.0,-8594.0,-8863.0,50417,526.9839720726013,21
-9006.0,-7881.0,-9819.0,50476,527.1838221549988,21
-10621.0,-7848.0,-8630.0,50571,527.5394630432129,21
-10971.0,-7647.0,-8099.0,50730,528.3521971702576,21
-10449.0,-8575.0,-8010.0,50859,528.9317781925201,21
-10317.0,-8428.0,-8217.0,50859,528.9317820072174,21
-10120.0,-8896.0,-7923.0,50892,529.1011400222778,21
-10311.0,-8039.0,-8760.0,50964,529.5759861469269,21
-9896.0,-8558.0,-8505.0,50985,529.6462841033936,21
-10641.0,-8494.0,-7786.0,51147,530.1914870738983,21
-11399.0,-6561.0,-7708.0,51241,530.8096280097961,21
-11327.0,-6698.0,-7676.0,51298,530.9781219959259,21
-10772.0,-8061.0,-8306.0,51522,531.6770620346069,21
-11116.0,-8201.0,-7043.0,51638,532.3347780704498,21
-10919.0,-8420.0,-7199.0,51862,533.3319201469421,21
-10897.0,-8301.0,-7404.0,51882,533.5780980587006,21
-10537.0,-8874.0,-6702.0,51932,533.7619330883026,21
-11143.0,-8563.0,-6416.0,51984,534.070787191391,21
-10909.0,-8262.0,-7589.0,52160,534.8647270202637,21
-11738.0,-7178.0,-6039.0,52332,535.8149240016937,21
-10361.0,-7367.0,-9127.0,52426,536.1873359680176,21
-10558.0,-7008.0,-8947.0,52454,536.2967221736908,21
-9394.0,-8680.0,-8813.0,52754,537.587620973587,21
-8118.0,-9241.0,-8893.0,52830,537.9218900203705,21
-9871.0,-8464.0,-8697.0,52913,538.3483321666718,21
-7539.0,-9865.0,-7301.0,53050,538.876186132431,21
-8869.0,-8100.0,-9825.0,53068,538.9236731529236,21
-9536.0,-7952.0,-9402.0,53144,539.2395830154419,21
-9376.0,-8690.0,-8824.0,53363,540.2544040679932,21
-9508.0,-8837.0,-8617.0,53363,540.2544071674347,21
-8292.0,-9451.0,-8435.0,53438,540.5580711364746,21
-9272.0,-7767.0,-9748.0,53721,541.8511941432953,21
-8814.0,-7760.0,-10042.0,53752,541.9720900058746,21
-9689.0,-8593.0,-8554.0,53844,542.5162410736084,21
-9412.0,-8583.0,-8927.0,53852,542.545184135437,21
-9258.0,-8317.0,-9339.0,53855,542.5546250343323,21
-8834.0,-8472.0,-9614.0,53898,542.7433390617371,21
-6239.0,-7264.0,-11095.0,54056,543.4993591308594,21
-8228.0,-8662.0,-9701.0,54078,543.6439151763916,21
-7635.0,-8261.0,-10264.0,54094,543.7023150920868,21
-6073.0,-8336.0,-10156.0,54155,544.243331193924,21
-9805.0,-8141.0,-9053.0,54370,545.0404210090637,21
-10107.0,-8512.0,-8438.0,54394,545.1841521263123,21
-9797.0,-7454.0,-9733.0,54752,547.0840439796448,21
-9580.0,-7801.0,-9706.0,55060,548.4804451465607,21
-8884.0,-7315.0,-10406.0,55412,550.4231150150299,21
-8940.0,-7270.0,-10293.0,55418,550.4719130992889,21
-8377.0,-6956.0,-10811.0,55548,551.2440659999847,21
-8705.0,-6368.0,-10703.0,55877,552.9847371578217,21
-7350.0,-6746.0,-11221.0,56095,553.7606151103973,21
-7821.0,-6604.0,-11014.0,56217,554.3375639915466,21
-7946.0,-6501.0,-11028.0,56320,554.7196621894836,21
-7924.0,-6382.0,-11233.0,56321,554.7253279685974,21
-7461.0,-7225.0,-10837.0,56556,555.8123440742493,21
-7741.0,-6723.0,-10963.0,56576,555.9145531654358,21
-7156.0,-7534.0,-10703.0,56663,556.3283841609955,21
-9206.0,-5468.0,-10466.0,57014,558.1288411617279,21
-9382.0,-6137.0,-10271.0,57046,558.2622671127319,21
-8650.0,-7025.0,-10522.0,57156,558.62415599823,21
-8947.0,-6065.0,-10643.0,57169,558.6597700119019,21
-8674.0,-7257.0,-10465.0,57178,558.6912000179291,21
-9329.0,-6552.0,-10278.0,57510,559.9263551235199,21
-10544.0,-6061.0,-9255.0,57724,560.6060140132904,21
-10550.0,-6171.0,-9207.0,57724,560.6060240268707,21
-11220.0,-5621.0,-8274.0,57822,561.2212719917297,21
-10370.0,-8923.0,-7523.0,57937,561.7550611495972,21
-9733.0,-9394.0,-7043.0,57943,561.7925581932068,21
-8860.0,-9429.0,-7960.0,58016,562.108903169632,21
-7139.0,-10135.0,-6845.0,58154,562.7397980690002,21
-7196.0,-9976.0,-7239.0,58155,562.7509970664978,21
-7313.0,-10046.0,-6740.0,58155,562.7510170936584,21
-9402.0,-8556.0,-8977.0,58955,565.9577641487122,22
-10250.0,-7876.0,-8897.0,59042,566.2824339866638,22
-10836.0,-8424.0,-7547.0,59274,567.2534980773926,22
-8904.0,-9510.0,-7741.0,59386,567.7015810012817,22
-11307.0,-6712.0,-7750.0,59600,568.5982990264893,22
-10748.0,-7829.0,-8363.0,59974,570.0114481449127,22
-10034.0,-8225.0,-8799.0,60200,571.0609920024872,22
-8920.0,-9617.0,-7245.0,60460,572.3095271587372,22
-10507.0,-7621.0,-8841.0,60568,572.682510137558,22
-8653.0,-9112.0,-8817.0,61136,575.0866391658783,22
-7344.0,-9148.0,-9329.0,61164,575.364156961441,22
-8326.0,-9399.0,-8428.0,61294,575.7733161449432,22
-7402.0,-9780.0,-7684.0,61326,575.8937621116638,22
-8626.0,-9509.0,-7864.0,61922,578.4831509590149,22
-9716.0,-8345.0,-9007.0,61998,578.7283520698547,22
-8975.0,-8777.0,-9011.0,62012,578.7994141578674,22
-8440.0,-8906.0,-9087.0,62060,578.995866060257,22
-8358.0,-8476.0,-9612.0,62064,579.0083751678467,22
-9134.0,-8510.0,-9117.0,62070,579.0221719741821,22
-9458.0,-8722.0,-8686.0,62112,579.1628639698029,22
-8664.0,-8127.0,-9823.0,62200,579.640321969986,22
-8533.0,-8230.0,-10044.0,62262,579.8497421741486,22
-7147.0,-7019.0,-11039.0,62322,580.1260681152344,22
-6339.0,-8152.0,-10385.0,62329,580.1676549911499,22
-6077.0,-8080.0,-10473.0,62357,580.3574650287628,22
-6186.0,-8741.0,-9818.0,62415,580.6547350883484,22
-5759.0,-7748.0,-10722.0,62483,581.1751689910889,22
-8929.0,-7693.0,-10107.0,63058,583.5712900161743,22
-7982.0,-6617.0,-10951.0,63159,584.0890820026398,22
-8479.0,-6528.0,-10681.0,63210,584.254625082016,22
-11008.0,-7023.0,-8226.0,63404,585.0441451072693,22
-8867.0,-7432.0,-10251.0,63586,585.9865350723267,22
-9769.0,-7289.0,-9786.0,63604,586.0522060394287,22
-8983.0,-6645.0,-10525.0,63906,587.1492140293121,22
-9044.0,-6172.0,-10476.0,64198,588.079833984375,22
-7178.0,-6409.0,-11481.0,64282,588.4701859951019,22
-7845.0,-6836.0,-10957.0,64449,589.0252730846405,22
-7757.0,-6681.0,-10967.0,64778,590.3225371837616,22
-6454.0,-7878.0,-10595.0,64870,590.6997950077057,22
-8331.0,-5878.0,-11074.0,65022,591.3034451007843,22
-10111.0,-6722.0,-9520.0,65048,591.3882231712341,22
-9280.0,-6946.0,-10179.0,65154,591.7720279693604,22
-10154.0,-6097.0,-9752.0,65182,591.9178380966187,22
-7787.0,-6267.0,-11275.0,65275,592.4452149868011,22
-7882.0,-6533.0,-10980.0,65386,592.7912330627441,22
-9587.0,-6691.0,-10186.0,65558,593.3015730381012,22
-10923.0,-6932.0,-8375.0,65798,594.1533360481262,22
-9490.0,-9332.0,-7409.0,65982,595.0003299713135,22
-7496.0,-9772.0,-7537.0,66772,598.0299470424652,22
-10292.0,-8169.0,-8543.0,66892,598.3840780258179,23
-9679.0,-8566.0,-8604.0,66988,598.8124461174011,23
-8660.0,-9443.0,-7999.0,67004,598.8612041473389,23
-10529.0,-7999.0,-8672.0,67032,598.9594371318817,23
-10373.0,-7620.0,-8936.0,67048,599.0274369716644,23
-10580.0,-8331.0,-7923.0,67394,600.3793501853943,23
-10466.0,-8027.0,-8616.0,67420,600.4449210166931,23
-9974.0,-8642.0,-8209.0,67464,600.5695049762726,23
-10493.0,-8389.0,-7989.0,67496,600.6753120422363,23
-11191.0,-6743.0,-8152.0,67528,600.7776870727539,23
-11473.0,-7376.0,-6826.0,67532,600.7932021617889,23
-10285.0,-8583.0,-7923.0,68116,603.073557138443,23
-10891.0,-8272.0,-7637.0,68138,603.1524121761322,23
-10417.0,-8877.0,-7182.0,68202,603.3535079956055,23
-10065.0,-9319.0,-6622.0,68362,604.1572411060333,23
-11562.0,-7172.0,-6872.0,68856,605.9614481925964,23
-8348.0,-8346.0,-9844.0,69026,606.6424651145935,23
-9413.0,-9067.0,-8119.0,69124,607.012109041214,23
-7792.0,-9814.0,-7422.0,69182,607.2786011695862,23
-7736.0,-9841.0,-7346.0,69184,607.2836439609528,23
-8610.0,-9402.0,-8360.0,69214,607.4543690681458,23
-9474.0,-9230.0,-7982.0,69226,607.5128231048584,23
-7205.0,-9804.0,-7639.0,69256,607.8140790462494,23
-8583.0,-9040.0,-8987.0,69294,608.0220999717712,23
-6348.0,-9842.0,-7972.0,69404,608.5618591308594,23
-6397.0,-9732.0,-8179.0,69440,608.7760920524597,23
-7418.0,-9887.0,-7188.0,69586,609.6255300045013,23
-7221.0,-9911.0,-7143.0,69750,610.2593381404877,23
-8868.0,-8475.0,-9389.0,69806,610.4162321090698,23
-8214.0,-8727.0,-9608.0,69814,610.4474201202393,23
-8271.0,-8158.0,-10132.0,70024,611.3705720901489,23
-8320.0,-9008.0,-9248.0,70596,614.3258700370789,23
-8716.0,-7973.0,-10084.0,70788,615.4826881885529,23
-9215.0,-7876.0,-9763.0,70790,615.5026361942291,23
-7673.0,-6407.0,-11221.0,70860,615.7775571346283,23
-8626.0,-8299.0,-9661.0,70958,616.183895111084,23
-9279.0,-7559.0,-10136.0,71008,616.4536440372467,23
-8450.0,-6804.0,-10664.0,71261,617.8847761154175,23
-8732.0,-7931.0,-10088.0,71273,617.917927980423,23
-8864.0,-8078.0,-9881.0,71273,617.9179320335388,23
-9750.0,-8025.0,-9298.0,71292,618.0828039646149,23
-9556.0,-7569.0,-9763.0,71304,618.135251045227,23
-8824.0,-8277.0,-9635.0,71472,618.9974081516266,23
-8393.0,-6578.0,-10835.0,71734,620.0145370960236,23
-7860.0,-6606.0,-10964.0,71826,620.3731281757355,23
-8438.0,-6483.0,-10762.0,71936,620.8038330078125,23
-7847.0,-6657.0,-10951.0,71950,620.8543000221252,23
-5907.0,-6031.0,-11661.0,72145,621.5924661159515,23
-6553.0,-5714.0,-11693.0,72145,621.5924701690674,23
-7845.0,-6502.0,-10993.0,72957,625.1739871501923,23
-11517.0,-5602.0,-7533.0,73292,626.3942520618439,23
-9998.0,-9143.0,-7398.0,73424,626.7706370353699,23
-9285.0,-9152.0,-8062.0,73428,626.7967221736908,23
-9392.0,-9454.0,-7684.0,73430,626.8111400604248,23
-8718.0,-9644.0,-7461.0,73467,626.9906511306763,23
-9689.0,-9435.0,-6943.0,73488,627.0830039978027,23
-7326.0,-9740.0,-7733.0,73542,627.4425270557404,23
-6436.0,-9735.0,-8100.0,73618,627.6275651454926,23
-9289.0,-9629.0,-5552.0,73699,627.8733830451965,23
-9195.0,-9478.0,-7639.0,73786,628.1305539608002,23
-9766.0,-9463.0,-5730.0,73858,628.4241981506348,23
-11568.0,-7415.0,-6570.0,74170,629.8101501464844,23
-9611.0,-9011.0,-7976.0,74566,631.2493250370026,24
-10780.0,-8504.0,-7262.0,74576,631.2897350788116,24
-9768.0,-9338.0,-7363.0,74594,631.4830901622772,24
-7436.0,-9932.0,-6959.0,75384,634.4183900356293,24
-11023.0,-8566.0,-6896.0,75578,635.0983400344849,24
-10181.0,-9196.0,-6831.0,75581,635.1176981925964,24
-10545.0,-8835.0,-6995.0,75622,635.3049411773682,24
-11214.0,-7709.0,-7733.0,75786,635.9360489845276,24
-11652.0,-7439.0,-6033.0,75840,636.1253299713135,24
-11068.0,-7455.0,-8019.0,75998,636.6626930236816,24
-10323.0,-7169.0,-9129.0,76000,636.6737761497498,24
-11457.0,-7489.0,-6536.0,76128,637.1887509822845,24
-11314.0,-6797.0,-7712.0,76146,637.2212581634521,24
-7873.0,-8554.0,-9909.0,76294,637.6953480243683,24
-5988.0,-9440.0,-8815.0,76426,638.3096280097961,24
-7459.0,-9828.0,-7486.0,76484,638.4914770126343,24
-8253.0,-9217.0,-8795.0,76611,638.8912689685822,24
-7551.0,-9561.0,-8687.0,76615,638.911159992218,24
-7433.0,-9079.0,-9248.0,76876,639.9002451896667,24
-7702.0,-9890.0,-7120.0,76920,640.06463098526,24
-8956.0,-8269.0,-9506.0,76980,640.2495391368866,24
-8195.0,-8219.0,-10103.0,76986,640.2739880084991,24
-8354.0,-8956.0,-9241.0,77132,640.7920031547546,24
-8058.0,-8438.0,-10109.0,77174,641.0620200634003,24
-8101.0,-7813.0,-10341.0,77182,641.1034741401672,24
-6752.0,-6980.0,-11111.0,77207,641.1830921173096,24
-7015.0,-6872.0,-11246.0,77258,641.3897581100464,24
-6183.0,-7291.0,-11019.0,77321,641.7146680355072,24
-8034.0,-8206.0,-10166.0,77360,641.8431689739227,24
-5701.0,-8212.0,-10298.0,77808,643.6286780834198,24
-8735.0,-8481.0,-9589.0,77896,644.1070849895477,24
-9885.0,-7248.0,-9850.0,78130,644.8897271156311,24
-9900.0,-6039.0,-9957.0,78142,644.9369521141052,24
-9793.0,-7521.0,-9729.0,78162,645.1407291889191,24
-10756.0,-6879.0,-8913.0,78202,645.3384761810303,24
-8993.0,-7255.0,-10281.0,78388,646.006245136261,24
-9230.0,-7928.0,-9717.0,78423,646.1322751045227,24
-9823.0,-7863.0,-9340.0,78442,646.18612408638,24
-9629.0,-7407.0,-9805.0,78446,646.3294999599457,24
-8805.0,-7769.0,-10130.0,78510,646.4836180210114,24
-10128.0,-7310.0,-9484.0,78594,646.7509081363678,24
-9672.0,-6782.0,-10037.0,78602,646.7786641120911,24
-7894.0,-6554.0,-10957.0,78750,647.2591090202332,24
-8223.0,-6233.0,-11044.0,78800,647.4397621154785,24
-7617.0,-6544.0,-11330.0,78874,647.9450249671936,24
-7673.0,-6499.0,-11217.0,78994,648.4856359958649,24
-8537.0,-6327.0,-10839.0,79004,648.5272941589355,24
-7536.0,-6626.0,-11227.0,79246,649.3466761112213,24
-7706.0,-7512.0,-10520.0,79305,649.519562959671,24
-6910.0,-7162.0,-11025.0,79377,649.8403470516205,24
-10197.0,-6461.0,-9526.0,79522,650.302080154419,24
-9237.0,-7571.0,-9947.0,79586,650.4927110671997,24
-9542.0,-7018.0,-10091.0,79610,650.6020240783691,24
-8762.0,-5876.0,-10678.0,79612,650.61261510849,24
-8138.0,-6142.0,-11193.0,79746,651.1862270832062,24
-7495.0,-4968.0,-11476.0,79798,651.3455979824066,24
-7981.0,-5539.0,-11271.0,80006,652.1897530555725,24
-10215.0,-6260.0,-9615.0,80136,652.6285381317139,24
-9499.0,-9240.0,-7719.0,80272,653.0305800437927,24
-10775.0,-8640.0,-7030.0,80318,653.2872531414032,24
-10544.0,-8839.0,-6668.0,80338,653.5038731098175,24
-10295.0,-9124.0,-6657.0,80364,653.5926990509033,24
-7790.0,-9880.0,-6918.0,80664,654.4659371376038,24
-10132.0,-9144.0,-7303.0,80726,654.6618921756744,24
-11802.0,-6132.0,-6413.0,81004,655.652428150177,24
-10068.0,-8173.0,-8792.0,81040,655.7859420776367,25
-8774.0,-8935.0,-8807.0,81086,656.046765089035,25
-9101.0,-9486.0,-7786.0,81118,656.1180300712585,25
-10505.0,-7767.0,-8729.0,81162,656.2736990451813,25
-10578.0,-8480.0,-7840.0,81222,656.4433240890503,25
-10132.0,-8765.0,-7957.0,81314,656.7445940971375,25
-7753.0,-9936.0,-6867.0,81418,657.0689430236816,25
-11046.0,-8211.0,-7293.0,81508,657.420825958252,25
-11265.0,-7191.0,-7613.0,81542,657.5151791572571,25
-8253.0,-9765.0,-7668.0,81726,658.0489761829376,25
-9117.0,-9593.0,-7290.0,81860,658.6207649707794,25
-8841.0,-9530.0,-7680.0,81948,658.9154200553894,25
-10667.0,-8276.0,-7886.0,82066,659.3227269649506,25
-10105.0,-9255.0,-6812.0,82111,659.4759111404419,25
-9401.0,-9596.0,-7222.0,82116,659.4935250282288,25
-9575.0,-9507.0,-7117.0,82117,659.5001511573792,25
-10568.0,-8622.0,-7317.0,82140,659.6392211914062,25
-9841.0,-9176.0,-7405.0,82232,660.0607531070709,25
-11138.0,-6925.0,-7942.0,82598,661.3306720256805,25
-10714.0,-8332.0,-7828.0,82622,661.3808901309967,25
-9410.0,-8638.0,-8817.0,82816,661.9546940326691,25
-8530.0,-8852.0,-9191.0,82820,661.9755539894104,25
-7892.0,-9062.0,-9414.0,82832,662.0312151908875,25
-7393.0,-9038.0,-9536.0,82834,662.0456440448761,25
-7929.0,-8509.0,-9796.0,82864,662.1423001289368,25
-7945.0,-8467.0,-9800.0,82869,662.1600461006165,25
-8049.0,-9389.0,-8801.0,82914,662.3408470153809,25
-7550.0,-9365.0,-8923.0,82924,662.3711051940918,25
-8394.0,-8308.0,-9890.0,83000,662.7480959892273,25
-9277.0,-8644.0,-9017.0,83012,662.7930421829224,25
-8293.0,-9398.0,-8452.0,83076,663.0160210132599,25
-8726.0,-8950.0,-8859.0,83200,663.3969461917877,25
-7142.0,-9824.0,-7578.0,83218,663.4651181697845,25
-7222.0,-9861.0,-7393.0,83240,663.5184810161591,25
-9864.0,-8450.0,-8804.0,83390,664.1306841373444,25
-8940.0,-8311.0,-9502.0,83394,664.1566710472107,25
-8077.0,-8946.0,-9614.0,83570,664.7078490257263,25
-7907.0,-8601.0,-9823.0,83578,664.7409570217133,25
-6296.0,-7696.0,-10681.0,83619,664.8804659843445,25
-6559.0,-7588.0,-10816.0,83691,665.176705121994,25
-6045.0,-8052.0,-10577.0,83691,665.176764011383,25
-7578.0,-8922.0,-9736.0,83762,665.5526201725006,25
-8971.0,-7872.0,-9830.0,84082,666.7214961051941,25
-8301.0,-8500.0,-9743.0,84094,666.7748141288757,25
-5963.0,-8284.0,-10210.0,84181,667.1066970825195,25
-8565.0,-8136.0,-9798.0,84254,667.369884967804,25
-9599.0,-8309.0,-9211.0,84500,668.2390990257263,25
-9623.0,-7176.0,-9938.0,84526,668.3301200866699,25
-9105.0,-6106.0,-10437.0,84610,668.5919151306152,25
-8575.0,-6264.0,-10756.0,84620,668.67675614357,25
-9581.0,-7803.0,-9635.0,84722,669.2613639831543,25
-7217.0,-6779.0,-11205.0,85059,670.2346580028534,25
-6300.0,-5764.0,-11802.0,85096,670.4697000980377,25
-7189.0,-6975.0,-11028.0,85284,671.0372180938721,25
-6712.0,-5291.0,-11741.0,85315,671.135073184967,25
-8291.0,-8250.0,-9982.0,85402,671.4401249885559,25
-9020.0,-6015.0,-10586.0,85666,672.3397970199585,25
-10610.0,-6625.0,-9199.0,85754,672.5521321296692,25
-10372.0,-5983.0,-9551.0,85760,672.5713880062103,25
-10159.0,-6263.0,-9528.0,85762,672.6191990375519,25
-10240.0,-5836.0,-9758.0,85802,672.8834750652313,25
-9200.0,-5358.0,-10514.0,85815,672.9264681339264,25
-8194.0,-6097.0,-11080.0,85884,673.1215779781342,25
-7409.0,-5229.0,-11470.0,85894,673.1519720554352,25
-8376.0,-5783.0,-11001.0,85910,673.1921291351318,25
-7925.0,-5908.0,-11212.0,85942,673.2745041847229,25
-8232.0,-6034.0,-10997.0,86000,673.446357011795,25
-7844.0,-5758.0,-11277.0,86062,673.6166701316833,25
-9481.0,-9178.0,-7857.0,86279,674.5452151298523,25
-6845.0,-10027.0,-7464.0,86404,675.0044829845428,25
-7987.0,-9856.0,-6963.0,86444,675.1244041919708,25
-9889.0,-9082.0,-7669.0,86550,675.464339017868,25
-8768.0,-9679.0,-6668.0,86574,675.6548941135406,25
-9791.0,-8163.0,-9165.0,86956,676.9988560676575,26
-10461.0,-8444.0,-8044.0,87114,677.4853541851044,26
-10556.0,-8361.0,-8045.0,87124,677.5234291553497,26
-10594.0,-8438.0,-7844.0,87150,677.6031880378723,26
-10227.0,-8682.0,-7958.0,87156,677.62535405159,26
-11445.0,-7228.0,-7264.0,87362,678.4227290153503,26
-11295.0,-6731.0,-7829.0,87390,678.4826390743256,26
-11059.0,-6596.0,-8359.0,87438,678.6066720485687,26
-10166.0,-8372.0,-8592.0,87786,679.7450590133667,26
-10193.0,-8734.0,-7965.0,87808,679.824579000473,26
-10799.0,-8423.0,-7679.0,87826,679.8859741687775,26
-9581.0,-9071.0,-7799.0,87872,680.035640001297,26
-9455.0,-9515.0,-6847.0,87916,680.1894161701202,26
-7996.0,-9998.0,-6501.0,88028,680.6504650115967,26
-10639.0,-7768.0,-8634.0,88066,680.745619058609,26
-10493.0,-7514.0,-8920.0,88254,681.3528521060944,26
-11592.0,-6712.0,-7088.0,88438,682.0358140468597,26
-9542.0,-8785.0,-8610.0,88464,682.1047601699829,26
-8807.0,-9378.0,-8405.0,88468,682.1194369792938,26
-7948.0,-9017.0,-9301.0,88508,682.2587661743164,26
-8413.0,-8816.0,-9395.0,88630,682.6190931797028,26
-7959.0,-9657.0,-8287.0,88710,682.8949711322784,26
-8156.0,-9441.0,-8544.0,88802,683.2720820903778,26
-7278.0,-9834.0,-7469.0,88832,683.3672711849213,26
-9520.0,-8706.0,-8651.0,88870,683.4903090000153,26
-9276.0,-9249.0,-7829.0,88913,683.6301810741425,26
-7516.0,-9414.0,-8697.0,88928,683.6703021526337,26
-8852.0,-8517.0,-9385.0,88958,683.7491111755371,26
-9626.0,-8671.0,-8584.0,89064,684.0303921699524,26
-8335.0,-8448.0,-9736.0,89074,684.0571231842041,26
-6501.0,-7336.0,-11007.0,89193,684.5717611312866,26
-7141.0,-7423.0,-10706.0,89254,684.7657079696655,26
-9937.0,-8288.0,-8846.0,89498,685.5642080307007,26
-9535.0,-7382.0,-9821.0,89756,686.4355881214142,26
-8823.0,-8275.0,-9706.0,89958,687.1395530700684,26
-11100.0,-6872.0,-8184.0,90042,687.4240500926971,26
-8405.0,-5919.0,-10965.0,90058,687.4653270244598,26
-8674.0,-6108.0,-10833.0,90076,687.5209591388702,26
-9713.0,-7950.0,-9428.0,90156,687.7422389984131,26
-7460.0,-7125.0,-10947.0,90413,688.5884621143341,26
-6648.0,-7090.0,-11113.0,90479,688.7897510528564,26
-8838.0,-5723.0,-10711.0,90990,690.6417529582977,26
-9519.0,-5918.0,-10265.0,91036,690.8436579704285,26
-8982.0,-5472.0,-10715.0,91048,690.8853011131287,26
-8701.0,-5942.0,-10717.0,91100,691.196084022522,26
-8062.0,-5689.0,-11206.0,91164,691.4333350658417,26
-10307.0,-6109.0,-9573.0,91347,692.1285681724548,26
-8118.0,-9802.0,-6913.0,91540,693.1557850837708,26
-6936.0,-9706.0,-7995.0,91564,693.2416021823883,26
-8727.0,-9738.0,-6370.0,91656,693.5914931297302,26
-8474.0,-9789.0,-6249.0,91836,694.2332241535187,26
-9456.0,-9562.0,-5983.0,91875,694.5151941776276,26
-11229.0,-8167.0,-5936.0,91948,694.8193621635437,26
-11892.0,-6399.0,-5574.0,92000,695.027330160141,26
-9611.0,-8688.0,-8588.0,92055,695.2118830680847,27
-10200.0,-8320.0,-8585.0,92056,695.2250411510468,27
-9524.0,-9271.0,-7621.0,92111,695.4873690605164,27
-10059.0,-8733.0,-8060.0,92140,695.7499310970306,27
-10414.0,-8963.0,-7267.0,92219,696.0389351844788,27
-9972.0,-8791.0,-8126.0,92280,696.2969341278076,27
-9492.0,-9275.0,-7753.0,92290,696.3461310863495,27
-9808.0,-9274.0,-7553.0,92291,696.354168176651,27
-9158.0,-9534.0,-7588.0,92302,696.4156851768494,27
-11197.0,-6853.0,-8104.0,92400,696.8311431407928,27
-10376.0,-7109.0,-9176.0,92438,696.9604570865631,27
-11313.0,-7081.0,-7471.0,92446,697.0012130737305,27
-7863.0,-9731.0,-7930.0,92532,697.4867100715637,27
-10273.0,-8158.0,-8627.0,92586,697.7124919891357,27
-10443.0,-8382.0,-8219.0,92616,697.8426041603088,27
-8506.0,-9522.0,-8001.0,92722,698.2981300354004,27
-7827.0,-9834.0,-7015.0,92742,698.3941600322723,27
-10055.0,-9023.0,-7490.0,92769,698.4960100650787,27
-10875.0,-8461.0,-7099.0,92784,698.5611491203308,27
-10661.0,-8712.0,-7204.0,92785,698.5651001930237,27
-10562.0,-8593.0,-7550.0,92820,698.7324950695038,27
-9011.0,-9562.0,-7484.0,92828,698.7694351673126,27
-9329.0,-9016.0,-8199.0,92841,698.8590841293335,27
-9508.0,-9382.0,-7257.0,92866,698.9744880199432,27
-9570.0,-9357.0,-7210.0,92933,699.3782560825348,27
-7239.0,-9956.0,-6914.0,92940,699.4177491664886,27
-10205.0,-8603.0,-7999.0,92990,699.6341781616211,27
-11260.0,-6947.0,-7713.0,93064,699.9452261924744,27
-11536.0,-7470.0,-6435.0,93070,699.9655621051788,27
-11152.0,-7032.0,-7863.0,93116,700.1600651741028,27
-11451.0,-7379.0,-6584.0,93240,700.7291181087494,27
-11580.0,-6573.0,-7369.0,93288,700.9442059993744,27
-11586.0,-6602.0,-7136.0,93328,701.2242271900177,27
-8637.0,-9154.0,-8813.0,93352,701.3272190093994,27
-8619.0,-9092.0,-8951.0,93353,701.3318231105804,27
-8563.0,-9119.0,-8875.0,93353,701.3318259716034,27
-8678.0,-8957.0,-8988.0,93354,701.3410770893097,27
-9007.0,-8636.0,-9075.0,93414,701.5547921657562,27
-6961.0,-9737.0,-7897.0,93438,701.6197609901428,27
-9615.0,-8623.0,-8652.0,93626,702.1872911453247,27
-7001.0,-9934.0,-7698.0,93685,702.451534986496,27
-9732.0,-8303.0,-9011.0,93766,702.7503621578217,27
-5989.0,-8079.0,-10501.0,93994,703.5241510868073,27
-9959.0,-8407.0,-8641.0,94234,704.3566401004791,27
-8409.0,-8732.0,-9421.0,94285,704.4979341030121,27
-7708.0,-8099.0,-10306.0,94332,704.6580801010132,27
-9808.0,-6190.0,-9999.0,94626,705.5812170505524,27
-10392.0,-6200.0,-9424.0,94710,705.8373160362244,27
-9181.0,-5953.0,-10470.0,94728,705.8849730491638,27
-9367.0,-7335.0,-9893.0,94834,706.2612011432648,27
-11391.0,-6743.0,-7491.0,94958,706.5753991603851,27
-8042.0,-6237.0,-11103.0,94988,706.652645111084,27
-8130.0,-6497.0,-11034.0,94989,706.6565520763397,27
-8416.0,-6543.0,-10700.0,94992,706.6730961799622,27
-7749.0,-6691.0,-11123.0,95062,706.8633201122284,27
-7267.0,-6205.0,-11527.0,95098,706.9995701313019,27
-7805.0,-6646.0,-11010.0,95134,707.1808631420135,27
-7353.0,-6100.0,-11591.0,95178,707.3051781654358,27
-7668.0,-6773.0,-11020.0,95336,707.7657091617584,27
-9465.0,-5960.0,-10240.0,95544,708.4335861206055,27
-8270.0,-6289.0,-10986.0,95618,708.6570990085602,27
-8758.0,-5936.0,-10714.0,95747,709.0489501953125,27
-8635.0,-9412.0,-8097.0,95950,709.7559449672699,27
-8951.0,-9411.0,-7897.0,95951,709.7602231502533,27
-10200.0,-8699.0,-7931.0,95990,709.9763321876526,27
-7807.0,-9937.0,-6672.0,96092,710.2659020423889,27
-8671.0,-9765.0,-6294.0,96110,710.321848154068,27
-8712.0,-9706.0,-6592.0,96174,710.5391089916229,27
-10186.0,-9063.0,-6928.0,96240,710.8219170570374,27
-10419.0,-9025.0,-5459.0,96300,710.9694731235504,27
-11934.0,-6279.0,-6206.0,96426,711.3287100791931,27
-10775.0,-8261.0,-7684.0,96516,711.7465159893036,28
-9962.0,-8541.0,-8365.0,96542,711.8280911445618,28
-10332.0,-8023.0,-8627.0,96562,711.9089221954346,28
-9322.0,-9051.0,-8161.0,96628,712.1207940578461,28
-9338.0,-9009.0,-8165.0,96648,712.1866881847382,28
-9662.0,-9020.0,-7839.0,96707,712.3895261287689,28
-11065.0,-6706.0,-8311.0,96772,712.5677170753479,28
-10578.0,-7605.0,-8771.0,96888,713.0194931030273,28
-9565.0,-9113.0,-7795.0,97052,713.4938189983368,28
-10386.0,-9037.0,-6416.0,97184,713.9178440570831,28
-11284.0,-7179.0,-7656.0,97328,714.3947989940643,28
-11410.0,-7433.0,-6594.0,97346,714.4342381954193,28
-11628.0,-7319.0,-6393.0,97348,714.4374799728394,28
-11538.0,-6793.0,-7463.0,97488,714.8865511417389,28
-11794.0,-6160.0,-6452.0,97498,714.9663319587708,28
-11362.0,-6687.0,-7570.0,97500,714.9714300632477,28
-11070.0,-6126.0,-8297.0,97518,715.0460810661316,28
-7449.0,-8993.0,-9423.0,97606,715.4774761199951,28
-7035.0,-9772.0,-7835.0,97644,715.6304399967194,28
-6979.0,-9799.0,-7759.0,97648,715.6500561237335,28
-8823.0,-9485.0,-7909.0,97826,716.2423861026764,28
-8997.0,-9396.0,-7804.0,97827,716.2468981742859,28
-7713.0,-9390.0,-8742.0,97828,716.2534611225128,28
-8104.0,-9292.0,-8798.0,97829,716.3480491638184,28
-8959.0,-8819.0,-9007.0,97928,716.6267831325531,28
-8885.0,-8784.0,-9069.0,97929,716.6313700675964,28
-6638.0,-8453.0,-10014.0,98130,717.3072001934052,28
-7772.0,-8134.0,-10254.0,98190,717.6060819625854,28
-7791.0,-8642.0,-9759.0,98234,717.721794128418,28
-7205.0,-7451.0,-10694.0,98238,717.7378580570221,28
-7651.0,-8760.0,-9778.0,98430,718.3182699680328,28
-7633.0,-8698.0,-9916.0,98431,718.3236000537872,28
-7577.0,-8725.0,-9840.0,98431,718.3236131668091,28
-10414.0,-6699.0,-9170.0,98660,719.0773301124573,28
-10349.0,-6825.0,-9192.0,98728,719.2996211051941,28
-10386.0,-6090.0,-9472.0,98742,719.3339111804962,28
-8162.0,-8422.0,-9773.0,98785,719.5333371162415,28
-9412.0,-5788.0,-10282.0,98916,719.8877491950989,28
-11397.0,-6853.0,-7443.0,98934,719.9288439750671,28
-8481.0,-6372.0,-10952.0,98958,719.999058008194,28
-7841.0,-6540.0,-11081.0,99016,720.2038340568542,28
-6984.0,-7197.0,-10963.0,99286,721.1432511806488,28
-10378.0,-6093.0,-9503.0,99422,721.6091351509094,28
-10246.0,-5946.0,-9710.0,99448,721.6734371185303,28
-10397.0,-6159.0,-9386.0,99612,722.2349469661713,28
-9988.0,-8749.0,-8130.0,100318,724.3316459655762,29
-8768.0,-9500.0,-7850.0,100332,724.4556150436401,29
-9549.0,-8637.0,-8641.0,100385,724.6015779972076,29
-10640.0,-7914.0,-8513.0,100536,725.0068101882935,29
-10332.0,-9033.0,-7117.0,100730,725.63489818573,29
-10711.0,-8944.0,-6526.0,100795,725.848464012146,29
-11542.0,-7580.0,-6387.0,100910,726.2212541103363,29
-11394.0,-7475.0,-6590.0,100926,726.2689430713654,29
-11532.0,-6683.0,-7511.0,101048,726.6962521076202,29
-7569.0,-9623.0,-8549.0,101274,727.3926820755005,29
-7029.0,-7111.0,-11053.0,101571,728.4009909629822,29
-9682.0,-8507.0,-8870.0,101783,729.1724410057068,29
-7228.0,-8583.0,-9933.0,101908,729.6547281742096,29
-10524.0,-6347.0,-9217.0,102102,730.2654709815979,29
-7161.0,-7260.0,-10900.0,102338,730.8726150989532,29
-10489.0,-6008.0,-9344.0,102826,732.3097720146179,29
-11419.0,-5724.0,-7808.0,102866,732.4063701629639,29
-11781.0,-5727.0,-6767.0,102882,732.5261299610138,29
-7863.0,-9910.0,-6748.0,103028,732.905326128006,29
-11248.0,-8178.0,-5852.0,103096,733.0833330154419,29
-10437.0,-9029.0,-5193.0,103218,733.435788154602,29
-9169.0,-8505.0,-9104.0,103257,733.5332951545715,30
-8560.0,-8957.0,-9006.0,103271,733.5717639923096,30
-10357.0,-7662.0,-8932.0,103296,733.6322281360626,30
-9599.0,-9061.0,-7788.0,103350,733.8138439655304,30
-11355.0,-7458.0,-6774.0,103376,733.9606931209564,30
-9638.0,-9050.0,-7961.0,103384,733.9831840991974,30
-9607.0,-8976.0,-8039.0,103403,734.038978099823,30
-11289.0,-6621.0,-7877.0,103468,734.2186510562897,30
-8960.0,-9346.0,-8027.0,103541,734.4274501800537,30
-10188.0,-8601.0,-8243.0,103601,734.5817601680756,30
-9526.0,-8992.0,-8244.0,103643,734.7184419631958,30
-9881.0,-9112.0,-7595.0,103696,734.873740196228,30
-9842.0,-9123.0,-7422.0,103740,735.0770390033722,30
-10136.0,-9003.0,-7427.0,103759,735.1415441036224,30
-9282.0,-9664.0,-5586.0,103822,735.3267090320587,30
-9991.0,-8625.0,-8198.0,103853,735.4056050777435,30
-11494.0,-6834.0,-7363.0,103984,735.7397630214691,30
-8050.0,-9336.0,-8818.0,104036,735.9563210010529,30
-8423.0,-9176.0,-9012.0,104037,735.9657211303711,30
-6645.0,-9738.0,-8097.0,104088,736.1041760444641,30
-8219.0,-9363.0,-8514.0,104156,736.2968420982361,30
-7024.0,-9253.0,-9230.0,104190,736.3923571109772,30
-9360.0,-8842.0,-8676.0,104207,736.5133221149445,30
-8745.0,-8841.0,-9206.0,104291,736.7511999607086,30
-6958.0,-7533.0,-10718.0,104398,737.0693781375885,30
-6496.0,-8513.0,-10001.0,104444,737.2919840812683,30
-6943.0,-8388.0,-10133.0,104445,737.2959940433502,30
-8906.0,-8473.0,-9365.0,104579,737.7054400444031,30
-10518.0,-6237.0,-9265.0,104844,738.5029680728912,30
-7121.0,-7070.0,-10953.0,105022,739.0603029727936,30
-7494.0,-6910.0,-11147.0,105023,739.0643870830536,30
-6591.0,-7751.0,-10585.0,105028,739.0961580276489,30
-6972.0,-6285.0,-11496.0,105076,739.2520370483398,30
-5891.0,-6073.0,-11657.0,105130,739.4565551280975,30
-8449.0,-6533.0,-10722.0,105142,739.4824571609497,30
-7750.0,-7437.0,-10618.0,105158,739.5276260375977,30
-6926.0,-5207.0,-11759.0,105376,740.0684020519257,30
-10483.0,-5898.0,-9392.0,105440,740.2956681251526,30
-11671.0,-5868.0,-7121.0,105474,740.3668251037598,30
-11122.0,-5743.0,-8549.0,105504,740.4377310276031,30
-8254.0,-9812.0,-6804.0,105602,740.7113971710205,30
-6672.0,-10176.0,-6203.0,105606,740.7267141342163,30
-11018.0,-8618.0,-5419.0,105652,740.8304440975189,30
-11824.0,-6782.0,-5559.0,105758,741.1938199996948,30
-11916.0,-6631.0,-5517.0,105762,741.2019951343536,30
-9747.0,-9111.0,-7690.0,105818,741.3949689865112,31
-9915.0,-9060.0,-7588.0,105858,741.5068140029907,31
-11317.0,-6850.0,-7624.0,105972,741.8786470890045,31
-7919.0,-9704.0,-8006.0,106030,742.0710129737854,31
-9497.0,-8623.0,-8670.0,106063,742.1730101108551,31
-10158.0,-9122.0,-7222.0,106198,742.6402449607849,31
-9067.0,-9535.0,-7560.0,106206,742.6634030342102,31
-9458.0,-9437.0,-7616.0,106207,742.6668901443481,31
-11318.0,-7437.0,-7170.0,106320,742.971419095993,31
-8366.0,-9335.0,-8618.0,106442,743.37096118927,31
-6611.0,-9900.0,-7960.0,106610,743.8581659793854,31
-8688.0,-9000.0,-8812.0,106652,744.068950176239,31
-6126.0,-7952.0,-10491.0,106764,744.4106061458588,31
-6659.0,-8174.0,-10322.0,106800,744.5247020721436,31
-6639.0,-9457.0,-8773.0,106996,745.081670999527,31
-10503.0,-6495.0,-9216.0,107202,745.6574001312256,31
-8613.0,-6519.0,-10745.0,107226,745.7138841152191,31
-7567.0,-6911.0,-10982.0,107228,745.7265141010284,31
-7011.0,-5298.0,-11610.0,107316,745.9510850906372,31
-6633.0,-5850.0,-11631.0,107326,745.9813570976257,31
-6626.0,-5552.0,-11735.0,107328,745.9937250614166,31
-6282.0,-5975.0,-11713.0,107342,746.0629370212555,31
-10909.0,-5277.0,-8736.0,107578,746.8762400150299,31
-11374.0,-5887.0,-7862.0,107592,746.9036870002747,31
-8601.0,-9574.0,-7960.0,107621,747.0014040470123,31
-9720.0,-9183.0,-7558.0,107634,747.0989310741425,31
-10397.0,-7852.0,-8879.0,107830,747.6490111351013,32
-9821.0,-9064.0,-7696.0,107877,747.7905421257019,32
-8824.0,-9473.0,-7926.0,107906,747.8670279979706,32
-9215.0,-9375.0,-7982.0,107907,747.8708901405334,32
-8985.0,-9683.0,-6327.0,107916,747.9641101360321,32
-9713.0,-9218.0,-7592.0,108184,748.6518020629883,32
-10212.0,-9041.0,-6847.0,108196,748.7537491321564,32
-9512.0,-9356.0,-7241.0,108205,748.7717909812927,32
-10064.0,-9126.0,-7330.0,108225,748.8260190486908,32
-11604.0,-6693.0,-7009.0,108342,749.0846791267395,32
-11406.0,-6646.0,-7670.0,108360,749.124792098999,32
-11400.0,-6536.0,-7718.0,108362,749.1291880607605,32
-7976.0,-9301.0,-8880.0,108378,749.1869449615479,32
-7625.0,-9596.0,-8625.0,108466,749.4667971134186,32
-8212.0,-9414.0,-8620.0,108498,749.5445220470428,32
-8880.0,-9326.0,-8303.0,108509,749.5883190631866,32
-6570.0,-8548.0,-9939.0,108656,749.9628331661224,32
-6715.0,-8147.0,-10398.0,108676,750.0147271156311,32
-6016.0,-8997.0,-9628.0,108726,750.227550983429,32
-6463.0,-8872.0,-9760.0,108727,750.2305691242218,32
-6179.0,-8658.0,-9949.0,108730,750.2414309978485,32
-7878.0,-6596.0,-10953.0,109014,751.0060920715332,32
-6647.0,-7724.0,-10661.0,109044,751.08656001091,32
-7038.0,-7626.0,-10717.0,109045,751.090213060379,32
-6909.0,-7796.0,-10573.0,109138,751.3988139629364,32
-7300.0,-7698.0,-10629.0,109139,751.403706073761,32
-10844.0,-8707.0,-5524.0,109350,751.869714975357,32
-11830.0,-6892.0,-5511.0,109418,752.025915145874,32
-9945.0,-8539.0,-8609.0,109427,752.0450999736786,33
-10301.0,-8580.0,-8069.0,109491,752.272222995758,33
-9418.0,-9240.0,-7815.0,109520,752.3460750579834,33
-8898.0,-9371.0,-8074.0,109694,752.8035941123962,33
-9938.0,-8953.0,-7989.0,109727,752.9575591087341,33
-9288.0,-9213.0,-8024.0,109734,752.9862110614777,33
-10544.0,-8642.0,-7703.0,109737,752.9969539642334,33
-8701.0,-9395.0,-8029.0,109762,753.0718441009521,33
-9565.0,-9223.0,-7651.0,109768,753.0868539810181,33
-11608.0,-6721.0,-6931.0,109884,753.3685891628265,33
-8016.0,-9498.0,-8681.0,109970,753.6480619907379,33
-6554.0,-10059.0,-7566.0,110016,753.779983997345,33
-6444.0,-7997.0,-10479.0,110108,754.0578961372375,33
-6835.0,-7899.0,-10535.0,110109,754.0635800361633,33
-6638.0,-7209.0,-10997.0,110118,754.0986850261688,33
-6182.0,-7925.0,-10567.0,110124,754.1245579719543,33
-6573.0,-7827.0,-10623.0,110125,754.1297850608826,33
-7229.0,-7683.0,-10637.0,110138,754.2546360492706,33
-7047.0,-7035.0,-11015.0,110446,755.1680781841278,33
-6629.0,-5605.0,-11647.0,110484,755.2716290950775,33
-7555.0,-7479.0,-10605.0,110528,755.3656589984894,33
-7357.0,-10073.0,-5551.0,110692,755.783390045166,33
-9081.0,-8711.0,-8987.0,110732,755.8718001842499,34
-9305.0,-9049.0,-8405.0,110734,755.8783910274506,34
-9154.0,-8549.0,-9029.0,110856,756.1489980220795,34
-10018.0,-8377.0,-8651.0,110900,756.2706861495972,34
-9548.0,-9111.0,-8039.0,110934,756.3541300296783,34
-9514.0,-9344.0,-7254.0,110936,756.424812078476,34
-9351.0,-9135.0,-7994.0,111000,756.5704970359802,34
-8195.0,-8935.0,-9277.0,111110,756.8190059661865,34
-8496.0,-9014.0,-9054.0,111158,756.9432611465454,34
-6801.0,-6870.0,-11318.0,111282,757.256726026535,34
-7018.0,-7789.0,-10523.0,111304,757.3046970367432,34
-6538.0,-8273.0,-10150.0,111338,757.3749840259552,34
-8818.0,-8679.0,-9248.0,111354,757.4071571826935,34
-7103.0,-7008.0,-11091.0,111540,757.909068107605,34
-7550.0,-6865.0,-11034.0,111556,757.9466881752014,34
-6974.0,-5370.0,-11613.0,111572,757.9763431549072,34
-6751.0,-5516.0,-11649.0,111656,758.1539311408997,34
-11787.0,-5837.0,-6719.0,111662,758.1649460792542,34
-7554.0,-10049.0,-5596.0,111694,758.2549340724945,34
-9972.0,-8901.0,-7982.0,111784,758.3914000988007,35
-11565.0,-7225.0,-6784.0,111824,758.5262720584869,35
-10045.0,-8739.0,-8024.0,111926,758.7139279842377,35
-10215.0,-8963.0,-7616.0,111946,758.7544100284576,35
-12018.0,-6303.0,-5669.0,112020,758.9243800640106,35
-6607.0,-7658.0,-10800.0,112142,759.2151510715485,35
-6345.0,-7586.0,-10888.0,112150,759.2396230697632,35
-6235.0,-8631.0,-10025.0,112180,759.3051710128784,35
-6310.0,-8032.0,-10415.0,112182,759.3141040802002,35
-7266.0,-6669.0,-11412.0,112344,759.634693145752,35
-6786.0,-7153.0,-11039.0,112346,759.6396479606628,35
-6810.0,-7385.0,-10982.0,112348,759.6426410675049,35
-7072.0,-7457.0,-10894.0,112382,759.7716569900513,35
-11614.0,-6831.0,-6883.0,112632,760.0430719852448,36
-7189.0,-7493.0,-10690.0,112712,760.1026329994202,36
-6790.0,-7548.0,-10788.0,112720,760.1111381053925,36
-6308.0,-8469.0,-10067.0,112762,760.1448080539703,36
-6405.0,-5609.0,-11896.0,112858,760.2139980792999,36
-6537.0,-5756.0,-11689.0,112860,760.2224380970001,36
-9626.0,-9499.0,-5894.0,112930,760.26748919487,36
