z1,z2,z3,node,time,depth
-134.0,-138.0,-121.0,1,0.019500017166137695,1
-136.0,-134.0,-124.0,1,0.019741058349609375,1
-136.0,-114.0,-133.0,1,0.019785165786743164,1
-140.0,-122.0,-129.0,1,0.019796133041381836,1
-139.0,-128.0,-125.0,1,0.019952058792114258,1
-105.0,-109.0,-138.0,1,0.020132064819335938,1
-127.0,-144.0,-116.0,2,0.03747200965881348,2
-125.0,-146.0,-112.0,3,0.05229306221008301,2
-132.0,-136.0,-123.0,3,0.05251812934875488,2
-120.0,-127.0,-133.0,7,0.10683012008666992,3
-139.0,-131.0,-116.0,8,0.11986804008483887,4
-137.0,-132.0,-122.0,10,0.1460251808166504,4
-140.0,-126.0,-122.0,10,0.14608120918273926,4
-129.0,-140.0,-119.0,11,0.17353010177612305,4
-133.0,-128.0,-128.0,11,0.17371106147766113,4
-132.0,-126.0,-131.0,14,0.2677900791168213,4
-142.0,-125.0,-116.0,16,0.3213059902191162,5
-129.0,-127.0,-130.0,24,0.49577808380126953,5
-117.0,-128.0,-132.0,26,0.5632631778717041,5
-130.0,-135.0,-128.0,26,0.5633001327514648,5
-126.0,-137.0,-125.0,27,0.578240156173706,5
-121.0,-119.0,-136.0,30,0.6322431564331055,5
-138.0,-126.0,-126.0,33,0.6676740646362305,6
-145.0,-113.0,-121.0,35,0.689439058303833,6
-142.0,-122.0,-118.0,36,0.7096660137176514,6
-127.0,-121.0,-134.0,59,0.9788320064544678,6
-144.0,-119.0,-114.0,64,1.029954195022583,7
-140.0,-129.0,-113.0,65,1.0399250984191895,7
-141.0,-120.0,-126.0,66,1.04972505569458,7
-146.0,-113.0,-115.0,68,1.0718309879302979,7
-123.0,-127.0,-132.0,110,1.5150651931762695,7
-135.0,-120.0,-132.0,116,1.5761220455169678,7
-119.0,-113.0,-137.0,117,1.587170124053955,7
-131.0,-134.0,-125.0,127,1.7052900791168213,7
-145.0,-117.0,-111.0,130,1.7527930736541748,8
-142.0,-112.0,-124.0,142,1.9038121700286865,8
-141.0,-126.0,-111.0,167,2.411630153656006,8
-135.0,-128.0,-126.0,174,2.502138137817383,8
-125.0,-142.0,-122.0,211,2.9316811561584473,8
-125.0,-129.0,-130.0,217,2.9947590827941895,8
-135.0,-122.0,-130.0,231,3.163753032684326,8
-143.0,-112.0,-123.0,268,3.644947052001953,9
-130.0,-141.0,-115.0,300,4.034196138381958,9
-122.0,-113.0,-136.0,419,5.4490602016448975,9
-145.0,-115.0,-118.0,490,6.345465183258057,10
-133.0,-140.0,-113.0,565,7.285689115524292,10
-138.0,-129.0,-123.0,573,7.39880108833313,10
-122.0,-133.0,-129.0,633,8.159119129180908,10
-109.0,-150.0,-103.0,650,8.350934028625488,10
-118.0,-148.0,-113.0,651,8.359819173812866,10
-120.0,-121.0,-135.0,727,9.310188055038452,10
-142.0,-118.0,-122.0,792,9.920577049255371,11
-136.0,-135.0,-119.0,864,10.50815200805664,11
-133.0,-132.0,-127.0,982,11.380433082580566,11
-129.0,-138.0,-122.0,1007,11.633620977401733,11
-130.0,-115.0,-135.0,1068,12.186938047409058,11
-132.0,-120.0,-133.0,1069,12.193459033966064,11
-141.0,-124.0,-121.0,1248,13.524296045303345,12
-141.0,-123.0,-123.0,1318,14.08924913406372,12
-129.0,-136.0,-124.0,1460,15.006609201431274,12
-137.0,-115.0,-130.0,1538,15.599414110183716,12
-132.0,-139.0,-116.0,1820,17.519673109054565,13
-136.0,-125.0,-127.0,1860,17.753791093826294,13
-121.0,-145.0,-116.0,2020,18.82241201400757,13
-117.0,-146.0,-115.0,2020,18.822445154190063,13
-128.0,-139.0,-121.0,2020,18.822466135025024,13
-136.0,-137.0,-112.0,2452,21.67453408241272,14
-127.0,-141.0,-117.0,2671,23.2793390750885,14
-147.0,-110.0,-107.0,2913,25.0296151638031,15
-122.0,-144.0,-117.0,3357,27.72209906578064,15
-113.0,-104.0,-138.0,3482,28.64946413040161,15
-128.0,-128.0,-129.0,3561,29.222191095352173,15
-122.0,-129.0,-131.0,4236,33.9314980506897,16
-148.0,-109.0,-109.0,4501,35.92648720741272,17
-122.0,-116.0,-135.0,5043,39.85259008407593,17
-147.0,-106.0,-111.0,5322,41.69052505493164,18
-135.0,-138.0,-110.0,5440,42.44454503059387,18
-138.0,-132.0,-111.0,5486,42.85780310630798,18
-140.0,-128.0,-114.0,5540,43.1986870765686,18
-137.0,-134.0,-113.0,5562,43.35865497589111,18
-142.0,-119.0,-121.0,6138,46.8752601146698,19
-125.0,-147.0,-109.0,6275,47.606141090393066,19
-128.0,-144.0,-108.0,6277,47.62240219116211,19
-132.0,-141.0,-114.0,6283,47.65587401390076,19
-129.0,-143.0,-107.0,6322,47.87657713890076,19
-120.0,-147.0,-112.0,6513,48.88280701637268,19
-119.0,-131.0,-130.0,7324,53.008310079574585,20
-142.0,-120.0,-120.0,8196,56.99742317199707,22
-133.0,-123.0,-130.0,9064,59.95260405540466,23
-129.0,-122.0,-132.0,10254,62.892601013183594,26
-122.0,-136.0,-126.0,10266,62.918575048446655,26
-113.0,-149.0,-104.0,10289,62.96754312515259,26
-129.0,-144.0,-106.0,10986,64.14905309677124,30
-129.0,-142.0,-108.0,10996,64.16295099258423,30
-143.0,-120.0,-118.0,11054,64.24852800369263,31
-144.0,-116.0,-122.0,11064,64.26047611236572,31
-142.0,-114.0,-123.0,11068,64.26522207260132,31
-130.0,-139.0,-117.0,11072,64.26979517936707,31
-133.0,-141.0,-112.0,11074,64.27238297462463,31
-126.0,-147.0,-107.0,11078,64.28000497817993,31
-128.0,-142.0,-112.0,11080,64.28307914733887,31
-134.0,-132.0,-125.0,11082,64.28610920906067,31
-128.0,-143.0,-110.0,11084,64.28871607780457,31
-135.0,-137.0,-115.0,11086,64.2904851436615,31
-138.0,-123.0,-127.0,11088,64.292720079422,31
-117.0,-144.0,-118.0,11094,64.29887104034424,31
-124.0,-138.0,-123.0,11096,64.30091500282288,31
-124.0,-143.0,-117.0,11098,64.3030481338501,31
-126.0,-130.0,-129.0,11106,64.31392097473145,31
-135.0,-125.0,-129.0,11110,64.3179759979248,31
-127.0,-126.0,-132.0,11114,64.32385516166687,31
-124.0,-128.0,-131.0,11118,64.32871603965759,31
-130.0,-127.0,-129.0,11120,64.33068108558655,31
-124.0,-122.0,-133.0,11122,64.33277201652527,31
