z1,z2,z3,node,time,depth
11518.0,8908.0,9672.0,1,0.016102075576782227,1
10102.0,8864.0,10679.0,1,0.016106128692626953,1
9749.0,12030.0,8728.0,1,0.01611018180847168,1
9348.0,11867.0,8919.0,1,0.01611804962158203,1
9493.0,11499.0,8925.0,1,0.016122102737426758,1
10036.0,11157.0,8645.0,1,0.016126155853271484,1
10531.0,8815.0,9959.0,1,0.01612997055053711,1
8657.0,11612.0,9978.0,1,0.016134977340698242,1
8889.0,10360.0,11229.0,1,0.01613903045654297,1
10984.0,10385.0,8611.0,1,0.016143083572387695,1
10443.0,11422.0,8629.0,1,0.016147136688232422,1
8919.0,11341.0,9423.0,1,0.016199111938476562,1
9741.0,8965.0,10727.0,1,0.01620316505432129,1
8802.0,11028.0,10104.0,1,0.016206979751586914,1
9124.0,10083.0,10311.0,1,0.016211986541748047,1
9222.0,9363.0,11026.0,1,0.016216039657592773,1
9312.0,9014.0,11447.0,1,0.016221046447753906,1
9069.0,9665.0,11532.0,1,0.016225099563598633,1
9034.0,9776.0,11355.0,1,0.01622915267944336,1
9834.0,9205.0,10266.0,1,0.016237974166870117,1
9339.0,9676.0,10345.0,1,0.016259193420410156,1
9305.0,9094.0,11139.0,1,0.016263961791992188,1
9398.0,9334.0,10678.0,1,0.016268014907836914,1
8834.0,10598.0,10985.0,1,0.01627206802368164,1
8979.0,10014.0,11111.0,1,0.016276121139526367,1
9027.0,9856.0,11047.0,1,0.016295194625854492,1
11544.0,9283.0,9582.0,2,0.030971050262451172,2
11655.0,9209.0,9658.0,2,0.0309751033782959,2
9248.0,10316.0,9938.0,2,0.031023025512695312,2
9560.0,9954.0,9899.0,2,0.03102707862854004,2
10668.0,9116.0,9945.0,2,0.031043052673339844,2
11357.0,9349.0,9358.0,3,0.04597616195678711,2
9159.0,9972.0,10488.0,3,0.04598808288574219,2
11130.0,10200.0,8864.0,3,0.046012163162231445,2
9065.0,11156.0,9676.0,3,0.0460200309753418,2
9062.0,9745.0,11224.0,3,0.046027183532714844,2
9711.0,9655.0,10017.0,3,0.04604315757751465,2
9472.0,10293.0,9827.0,3,0.046051025390625,2
8707.0,11321.0,11260.0,4,0.05802607536315918,3
9431.0,11630.0,9050.0,4,0.05805397033691406,3
10672.0,10747.0,8650.0,4,0.05805802345275879,3
8885.0,10759.0,10217.0,4,0.05807018280029297,3
10119.0,10920.0,8776.0,4,0.05807805061340332,3
10111.0,10480.0,9037.0,4,0.05808615684509277,3
8892.0,10679.0,10525.0,4,0.05809807777404785,3
11141.0,9957.0,9200.0,5,0.07232999801635742,3
10253.0,9577.0,9867.0,5,0.07233405113220215,3
9971.0,9506.0,10252.0,5,0.07233810424804688,3
9995.0,10537.0,9129.0,5,0.07237410545349121,3
8802.0,10971.0,10871.0,5,0.0724020004272461,3
9304.0,11411.0,9213.0,5,0.07242512702941895,3
9180.0,11178.0,9586.0,5,0.07242918014526367,3
10622.0,10553.0,9021.0,6,0.08585214614868164,3
10368.0,9501.0,9876.0,6,0.0858759880065918,3
9467.0,9050.0,11270.0,6,0.0858919620513916,3
9627.0,9409.0,10465.0,6,0.08590412139892578,3
9534.0,9169.0,10926.0,6,0.08591198921203613,3
10849.0,9702.0,9515.0,6,0.08593916893005371,3
10409.0,10121.0,9392.0,6,0.08594298362731934,3
10492.0,9884.0,9523.0,6,0.08594703674316406,3
10818.0,10562.0,8903.0,7,0.09919404983520508,3
8924.0,10249.0,11406.0,7,0.09921717643737793,3
9031.0,10574.0,10470.0,7,0.09923315048217773,3
10257.0,10295.0,9290.0,7,0.09924817085266113,3
9945.0,10657.0,9329.0,7,0.09925198554992676,3
9283.0,10205.0,10115.0,7,0.09926414489746094,3
9595.0,9843.0,10076.0,7,0.09926819801330566,3
9522.0,9567.0,10305.0,7,0.09927201271057129,3
9675.0,10609.0,9449.0,8,0.11276817321777344,4
10548.0,10514.0,9023.0,8,0.11277198791503906,4
10038.0,10923.0,9070.0,8,0.11277604103088379,4
9009.0,10992.0,9844.0,9,0.12494516372680664,4
11252.0,9883.0,9276.0,10,0.13819408416748047,4
9415.0,11337.0,9289.0,10,0.13825106620788574,4
8986.0,10587.0,10493.0,10,0.13825511932373047,4
9727.0,10975.0,9250.0,10,0.1382911205291748,4
9575.0,10429.0,9658.0,11,0.15272998809814453,4
8959.0,10600.0,10693.0,11,0.15273809432983398,4
8947.0,10387.0,10997.0,11,0.15281414985656738,4
10394.0,9876.0,9786.0,11,0.15282607078552246,4
9983.0,10324.0,9433.0,11,0.1528301239013672,4
9076.0,10913.0,10012.0,11,0.15285396575927734,4
9139.0,10558.0,10070.0,11,0.15285801887512207,4
10783.0,10112.0,9335.0,12,0.16658306121826172,4
9096.0,10327.0,10430.0,12,0.1666100025177002,4
9321.0,9928.0,10619.0,12,0.16663813591003418,4
10265.0,10735.0,9029.0,12,0.1666421890258789,4
10141.0,10352.0,9382.0,12,0.16664600372314453,4
9438.0,10241.0,9938.0,12,0.16666603088378906,4
9388.0,10047.0,10275.0,12,0.16667699813842773,4
9218.0,9376.0,11301.0,13,0.17857718467712402,4
9077.0,9947.0,10900.0,13,0.17862915992736816,4
11291.0,9759.0,9178.0,14,0.18958497047424316,4
10979.0,10121.0,9217.0,14,0.18961715698242188,4
9021.0,10476.0,10670.0,14,0.18963217735290527,4
10418.0,9854.0,9604.0,14,0.1896681785583496,4
10106.0,10216.0,9643.0,14,0.1896810531616211,4
10484.0,9444.0,9784.0,15,0.199876070022583,4
9258.0,9723.0,10964.0,15,0.19997596740722656,4
9114.0,10834.0,10004.0,16,0.2138981819152832,5
8747.0,11263.0,10399.0,17,0.22084307670593262,5
8956.0,11159.0,10084.0,17,0.22086596488952637,5
11317.0,10134.0,9088.0,18,0.23109912872314453,5
10510.0,9819.0,9694.0,19,0.23931097984313965,5
11383.0,9724.0,9268.0,19,0.23932313919067383,5
11494.0,9650.0,9344.0,19,0.23934316635131836,5
9321.0,10630.0,9805.0,19,0.23936915397644043,5
10559.0,10260.0,9308.0,21,0.26202917098999023,5
9131.0,10003.0,10619.0,21,0.2620511054992676,5
9481.0,11286.0,9229.0,22,0.27643299102783203,5
10024.0,10944.0,8949.0,22,0.27644896507263184,5
9168.0,10965.0,9890.0,22,0.27649998664855957,5
9292.0,11198.0,9517.0,22,0.2765040397644043,5
9042.0,10331.0,10806.0,23,0.2895090579986572,5
10268.0,10052.0,9626.0,23,0.2895820140838623,5
10129.0,10139.0,9686.0,24,0.3008849620819092,5
9226.0,10715.0,9990.0,25,0.30987000465393066,5
10048.0,10112.0,9843.0,25,0.3098740577697754,5
9560.0,9290.0,10809.0,26,0.32018113136291504,5
9482.0,9993.0,10339.0,26,0.3202090263366699,5
9677.0,9603.0,10128.0,26,0.32022905349731445,5
9618.0,9415.0,10478.0,27,0.33088111877441406,5
9768.0,10202.0,9841.0,27,0.330935001373291,5
10219.0,9177.0,9998.0,28,0.34252214431762695,5
9429.0,9327.0,10766.0,28,0.3425261974334717,5
9807.0,9509.0,10266.0,28,0.3425300121307373,5
11514.0,8921.0,9947.0,29,0.3540010452270508,5
9301.0,9107.0,11414.0,29,0.35402512550354004,5
10036.0,9384.0,10096.0,29,0.35405707359313965,5
9737.0,8978.0,11002.0,29,0.3540689945220947,5
9308.0,9027.0,11722.0,29,0.35407304763793945,5
10098.0,8877.0,10954.0,29,0.3540771007537842,5
10527.0,8828.0,10234.0,29,0.3540811538696289,5
9821.0,10424.0,9702.0,30,0.36435699462890625,5
10172.0,9806.0,9823.0,30,0.36440014839172363,5
8862.0,12119.0,9972.0,32,0.38723301887512207,6
9067.0,10602.0,10301.0,35,0.4149191379547119,6
9968.0,10378.0,9609.0,35,0.41492700576782227,6
9857.0,10452.0,9533.0,35,0.414931058883667,6
10356.0,9478.0,9984.0,37,0.43395209312438965,6
11366.0,9961.0,9132.0,38,0.44255709648132324,6
11054.0,10323.0,9171.0,38,0.44256114959716797,6
10222.0,10406.0,9113.0,39,0.44987010955810547,6
11095.0,10311.0,8687.0,39,0.44989705085754395,6
9432.0,10556.0,9881.0,39,0.4499020576477051,6
9078.0,10364.0,10768.0,40,0.46305108070373535,6
10940.0,10245.0,9315.0,41,0.4729790687561035,6
9890.0,10201.0,9753.0,42,0.4819521903991699,6
9616.0,10672.0,9610.0,42,0.48198509216308594,6
9374.0,10717.0,9773.0,43,0.49289608001708984,6
9686.0,10355.0,9734.0,43,0.49297118186950684,6
9440.0,10666.0,9713.0,44,0.5042200088500977,6
9604.0,10836.0,9478.0,45,0.5130021572113037,6
10489.0,10954.0,8748.0,47,0.5312941074371338,6
10448.0,10334.0,9232.0,47,0.5312981605529785,6
9878.0,10224.0,9810.0,47,0.5313301086425781,6
9529.0,10840.0,9651.0,49,0.5539259910583496,6
9335.0,9689.0,10620.0,54,0.5968770980834961,6
10458.0,9258.0,9992.0,56,0.6164121627807617,6
10095.0,8944.0,10371.0,56,0.6164281368255615,6
9405.0,9254.0,10986.0,59,0.6454250812530518,6
9166.0,9892.0,10796.0,59,0.6454830169677734,6
10921.0,9478.0,9770.0,61,0.662060022354126,6
10694.0,10329.0,9276.0,61,0.6621041297912598,6
10730.0,10357.0,9107.0,65,0.6987471580505371,7
9248.0,11073.0,9838.0,67,0.7140731811523438,7
8936.0,11267.0,9938.0,67,0.7140769958496094,7
11071.0,10086.0,9307.0,77,0.7949180603027344,7
10929.0,10535.0,8871.0,78,0.8035340309143066,7
10476.0,10738.0,8768.0,78,0.8035540580749512,7
9741.0,10738.0,9276.0,78,0.8035900592803955,7
9799.0,10842.0,9076.0,79,0.8087141513824463,7
9984.0,11457.0,8924.0,79,0.8087179660797119,7
10379.0,9978.0,9702.0,81,0.8362231254577637,7
9956.0,10414.0,9665.0,92,0.934643030166626,7
9616.0,11049.0,9174.0,94,0.9493160247802734,7
9263.0,10791.0,9697.0,95,0.954078197479248,7
9452.0,10879.0,9409.0,95,0.9540820121765137,7
9564.0,10642.0,9773.0,100,1.002249002456665,7
10426.0,10294.0,9343.0,101,1.010106086730957,7
9913.0,9834.0,9847.0,106,1.0446431636810303,7
10570.0,9680.0,9706.0,106,1.0446510314941406,7
10866.0,9482.0,9741.0,112,1.0917041301727295,7
9356.0,9602.0,10860.0,112,1.0917510986328125,7
10549.0,9424.0,9852.0,114,1.1095881462097168,7
10827.0,9010.0,9924.0,114,1.1096160411834717,7
10861.0,9062.0,9813.0,114,1.1096200942993164,7
9792.0,9473.0,10448.0,114,1.1096241474151611,7
10091.0,8957.0,10646.0,117,1.143463134765625,7
8890.0,11735.0,9819.0,132,1.2560241222381592,8
8814.0,10917.0,12106.0,137,1.295945167541504,8
8996.0,10685.0,10293.0,143,1.3346750736236572,8
10998.0,9363.0,9799.0,146,1.361410140991211,8
11232.0,9645.0,9621.0,148,1.3733961582183838,8
10875.0,10077.0,9425.0,152,1.399463176727295,8
9699.0,10812.0,9305.0,154,1.4142441749572754,8
9387.0,11174.0,9344.0,154,1.414247989654541,8
9576.0,11262.0,9056.0,154,1.4142520427703857,8
10441.0,10727.0,8891.0,156,1.4259631633758545,8
9427.0,10584.0,9898.0,166,1.5162091255187988,8
9543.0,11492.0,9207.0,186,1.6779651641845703,8
9307.0,11247.0,9403.0,189,1.6906380653381348,8
9640.0,10420.0,9768.0,190,1.6997241973876953,8
9674.0,10472.0,9657.0,190,1.6997361183166504,8
9962.0,9545.0,10089.0,208,1.8340580463409424,8
9879.0,9782.0,9958.0,208,1.8340661525726318,8
10653.0,9443.0,9837.0,208,1.8340699672698975,8
9996.0,9597.0,9978.0,208,1.8340740203857422,8
9967.0,10186.0,9820.0,209,1.8394720554351807,8
10306.0,10044.0,9795.0,210,1.8462910652160645,8
9584.0,9363.0,10589.0,216,1.8844060897827148,8
9167.0,9598.0,11321.0,218,1.9025661945343018,8
10404.0,9792.0,9846.0,222,1.9340531826019287,8
9163.0,9611.0,11596.0,227,1.9730420112609863,8
9600.0,9513.0,10508.0,232,2.0115530490875244,8
11045.0,9711.0,9397.0,234,2.025437116622925,8
10862.0,9918.0,9495.0,235,2.036823034286499,8
10572.0,10717.0,8879.0,285,2.3400330543518066,9
9198.0,11080.0,9556.0,286,2.345609188079834,9
9372.0,11138.0,9526.0,286,2.345621109008789,9
10552.0,10653.0,8967.0,288,2.3551809787750244,9
10783.0,10673.0,8726.0,290,2.36100697517395,9
9739.0,10222.0,9859.0,311,2.539015054702759,9
10829.0,10319.0,9239.0,335,2.7112929821014404,9
9946.0,11296.0,9028.0,344,2.762510061264038,9
9264.0,11837.0,9247.0,346,2.7710061073303223,9
9417.0,10203.0,10162.0,386,3.0181031227111816,9
9300.0,9890.0,10843.0,386,3.018110990524292,9
9376.0,9494.0,11006.0,394,3.0678889751434326,9
9891.0,9017.0,10661.0,395,3.0754761695861816,9
10515.0,9372.0,9963.0,400,3.113229990005493,9
10748.0,10101.0,9458.0,402,3.127746105194092,9
11302.0,9499.0,9618.0,424,3.285565137863159,9
10945.0,9681.0,9626.0,424,3.285569190979004,9
10841.0,10283.0,9183.0,449,3.428972005844116,10
10659.0,10440.0,9099.0,451,3.4408230781555176,10
8839.0,11455.0,10062.0,452,3.447935104370117,10
9786.0,10535.0,9525.0,464,3.5206291675567627,10
9788.0,11448.0,9042.0,496,3.6761980056762695,10
9933.0,11080.0,9048.0,496,3.6762101650238037,10
10683.0,10643.0,8955.0,498,3.687873125076294,10
9910.0,10768.0,9152.0,506,3.7184391021728516,10
9362.0,11021.0,9670.0,580,4.206500053405762,10
9261.0,9313.0,12042.0,660,4.654644966125488,10
11206.0,9270.0,9711.0,666,4.691260099411011,10
10716.0,9430.0,9807.0,667,4.69691014289856,10
10119.0,9147.0,10227.0,672,4.725311994552612,10
9260.0,9838.0,10860.0,692,4.870432138442993,10
10780.0,9639.0,9749.0,708,4.962022066116333,10
10814.0,9691.0,9638.0,708,4.962026119232178,10
11036.0,9636.0,9739.0,776,5.26657509803772,11
9120.0,10918.0,9920.0,804,5.382594108581543,11
9502.0,10872.0,9691.0,919,5.975028038024902,11
11240.0,9670.0,9580.0,1212,7.263274192810059,12
10391.0,9139.0,10336.0,1812,9.459220170974731,13
11047.0,9307.0,9773.0,1830,9.528800964355469,13
9679.0,11744.0,8885.0,2112,10.287432193756104,14
10099.0,10079.0,9807.0,2150,10.387582063674927,14
11075.0,10350.0,9124.0,2832,12.080485105514526,17
