z1,z2,z3,node,time,depth
4879.0,5465.0,3358.0,1,0.013253927230834961,1
3683.0,6005.0,4449.0,1,0.013258934020996094,1
4140.0,4249.0,5859.0,1,0.013274908065795898,1
5973.0,4034.0,3852.0,1,0.013279914855957031,1
3579.0,5780.0,4690.0,1,0.013284921646118164,1
7766.0,3967.0,6631.0,2,0.02554798126220703,2
7550.0,3980.0,6684.0,3,0.03655290603637695,2
5715.0,4974.0,3702.0,4,0.05266380310058594,3
5457.0,4744.0,4383.0,4,0.052693843841552734,3
6995.0,4026.0,7307.0,10,0.1629657745361328,4
7747.0,3997.0,6548.0,10,0.16303586959838867,4
4713.0,5361.0,4147.0,26,0.40758299827575684,6
