z1,z2,z3,node,time,depth
-6758.0,-5155.0,-5501.0,1,0.008349895477294922,1
-5404.0,-6047.0,-5568.0,1,0.008362054824829102,1
-5264.0,-4896.0,-7593.0,1,0.008383989334106445,1
-6129.0,-4669.0,-7575.0,1,0.008386850357055664,1
-6400.0,-5106.0,-6372.0,1,0.00839996337890625,1
-6351.0,-4762.0,-7166.0,1,0.008400917053222656,1
-6604.0,-5393.0,-4614.0,1,0.008409976959228516,1
-6667.0,-4475.0,-6992.0,2,0.018882036209106445,2
-4918.0,-5843.0,-6258.0,3,0.028039932250976562,2
-5758.0,-5443.0,-6406.0,3,0.028041839599609375,2
-5783.0,-5616.0,-6240.0,3,0.028087854385375977,2
-5289.0,-5069.0,-7427.0,5,0.04472184181213379,3
-6958.0,-4789.0,-5452.0,6,0.052767038345336914,3
-6362.0,-5423.0,-5360.0,7,0.06139492988586426,3
-6716.0,-4819.0,-6198.0,7,0.06142401695251465,3
-5316.0,-4264.0,-7629.0,9,0.0760040283203125,4
-4869.0,-5499.0,-7052.0,11,0.08876800537109375,4
-5355.0,-5703.0,-6362.0,11,0.08878302574157715,4
-5734.0,-5272.0,-7034.0,11,0.08882498741149902,4
-6220.0,-5349.0,-6084.0,13,0.10363101959228516,4
-6337.0,-5250.0,-5526.0,14,0.11116290092468262,4
-5709.0,-5099.0,-7200.0,19,0.14065098762512207,5
-6171.0,-5005.0,-6878.0,22,0.15767383575439453,5
-6021.0,-5537.0,-5700.0,25,0.17561006546020508,5
-6046.0,-5710.0,-5534.0,27,0.1875770092010498,5
-5573.0,-6118.0,-4925.0,27,0.18757891654968262,5
-6146.0,-4832.0,-7044.0,38,0.2404649257659912,6
-5775.0,-5273.0,-6737.0,40,0.2498629093170166,6
-4910.0,-5500.0,-6755.0,43,0.26372194290161133,6
-5524.0,-5774.0,-5719.0,45,0.27330684661865234,6
-5997.0,-5366.0,-6328.0,45,0.27332305908203125,6
-6321.0,-5422.0,-5657.0,53,0.3131380081176758,6
-5942.0,-5853.0,-4985.0,53,0.31316184997558594,6
-5310.0,-6024.0,-5631.0,55,0.323775053024292,6
-5952.0,-5687.0,-5597.0,55,0.32379794120788574,6
-6536.0,-5062.0,-5910.0,62,0.356381893157959,6
-3946.0,-3556.0,-7777.0,69,0.37954092025756836,7
-6476.0,-4168.0,-7035.0,70,0.38283205032348633,7
-5750.0,-5100.0,-6903.0,74,0.39717793464660645,7
-5305.0,-5463.0,-6531.0,85,0.4392259120941162,7
-5261.0,-5680.0,-6425.0,91,0.4614388942718506,7
-6487.0,-4718.0,-6704.0,95,0.48033595085144043,7
-6579.0,-5220.0,-4780.0,97,0.4872100353240967,7
-6296.0,-5249.0,-5823.0,99,0.4927399158477783,7
-5927.0,-5514.0,-5763.0,103,0.5071430206298828,7
-6285.0,-5563.0,-4892.0,107,0.5233678817749023,7
-5848.0,-5830.0,-5048.0,107,0.5233750343322754,7
-6157.0,-5493.0,-5238.0,122,0.5793640613555908,7
-6371.0,-4639.0,-6829.0,130,0.6013848781585693,8
-5972.0,-5193.0,-6494.0,154,0.6653439998626709,8
-6462.0,-4545.0,-6870.0,158,0.6785180568695068,8
-5747.0,-5757.0,-5475.0,223,0.8678970336914062,8
-5903.0,-5343.0,-6391.0,367,1.1524899005889893,9
-6733.0,-4982.0,-5667.0,399,1.210343837738037,9
-5841.0,-5780.0,-5412.0,437,1.3072829246520996,9
-6511.0,-4889.0,-6076.0,458,1.3454420566558838,9
-6525.0,-4512.0,-6241.0,464,1.355051040649414,9
-6687.0,-4352.0,-6655.0,555,1.4776530265808105,10
-5878.0,-5170.0,-6557.0,589,1.5666320323944092,10
-6194.0,-4883.0,-6383.0,605,1.5911438465118408,10
-5792.0,-5436.0,-6206.0,695,1.721376895904541,10
-6195.0,-5176.0,-6250.0,779,1.8329739570617676,10
-5962.0,-5730.0,-4648.0,801,1.8702800273895264,10
-6778.0,-5032.0,-5164.0,811,1.8833539485931396,10
-6759.0,-4139.0,-5992.0,1022,2.1240429878234863,11
-6379.0,-5586.0,-4829.0,1378,2.524169921875,11
-6116.0,-5492.0,-5535.0,1394,2.5411808490753174,11
-6510.0,-5370.0,-4677.0,1397,2.5454180240631104,11
-6066.0,-5587.0,-5197.0,1428,2.5829648971557617,11
-4234.0,-4458.0,-7678.0,1706,2.82296085357666,12
-5493.0,-5439.0,-6651.0,1816,2.9061100482940674,12
-6485.0,-5197.0,-4843.0,2041,3.156338930130005,12
-6420.0,-4983.0,-6035.0,2092,3.20463490486145,12
-6399.0,-5463.0,-4492.0,2155,3.262428045272827,12
-5593.0,-5995.0,-4588.0,2215,3.31140398979187,12
-7095.0,-4274.0,-4779.0,2272,3.357646942138672,12
-7001.0,-4251.0,-4842.0,2294,3.36923885345459,12
-6043.0,-5009.0,-6693.0,2434,3.469058036804199,13
-6227.0,-4411.0,-7311.0,2478,3.5489139556884766,13
-6400.0,-5162.0,-5197.0,2934,3.8660168647766113,13
-6408.0,-5066.0,-5725.0,3146,4.0174479484558105,13
-7083.0,-4195.0,-5321.0,3161,4.027237892150879,13
-4928.0,-3489.0,-7680.0,3304,4.116755962371826,14
-4146.0,-4073.0,-7697.0,3406,4.177556037902832,14
-4511.0,-5506.0,-6748.0,3500,4.240367889404297,14
-6630.0,-5159.0,-5316.0,3636,4.316442012786865,14
-6131.0,-5801.0,-4005.0,3766,4.3931639194488525,14
-6359.0,-4722.0,-6519.0,4082,4.573192834854126,15
-4286.0,-3826.0,-7714.0,4110,4.589792966842651,15
-5376.0,-5279.0,-6730.0,4150,4.610926866531372,15
-5813.0,-5012.0,-6574.0,4152,4.611829042434692,15
-4997.0,-5710.0,-6058.0,4174,4.62546706199646,15
-6425.0,-5229.0,-5194.0,4266,4.673053979873657,15
-6092.0,-5353.0,-5899.0,4286,4.682951927185059,15
-5557.0,-4805.0,-7383.0,4534,4.816125869750977,16
-4349.0,-3745.0,-7707.0,4544,4.822447061538696,16
-5099.0,-4231.0,-7660.0,4552,4.827712059020996,16
-4608.0,-3508.0,-7782.0,4578,4.841162919998169,16
-6864.0,-3834.0,-5931.0,4582,4.843739032745361,16
-6664.0,-4144.0,-7155.0,4596,4.85105299949646,16
-5252.0,-5753.0,-5751.0,4804,4.956750869750977,16
-5158.0,-5730.0,-5814.0,4824,4.965996980667114,16
-6963.0,-4418.0,-4968.0,4838,4.973042964935303,16
-7271.0,-4171.0,-5441.0,4842,4.97446084022522,16
-4134.0,-3532.0,-7897.0,4896,5.002816915512085,17
-4959.0,-4478.0,-7643.0,4906,5.007668972015381,17
-6748.0,-3851.0,-6350.0,4930,5.019099950790405,17
-4779.0,-6161.0,-5142.0,5044,5.072197914123535,17
-5644.0,-5934.0,-5124.0,5048,5.073768854141235,17
-6812.0,-4303.0,-5822.0,5062,5.0798258781433105,17
-6831.0,-4107.0,-5760.0,5076,5.085314989089966,17
-6713.0,-4488.0,-6361.0,5086,5.0884599685668945,17
-6733.0,-4365.0,-6024.0,5088,5.089400053024292,17
-5011.0,-3846.0,-7679.0,5110,5.0987229347229,18
-6684.0,-4021.0,-6818.0,5130,5.107180833816528,18
-5054.0,-5448.0,-6695.0,5148,5.1165080070495605,18
-6804.0,-4798.0,-5866.0,5158,5.122890949249268,18
-6955.0,-4458.0,-5615.0,5160,5.123863935470581,18
-5977.0,-5810.0,-4419.0,5174,5.130462884902954,18
-6202.0,-5617.0,-4204.0,5176,5.131373882293701,18
-6182.0,-5740.0,-4541.0,5244,5.164417028427124,20
-6450.0,-5402.0,-5028.0,5246,5.1657350063323975,20
