z1,z2,z3,node,time,depth
70.0,65.0,68.0,1,0.14732885360717773,1
55.0,104.0,91.0,1,0.14735984802246094,1
71.0,81.0,60.0,1,0.14745402336120605,1
74.0,58.0,77.0,1,0.1475679874420166,1
63.0,74.0,74.0,1,0.14769196510314941,1
82.0,58.0,67.0,1,0.14796900749206543,1
65.0,70.0,74.0,1,0.1480109691619873,1
61.0,80.0,76.0,2,0.30037689208984375,2
66.0,69.0,74.0,3,0.3513779640197754,2
59.0,112.0,82.0,5,0.54144287109375,3
58.0,112.0,87.0,5,0.5414738655090332,3
60.0,97.0,101.0,10,1.0104789733886719,4
60.0,110.0,82.0,10,1.0106139183044434,4
59.0,94.0,105.0,14,1.3462388515472412,4
57.0,98.0,97.0,14,1.3462598323822021,4
59.0,99.0,89.0,14,1.3465590476989746,4
56.0,104.0,90.0,14,1.34660005569458,4
59.0,104.0,87.0,15,1.394852876663208,4
59.0,109.0,86.0,15,1.3948938846588135,4
58.0,110.0,88.0,15,1.3949048519134521,4
93.0,57.0,105.0,17,1.543623924255371,5
103.0,95.0,57.0,17,1.543644905090332,5
91.0,97.0,58.0,17,1.5436549186706543,5
96.0,97.0,57.0,17,1.543665885925293,5
94.0,99.0,57.0,17,1.5436758995056152,5
95.0,57.0,100.0,17,1.5436968803405762,5
100.0,92.0,58.0,17,1.5437169075012207,5
107.0,90.0,58.0,17,1.5437278747558594,5
60.0,99.0,88.0,24,2.2306289672851562,5
60.0,104.0,86.0,26,2.396298885345459,5
83.0,74.0,62.0,28,2.5590908527374268,6
104.0,88.0,59.0,31,2.741905927658081,6
93.0,95.0,58.0,31,2.741926908493042,6
97.0,90.0,59.0,31,2.7419369220733643,6
58.0,98.0,96.0,39,3.4498660564422607,6
98.0,94.0,58.0,48,4.090888023376465,7
95.0,92.0,59.0,48,4.09092903137207,7
60.0,98.0,91.0,55,4.568150997161865,7
59.0,98.0,92.0,55,4.568161964416504,7
71.0,63.0,79.0,86,6.664049863815308,9
60.0,93.0,103.0,140,9.67239499092102,10
58.0,105.0,89.0,200,12.554503917694092,12
