z1,z2,z3,node,time,depth
58.0,29.0,32.0,1,0.06898999214172363,1
52.0,34.0,30.0,1,0.06899809837341309,1
63.0,42.0,26.0,1,0.06900691986083984,1
27.0,35.0,61.0,1,0.0690150260925293,1
59.0,26.0,35.0,1,0.06902194023132324,1
55.0,27.0,34.0,1,0.0690300464630127,1
57.0,75.0,22.0,1,0.06903791427612305,1
55.0,36.0,28.0,1,0.0690460205078125,1
60.0,21.0,51.0,1,0.06905293464660645,1
23.0,62.0,63.0,1,0.0690610408782959,1
53.0,22.0,46.0,1,0.06906890869140625,1
48.0,23.0,47.0,1,0.0690760612487793,1
55.0,23.0,40.0,1,0.06908392906188965,1
50.0,24.0,41.0,1,0.0690920352935791,1
48.0,25.0,41.0,1,0.06909894943237305,1
34.0,31.0,51.0,1,0.0691070556640625,1
32.0,34.0,48.0,1,0.06911492347717285,1
37.0,58.0,28.0,1,0.0691230297088623,1
38.0,63.0,27.0,1,0.06913089752197266,1
40.0,59.0,26.0,1,0.0691380500793457,1
35.0,61.0,29.0,1,0.06914591789245605,1
50.0,41.0,27.0,1,0.06915402412414551,1
58.0,47.0,25.0,1,0.06916189193725586,1
46.0,51.0,25.0,1,0.0691690444946289,1
51.0,49.0,25.0,1,0.06917691230773926,1
52.0,63.0,23.0,1,0.06918501853942871,1
61.0,70.0,22.0,1,0.06919193267822266,1
57.0,52.0,24.0,1,0.06920003890991211,1
50.0,22.0,52.0,1,0.06920790672302246,1
56.0,21.0,54.0,1,0.06921601295471191,1
48.0,22.0,60.0,1,0.06922411918640137,1
28.0,35.0,56.0,1,0.06923198699951172,1
30.0,33.0,55.0,1,0.06924009323120117,1
45.0,23.0,53.0,1,0.06924700736999512,1
35.0,27.0,65.0,1,0.06925511360168457,1
37.0,26.0,63.0,1,0.06926298141479492,1
43.0,23.0,61.0,1,0.06926989555358887,1
36.0,26.0,68.0,1,0.06927800178527832,1
38.0,25.0,71.0,1,0.06928610801696777,1
25.0,47.0,54.0,1,0.06930899620056152,1
25.0,41.0,56.0,1,0.06931591033935547,1
24.0,46.0,63.0,1,0.06932401657104492,1
30.0,31.0,64.0,1,0.06933093070983887,1
29.0,33.0,59.0,1,0.06933903694152832,1
28.0,33.0,64.0,1,0.06934690475463867,1
45.0,33.0,34.0,1,0.06937003135681152,1
50.0,28.0,35.0,1,0.06938505172729492,1
40.0,29.0,44.0,1,0.06939291954040527,1
45.0,27.0,41.0,1,0.06940007209777832,1
42.0,28.0,43.0,1,0.06940793991088867,1
39.0,26.0,55.0,1,0.06941604614257812,1
42.0,26.0,47.0,1,0.06942296028137207,1
44.0,65.0,24.0,1,0.06943106651306152,1
36.0,27.0,60.0,1,0.06943893432617188,1
37.0,27.0,56.0,1,0.06944608688354492,1
31.0,31.0,59.0,1,0.06945395469665527,1
43.0,37.0,32.0,1,0.06946897506713867,1
45.0,43.0,27.0,1,0.06947588920593262,1
42.0,44.0,28.0,1,0.06948399543762207,1
34.0,54.0,31.0,1,0.06949210166931152,1
35.0,51.0,31.0,1,0.06949996948242188,1
41.0,48.0,27.0,1,0.06950712203979492,1
32.0,48.0,36.0,1,0.06952190399169922,1
35.0,34.0,43.0,1,0.06955289840698242,1
26.0,52.0,49.0,1,0.06956100463867188,1
25.0,62.0,51.0,1,0.06956791877746582,1
24.0,57.0,56.0,1,0.06957602500915527,1
59.0,71.0,22.0,1,0.06958389282226562,1
46.0,59.0,24.0,1,0.06959104537963867,1
42.0,56.0,25.0,1,0.06959891319274902,1
47.0,69.0,23.0,1,0.06960701942443848,1
40.0,32.0,40.0,1,0.06962203979492188,1
37.0,33.0,42.0,1,0.06962990760803223,1
30.0,36.0,49.0,1,0.06964492797851562,1
33.0,41.0,40.0,1,0.06965303421020508,1
30.0,47.0,40.0,1,0.06966090202331543,1
50.0,54.0,24.0,1,0.06966900825500488,1
50.0,64.0,23.0,1,0.06967592239379883,1
49.0,65.0,23.0,1,0.06968402862548828,1
30.0,53.0,38.0,1,0.06969094276428223,1
27.0,51.0,46.0,1,0.06969904899597168,1
29.0,43.0,45.0,1,0.06970691680908203,1
27.0,45.0,48.0,1,0.06971406936645508,1
28.0,46.0,45.0,1,0.06972193717956543,1
31.0,56.0,35.0,1,0.06973004341125488,1
26.0,61.0,48.0,1,0.06973695755004883,1
28.0,54.0,43.0,1,0.06974506378173828,1
58.0,25.0,38.0,2,0.13595104217529297,2
54.0,23.0,44.0,2,0.13598299026489258,2
52.0,22.0,50.0,2,0.13599896430969238,2
62.0,28.0,33.0,2,0.13602304458618164,2
32.0,33.0,52.0,2,0.13618803024291992,2
49.0,46.0,26.0,2,0.1362318992614746,2
53.0,30.0,33.0,2,0.13627099990844727,2
47.0,25.0,45.0,2,0.1362779140472412,2
53.0,26.0,39.0,2,0.13628602027893066,2
52.0,27.0,38.0,2,0.13629388809204102,2
49.0,24.0,45.0,2,0.13630199432373047,2
45.0,51.0,26.0,2,0.13638806343078613,2
41.0,26.0,51.0,2,0.13642597198486328,2
39.0,29.0,48.0,2,0.13643407821655273,2
41.0,28.0,47.0,2,0.13644194602966309,2
36.0,33.0,46.0,2,0.13645005226135254,2
42.0,36.0,36.0,2,0.13645696640014648,2
48.0,35.0,32.0,2,0.13652896881103516,2
40.0,40.0,34.0,2,0.1365370750427246,2
39.0,47.0,30.0,2,0.13663196563720703,2
43.0,42.0,30.0,2,0.13664698600769043,2
32.0,40.0,43.0,2,0.13666296005249023,2
47.0,31.0,37.0,2,0.1367020606994629,2
43.0,24.0,54.0,3,0.17752408981323242,2
29.0,54.0,41.0,3,0.17771410942077637,2
29.0,39.0,49.0,4,0.24275994300842285,3
26.0,40.0,58.0,4,0.24280500411987305,3
24.0,55.0,60.0,4,0.2428131103515625,3
26.0,39.0,65.0,4,0.2429981231689453,3
27.0,39.0,56.0,5,0.28936004638671875,3
30.0,39.0,47.0,5,0.28940701484680176,3
55.0,35.0,29.0,5,0.2894139289855957,3
37.0,31.0,46.0,6,0.32333993911743164,3
54.0,27.0,36.0,6,0.3233480453491211,3
37.0,44.0,33.0,6,0.3233931064605713,3
45.0,28.0,40.0,6,0.32340097427368164,3
47.0,26.0,41.0,6,0.3234078884124756,3
48.0,30.0,36.0,6,0.32343006134033203,3
43.0,35.0,35.0,6,0.32344603538513184,3
47.0,39.0,29.0,6,0.32346010208129883,3
34.0,46.0,35.0,6,0.3234829902648926,3
40.0,33.0,39.0,6,0.3234899044036865,3
37.0,38.0,37.0,6,0.323498010635376,3
35.0,37.0,41.0,6,0.32354211807250977,3
53.0,24.0,40.0,7,0.3546779155731201,3
40.0,48.0,28.0,7,0.35468602180480957,3
43.0,52.0,26.0,7,0.35470104217529297,3
39.0,51.0,28.0,7,0.3547239303588867,3
38.0,40.0,35.0,7,0.3547539710998535,3
44.0,43.0,28.0,7,0.35482096672058105,3
41.0,56.0,26.0,7,0.35483598709106445,3
49.0,35.0,31.0,7,0.35486602783203125,3
51.0,34.0,31.0,7,0.3548729419708252,3
31.0,37.0,48.0,7,0.3548879623413086,3
37.0,47.0,31.0,7,0.35489606857299805,3
31.0,50.0,38.0,7,0.3549039363861084,3
31.0,44.0,42.0,7,0.3550240993499756,3
34.0,41.0,39.0,7,0.3550539016723633,3
57.0,26.0,37.0,8,0.4206829071044922,4
47.0,23.0,51.0,9,0.4781229496002197,4
47.0,36.0,33.0,12,0.6149230003356934,4
41.0,39.0,33.0,12,0.6149890422821045,4
39.0,31.0,45.0,12,0.6149969100952148,4
35.0,39.0,39.0,12,0.6150410175323486,4
38.0,37.0,37.0,12,0.6150479316711426,4
38.0,28.0,51.0,13,0.6489360332489014,4
38.0,53.0,29.0,13,0.6489510536193848,4
32.0,43.0,42.0,13,0.6490030288696289,4
33.0,33.0,50.0,13,0.6490769386291504,4
35.0,45.0,35.0,13,0.6491429805755615,4
34.0,52.0,34.0,14,0.6836869716644287,4
41.0,41.0,32.0,14,0.6837320327758789,4
36.0,44.0,35.0,14,0.6837389469146729,4
44.0,40.0,30.0,15,0.7144761085510254,4
34.0,39.0,42.0,15,0.7146420478820801,4
49.0,28.0,39.0,18,0.8966200351715088,5
48.0,68.0,23.0,21,1.0322930812835693,5
45.0,42.0,28.0,24,1.1449589729309082,5
42.0,41.0,31.0,25,1.1721019744873047,5
49.0,32.0,34.0,26,1.206413984298706,5
37.0,35.0,41.0,26,1.2065949440002441,5
52.0,33.0,31.0,27,1.2298269271850586,5
42.0,33.0,38.0,27,1.2300031185150146,5
40.0,36.0,37.0,29,1.2924048900604248,5
45.0,31.0,38.0,29,1.2925169467926025,5
35.0,44.0,37.0,30,1.3228321075439453,5
33.0,57.0,33.0,31,1.3494839668273926,5
31.0,52.0,37.0,31,1.3497450351715088,5
59.0,61.0,23.0,42,1.8861570358276367,6
52.0,37.0,29.0,42,1.8862380981445312,6
50.0,40.0,28.0,42,1.8862459659576416,6
39.0,60.0,27.0,42,1.8864250183105469,6
25.0,56.0,53.0,46,2.0413830280303955,6
29.0,46.0,44.0,47,2.068492889404297,6
39.0,41.0,34.0,48,2.1097590923309326,6
35.0,46.0,34.0,48,2.1098039150238037,6
32.0,45.0,39.0,49,2.138730049133301,6
33.0,54.0,34.0,49,2.138745069503784,6
36.0,32.0,47.0,50,2.169187068939209,6
40.0,26.0,54.0,50,2.1692020893096924,6
36.0,30.0,53.0,51,2.184911012649536,6
36.0,39.0,38.0,51,2.1849939823150635,6
50.0,27.0,39.0,52,2.218748092651367,6
36.0,42.0,37.0,54,2.2612109184265137,6
34.0,44.0,38.0,54,2.26123309135437,6
41.0,34.0,38.0,56,2.3188469409942627,6
29.0,38.0,55.0,57,2.352246046066284,6
32.0,37.0,46.0,57,2.352396011352539,6
31.0,40.0,46.0,57,2.3525750637054443,6
50.0,32.0,33.0,58,2.3798279762268066,6
40.0,44.0,32.0,59,2.419339895248413,6
36.0,50.0,31.0,60,2.4496641159057617,6
42.0,55.0,26.0,60,2.4497389793395996,6
41.0,47.0,28.0,60,2.449798107147217,6
46.0,39.0,30.0,61,2.473536968231201,6
36.0,58.0,29.0,61,2.473618984222412,6
33.0,46.0,38.0,62,2.500852108001709,6
33.0,44.0,39.0,63,2.528568983078003,6
56.0,26.0,38.0,65,2.6586899757385254,7
34.0,28.0,68.0,78,3.2518110275268555,7
35.0,29.0,57.0,78,3.251970052719116,7
32.0,30.0,67.0,79,3.2802839279174805,7
36.0,31.0,50.0,79,3.280381917953491,7
33.0,31.0,55.0,79,3.2804200649261475,7
27.0,37.0,58.0,79,3.280545949935913,7
29.0,41.0,48.0,90,3.678539991378784,7
29.0,53.0,42.0,92,3.738008975982666,7
36.0,43.0,36.0,95,3.825498104095459,7
39.0,46.0,31.0,96,3.899209976196289,7
33.0,32.0,53.0,99,3.9687509536743164,7
42.0,31.0,40.0,104,4.078562021255493,7
44.0,27.0,43.0,104,4.078623056411743,7
39.0,32.0,42.0,104,4.078699111938477,7
42.0,30.0,42.0,105,4.09268593788147,7
46.0,32.0,37.0,108,4.151078939437866,7
43.0,30.0,40.0,111,4.2429358959198,7
41.0,45.0,31.0,114,4.340600967407227,7
36.0,56.0,30.0,118,4.4365880489349365,7
38.0,52.0,30.0,118,4.436738967895508,7
39.0,43.0,33.0,120,4.488919973373413,7
37.0,53.0,30.0,120,4.489099025726318,7
40.0,25.0,61.0,148,5.588686943054199,8
42.0,25.0,53.0,148,5.588903903961182,8
46.0,26.0,45.0,148,5.588911056518555,8
39.0,25.0,68.0,149,5.623064994812012,8
42.0,24.0,58.0,149,5.623265981674194,8
34.0,30.0,57.0,150,5.655994892120361,8
33.0,30.0,64.0,151,5.6824469566345215,8
31.0,42.0,44.0,164,6.1449151039123535,8
31.0,49.0,39.0,172,6.348467111587524,8
34.0,35.0,46.0,180,6.558263063430786,8
37.0,30.0,51.0,180,6.5582849979400635,8
41.0,37.0,36.0,198,6.880539894104004,8
47.0,38.0,30.0,200,6.910156011581421,8
39.0,36.0,39.0,203,7.005913972854614,8
48.0,32.0,35.0,212,7.29555606842041,8
42.0,40.0,32.0,214,7.3360230922698975,8
37.0,43.0,35.0,214,7.336030006408691,8
29.0,52.0,43.0,225,7.610213994979858,8
41.0,24.0,71.0,260,8.811928033828735,9
54.0,36.0,29.0,273,9.225434064865112,9
49.0,41.0,28.0,273,9.225547075271606,9
56.0,44.0,26.0,278,9.371371030807495,9
40.0,39.0,35.0,306,9.942580938339233,9
45.0,25.0,47.0,316,10.153373003005981,9
44.0,25.0,49.0,316,10.153441905975342,9
47.0,29.0,39.0,320,10.219046115875244,9
37.0,42.0,36.0,322,10.248272895812988,9
34.0,37.0,43.0,331,10.390726089477539,9
50.0,26.0,40.0,334,10.474849939346313,9
35.0,43.0,38.0,367,11.209523916244507,9
34.0,29.0,62.0,394,12.131026029586792,10
30.0,35.0,54.0,402,12.346825122833252,10
31.0,34.0,52.0,403,12.415019989013672,10
27.0,42.0,52.0,426,13.063101053237915,10
26.0,50.0,51.0,426,13.063116073608398,10
28.0,44.0,48.0,427,13.08351993560791,10
37.0,32.0,45.0,495,14.191735982894897,10
34.0,33.0,47.0,495,14.191742897033691,10
44.0,36.0,34.0,512,14.605264902114868,10
37.0,57.0,29.0,524,14.846983909606934,10
35.0,28.0,63.0,560,15.773262977600098,11
37.0,28.0,55.0,560,15.773437976837158,11
38.0,26.0,60.0,561,15.807575941085815,11
41.0,25.0,60.0,567,15.983288049697876,11
24.0,52.0,61.0,592,16.616528034210205,11
36.0,36.0,42.0,659,17.581541061401367,11
33.0,36.0,47.0,659,17.58159589767456,11
34.0,36.0,45.0,666,17.746323108673096,11
40.0,38.0,36.0,794,20.193313121795654,12
52.0,25.0,40.0,802,20.325788974761963,12
40.0,27.0,51.0,804,20.36134099960327,12
38.0,35.0,40.0,815,20.454325914382935,12
33.0,39.0,45.0,836,20.697099924087524,12
32.0,32.0,57.0,897,21.822680950164795,13
57.0,62.0,23.0,906,21.999386072158813,13
46.0,50.0,26.0,938,22.50295400619507,13
40.0,28.0,49.0,964,22.816898107528687,13
38.0,30.0,50.0,991,23.008996963500977,13
27.0,41.0,54.0,1078,24.339123010635376,14
36.0,49.0,33.0,1090,24.49808096885681,14
26.0,48.0,53.0,1213,25.941456079483032,15
30.0,45.0,44.0,1216,25.976680994033813,15
36.0,28.0,59.0,1232,26.13259196281433,15
46.0,24.0,49.0,1238,26.1913959980011,15
57.0,32.0,31.0,1504,28.44297695159912,18
26.0,44.0,54.0,1526,28.612056970596313,18
41.0,27.0,49.0,1544,28.72292709350586,18
