z1,z2,z3,node,time,depth
1412.0,3016.0,3141.0,1,0.010954141616821289,1
3047.0,1936.0,2407.0,1,0.010957002639770508,1
3781.0,2625.0,909.0,1,0.010960102081298828,1
3832.0,1885.0,1648.0,1,0.010963201522827148,1
3923.0,2287.0,1218.0,1,0.010966062545776367,1
2893.0,2082.0,2302.0,1,0.010970115661621094,1
3255.0,3141.0,763.0,1,0.010972976684570312,1
3481.0,2442.0,1069.0,1,0.010976076126098633,1
1760.0,2693.0,2921.0,1,0.010979175567626953,1
2459.0,2062.0,3041.0,1,0.010982036590576172,1
3845.0,1583.0,3166.0,1,0.010985136032104492,1
3219.0,1739.0,3005.0,1,0.010987997055053711,1
3209.0,1694.0,3711.0,1,0.010991096496582031,1
3807.0,1613.0,2371.0,1,0.010994195938110352,1
2801.0,2840.0,1192.0,1,0.01099705696105957,1
2295.0,2163.0,3642.0,1,0.01100015640258789,1
2449.0,2017.0,3747.0,1,0.011003971099853516,1
2305.0,2208.0,2936.0,1,0.011007070541381836,1
1502.0,4472.0,1770.0,1,0.011010169982910156,1
1502.0,4173.0,1786.0,1,0.011013031005859375,1
1581.0,4451.0,1678.0,1,0.011017084121704102,1
1581.0,4152.0,1694.0,1,0.011020183563232422,1
2258.0,3874.0,1181.0,1,0.01102304458618164,1
2669.0,3616.0,918.0,1,0.011026144027709961,1
1988.0,3796.0,1425.0,1,0.01102900505065918,1
2124.0,3118.0,1705.0,1,0.0110321044921875,1
1400.0,3922.0,2059.0,1,0.01103520393371582,1
1536.0,3244.0,2339.0,1,0.011038064956665039,1
1457.0,3265.0,2431.0,1,0.011042118072509766,1
1713.0,3376.0,1968.0,1,0.011044979095458984,1
1634.0,3397.0,2060.0,1,0.011048078536987305,1
1321.0,3943.0,2151.0,1,0.011051177978515625,1
1263.0,3442.0,2756.0,1,0.011054039001464844,1
1267.0,3499.0,2698.0,1,0.011057138442993164,1
2696.0,2493.0,1828.0,1,0.01106119155883789,1
2108.0,2619.0,2462.0,1,0.01106405258178711,1
1606.0,2839.0,2816.0,1,0.01106715202331543,1
3101.0,3023.0,1032.0,2,0.021100997924804688,2
3657.0,2056.0,2018.0,2,0.021104097366333008,2
3152.0,2283.0,1771.0,2,0.021113157272338867,2
2998.0,2429.0,1666.0,2,0.021116018295288086,2
3632.0,1784.0,2741.0,2,0.021121978759765625,2
3034.0,1865.0,4081.0,2,0.021128177642822266,2
2390.0,3098.0,1455.0,2,0.021162986755371094,2
1634.0,3696.0,2044.0,2,0.021169185638427734,2
1713.0,3675.0,1952.0,2,0.021172046661376953,2
1448.0,3729.0,2333.0,2,0.021178007125854492,2
2804.0,2720.0,1582.0,3,0.03376913070678711,2
1416.0,3073.0,3083.0,4,0.04402613639831543,3
3452.0,2466.0,1611.0,4,0.044033050537109375,3
1783.0,2971.0,2445.0,4,0.044036149978637695,3
2587.0,2687.0,1929.0,4,0.044042110443115234,3
3298.0,2612.0,1506.0,4,0.044051170349121094,3
3306.0,2613.0,1439.0,5,0.05149698257446289,3
2081.0,3742.0,1552.0,6,0.06274700164794922,3
2574.0,3321.0,1270.0,7,0.07103109359741211,3
1988.0,4095.0,1409.0,7,0.07105302810668945,3
3155.0,2163.0,2161.0,7,0.07107400894165039,3
3076.0,2184.0,2253.0,7,0.07107996940612793,3
1937.0,2825.0,2550.0,8,0.08229804039001465,4
1570.0,2968.0,3252.0,8,0.08230113983154297,4
2880.0,2011.0,3976.0,9,0.08871912956237793,4
3189.0,2167.0,2136.0,9,0.08872509002685547,4
2213.0,2966.0,1826.0,10,0.09549617767333984,4
1918.0,2853.0,2729.0,10,0.09552311897277832,4
2124.0,3417.0,1689.0,11,0.10155916213989258,4
3697.0,2986.0,912.0,12,0.11137604713439941,4
4223.0,2470.0,1058.0,12,0.11138319969177246,4
3456.0,2170.0,1792.0,13,0.11930203437805176,4
2868.0,2296.0,2426.0,13,0.11930513381958008,4
2366.0,2516.0,2780.0,14,0.12748503684997559,4
2725.0,2741.0,1674.0,14,0.1275191307067871,4
2495.0,3342.0,1362.0,14,0.12752199172973633,4
1909.0,4116.0,1501.0,14,0.1275341510772705,4
2475.0,2561.0,2284.0,16,0.142409086227417,5
1877.0,2642.0,3624.0,16,0.1424121856689453,5
1887.0,2687.0,2918.0,16,0.14244318008422852,5
2064.0,2819.0,2547.0,16,0.1424729824066162,5
2645.0,2645.0,2130.0,17,0.1503159999847412,5
2363.0,2166.0,3137.0,17,0.15032315254211426,5
2999.0,2055.0,2592.0,17,0.15033912658691406,5
3104.0,2402.0,1956.0,17,0.15034198760986328,5
2396.0,2582.0,2376.0,17,0.1503450870513916,5
2948.0,2014.0,3471.0,17,0.15035414695739746,5
2410.0,2555.0,2300.0,18,0.15665197372436523,5
2015.0,2489.0,3357.0,19,0.1622180938720703,5
2482.0,2340.0,2565.0,19,0.16222119331359863,5
2209.0,2312.0,3032.0,19,0.1622459888458252,5
2386.0,2444.0,2661.0,19,0.16224908828735352,5
2019.0,2546.0,3299.0,19,0.16225218772888184,5
2099.0,3083.0,2364.0,20,0.1687932014465332,5
2285.0,2751.0,2091.0,20,0.16879606246948242,5
2404.0,2704.0,2296.0,21,0.17381501197814941,5
2341.0,3224.0,1631.0,22,0.17894601821899414,5
2341.0,3523.0,1615.0,22,0.17894911766052246,5
2045.0,3139.0,1797.0,22,0.1789531707763672,5
2045.0,3438.0,1781.0,22,0.1789560317993164,5
1527.0,3708.0,2241.0,23,0.1838850975036621,5
1342.0,3421.0,2664.0,23,0.18389105796813965,5
1346.0,3478.0,2606.0,23,0.18389415740966797,5
4107.0,1796.0,2211.0,24,0.19548797607421875,5
4132.0,2068.0,1488.0,24,0.19549202919006348,5
2973.0,2643.0,1790.0,27,0.216231107711792,5
2088.0,3698.0,1631.0,28,0.22403407096862793,5
2531.0,2918.0,1999.0,28,0.22405219078063965,5
2610.0,2897.0,1907.0,28,0.22405505180358887,5
2564.0,2409.0,2405.0,32,0.24695897102355957,6
2468.0,2513.0,2501.0,34,0.2602360248565674,6
2173.0,2441.0,3468.0,34,0.26026010513305664,6
2242.0,2728.0,2271.0,36,0.2709171772003174,6
2931.0,2052.0,3097.0,38,0.28002119064331055,6
2890.0,2056.0,3270.0,39,0.28389811515808105,6
2601.0,2293.0,2770.0,39,0.2839009761810303,6
2992.0,2578.0,1662.0,40,0.28951501846313477,6
2506.0,2727.0,2095.0,41,0.2964911460876465,6
1380.0,3391.0,3459.0,44,0.31043004989624023,6
1934.0,3580.0,1900.0,44,0.3104391098022461,6
1855.0,3373.0,2064.0,44,0.31046104431152344,6
1851.0,3316.0,2122.0,44,0.310467004776001,6
3759.0,1732.0,2556.0,50,0.34867310523986816,6
3325.0,2247.0,2007.0,50,0.34868502616882324,6
3875.0,2406.0,1403.0,50,0.3487260341644287,6
3784.0,2004.0,1833.0,50,0.34873199462890625,6
3123.0,1843.0,3101.0,50,0.34873509407043457,6
2969.0,1989.0,2996.0,50,0.3487381935119629,6
3752.0,2255.0,1626.0,52,0.3638310432434082,6
1965.0,3241.0,2410.0,54,0.37427520751953125,6
2167.0,3677.0,1539.0,56,0.3874549865722656,6
2217.0,2942.0,2395.0,59,0.4006831645965576,6
1909.0,3817.0,1517.0,60,0.40721702575683594,6
2636.0,2194.0,2670.0,64,0.42624402046203613,7
3044.0,1910.0,3375.0,64,0.42627501487731934,7
2491.0,2791.0,2025.0,72,0.47052717208862305,7
2321.0,2707.0,2179.0,73,0.4751560688018799,7
1910.0,2965.0,2442.0,73,0.47516608238220215,7
1720.0,3240.0,2773.0,73,0.4751780033111572,7
2314.0,2659.0,2396.0,75,0.48326897621154785,7
2703.0,2316.0,2569.0,76,0.4879181385040283,7
2115.0,2442.0,3203.0,78,0.4958970546722412,7
2105.0,2397.0,3909.0,78,0.49590015411376953,7
2690.0,3281.0,1295.0,80,0.5032670497894287,7
2237.0,2870.0,2276.0,81,0.507188081741333,7
2342.0,3217.0,1640.0,81,0.5071911811828613,7
2342.0,3516.0,1624.0,81,0.5071940422058105,7
1753.0,3350.0,2265.0,88,0.5376989841461182,7
1934.0,3352.0,1972.0,94,0.5559940338134766,7
1930.0,3295.0,2030.0,94,0.5559999942779541,7
3721.0,2326.0,1751.0,96,0.5694401264190674,7
3055.0,1840.0,3606.0,100,0.5989491939544678,7
3065.0,1885.0,2900.0,103,0.6117770671844482,7
3653.0,1759.0,2266.0,103,0.6117801666259766,7
3758.0,2106.0,1630.0,103,0.6117861270904541,7
2323.0,3716.0,1464.0,104,0.619077205657959,7
2844.0,3399.0,1026.0,105,0.6247031688690186,7
3370.0,2883.0,1172.0,105,0.6247282028198242,7
3070.0,2700.0,1332.0,107,0.6321351528167725,7
3045.0,2428.0,2055.0,107,0.63214111328125,7
3081.0,2384.0,2143.0,116,0.6806302070617676,7
3347.0,2119.0,2247.0,131,0.740462064743042,8
2131.0,2941.0,2446.0,144,0.7934331893920898,8
2845.0,2201.0,2487.0,150,0.8141071796417236,8
2585.0,2934.0,1931.0,158,0.8381741046905518,8
2613.0,2951.0,1813.0,162,0.8545989990234375,8
2738.0,3055.0,1475.0,164,0.8629791736602783,8
2165.0,3085.0,2011.0,167,0.8712730407714844,8
2060.0,2738.0,2647.0,169,0.8754851818084717,8
2013.0,3559.0,1808.0,188,0.9247829914093018,8
1523.0,3651.0,2299.0,188,0.9248051643371582,8
3605.0,1878.0,2451.0,196,0.9806520938873291,8
3923.0,1844.0,2022.0,200,0.9984080791473389,8
4014.0,2246.0,1592.0,200,0.9984230995178223,8
3139.0,2640.0,1621.0,208,1.0372731685638428,8
3021.0,2826.0,1508.0,224,1.107712984085083,8
2540.0,2298.0,2766.0,266,1.2511680126190186,9
1529.0,2965.0,3844.0,282,1.2988049983978271,9
1723.0,2788.0,3519.0,284,1.3028521537780762,9
2648.0,2612.0,2013.0,304,1.3496770858764648,9
2753.0,2959.0,1377.0,306,1.3547351360321045,9
2753.0,3258.0,1361.0,306,1.3547379970550537,9
1832.0,3329.0,2173.0,350,1.473008155822754,9
2621.0,4034.0,1087.0,384,1.603166103363037,9
2210.0,4292.0,1350.0,388,1.625298023223877,9
3002.0,2405.0,2235.0,421,1.7362430095672607,9
2052.0,2962.0,2538.0,493,1.964172124862671,10
3089.0,2388.0,2040.0,502,1.9916901588439941,10
1733.0,2833.0,2813.0,512,2.0177860260009766,10
2830.0,2297.0,2585.0,518,2.0293500423431396,10
3691.0,1729.0,3061.0,633,2.292041063308716,10
3490.0,2083.0,2200.0,646,2.3325860500335693,10
3207.0,3260.0,948.0,663,2.3803470134735107,10
3342.0,3002.0,1131.0,666,2.3962671756744385,10
1543.0,3067.0,3080.0,822,2.7988271713256836,11
2892.0,2799.0,1566.0,878,2.897428035736084,11
1444.0,3672.0,2391.0,890,2.9170830249786377,11
3421.0,2143.0,1911.0,975,3.1185410022735596,11
2210.0,3993.0,1366.0,1009,3.2304561138153076,11
3433.0,2561.0,1254.0,1012,3.240154981613159,11
3022.0,2819.0,1517.0,1014,3.2448980808258057,11
1846.0,4032.0,1800.0,1066,3.352670192718506,11
1539.0,3010.0,3138.0,1168,3.54414701461792,12
3396.0,1871.0,2634.0,1278,3.7772281169891357,12
2606.0,3831.0,1201.0,1320,3.8823671340942383,12
3572.0,2401.0,1443.0,1336,3.9250900745391846,12
1896.0,4003.0,1846.0,1394,4.030322074890137,12
3769.0,2100.0,1931.0,1566,4.335859060287476,13
2796.0,3518.0,1211.0,1606,4.439633131027222,13
3418.0,2657.0,1352.0,1619,4.468835115432739,13
2621.0,3735.0,1103.0,1796,4.7609851360321045,14
