z1,z2,z3,node,time,depth
8216.0,6860.0,5899.0,1,0.4067819118499756,1
7623.0,7178.0,6032.0,1,0.406796932220459,1
4338.0,9799.0,11182.0,1,0.406810998916626,1
4535.0,8919.0,11857.0,1,0.4069948196411133,1
6169.0,6338.0,8728.0,1,0.40705084800720215,1
5234.0,8247.0,7106.0,1,0.4071359634399414,1
7735.0,8876.0,4942.0,1,0.4076228141784668,1
7104.0,5767.0,8932.0,1,0.40776491165161133,1
8994.0,6222.0,5987.0,1,0.40804481506347656,1
10880.0,11040.0,4427.0,2,0.8790159225463867,2
9952.0,11336.0,4860.0,3,1.0756809711456299,2
7403.0,10952.0,6521.0,3,1.075791835784912,2
8839.0,5585.0,10999.0,3,1.0760538578033447,2
11638.0,5423.0,8622.0,3,1.0760679244995117,2
11530.0,5391.0,8763.0,3,1.0760819911956787,2
10338.0,5338.0,9131.0,3,1.0761098861694336,2
9709.0,5426.0,9509.0,3,1.076136827468872,2
9557.0,5382.0,10491.0,3,1.076150894165039,2
9849.0,5311.0,10401.0,3,1.076164960861206,2
8588.0,5294.0,12058.0,5,1.801360845565796,3
8979.0,5035.0,11905.0,5,1.801374912261963,3
11377.0,5633.0,8154.0,5,1.8014168739318848,3
9129.0,5147.0,11288.0,5,1.8014309406280518,3
9574.0,5114.0,10977.0,5,1.8014450073242188,3
9424.0,5002.0,11594.0,5,1.8014578819274902,3
11667.0,5771.0,7869.0,5,1.8015828132629395,3
11282.0,5127.0,9313.0,5,1.80159592628479,3
11390.0,5159.0,9172.0,5,1.801609992980957,3
11506.0,5106.0,9317.0,5,1.801623821258545,3
11398.0,5074.0,9458.0,5,1.8016369342803955,3
11887.0,8210.0,5730.0,5,1.8017339706420898,3
11462.0,5515.0,8382.0,5,1.8017749786376953,3
11752.0,5653.0,8097.0,5,1.8017888069152832,3
10892.0,8545.0,5762.0,5,1.8018848896026611,3
7841.0,6595.0,6784.0,5,1.8019118309020996,3
10662.0,8866.0,5471.0,6,2.1184468269348145,3
11181.0,5935.0,7912.0,6,2.118501901626587,3
11158.0,5785.0,8281.0,6,2.118583917617798,3
7104.0,10418.0,6972.0,6,2.1187078952789307,3
11266.0,5817.0,8140.0,6,2.1188859939575195,3
11338.0,6173.0,7350.0,6,2.11895489692688,3
9072.0,5689.0,10642.0,6,2.1189818382263184,3
11073.0,5903.0,8053.0,6,2.1189959049224854,3
9897.0,11294.0,4882.0,6,2.119256019592285,3
8760.0,5663.0,10870.0,7,2.278646945953369,3
9120.0,5174.0,11484.0,9,3.0616018772125244,4
6893.0,5929.0,13856.0,9,3.0616159439086914,4
9469.0,5160.0,11200.0,9,3.061628818511963,4
5796.0,7320.0,12143.0,9,3.06164288520813,4
5447.0,7925.0,11784.0,9,3.061656951904297,4
11595.0,5415.0,8659.0,10,3.3853628635406494,4
11680.0,5297.0,8887.0,10,3.3853769302368164,4
8582.0,5334.0,11959.0,10,3.3854880332946777,4
8732.0,5446.0,11342.0,10,3.385500907897949,4
11197.0,5245.0,9085.0,10,3.385653018951416,4
9129.0,5470.0,10621.0,10,3.385666847229004,4
8973.0,5075.0,11806.0,10,3.385845899581909,4
11305.0,5277.0,8944.0,10,3.3860108852386475,4
9122.0,5233.0,11097.0,10,3.386051893234253,4
9123.0,5187.0,11189.0,10,3.3861889839172363,4
11578.0,5462.0,8527.0,11,3.5997560024261475,4
11470.0,5430.0,8668.0,11,3.5997698307037354,4
11354.0,5483.0,8523.0,11,3.599782943725586,4
10898.0,6187.0,7745.0,13,4.1458659172058105,4
11625.0,5897.0,7604.0,14,4.417963981628418,4
11915.0,6035.0,7319.0,14,4.417991876602173,4
11710.0,5779.0,7832.0,14,4.418184995651245,4
12000.0,5917.0,7547.0,14,4.418198823928833,4
8974.0,6570.0,8431.0,14,4.41874885559082,4
11522.0,5476.0,8477.0,15,4.559610843658447,4
11414.0,5444.0,8618.0,15,4.559623956680298,4
9254.0,5502.0,9946.0,17,5.4045679569244385,5
8738.0,5740.0,10048.0,17,5.404691934585571,5
9883.0,5414.0,9568.0,17,5.4049530029296875,5
9448.0,6179.0,8672.0,17,5.40548300743103,5
9354.0,6053.0,8879.0,17,5.405496835708618,5
9870.0,5815.0,8777.0,17,5.405510902404785,5
6943.0,5924.0,13348.0,18,5.684294939041138,5
6952.0,6259.0,11122.0,18,5.684309005737305,5
8642.0,5390.0,11755.0,18,5.684321880340576,5
9139.0,5759.0,9968.0,18,5.684692859649658,5
8792.0,5502.0,11138.0,18,5.684706926345825,5
6882.0,5957.0,13789.0,19,5.820592880249023,5
9418.0,5042.0,11495.0,20,6.061275005340576,5
11796.0,5244.0,9032.0,20,6.061509847640991,5
11487.0,5383.0,8800.0,20,6.0617170333862305,5
11572.0,5265.0,9028.0,20,6.061743974685669,5
9574.0,5437.0,10310.0,20,6.061880826950073,5
9568.0,5154.0,10878.0,20,6.062100887298584,5
9567.0,5200.0,10786.0,20,6.062129020690918,5
11049.0,5618.0,8607.0,21,6.301431894302368,5
10941.0,5586.0,8748.0,21,6.301746845245361,5
11691.0,6056.0,7315.0,30,8.498726844787598,5
11486.0,5800.0,7828.0,30,8.49911093711853,5
11776.0,5938.0,7543.0,30,8.499125003814697,5
11329.0,5562.0,8390.0,30,8.499166011810303,5
9770.0,5389.0,10272.0,30,8.499178886413574,5
11401.0,5918.0,7600.0,30,8.499329805374146,5
9478.0,5460.0,10362.0,30,8.499343872070312,5
9193.0,5664.0,9611.0,31,8.602082967758179,5
4583.0,10369.0,10580.0,33,9.378965854644775,6
4599.0,8817.0,12079.0,33,9.379103899002075,6
4406.0,9794.0,11024.0,33,9.379130840301514,6
4651.0,10364.0,10422.0,33,9.37914490699768,6
4867.0,10206.0,10052.0,33,9.379158973693848,6
7606.0,5754.0,12216.0,36,10.245455026626587,6
5739.0,7691.0,11499.0,37,10.466066837310791,6
5793.0,7585.0,11898.0,37,10.466080904006958,6
11363.0,6041.0,7768.0,51,13.587733030319214,6
9672.0,5651.0,9874.0,62,16.084671020507812,6
9696.0,5827.0,8718.0,62,16.0846848487854,6
9809.0,5977.0,8442.0,62,16.084698915481567,6
11594.0,5832.0,7687.0,62,16.084726810455322,6
11509.0,5950.0,7459.0,62,16.08474087715149,6
9180.0,6065.0,8820.0,62,16.084836959838867,6
10325.0,5739.0,8340.0,62,16.084864854812622,6
9903.0,6103.0,8235.0,62,16.08487892150879,6
11884.0,5970.0,7402.0,62,16.08493399620056,6
8758.0,6429.0,8715.0,62,16.0854229927063,6
11799.0,6088.0,7174.0,62,16.08557391166687,6
4690.0,10012.0,10686.0,66,17.512598991394043,7
4702.0,10039.0,10535.0,66,17.51275086402893,7
5202.0,7997.0,12698.0,66,17.51298499107361,7
5161.0,8517.0,11834.0,66,17.51300597190857,7
5123.0,9403.0,10332.0,66,17.513020038604736,7
5608.0,7509.0,12825.0,66,17.5133638381958,7
5566.0,7544.0,12660.0,66,17.513473987579346,7
5189.0,10642.0,9630.0,67,17.67089581489563,7
6932.0,5952.0,13281.0,76,19.9756920337677,7
7822.0,5580.0,11285.0,76,19.976147890090942,7
8407.0,5518.0,11012.0,76,19.976161003112793,7
8754.0,6529.0,8722.0,76,19.9762020111084,7
9785.0,6183.0,8561.0,76,19.976311922073364,7
9424.0,5325.0,10927.0,78,20.360514879226685,7
9417.0,5088.0,11403.0,78,20.36055588722229,7
11231.0,5724.0,8463.0,79,20.623116970062256,7
8581.0,5380.0,11867.0,82,21.270973920822144,7
8972.0,5121.0,11714.0,82,21.271275997161865,7
8979.0,5358.0,11238.0,82,21.271414041519165,7
11134.0,5500.0,8835.0,83,21.510908842086792,7
11026.0,5468.0,8976.0,83,21.51107096672058,7
11142.0,5415.0,9121.0,83,21.511085987091064,7
11250.0,5447.0,8980.0,83,21.511101007461548,7
11614.0,8226.0,5762.0,87,22.472246885299683,7
11411.0,6112.0,7532.0,92,23.526206970214844,7
11385.0,5548.0,8440.0,92,23.52632999420166,7
11121.0,5974.0,7817.0,92,23.526343822479248,7
11013.0,5942.0,7958.0,92,23.526481866836548,7
11269.0,5601.0,8295.0,92,23.526508808135986,7
9194.0,5598.0,10533.0,92,23.52656388282776,7
11493.0,5580.0,8299.0,92,23.526592016220093,7
11454.0,6120.0,7495.0,98,24.70547103881836,7
11261.0,6206.0,7408.0,98,24.705843925476074,7
10722.0,8466.0,5780.0,108,26.762183904647827,7
11928.0,5561.0,8337.0,115,28.162133932113647,7
10114.0,5372.0,10094.0,119,28.810389041900635,7
11133.0,5723.0,8469.0,119,28.810653924942017,7
10864.0,5891.0,8327.0,119,28.810986042022705,7
10988.0,5944.0,8224.0,120,29.033413887023926,7
9274.0,6191.0,8613.0,122,29.44768786430359,7
11812.0,5614.0,8192.0,124,29.82760787010193,7
11437.0,5594.0,8249.0,124,29.827621936798096,7
9822.0,5576.0,9233.0,124,29.82771897315979,7
11727.0,5732.0,7964.0,124,29.82781481742859,7
9916.0,5702.0,9026.0,124,29.827966928482056,7
4670.0,10261.0,10542.0,127,30.868536949157715,8
5147.0,10303.0,9684.0,127,30.86856698989868,8
4682.0,10191.0,10632.0,127,30.86865496635437,8
4682.0,10288.0,10391.0,127,30.868669986724854,8
4694.0,10218.0,10481.0,127,30.868685007095337,8
5115.0,9582.0,10278.0,127,30.86882996559143,8
5103.0,9652.0,10188.0,127,30.868844032287598,8
6166.0,7483.0,11189.0,127,30.885573863983154,8
5155.0,10027.0,9979.0,130,31.65779995918274,8
5167.0,10054.0,9828.0,130,31.657920837402344,8
4402.0,9697.0,11404.0,132,32.128134965896606,8
4647.0,10267.0,10802.0,132,32.12814998626709,8
6036.0,7110.0,12715.0,132,32.12843084335327,8
4667.0,8812.0,11921.0,132,32.128580808639526,8
4470.0,9692.0,11246.0,132,32.12887692451477,8
4930.0,9698.0,10588.0,132,32.128904819488525,8
7556.0,5759.0,12724.0,142,34.502228021621704,8
8799.0,5739.0,10662.0,146,35.57080602645874,8
5747.0,7685.0,11884.0,148,36.01221680641174,8
6039.0,7451.0,11599.0,148,36.01223087310791,8
9184.0,5652.0,10168.0,150,36.44665193557739,8
9648.0,5620.0,9875.0,151,36.61795496940613,8
8636.0,5430.0,11656.0,152,36.83486294746399,8
6142.0,6980.0,12257.0,152,36.834890842437744,8
6088.0,7086.0,11858.0,152,36.83490490913391,8
9969.0,5331.0,10253.0,156,37.64518880844116,8
9975.0,5291.0,10352.0,156,37.64520287513733,8
9575.0,5391.0,10402.0,156,37.6453058719635,8
8731.0,5492.0,11250.0,164,39.33111095428467,8
8738.0,5729.0,10774.0,164,39.33115196228027,8
11544.0,8269.0,5822.0,170,40.59058403968811,8
10670.0,6118.0,8153.0,182,42.90068602561951,8
11346.0,6088.0,7636.0,194,45.190572023391724,8
11230.0,6141.0,7491.0,196,45.65935802459717,8
11602.0,5747.0,7973.0,226,51.327661991119385,8
9052.0,5592.0,10780.0,237,53.26079201698303,8
11619.0,5700.0,8105.0,239,53.57666301727295,8
10750.0,6064.0,8002.0,240,53.781752824783325,8
11034.0,6061.0,7706.0,240,53.78176689147949,8
11158.0,6114.0,7603.0,242,54.08433699607849,8
11098.0,5688.0,8543.0,244,54.46913290023804,8
10953.0,5909.0,8298.0,244,54.4695680141449,8
11401.0,10179.0,4849.0,249,55.79826092720032,9
11293.0,10012.0,4896.0,249,55.79828882217407,9
5047.0,9405.0,10951.0,251,56.310542821884155,9
5035.0,9378.0,11102.0,251,56.31057000160217,9
5023.0,9448.0,11012.0,251,56.31058382987976,9
4944.0,9471.0,10980.0,259,58.32243895530701,9
5141.0,8591.0,11655.0,259,58.322453022003174,9
5012.0,9466.0,10822.0,259,58.32277584075928,9
5644.0,7325.0,12581.0,260,58.58011484146118,9
5805.0,7198.0,12825.0,260,58.580129861831665,9
5182.0,9632.0,10245.0,260,58.58021688461304,9
5207.0,8558.0,11812.0,260,58.58046197891235,9
5280.0,7778.0,12619.0,260,58.58047699928284,9
5747.0,8178.0,10742.0,260,58.580490827560425,9
9138.0,5694.0,10351.0,277,62.37503385543823,9
6120.0,7481.0,11277.0,289,64.86701989173889,9
9140.0,5638.0,10298.0,290,65.09501099586487,9
9455.0,5467.0,10492.0,290,65.09521484375,9
8871.0,5577.0,10986.0,295,66.00515794754028,9
9425.0,5279.0,11019.0,300,66.95786094665527,9
9581.0,5351.0,10501.0,303,67.5531599521637,9
8980.0,5312.0,11330.0,314,69.63355302810669,9
9130.0,5424.0,10713.0,318,70.3677568435669,9
9524.0,5364.0,10564.0,318,70.36796188354492,9
9530.0,5324.0,10663.0,318,70.36799192428589,9
9044.0,5486.0,11150.0,351,76.2043080329895,9
11206.0,5856.0,8045.0,356,77.01441383361816,9
11644.0,5621.0,8238.0,357,77.10042786598206,9
10623.0,8603.0,5729.0,372,79.98797988891602,9
10817.0,6035.0,8337.0,397,84.2201418876648,9
10500.0,8545.0,5787.0,411,86.46051788330078,9
9025.0,5724.0,10563.0,435,89.97185897827148,9
11303.0,5893.0,7848.0,443,91.31772494316101,9
11240.0,6187.0,7480.0,443,91.31773781776428,9
11019.0,5896.0,8144.0,443,91.31793189048767,9
10692.0,6112.0,8126.0,459,94.20935082435608,10
7224.0,9701.0,7006.0,459,94.2098639011383,10
11144.0,8566.0,5560.0,460,94.57595181465149,10
10561.0,6183.0,7855.0,460,94.5760908126831,10
10974.0,6008.0,7987.0,460,94.5761468410492,10
10067.0,8684.0,5684.0,460,94.57661581039429,10
5055.0,9226.0,11005.0,473,97.32159399986267,10
5043.0,9199.0,11156.0,473,97.32160902023315,10
6096.0,7573.0,11101.0,480,99.01927399635315,10
5318.0,7715.0,12285.0,482,99.44393801689148,10
4879.0,10136.0,10142.0,482,99.44400882720947,10
5847.0,7163.0,12990.0,482,99.44421100616455,10
4603.0,8914.0,11699.0,482,99.44425296783447,10
6079.0,7276.0,11433.0,482,99.44426798820496,10
5610.0,7481.0,12000.0,482,99.44442391395569,10
5686.0,7290.0,12746.0,482,99.44443798065186,10
5956.0,7141.0,12114.0,482,99.44445180892944,10
4969.0,8320.0,11926.0,483,99.53499698638916,10
4798.0,9805.0,10524.0,483,99.53504085540771,10
4866.0,9800.0,10366.0,483,99.53511190414429,10
10892.0,6039.0,8146.0,495,101.83101081848145,10
10936.0,5630.0,9081.0,495,101.83108496665955,10
5933.0,7940.0,10989.0,520,107.11873483657837,10
5641.0,8174.0,11274.0,520,107.11905097961426,10
6720.0,6324.0,13429.0,526,108.35619187355042,10
9968.0,5377.0,10161.0,549,112.20905184745789,10
8739.0,5683.0,10866.0,564,114.8308379650116,10
11057.0,5533.0,8893.0,570,115.7257239818573,10
11165.0,5565.0,8752.0,570,115.72573685646057,10
11559.0,5739.0,8010.0,623,124.0970709323883,10
11303.0,6080.0,7673.0,623,124.0971269607544,10
11322.0,5803.0,8190.0,629,124.94779801368713,10
10410.0,6127.0,8085.0,759,143.73412680625916,10
9781.0,6215.0,8463.0,759,143.73429703712463,10
10277.0,5879.0,8707.0,761,144.08446192741394,10
10164.0,5729.0,8983.0,763,144.2956359386444,10
10182.0,5569.0,9206.0,764,144.410737991333,10
10793.0,5641.0,8605.0,765,144.51492595672607,10
6241.0,7739.0,8108.0,772,146.13333892822266,11
4847.0,10455.0,9908.0,773,146.31383395195007,11
4835.0,10428.0,10059.0,773,146.31388902664185,11
4847.0,10358.0,10149.0,773,146.31390380859375,11
10825.0,5961.0,8221.0,778,147.76904702186584,11
4855.0,10179.0,10203.0,799,151.95114088058472,11
5111.0,9376.0,10483.0,799,151.95131993293762,11
5229.0,8512.0,11676.0,800,152.1896150112152,11
4944.0,10072.0,10232.0,818,156.02666187286377,11
5141.0,9192.0,10907.0,818,156.02671885490417,11
5082.0,10017.0,9987.0,819,156.24013996124268,11
5907.0,7506.0,11855.0,820,156.4171929359436,11
5988.0,7536.0,11533.0,820,156.417249917984,11
5315.0,7980.0,12040.0,820,156.41732382774353,11
5607.0,7746.0,11755.0,820,156.4173378944397,11
5055.0,9522.0,10686.0,820,156.41752195358276,11
5031.0,10299.0,10017.0,820,156.41753602027893,11
6781.0,6291.0,12988.0,848,161.37089800834656,11
7061.0,6148.0,12497.0,850,161.70672798156738,11
5933.0,8017.0,10885.0,867,164.5993299484253,11
9020.0,5624.0,10646.0,873,165.62952995300293,11
6770.0,6319.0,12921.0,876,166.23901891708374,11
7050.0,6176.0,12430.0,876,166.23911786079407,11
8785.0,5588.0,10947.0,882,167.21147298812866,11
9036.0,5599.0,10917.0,931,175.15670204162598,11
11237.0,5921.0,7962.0,997,184.37436389923096,11
11129.0,5889.0,8103.0,999,184.6243019104004,11
11098.0,5824.0,8186.0,1011,186.0868308544159,11
11214.0,5771.0,8331.0,1013,186.18637800216675,11
10659.0,5686.0,9022.0,1130,201.14572191238403,11
9012.0,5675.0,10781.0,1139,202.13825297355652,11
10169.0,5970.0,8415.0,1166,205.4100890159607,11
9540.0,6058.0,8793.0,1166,205.41010284423828,11
5943.0,7821.0,9229.0,1188,208.22931385040283,12
6497.0,7769.0,7861.0,1188,208.22981882095337,12
7344.0,11239.0,6590.0,1189,208.48779582977295,12
7421.0,11721.0,6478.0,1189,208.4880588054657,12
7212.0,10585.0,6743.0,1191,208.90124201774597,12
7353.0,10559.0,6610.0,1191,208.90135192871094,12
7191.0,10234.0,6936.0,1191,208.90148901939392,12
7050.0,10260.0,7069.0,1191,208.9015028476715,12
10499.0,6045.0,8335.0,1196,210.15779399871826,12
11314.0,8507.0,5635.0,1197,210.42713403701782,12
11141.0,8595.0,5596.0,1197,210.42716097831726,12
11073.0,8501.0,5639.0,1197,210.42722988128662,12
5135.0,10276.0,9835.0,1205,212.38637685775757,12
5103.0,9555.0,10429.0,1205,212.38680386543274,12
5091.0,9625.0,10339.0,1205,212.38687181472778,12
5127.0,8818.0,11263.0,1244,219.50259399414062,12
5140.0,9221.0,10982.0,1245,219.6932349205017,12
5208.0,9216.0,10824.0,1245,219.69348192214966,12
5801.0,8072.0,11141.0,1252,221.0154209136963,12
5179.0,9984.0,9918.0,1259,222.19797587394714,12
5991.0,7271.0,11778.0,1260,222.37233090400696,12
5512.0,7964.0,11775.0,1261,222.53987503051758,12
4880.0,9573.0,10758.0,1261,222.54012393951416,12
4948.0,9568.0,10600.0,1261,222.54013681411743,12
5135.0,9333.0,10422.0,1261,222.54017901420593,12
5077.0,8693.0,11433.0,1261,222.5401918888092,12
5145.0,8688.0,11275.0,1261,222.54020595550537,12
5509.0,8229.0,11530.0,1263,222.9070119857788,12
5801.0,7995.0,11245.0,1263,222.90726590156555,12
7011.0,6153.0,13005.0,1284,226.07956099510193,12
6731.0,6296.0,13496.0,1284,226.0795760154724,12
8931.0,5681.0,10694.0,1324,232.44275903701782,12
7000.0,6181.0,12938.0,1326,232.81099581718445,12
8830.0,5428.0,11364.0,1333,234.02846503257751,12
8635.0,5476.0,11564.0,1342,235.16581892967224,12
10791.0,5676.0,9030.0,1386,241.5239679813385,12
9373.0,5298.0,11089.0,1387,241.6398799419403,12
8745.0,5643.0,10965.0,1389,241.98494386672974,12
9136.0,5384.0,10812.0,1395,242.70826292037964,12
11868.0,5600.0,8242.0,1478,252.87456893920898,12
8720.0,5746.0,10871.0,1635,269.9194869995117,12
9653.0,6208.0,8517.0,1676,274.23537588119507,12
5231.0,11499.0,8938.0,1714,279.3925428390503,13
4859.0,10385.0,9998.0,1714,279.39311003685,13
5205.0,10573.0,9206.0,1714,279.39312291145325,13
10770.0,6118.0,7980.0,1727,282.30527687072754,13
5197.0,9945.0,10165.0,1758,288.1324110031128,13
4924.0,8529.0,12083.0,1784,292.2747919559479,13
4856.0,8534.0,12241.0,1784,292.27481985092163,13
4727.0,9409.0,11408.0,1784,292.274906873703,13
4659.0,9414.0,11566.0,1784,292.2749500274658,13
5441.0,7651.0,12863.0,1794,293.9391520023346,13
5076.0,9323.0,10760.0,1807,295.9385898113251,13
5063.0,8920.0,11041.0,1815,297.03584384918213,13
4995.0,8925.0,11199.0,1815,297.03605103492737,13
9098.0,5733.0,10021.0,1822,297.90087699890137,13
9038.0,5715.0,10620.0,1891,307.81601190567017,13
8038.0,5755.0,11083.0,1900,309.3154709339142,13
9072.0,5380.0,11154.0,1916,311.2380998134613,13
9090.0,5471.0,11128.0,1924,312.1943438053131,13
8986.0,5272.0,11429.0,1969,317.8664538860321,13
9523.0,5410.0,10472.0,1997,320.6899559497833,13
11517.0,5865.0,7745.0,2206,340.6469898223877,13
10780.0,6042.0,7814.0,2297,349.65140295028687,13
10151.0,6130.0,8192.0,2297,349.65149903297424,13
10423.0,5726.0,8876.0,2321,351.5423958301544,13
6301.0,10863.0,7095.0,2340,355.62096786499023,14
7493.0,11013.0,6491.0,2340,355.6209819316864,14
5031.0,11278.0,9152.0,2340,355.6210398674011,14
7139.0,9746.0,7005.0,2340,355.62157583236694,14
7507.0,9555.0,6842.0,2340,355.62161803245544,14
10621.0,6071.0,8214.0,2373,362.37145495414734,14
5159.0,10233.0,9774.0,2379,363.5129849910736,14
4844.0,9387.0,11477.0,2440,372.7697229385376,14
4912.0,9382.0,11319.0,2440,372.7697649002075,14
5968.0,7463.0,11991.0,2455,374.9624619483948,14
4595.0,9516.0,11344.0,2470,376.8933639526367,14
4663.0,9511.0,11186.0,2470,376.89337682724,14
4792.0,8636.0,12019.0,2470,376.89339303970337,14
5664.0,7375.0,12399.0,2470,376.89340591430664,14
4860.0,8631.0,11861.0,2470,376.89346385002136,14
5910.0,7241.0,12100.0,2471,377.10007786750793,14
5598.0,8155.0,11439.0,2472,377.2473678588867,14
5530.0,8160.0,11597.0,2472,377.2473819255829,14
5858.0,7624.0,11889.0,2474,377.5218720436096,14
5642.0,7876.0,11419.0,2482,378.5819969177246,14
5561.0,7846.0,11741.0,2482,378.5821068286896,14
5942.0,7636.0,11519.0,2482,378.58212089538574,14
5261.0,8086.0,11641.0,2482,378.58221793174744,14
9367.0,5652.0,9670.0,2496,380.0108599662781,14
6994.0,6255.0,11325.0,2521,383.0620789527893,14
8449.0,5514.0,11215.0,2589,390.7900550365448,14
11421.0,5224.0,9089.0,2690,401.69028902053833,14
11313.0,5192.0,9230.0,2693,401.92563581466675,14
11783.0,5718.0,8014.0,2789,410.81621289253235,14
9553.0,5657.0,9584.0,3090,435.0460388660431,14
10984.0,8758.0,5577.0,3115,437.03802490234375,15
10889.0,8589.0,5678.0,3115,437.0380389690399,15
7348.0,11400.0,6589.0,3116,437.37302684783936,15
5163.0,10849.0,9234.0,3126,440.1214790344238,15
7124.0,10827.0,6698.0,3128,440.63579392433167,15
5173.0,11034.0,8954.0,3128,440.6361060142517,15
7214.0,10161.0,6806.0,3130,441.2186188697815,15
11043.0,8468.0,5763.0,3158,446.5171148777008,15
11283.0,8872.0,5414.0,3159,446.73126196861267,15
10086.0,8654.0,5710.0,3166,447.98440980911255,15
5032.0,9392.0,11001.0,3211,455.1684138774872,15
5058.0,10060.0,10048.0,3211,455.1684548854828,15
5804.0,7807.0,11386.0,3268,462.24121594429016,15
4780.0,9489.0,11255.0,3287,464.40020394325256,15
5618.0,7475.0,12385.0,3287,464.40021681785583,15
4848.0,9484.0,11097.0,3287,464.40035486221313,15
5123.0,9306.0,10573.0,3293,465.10421895980835,15
5205.0,9285.0,10762.0,3294,465.2227280139923,15
5933.0,7856.0,11100.0,3306,466.52772784233093,15
5836.0,8125.0,10909.0,3306,466.5277419090271,15
5901.0,7665.0,11762.0,3307,466.6750829219818,15
5982.0,7695.0,11440.0,3307,466.67511081695557,15
5601.0,7905.0,11662.0,3307,466.6752908229828,15
8689.0,5729.0,11001.0,3375,472.8576250076294,15
8866.0,5712.0,10773.0,3426,478.1280930042267,15
6096.0,7080.0,12243.0,3456,481.2476968765259,15
9818.0,5265.0,10778.0,3491,484.77090096473694,15
10441.0,11496.0,4482.0,4020,523.8644759654999,16
8167.0,7603.0,5828.0,4020,523.8649170398712,16
7270.0,7227.0,7002.0,4020,523.8677728176117,16
10900.0,10610.0,4619.0,4021,524.0426378250122,16
10694.0,10519.0,4683.0,4021,524.0426518917084,16
10151.0,10559.0,4855.0,4021,524.0427079200745,16
10627.0,8869.0,5627.0,4022,524.2719309329987,16
7504.0,11277.0,6444.0,4026,525.4704339504242,16
7080.0,10341.0,6974.0,4039,528.6545920372009,16
7131.0,10112.0,7022.0,4039,528.6546189785004,16
7500.0,10834.0,6510.0,4044,529.814535856247,16
7377.0,11099.0,6561.0,4045,530.0712938308716,16
6983.0,10853.0,6831.0,4045,530.0715138912201,16
7467.0,10487.0,6582.0,4045,530.071527004242,16
5232.0,10671.0,9096.0,4046,530.320837020874,16
6829.0,10490.0,6918.0,4050,531.2566568851471,16
6778.0,10719.0,6870.0,4050,531.2568910121918,16
11107.0,8517.0,5606.0,4093,538.7005000114441,16
11348.0,8523.0,5602.0,4093,538.7005138397217,16
11416.0,8617.0,5559.0,4093,538.7005279064178,16
5070.0,10087.0,9897.0,4153,547.3873720169067,16
5244.0,7962.0,12863.0,4180,550.2993290424347,16
4862.0,9703.0,10746.0,4196,552.5433259010315,16
5059.0,8823.0,11421.0,4196,552.5433528423309,16
5070.0,9990.0,10138.0,4255,558.6507639884949,16
4867.0,10109.0,10293.0,4255,558.6508059501648,16
4967.0,8611.0,11940.0,4261,559.2344868183136,16
5035.0,8606.0,11782.0,4261,559.2345418930054,16
5947.0,7565.0,11776.0,4284,561.3647089004517,16
5795.0,8154.0,11152.0,4297,562.6569309234619,16
5879.0,7794.0,11471.0,4300,562.9507620334625,16
11711.0,5362.0,8804.0,4512,580.9574959278107,16
9726.0,8843.0,5682.0,5060,616.1535089015961,17
10357.0,10650.0,4791.0,5061,616.3139460086823,17
7380.0,11564.0,6522.0,5068,618.1128129959106,17
7312.0,11611.0,6578.0,5068,618.1128540039062,17
5050.0,10239.0,9994.0,5090,623.3363900184631,17
5062.0,10266.0,9843.0,5090,623.3364038467407,17
5038.0,10309.0,9904.0,5096,624.640909910202,17
7380.0,10181.0,6778.0,5096,624.6412889957428,17
7352.0,11039.0,6624.0,5097,624.8199999332428,17
7483.0,9713.0,6912.0,5104,626.404168844223,17
7331.0,10038.0,6898.0,5115,628.061686038971,17
10584.0,8576.0,5732.0,5152,633.7380540370941,17
4897.0,10099.0,10326.0,5179,637.6293790340424,17
5167.0,9957.0,10069.0,5311,651.2995710372925,17
4714.0,9969.0,10625.0,5322,652.2746379375458,17
4702.0,9942.0,10776.0,5323,652.3818378448486,17
5483.0,7616.0,13028.0,5328,652.7676839828491,17
5137.0,9290.0,10920.0,5344,654.0290439128876,17
5269.0,8080.0,12026.0,5372,656.3099858760834,17
5163.0,8569.0,11416.0,5372,656.3100819587708,17
9031.0,5231.0,11532.0,5518,667.0438339710236,17
8723.0,5394.0,11438.0,5518,667.0438618659973,17
9240.0,5528.0,10608.0,5519,667.1197738647461,17
8318.0,5633.0,11142.0,5521,667.2559359073639,17
9615.0,8860.0,5787.0,6113,706.1485469341278,18
10679.0,8638.0,5633.0,6114,706.4806518554688,18
9829.0,8767.0,5680.0,6114,706.4808230400085,18
10071.0,8709.0,5649.0,6114,706.4810438156128,18
9698.0,8863.0,5665.0,6114,706.4815130233765,18
7020.0,11402.0,6819.0,6168,718.1060209274292,18
7373.0,10013.0,6842.0,6171,718.6198449134827,18
7102.0,10306.0,6986.0,6176,719.7841458320618,18
7492.0,9466.0,6997.0,6176,719.7842748165131,18
6713.0,11237.0,6923.0,6190,722.4278750419617,18
7186.0,10317.0,6758.0,6194,723.189532995224,18
11248.0,8843.0,5504.0,6235,728.6533899307251,18
11348.0,8465.0,5743.0,6242,729.648444890976,18
11250.0,8458.0,5792.0,6247,730.2619450092316,18
11009.0,8452.0,5796.0,6247,730.2619588375092,18
5019.0,10369.0,9927.0,6309,737.8232409954071,18
4964.0,9397.0,11159.0,6316,738.7649500370026,18
5755.0,8172.0,11127.0,6413,745.7185039520264,18
5964.0,7135.0,12499.0,6446,748.5040600299835,18
5950.0,7300.0,12021.0,6458,749.3477919101715,18
5069.0,10013.0,10345.0,6521,753.3069410324097,18
5901.0,8065.0,10980.0,6524,753.5114469528198,18
7733.0,5695.0,11415.0,6681,763.8504478931427,18
7480.0,9500.0,6985.0,7325,814.5611579418182,19
7452.0,9656.0,6937.0,7325,814.5611720085144,19
7425.0,10015.0,6730.0,7330,815.3310630321503,19
7196.0,10098.0,6912.0,7341,817.2374198436737,19
4834.0,10451.0,10266.0,7424,826.7797420024872,19
5222.0,10250.0,9772.0,7469,831.3658308982849,19
4902.0,9384.0,11329.0,7531,835.6629219055176,19
4770.0,9491.0,11265.0,7637,841.7886869907379,19
4838.0,9486.0,11107.0,7639,841.9087378978729,19
5804.0,7730.0,11490.0,7694,844.4559988975525,19
8910.0,5726.0,10643.0,7892,854.4134538173676,19
7775.0,5691.0,11618.0,7901,854.835608959198,19
9667.0,8728.0,5788.0,8441,891.3340890407562,20
10143.0,8614.0,5795.0,8441,891.3346118927002,20
10751.0,8543.0,5779.0,8441,891.3346400260925,20
5050.0,10336.0,9753.0,8536,907.4346659183502,20
11284.0,8474.0,5759.0,8602,915.0233910083771,20
4854.0,10202.0,10410.0,8687,922.9140169620514,20
4834.0,9389.0,11487.0,8739,926.0930268764496,20
9901.0,8672.0,5826.0,9644,977.9931418895721,21
6763.0,11166.0,7093.0,9723,990.9788298606873,21
7407.0,9952.0,6836.0,9780,998.6228749752045,21
7397.0,10171.0,6682.0,9780,998.6229319572449,21
6960.0,10407.0,7079.0,9784,999.0597448348999,21
5755.0,8095.0,11231.0,10232,1025.0260438919067,21
9585.0,12018.0,4600.0,10792,1058.470705986023,22
9957.0,11651.0,4548.0,10792,1058.470734834671,22
11167.0,10627.0,4499.0,10793,1058.8047409057617,22
10418.0,10576.0,4735.0,10793,1058.8047969341278,22
10961.0,10536.0,4563.0,10793,1058.805104970932,22
7450.0,12222.0,6467.0,10834,1066.179186820984,22
7023.0,10484.0,7036.0,10896,1074.8682188987732,22
7495.0,10331.0,6630.0,10918,1077.4780678749084,22
7101.0,10058.0,7097.0,10950,1081.4617450237274,22
7435.0,9796.0,6884.0,10960,1082.380376815796,22
7504.0,10003.0,6826.0,10961,1082.4578139781952,22
7224.0,9942.0,6960.0,10964,1082.7002999782562,22
7293.0,10149.0,6902.0,10965,1082.7816169261932,22
11252.0,8733.0,5513.0,11031,1088.3956408500671,22
10021.0,10705.0,4913.0,11966,1143.7748548984528,23
5011.0,10548.0,9873.0,12042,1155.1290998458862,23
5202.0,10499.0,9628.0,12102,1161.7839488983154,23
4999.0,10618.0,9783.0,12108,1162.417611837387,23
7429.0,9872.0,6963.0,12113,1162.901484966278,23
10227.0,10796.0,4849.0,13084,1222.8915610313416,24
10437.0,8696.0,5664.0,13087,1223.2272329330444,24
5080.0,10969.0,9337.0,13246,1241.2561078071594,24
7171.0,10261.0,7003.0,13284,1243.8950078487396,24
5222.0,10725.0,9139.0,14344,1314.786512851715,25
7455.0,9869.0,6864.0,14384,1316.6611568927765,25
7509.0,8627.0,5950.0,15164,1363.5704419612885,26
10396.0,11195.0,4493.0,15165,1363.7514019012451,26
6764.0,11008.0,6971.0,15408,1383.3135969638824,26
8812.0,5337.0,11390.0,15862,1407.8153138160706,26
7864.0,5576.0,11488.0,15863,1407.836266040802,26
8987.0,12456.0,4787.0,16138,1425.6878859996796,27
10024.0,11562.0,4545.0,16138,1425.6879270076752,27
9572.0,11168.0,4924.0,16138,1425.6882429122925,27
11307.0,10420.0,4603.0,16138,1425.6882569789886,27
10823.0,10575.0,4669.0,16138,1425.688269853592,27
9944.0,10801.0,4872.0,16138,1425.688283920288,27
11037.0,10773.0,4557.0,16140,1426.0796539783478,27
10288.0,10722.0,4793.0,16140,1426.0796978473663,27
10831.0,10682.0,4621.0,16140,1426.0797259807587,27
7494.0,11746.0,6367.0,17025,1480.6370928287506,28
7298.0,11223.0,6697.0,17026,1480.9197449684143,28
10494.0,10813.0,4729.0,17028,1481.2335839271545,28
10639.0,10377.0,4935.0,17028,1481.2336299419403,28
11028.0,10289.0,4857.0,17030,1481.633428812027,28
10822.0,10198.0,4921.0,17030,1481.633616924286,28
11643.0,10073.0,4881.0,17793,1529.960629940033,29
9918.0,10940.0,4915.0,17800,1531.352432012558,29
10254.0,10885.0,4793.0,17804,1532.0031988620758,29
10048.0,10794.0,4857.0,17804,1532.003212928772,29
10563.0,10140.0,4941.0,17805,1532.1521730422974,29
7350.0,12041.0,6509.0,18486,1575.7348749637604,30
7275.0,11784.0,6590.0,18486,1575.7348890304565,30
7326.0,11444.0,6593.0,18487,1576.0047788619995,30
10124.0,11031.0,4851.0,18496,1577.6484439373016,30
10624.0,10667.0,4671.0,18508,1579.1913800239563,30
10769.0,10231.0,4877.0,18508,1579.1914629936218,30
10752.0,10507.0,4829.0,19134,1621.7179539203644,31
10069.0,11863.0,4534.0,19684,1658.1108038425446,32
10451.0,10942.0,4721.0,19684,1658.1108729839325,32
10508.0,11407.0,4479.0,19684,1658.11088681221,32
9505.0,11257.0,4927.0,19685,1658.2460389137268,32
9359.0,12089.0,4735.0,19685,1658.2460799217224,32
10546.0,10416.0,4893.0,19715,1662.0975799560547,32
4846.0,10381.0,10356.0,19885,1672.0333440303802,32
10012.0,11398.0,4776.0,20219,1693.1663959026337,33
10384.0,11031.0,4724.0,20221,1693.3771710395813,33
9426.0,12000.0,4732.0,21138,1753.854084968567,35
9910.0,11845.0,4666.0,21138,1753.8541269302368,35
9471.0,12301.0,4721.0,21138,1753.8541400432587,35
9208.0,11881.0,4898.0,21139,1753.923506975174,35
9853.0,11380.0,4908.0,21140,1753.9903600215912,35
9989.0,11102.0,4861.0,21142,1754.1199779510498,35
9798.0,11633.0,4680.0,21143,1754.200348854065,35
9617.0,11469.0,4913.0,21536,1779.4090468883514,36
9647.0,11425.0,4843.0,21537,1779.4697999954224,36
9843.0,11934.0,4669.0,21542,1779.824091911316,36
9580.0,11514.0,4846.0,21543,1779.8906078338623,36
10503.0,10903.0,4725.0,21545,1780.0282378196716,36
10019.0,11058.0,4791.0,21545,1780.0282528400421,36
9692.0,11726.0,4832.0,21873,1801.134418964386,37
10131.0,11270.0,4777.0,21875,1801.2374398708344,37
10064.0,11359.0,4780.0,21883,1801.6779968738556,37
10282.0,11478.0,4614.0,21885,1801.7940669059753,37
