z1,z2,z3,node,time,depth
-7279.0,-7118.0,-9099.0,1,0.0030241012573242188,1
-7297.0,-7421.0,-9007.0,1,0.0030260086059570312,1
-6409.0,-7904.0,-9486.0,1,0.0030269622802734375,1
-6536.0,-8064.0,-7955.0,1,0.003058910369873047,1
-7602.0,-6743.0,-8008.0,1,0.003061056137084961,1
-7662.0,-6769.0,-7689.0,1,0.003062009811401367,1
-6391.0,-7601.0,-9578.0,5,0.01699209213256836,3
-5258.0,-8219.0,-8833.0,7,0.023720979690551758,3
-5900.0,-8152.0,-8255.0,20,0.05635213851928711,5
-6476.0,-8038.0,-8274.0,28,0.07198309898376465,5
-6788.0,-7669.0,-7776.0,34,0.08358407020568848,6
-5240.0,-7916.0,-8925.0,57,0.11881113052368164,6
-7372.0,-7372.0,-7337.0,77,0.14600300788879395,7
-6828.0,-7580.0,-7747.0,289,0.35118794441223145,9
-6565.0,-7690.0,-7946.0,289,0.3511960506439209,9
-5490.0,-7909.0,-8955.0,354,0.39753103256225586,9
-5624.0,-7970.0,-8591.0,415,0.45319104194641113,9
-7312.0,-7346.0,-7656.0,465,0.4868650436401367,10
-5540.0,-8177.0,-8279.0,523,0.5266199111938477,10
-6631.0,-7558.0,-7920.0,693,0.6328880786895752,11
-5480.0,-8151.0,-8598.0,779,0.6872379779815674,11
-5743.0,-8041.0,-8399.0,779,0.6872420310974121,11
-6709.0,-7509.0,-7939.0,863,0.7395241260528564,11
-6014.0,-8004.0,-8382.0,922,0.7775111198425293,12
-6434.0,-7587.0,-8492.0,1089,0.8616580963134766,12
-6649.0,-7483.0,-8258.0,1095,0.8662331104278564,12
-6505.0,-7461.0,-8290.0,1180,0.9143009185791016,13
-6538.0,-7681.0,-8262.0,1188,0.9183690547943115,13
-6174.0,-8060.0,-7987.0,1230,0.9456989765167236,13
-5128.0,-7905.0,-8987.0,1234,0.9477050304412842,13
-7062.0,-7577.0,-7508.0,1350,1.0072259902954102,14
-7467.0,-6786.0,-7925.0,1360,1.0117249488830566,14
-6598.0,-7707.0,-7943.0,1394,1.0315971374511719,14
-6114.0,-8034.0,-8306.0,1400,1.0352330207824707,14
-6830.0,-7499.0,-8036.0,1428,1.047672986984253,14
-5942.0,-7982.0,-8515.0,1430,1.0485460758209229,14
-6596.0,-7502.0,-8275.0,1436,1.0518460273742676,14
-7527.0,-6812.0,-7606.0,1526,1.0979740619659424,15
-6612.0,-6501.0,-9105.0,1580,1.122981071472168,15
-7002.0,-7551.0,-7827.0,1590,1.1280219554901123,16
-7420.0,-6813.0,-7894.0,1594,1.1299099922180176,16
-6505.0,-7453.0,-9705.0,1612,1.1374890804290771,16
-5308.0,-8099.0,-8807.0,1634,1.1476020812988281,16
-6656.0,-7528.0,-7956.0,1646,1.1536219120025635,16
-5571.0,-7989.0,-8608.0,1656,1.1583220958709717,16
-7480.0,-6839.0,-7575.0,1672,1.1656041145324707,17
-7430.0,-6691.0,-8217.0,1686,1.1725831031799316,17
