z1,z2,z3,node,time,depth
-3253.0,-5510.0,-4119.0,1,0.0033349990844726562,1
-4492.0,-5943.0,-3806.0,1,0.0033388137817382812,1
-5451.0,-3257.0,-4479.0,1,0.003342866897583008,1
-3845.0,-4377.0,-4716.0,1,0.003345966339111328,1
-5042.0,-3313.0,-4694.0,1,0.003349781036376953,1
-4342.0,-3115.0,-4991.0,1,0.0033538341522216797,1
-5302.0,-5256.0,-3353.0,1,0.00335693359375,1
-5528.0,-4321.0,-4012.0,1,0.0033609867095947266,1
-5414.0,-5053.0,-4407.0,1,0.0033648014068603516,1
-5605.0,-3691.0,-3799.0,1,0.003367900848388672,1
-5537.0,-3079.0,-3972.0,2,0.007690906524658203,2
-5052.0,-4049.0,-4428.0,2,0.007699012756347656,2
-5067.0,-5310.0,-3023.0,2,0.007710933685302734,2
-5039.0,-5348.0,-3046.0,2,0.007714986801147461,2
-4670.0,-3436.0,-4761.0,3,0.010603904724121094,2
-4735.0,-5607.0,-3115.0,6,0.0245969295501709,3
-4764.0,-3475.0,-4595.0,6,0.024600982666015625,3
-4133.0,-3875.0,-4634.0,6,0.02460789680480957,3
-4820.0,-3657.0,-4518.0,6,0.024611949920654297,3
-5477.0,-4549.0,-3033.0,6,0.024634838104248047,3
-5423.0,-3811.0,-4367.0,7,0.026703834533691406,3
-4460.0,-4191.0,-4572.0,8,0.03246593475341797,4
-5416.0,-4327.0,-3229.0,10,0.03954291343688965,4
-4500.0,-5661.0,-2785.0,10,0.03954601287841797,4
-4553.0,-4197.0,-4515.0,15,0.05112290382385254,4
-4099.0,-5221.0,-4011.0,18,0.06585192680358887,5
-4638.0,-5279.0,-3312.0,25,0.0833578109741211,5
-5550.0,-3790.0,-3007.0,26,0.0858309268951416,5
-4636.0,-4255.0,-4433.0,29,0.09330296516418457,5
-4490.0,-5089.0,-4051.0,30,0.09613680839538574,5
-4734.0,-5156.0,-3929.0,30,0.09614086151123047,5
-4975.0,-5244.0,-3819.0,62,0.17880988121032715,6
-5302.0,-5059.0,-3624.0,107,0.2741727828979492,7
-3827.0,-3308.0,-4860.0,113,0.28735995292663574,8
-4617.0,-3566.0,-4519.0,113,0.28736400604248047,8
-4330.0,-3688.0,-4659.0,170,0.38307785987854004,9
-3330.0,-4570.0,-4585.0,281,0.5580029487609863,12
