z1,z2,z3,node,time,depth
10876.0,4269.0,11128.0,1,0.33203792572021484,1
10400.0,4277.0,11201.0,1,0.3320658206939697,1
6504.0,6891.0,7585.0,1,0.33219385147094727,1
7435.0,6236.0,7316.0,1,0.33220887184143066,1
11003.0,4402.0,10365.0,1,0.33223700523376465,1
4954.0,8796.0,12017.0,1,0.3323209285736084,1
6774.0,5994.0,8898.0,1,0.3323960304260254,1
10126.0,4336.0,11153.0,1,0.33248090744018555,1
8718.0,8125.0,4742.0,1,0.3325669765472412,1
11550.0,9682.0,4561.0,1,0.3327460289001465,1
8281.0,6761.0,6121.0,1,0.33278799057006836,1
5357.0,7197.0,8861.0,1,0.33282899856567383,1
8734.0,4957.0,7699.0,1,0.3328838348388672,1
6542.0,7968.0,5879.0,1,0.3329949378967285,1
11314.0,4670.0,10163.0,2,0.6337769031524658,2
5278.0,9606.0,11008.0,3,0.8363239765167236,2
5287.0,9550.0,11024.0,3,0.8363368511199951,2
9509.0,4637.0,11369.0,3,0.8363959789276123,2
10253.0,4469.0,10390.0,3,0.8364238739013672,2
6042.0,9447.0,8730.0,3,0.8365478515625,2
10527.0,4410.0,10438.0,3,0.8366038799285889,2
10566.0,4474.0,10298.0,3,0.8366169929504395,2
11042.0,4466.0,10225.0,3,0.8366448879241943,2
10292.0,4533.0,10250.0,3,0.8366589546203613,2
10768.0,4525.0,10177.0,3,0.8366858959197998,2
7178.0,8182.0,5549.0,4,1.1534459590911865,3
8519.0,10630.0,5366.0,5,1.2836828231811523,3
5553.0,10153.0,8385.0,5,1.2837388515472412,3
6068.0,10790.0,6821.0,5,1.2838099002838135,3
5612.0,10362.0,7802.0,5,1.2838239669799805,3
7736.0,6855.0,6481.0,8,2.043344020843506,4
8583.0,11520.0,5014.0,9,2.2051680088043213,4
8471.0,11553.0,5035.0,9,2.205181837081909,4
5879.0,10905.0,7563.0,9,2.205195903778076,4
10165.0,4400.0,11013.0,14,3.177255868911743,4
9548.0,4701.0,11229.0,14,3.1773688793182373,4
10915.0,4333.0,10988.0,14,3.177395820617676,4
10439.0,4341.0,11061.0,14,3.1774098873138428,4
9675.0,4834.0,10466.0,14,3.1776058673858643,4
10019.0,4781.0,10152.0,14,3.177716016769409,4
10729.0,4461.0,10317.0,15,3.2953829765319824,4
6267.0,8815.0,8675.0,17,3.9338998794555664,5
8269.0,12161.0,5126.0,18,4.26574182510376,5
8200.0,11335.0,5238.0,18,4.2658538818359375,5
7998.0,11943.0,5329.0,18,4.265895843505859,5
8278.0,11021.0,5277.0,18,4.266161918640137,5
8007.0,10803.0,5480.0,18,4.266768932342529,5
8085.0,11572.0,5330.0,19,4.421517848968506,5
7973.0,11605.0,5351.0,19,4.421531915664673,5
5694.0,10723.0,7686.0,20,4.766155958175659,5
6480.0,9014.0,7994.0,20,4.766389846801758,5
6503.0,8469.0,8602.0,20,4.766417980194092,5
6042.0,10087.0,7570.0,20,4.766597032546997,5
6207.0,8724.0,8714.0,20,4.766762971878052,5
5812.0,9915.0,7973.0,20,4.766777038574219,5
10282.0,4929.0,9890.0,29,6.64674186706543,5
6335.0,8645.0,8833.0,35,7.961990833282471,6
8381.0,12128.0,5105.0,36,8.26137089729309,6
7771.0,12213.0,5442.0,38,8.768767833709717,6
6052.0,9302.0,8451.0,40,9.185328960418701,6
5645.0,10035.0,8464.0,40,9.185561895370483,6
5591.0,9931.0,8725.0,41,9.460381984710693,6
6296.0,9298.0,8151.0,42,9.758580923080444,6
5933.0,9609.0,8532.0,42,9.758746862411499,6
6162.0,9134.0,8652.0,42,9.758855819702148,6
6101.0,10463.0,7483.0,42,9.759116888046265,6
10719.0,4857.0,9957.0,60,13.041998863220215,6
10243.0,4865.0,10030.0,60,13.042012929916382,6
9969.0,4924.0,9982.0,60,13.04206895828247,6
10445.0,4916.0,9909.0,60,13.042096853256226,6
9636.0,4770.0,10606.0,61,13.185797929763794,6
8718.0,5208.0,11543.0,61,13.18593692779541,6
9980.0,4717.0,10292.0,61,13.185977935791016,6
11256.0,9871.0,4703.0,62,13.636756896972656,7
11473.0,7866.0,5849.0,64,14.102972030639648,7
11249.0,8099.0,5649.0,64,14.103140830993652,7
6228.0,9628.0,8134.0,64,14.103250980377197,7
10872.0,8062.0,5809.0,64,14.103446006774902,7
6164.0,9097.0,8621.0,68,15.020352840423584,7
5916.0,9550.0,8837.0,69,15.279163837432861,7
8110.0,11910.0,5308.0,71,15.770015954971313,7
8312.0,11302.0,5217.0,73,16.24195384979248,7
8390.0,10988.0,5256.0,73,16.242290019989014,7
8119.0,10770.0,5459.0,73,16.242346048355103,7
7883.0,12180.0,5421.0,76,16.923542976379395,7
5845.0,9588.0,8635.0,78,17.307304859161377,7
6293.0,9423.0,8057.0,79,17.54373288154602,7
5683.0,9813.0,8804.0,79,17.543747901916504,7
6487.0,9722.0,7724.0,79,17.544436931610107,7
6092.0,9587.0,8250.0,80,17.80121898651123,7
8437.0,10269.0,5482.0,84,18.729743003845215,7
6009.0,10581.0,7404.0,85,18.87077283859253,7
9949.0,4775.0,10514.0,103,22.074216842651367,7
9822.0,4642.0,11277.0,103,22.074301958084106,7
8561.0,5796.0,10372.0,110,23.381139993667603,7
10625.0,4908.0,10000.0,112,23.575220823287964,7
10149.0,4916.0,10073.0,112,23.57523488998413,7
10456.0,4709.0,10219.0,113,23.68613600730896,7
10876.0,7933.0,6110.0,115,24.38873291015625,8
10984.0,10434.0,4630.0,116,24.691087007522583,8
11344.0,9580.0,4685.0,116,24.691324949264526,8
11589.0,9505.0,4670.0,116,24.69147801399231,8
11070.0,7946.0,6033.0,116,24.691810846328735,8
10836.0,7952.0,5998.0,118,25.057806968688965,8
11096.0,7829.0,6009.0,118,25.057821035385132,8
11213.0,7989.0,5838.0,118,25.05783486366272,8
6155.0,9418.0,8413.0,126,26.704089879989624,8
6382.0,9419.0,8052.0,129,27.387488842010498,8
8679.0,10596.0,5393.0,135,28.820991039276123,8
5753.0,9706.0,8556.0,152,32.32562804222107,8
6108.0,9181.0,8607.0,152,32.325655937194824,8
6404.0,8926.0,8495.0,152,32.32568383216858,8
5650.0,10140.0,8142.0,153,32.54594898223877,8
9892.0,4648.0,10915.0,183,37.68645787239075,8
10166.0,4589.0,10963.0,183,37.686501026153564,8
10293.0,4722.0,10200.0,183,37.68651485443115,8
10769.0,4714.0,10127.0,183,37.68666696548462,8
10495.0,4773.0,10079.0,183,37.686681032180786,8
9275.0,4949.0,11131.0,185,38.00567293167114,8
9549.0,4890.0,11179.0,185,38.005756855010986,8
10254.0,4658.0,10340.0,198,39.857008934020996,8
9236.0,4885.0,11271.0,198,39.85710597038269,8
9853.0,4584.0,11055.0,198,39.85712003707886,8
10127.0,4525.0,11103.0,198,39.857146978378296,8
7495.0,7102.0,6800.0,200,40.422242879867554,9
11931.0,6413.0,6976.0,201,40.57100701332092,9
12090.0,6494.0,6850.0,201,40.57102084159851,9
11556.0,7923.0,5704.0,212,42.99316191673279,9
11179.0,7886.0,5864.0,212,42.993175983428955,9
10919.0,8009.0,5853.0,212,42.99318981170654,9
11296.0,8046.0,5693.0,212,42.99320387840271,9
11403.0,7653.0,6064.0,212,42.99330401420593,9
11780.0,7690.0,5904.0,212,42.99331784248352,9
6208.0,9835.0,8119.0,220,44.57354688644409,9
8630.0,10626.0,5452.0,233,47.17462992668152,9
7814.0,11354.0,5533.0,248,49.99843788146973,9
6503.0,9606.0,7898.0,270,54.54341793060303,9
5992.0,9609.0,8398.0,278,56.094923973083496,9
6498.0,10515.0,6589.0,278,56.09495186805725,9
6117.0,8860.0,8815.0,278,56.09503483772278,9
6413.0,8605.0,8703.0,278,56.09532403945923,9
6104.0,9006.0,8660.0,278,56.095337867736816,9
6400.0,8751.0,8548.0,278,56.09536600112915,9
9510.0,4826.0,11319.0,333,63.53612399101257,9
9910.0,4711.0,10654.0,335,63.708284854888916,9
9783.0,4578.0,11417.0,335,63.708345890045166,9
6037.0,9338.0,8744.0,337,64.4221088886261,10
11217.0,6697.0,7101.0,338,64.6961669921875,10
11302.0,9719.0,4672.0,345,66.24812889099121,10
10736.0,10471.0,4741.0,345,66.24814486503601,10
11520.0,7813.0,5893.0,356,68.35071992874146,10
11143.0,7776.0,6053.0,356,68.35074996948242,10
6223.0,9248.0,8571.0,370,70.83374881744385,10
6459.0,8902.0,8498.0,441,82.92617392539978,10
6163.0,9157.0,8610.0,441,82.92625689506531,10
6468.0,8581.0,8706.0,464,86.93009686470032,10
6172.0,8836.0,8818.0,464,86.93013882637024,10
6170.0,9277.0,8521.0,466,87.29063081741333,10
6466.0,9022.0,8409.0,466,87.29064393043518,10
11821.0,6407.0,7269.0,554,98.40835499763489,11
11870.0,6379.0,7206.0,555,98.60935282707214,11
11458.0,6662.0,6997.0,556,98.85120487213135,11
11729.0,6499.0,7134.0,557,98.97030401229858,11
11023.0,10257.0,4739.0,565,100.68209886550903,11
11311.0,7696.0,6097.0,581,103.68711495399475,11
11051.0,7819.0,6086.0,581,103.6872010231018,11
11124.0,6534.0,7305.0,592,105.716059923172,11
8432.0,10911.0,5447.0,639,112.76230001449585,11
8622.0,10564.0,5465.0,646,113.823725938797,11
6075.0,9760.0,8232.0,678,118.43574404716492,11
6275.0,9313.0,8403.0,678,118.4357578754425,11
6470.0,9097.0,8186.0,678,118.43577098846436,11
6246.0,9601.0,8118.0,684,119.33899784088135,11
6447.0,10069.0,7384.0,705,122.65514183044434,11
6383.0,9255.0,8086.0,710,123.33483290672302,11
5850.0,9693.0,8313.0,711,123.48791599273682,11
6073.0,9293.0,8711.0,739,127.77777981758118,11
6225.0,9253.0,8524.0,744,128.55842185020447,11
6157.0,9423.0,8366.0,744,128.55846881866455,11
10602.0,4328.0,11080.0,850,138.8615219593048,11
8658.0,10118.0,5513.0,886,145.60037994384766,12
11041.0,7950.0,6103.0,912,149.768807888031,12
11484.0,6628.0,7156.0,918,150.80708503723145,12
11137.0,6715.0,7123.0,918,150.80709886550903,12
6033.0,9378.0,8833.0,1050,168.40485882759094,12
6202.0,10177.0,7414.0,1068,170.99998998641968,12
5894.0,10276.0,7857.0,1069,171.1446328163147,12
6240.0,9955.0,7754.0,1080,172.5425889492035,12
6301.0,10016.0,7654.0,1098,174.89348602294922,12
6531.0,10188.0,7251.0,1098,174.89361000061035,12
6439.0,10306.0,7172.0,1118,177.65391397476196,12
6288.0,9354.0,8286.0,1119,177.79678893089294,12
8248.0,5836.0,7510.0,1268,190.4314398765564,13
7862.0,5777.0,11781.0,1269,190.60963797569275,13
11888.0,6580.0,7008.0,1286,194.01140189170837,13
11038.0,6743.0,7220.0,1348,203.5717248916626,13
6320.0,9232.0,8381.0,1391,209.0126519203186,13
6460.0,8842.0,8509.0,1404,210.3771150112152,13
8703.0,11129.0,5244.0,1417,211.79869389533997,13
6235.0,9850.0,8076.0,1472,218.1396770477295,13
6343.0,8938.0,8672.0,1491,220.53865694999695,13
6324.0,10001.0,7625.0,1522,224.5847029685974,13
6242.0,9640.0,7741.0,1522,224.5847179889679,13
6391.0,9072.0,8340.0,1522,224.58475995063782,13
6290.0,9242.0,8391.0,1523,224.68369793891907,13
6273.0,8995.0,8575.0,1535,226.15053486824036,13
6445.0,9213.0,8185.0,1535,226.15059185028076,13
6259.0,9504.0,8176.0,1565,229.53228092193604,13
6005.0,9463.0,8553.0,1592,232.5940020084381,13
6150.0,11151.0,6705.0,1604,233.9224569797516,13
6106.0,10568.0,7161.0,1604,233.92248487472534,13
6268.0,10343.0,6992.0,1604,233.92261004447937,13
7789.0,5852.0,11335.0,1775,245.882905960083,14
7914.0,5772.0,11468.0,1775,245.88293385505676,14
6497.0,6886.0,11696.0,1775,245.88294792175293,14
6687.0,6579.0,11984.0,1775,245.88311386108398,14
6334.0,7117.0,12093.0,1775,245.88312697410583,14
10965.0,4811.0,9473.0,1776,246.19654202461243,14
11441.0,4803.0,9400.0,1776,246.1965548992157,14
10730.0,4934.0,9285.0,1776,246.19662499427795,14
11004.0,4875.0,9333.0,1776,246.19663882255554,14
10691.0,4870.0,9425.0,1776,246.19685888290405,14
11206.0,4926.0,9212.0,1776,246.1968858242035,14
11371.0,6615.0,7232.0,1776,246.19694089889526,14
8576.0,5359.0,11136.0,1776,246.197105884552,14
8063.0,5599.0,11395.0,1776,246.19711995124817,14
11480.0,4867.0,9260.0,1776,246.19720196723938,14
7986.0,5729.0,11137.0,1776,246.197420835495,14
8499.0,5489.0,10878.0,1776,246.1974618434906,14
11577.0,6560.0,7275.0,1792,248.8693699836731,14
6429.0,9058.0,8189.0,2011,274.0609829425812,14
6090.0,9689.0,8220.0,2053,278.64777994155884,14
6328.0,8971.0,8578.0,2075,280.98382687568665,14
6440.0,9508.0,7925.0,2079,281.4211130142212,14
6080.0,9865.0,7910.0,2080,281.49966192245483,14
5045.0,8641.0,11831.0,2335,299.6993598937988,15
5093.0,8695.0,11638.0,2335,299.69944500923157,15
5112.0,9357.0,11444.0,2335,299.69946098327637,15
5002.0,8850.0,11824.0,2335,299.69947481155396,15
6207.0,8990.0,8646.0,2335,299.69960284233093,15
6457.0,9110.0,7974.0,2335,299.6996178627014,15
8391.0,5473.0,11172.0,2338,300.5857949256897,15
11096.0,6724.0,7176.0,2338,300.586541891098,15
8314.0,5603.0,10914.0,2338,300.5867419242859,15
8130.0,5939.0,10529.0,2339,300.9206428527832,15
8375.0,5537.0,11522.0,2340,301.2209930419922,15
7785.0,5907.0,11523.0,2340,301.22109389305115,15
8461.0,5810.0,10370.0,2340,301.22116899490356,15
11413.0,6715.0,6986.0,2360,304.31407594680786,15
11532.0,6613.0,7264.0,2360,304.3141748905182,15
10718.0,6751.0,7259.0,2450,314.9373710155487,15
6388.0,9062.0,8539.0,2484,317.97462487220764,15
5983.0,9878.0,8153.0,2642,331.43929290771484,15
6148.0,9744.0,8158.0,2650,332.1334400177002,15
6260.0,9141.0,8420.0,2681,334.77185583114624,15
6280.0,9418.0,8081.0,2687,335.20413088798523,15
6536.0,10293.0,6929.0,2743,339.321506023407,15
6350.0,10704.0,6876.0,2765,340.9212169647217,15
6306.0,10121.0,7332.0,2765,340.92127299308777,15
10641.0,4392.0,10940.0,2785,342.3818919658661,15
11757.0,6523.0,7044.0,2923,349.5037078857422,16
11598.0,6442.0,7170.0,2923,349.50372099876404,16
10884.0,6726.0,7295.0,2923,349.5043559074402,16
6478.0,8662.0,8422.0,2924,349.73707699775696,16
6666.0,6809.0,11803.0,2929,350.8038258552551,16
8454.0,5824.0,10325.0,2930,351.1024408340454,16
8022.0,5923.0,10823.0,2931,351.4005868434906,16
8207.0,5809.0,10787.0,2933,351.9713339805603,16
11009.0,6668.0,7258.0,2933,351.97167682647705,16
10901.0,6751.0,7240.0,2933,351.9716908931732,16
10564.0,4737.0,10188.0,2936,352.7427589893341,16
11040.0,4729.0,10115.0,2936,352.7427728176117,16
11353.0,4734.0,10023.0,2937,352.8821940422058,16
10877.0,4742.0,10096.0,2937,352.8824288845062,16
8614.0,11293.0,5255.0,3150,372.87751483917236,16
8421.0,10761.0,5497.0,3150,372.877543926239,16
6257.0,9406.0,8305.0,3194,376.3140380382538,16
6124.0,10448.0,7454.0,3252,380.99167490005493,16
6216.0,9574.0,8316.0,3262,381.7391400337219,16
6402.0,9730.0,7585.0,3264,381.90114283561707,16
6196.0,9664.0,8149.0,3300,384.2207169532776,16
5318.0,9278.0,10924.0,3561,398.2780659198761,17
5308.0,8337.0,11653.0,3561,398.2781479358673,17
5356.0,8391.0,11460.0,3561,398.2782578468323,17
11079.0,6657.0,7260.0,3571,400.63776087760925,17
10971.0,6740.0,7242.0,3571,400.6377890110016,17
8589.0,5804.0,9950.0,3574,401.25771498680115,17
11079.0,4793.0,9975.0,3582,403.14518189430237,17
10603.0,4801.0,10048.0,3582,403.1452100276947,17
8692.0,10979.0,5294.0,3790,419.8343098163605,17
5320.0,9749.0,10405.0,4186,441.19326281547546,18
5315.0,9473.0,10714.0,4186,441.19336104393005,18
7126.0,6885.0,7703.0,4186,441.1935589313507,18
6476.0,7116.0,11515.0,4198,443.66185188293457,18
10847.0,6714.0,7305.0,4351,459.9906859397888,18
5270.0,9224.0,11117.0,4834,486.6085069179535,19
5203.0,9202.0,11258.0,4835,486.7631869316101,19
6474.0,7189.0,11638.0,4839,487.86683797836304,19
8126.0,5950.0,10548.0,4848,489.60045981407166,19
7925.0,5927.0,11280.0,4854,490.9120168685913,19
11167.0,4862.0,9352.0,4870,494.116446018219,19
8298.0,5667.0,11264.0,4883,496.7712290287018,19
11228.0,6643.0,7193.0,5019,506.5801339149475,19
11555.0,6609.0,7202.0,5487,532.0811488628387,20
5119.0,8633.0,12035.0,5498,534.0529589653015,20
5258.0,8532.0,11656.0,5498,534.0529868602753,20
5210.0,8478.0,11849.0,5498,534.0530309677124,20
7913.0,5992.0,11130.0,5526,539.3812358379364,20
8458.0,5813.0,10306.0,5546,543.0772349834442,20
8535.0,5683.0,10564.0,5546,543.0772478580475,20
11184.0,6671.0,7176.0,5706,555.5206158161163,20
6183.0,9431.0,8324.0,5902,566.432018995285,20
6444.0,9489.0,8046.0,5918,567.0602250099182,20
6175.0,6830.0,12941.0,6138,576.6011579036713,21
6234.0,6779.0,12818.0,6138,576.6014609336853,21
6337.0,6773.0,12585.0,6138,576.6015839576721,21
6177.0,8951.0,8776.0,6138,576.6016390323639,21
6168.0,9272.0,8568.0,6138,576.6017889976501,21
6464.0,9017.0,8456.0,6138,576.6018028259277,21
6280.0,8669.0,8830.0,6138,576.6019539833069,21
5305.0,8367.0,11877.0,6179,583.5236859321594,21
6622.0,6806.0,11829.0,6184,584.7772328853607,21
8426.0,5752.0,10871.0,6242,594.308130979538,21
10885.0,6725.0,7297.0,6402,605.5383849143982,21
6473.0,8696.0,8664.0,6798,623.5917599201202,22
6459.0,7037.0,12226.0,6861,633.9042129516602,22
10880.0,6739.0,7254.0,6888,637.9937038421631,22
8545.0,5659.0,10702.0,6903,640.1292068958282,22
8639.0,5710.0,10289.0,6918,641.8990049362183,22
10993.0,6642.0,7315.0,7076,651.851490020752,22
6180.0,7106.0,12632.0,7420,667.9271450042725,23
6239.0,7055.0,12509.0,7420,667.9273920059204,23
6342.0,7049.0,12276.0,7420,667.9274199008942,23
8203.0,5820.0,10806.0,7510,681.4170939922333,23
8531.0,5694.0,10583.0,7511,681.5397388935089,23
11246.0,6631.0,7298.0,7512,681.6256568431854,23
11176.0,6642.0,7296.0,7539,684.9793808460236,23
6333.0,9086.0,8536.0,7990,710.2730309963226,24
5320.0,8985.0,11469.0,8034,716.8294489383698,24
8032.0,5899.0,10961.0,8060,719.8233778476715,24
5217.0,8492.0,11839.0,8547,752.9037759304047,25
5265.0,8546.0,11646.0,8547,752.9037890434265,25
8360.0,5773.0,10738.0,8574,755.9891979694366,25
5064.0,9303.0,11637.0,9010,785.9316828250885,26
5155.0,9148.0,11451.0,9010,785.9317238330841,26
8716.0,5580.0,10547.0,9123,794.2932188510895,26
6685.0,6783.0,12576.0,9373,807.1541619300842,27
6278.0,6824.0,12708.0,9378,808.1299228668213,27
5327.0,8999.0,11459.0,9440,814.0046288967133,27
6283.0,7100.0,12399.0,10545,876.2419319152832,30
6160.0,7160.0,12896.0,11728,943.2228608131409,35
