z1,z2,z3,node,time,depth
42.0,35.0,46.0,1,0.024777889251708984,1
53.0,24.0,58.0,1,0.024782896041870117,1
46.0,30.0,54.0,1,0.024788856506347656,1
17.0,69.0,29.0,1,0.024794816970825195,1
17.0,73.0,27.0,1,0.024800777435302734,1
18.0,66.0,31.0,1,0.024805784225463867,1
69.0,14.0,72.0,1,0.024811983108520508,1
72.0,14.0,69.0,1,0.02481698989868164,1
21.0,76.0,23.0,1,0.02482295036315918,1
24.0,73.0,22.0,1,0.024827957153320312,1
25.0,71.0,22.0,1,0.024834871292114258,1
25.0,68.0,23.0,1,0.024841785430908203,1
22.0,64.0,25.0,1,0.02484893798828125,1
44.0,36.0,43.0,1,0.02485489845275879,1
49.0,30.0,49.0,1,0.024860858917236328,1
60.0,18.0,65.0,1,0.024875879287719727,1
62.0,18.0,64.0,1,0.024882793426513672,1
56.0,24.0,56.0,1,0.02488994598388672,1
19.0,73.0,25.0,1,0.02490687370300293,1
22.0,67.0,24.0,1,0.024913787841796875,1
19.0,65.0,27.0,1,0.024925947189331055,1
38.0,38.0,48.0,1,0.024931907653808594,1
26.0,58.0,28.0,1,0.024936914443969727,1
34.0,48.0,34.0,1,0.02494192123413086,1
37.0,42.0,39.0,1,0.0249478816986084,1
37.0,41.0,40.0,1,0.024953842163085938,1
66.0,20.0,61.0,1,0.02496480941772461,1
36.0,52.0,31.0,1,0.024969816207885742,1
28.0,56.0,29.0,1,0.02497577667236328,1
41.0,43.0,37.0,1,0.024981975555419922,1
34.0,49.0,33.0,1,0.024986982345581055,1
32.0,46.0,44.0,1,0.024991989135742188,1
22.0,60.0,32.0,1,0.024997949600219727,1
34.0,44.0,39.0,1,0.02500295639038086,1
28.0,52.0,35.0,1,0.0250089168548584,1
29.0,51.0,34.0,1,0.02501392364501953,1
23.0,59.0,30.0,1,0.02501988410949707,1
45.0,32.0,52.0,2,0.052641868591308594,2
19.0,70.0,26.0,2,0.0526578426361084,2
42.0,38.0,42.0,2,0.052687883377075195,2
26.0,61.0,27.0,2,0.05269289016723633,2
39.0,45.0,36.0,2,0.0527338981628418,2
41.0,38.0,43.0,2,0.05276894569396973,2
24.0,70.0,23.0,3,0.07570791244506836,2
43.0,37.0,43.0,3,0.0757288932800293,2
48.0,29.0,54.0,3,0.07576894760131836,2
38.0,45.0,37.0,4,0.11284089088439941,3
41.0,36.0,48.0,6,0.15376496315002441,3
41.0,37.0,45.0,6,0.15387892723083496,3
29.0,62.0,26.0,7,0.17544889450073242,3
35.0,43.0,41.0,7,0.17545390129089355,3
40.0,44.0,37.0,7,0.17548394203186035,3
39.0,37.0,50.0,7,0.17550897598266602,3
21.0,72.0,24.0,8,0.2085249423980713,4
47.0,40.0,40.0,8,0.2086648941040039,4
20.0,68.0,26.0,8,0.20868992805480957,4
18.0,72.0,28.0,9,0.23548388481140137,4
46.0,32.0,51.0,11,0.27196478843688965,4
35.0,44.0,38.0,13,0.30370187759399414,4
39.0,38.0,47.0,13,0.3037068843841553,4
32.0,51.0,32.0,13,0.3037259578704834,4
46.0,31.0,53.0,14,0.3234889507293701,4
42.0,36.0,45.0,14,0.3234989643096924,4
70.0,14.0,71.0,20,0.4620819091796875,5
32.0,48.0,37.0,24,0.5290529727935791,5
20.0,64.0,28.0,26,0.5592288970947266,5
24.0,58.0,31.0,26,0.5592498779296875,5
26.0,56.0,32.0,26,0.5592548847198486,5
22.0,74.0,23.0,32,0.6706099510192871,6
46.0,39.0,41.0,37,0.784965991973877,6
32.0,54.0,31.0,38,0.805717945098877,6
67.0,16.0,69.0,40,0.840094804763794,6
66.0,16.0,71.0,40,0.8400998115539551,6
68.0,16.0,68.0,40,0.8401048183441162,6
58.0,20.0,66.0,40,0.8401098251342773,6
49.0,32.0,47.0,40,0.8401198387145996,6
56.0,26.0,54.0,40,0.8401248455047607,6
64.0,22.0,59.0,40,0.8401298522949219,6
51.0,26.0,59.0,40,0.8401398658752441,6
60.0,20.0,63.0,40,0.8401448726654053,6
59.0,20.0,64.0,40,0.8401498794555664,6
48.0,30.0,52.0,40,0.840181827545166,6
52.0,26.0,57.0,40,0.8401868343353271,6
53.0,26.0,56.0,40,0.8401918411254883,6
49.0,31.0,48.0,41,0.860698938369751,6
50.0,33.0,46.0,41,0.8607048988342285,6
52.0,25.0,60.0,41,0.8608379364013672,6
58.0,27.0,53.0,42,0.876945972442627,6
33.0,45.0,43.0,53,1.0195629596710205,6
27.0,53.0,39.0,53,1.0195839405059814,6
31.0,51.0,33.0,54,1.0304498672485352,6
25.0,57.0,31.0,55,1.0377168655395508,6
31.0,49.0,35.0,55,1.0377569198608398,6
31.0,60.0,27.0,57,1.0710968971252441,6
35.0,54.0,30.0,57,1.0711069107055664,6
47.0,31.0,51.0,80,1.488642930984497,7
54.0,27.0,54.0,80,1.4886629581451416,7
57.0,28.0,52.0,80,1.4887077808380127,7
40.0,39.0,46.0,81,1.5043659210205078,7
55.0,24.0,57.0,82,1.5209507942199707,7
55.0,25.0,56.0,82,1.520960807800293,7
72.0,15.0,68.0,85,1.5686709880828857,7
66.0,21.0,60.0,85,1.568739891052246,7
30.0,55.0,31.0,96,1.7008728981018066,7
28.0,55.0,34.0,96,1.7008779048919678,7
36.0,43.0,40.0,102,1.7757899761199951,7
38.0,47.0,36.0,114,1.9063677787780762,7
20.0,71.0,25.0,129,2.123710870742798,8
21.0,70.0,25.0,129,2.123715877532959,8
31.0,54.0,32.0,149,2.466409921646118,8
61.0,22.0,61.0,152,2.5088489055633545,8
63.0,22.0,60.0,153,2.522723913192749,8
47.0,32.0,50.0,154,2.5380969047546387,8
48.0,32.0,48.0,154,2.538116931915283,8
63.0,20.0,62.0,156,2.5670619010925293,8
63.0,19.0,63.0,156,2.5670769214630127,8
38.0,40.0,46.0,188,2.9304139614105225,8
42.0,37.0,44.0,215,3.2016589641571045,8
35.0,53.0,31.0,225,3.315034866333008,8
44.0,34.0,52.0,270,3.9062488079071045,9
53.0,25.0,57.0,280,4.028443813323975,9
57.0,25.0,55.0,284,4.070159912109375,9
70.0,15.0,70.0,286,4.103180885314941,9
63.0,23.0,58.0,290,4.162866830825806,9
33.0,50.0,34.0,316,4.4111328125,9
55.0,26.0,55.0,451,5.795351982116699,10
67.0,15.0,73.0,460,5.8914477825164795,10
68.0,15.0,71.0,460,5.891452789306641,10
70.0,17.0,67.0,472,6.024410009384155,10
64.0,21.0,61.0,482,6.159968852996826,10
36.0,42.0,44.0,526,6.560065984725952,10
21.0,63.0,32.0,551,6.71904993057251,10
27.0,55.0,36.0,551,6.719054937362671,10
56.0,28.0,53.0,687,7.959096908569336,11
59.0,19.0,67.0,712,8.193723917007446,11
52.0,35.0,45.0,728,8.329010963439941,11
55.0,29.0,53.0,746,8.523262977600098,11
33.0,47.0,41.0,794,8.8804349899292,11
30.0,50.0,35.0,852,9.29631495475769,11
43.0,40.0,41.0,866,9.43107795715332,11
40.0,47.0,35.0,876,9.507576942443848,11
60.0,22.0,62.0,958,10.235198974609375,12
62.0,21.0,62.0,1071,11.16222596168518,12
22.0,63.0,29.0,1142,11.584474802017212,12
24.0,63.0,26.0,1156,11.662184000015259,12
27.0,57.0,29.0,1156,11.662193775177002,12
25.0,62.0,29.0,1537,14.17219090461731,14
