z1,z2,z3,node,time,depth
-19498.0,-18850.0,-19034.0,1,0.0010259151458740234,1
-18677.0,-19831.0,-18793.0,7,0.006295919418334961,3
-18177.0,-18475.0,-19816.0,11,0.009377002716064453,4
-18265.0,-19189.0,-19448.0,23,0.017689943313598633,5
-17863.0,-19653.0,-19053.0,27,0.020207881927490234,5
-18236.0,-19487.0,-19150.0,114,0.0682988166809082,8
-18971.0,-18886.0,-19473.0,244,0.13152384757995605,11
-18167.0,-19091.0,-19577.0,256,0.13640499114990234,11
-18981.0,-19269.0,-19317.0,258,0.13747191429138184,11
-18569.0,-19350.0,-19078.0,270,0.14281296730041504,11
-18579.0,-19733.0,-18922.0,272,0.14403080940246582,11
-19383.0,-19528.0,-18818.0,276,0.14606499671936035,11
