z1,z2,z3,node,time,depth
-5834.0,-6715.0,-4147.0,1,0.005233049392700195,1
-5292.0,-5924.0,-5285.0,1,0.005238056182861328,1
-4662.0,-5028.0,-6112.0,1,0.005242109298706055,1
-4283.0,-4555.0,-6378.0,1,0.00524592399597168,1
-4369.0,-5421.0,-6011.0,1,0.0052509307861328125,1
-5124.0,-6090.0,-5228.0,1,0.005254983901977539,1
-6393.0,-5119.0,-4355.0,1,0.005259990692138672,1
-6693.0,-6080.0,-3708.0,1,0.0052640438079833984,1
-4959.0,-5087.0,-5867.0,1,0.005269050598144531,1
-5322.0,-4847.0,-5627.0,1,0.005274057388305664,1
-5769.0,-4423.0,-5265.0,1,0.005278110504150391,1
-6097.0,-5061.0,-4924.0,1,0.0052831172943115234,1
-4639.0,-4164.0,-6363.0,1,0.0052869319915771484,1
-3677.0,-5716.0,-5688.0,1,0.005291938781738281,1
-4609.0,-5473.0,-5974.0,1,0.005295991897583008,1
-5351.0,-6391.0,-4219.0,2,0.011398077011108398,2
-5151.0,-6264.0,-4836.0,2,0.011406898498535156,2
-5437.0,-5242.0,-5409.0,2,0.011430978775024414,2
-6167.0,-5392.0,-4513.0,2,0.011440038681030273,2
-6373.0,-5157.0,-4204.0,2,0.011444091796875,2
-5046.0,-4590.0,-5862.0,3,0.016874074935913086,2
-5339.0,-5623.0,-5078.0,4,0.024079084396362305,3
-4965.0,-3671.0,-6046.0,4,0.024105072021484375,3
-4949.0,-4369.0,-5985.0,4,0.024111032485961914,3
-4616.0,-5392.0,-5796.0,5,0.029510974884033203,3
-4972.0,-5001.0,-5781.0,5,0.029515981674194336,3
-5493.0,-4166.0,-5500.0,5,0.02953791618347168,3
-5775.0,-6103.0,-4604.0,6,0.03535008430480957,3
-4710.0,-6366.0,-4718.0,6,0.03535890579223633,3
-4360.0,-6167.0,-4999.0,7,0.039031982421875,3
-5821.0,-4804.0,-5159.0,7,0.03905892372131348,3
-3994.0,-5015.0,-6163.0,8,0.0445559024810791,4
-4317.0,-4503.0,-6235.0,8,0.044569969177246094,4
-4673.0,-4112.0,-6220.0,8,0.04457402229309082,4
-4421.0,-5689.0,-5550.0,9,0.050874948501586914,4
-3437.0,-5664.0,-5725.0,9,0.05087900161743164,4
-5516.0,-5379.0,-5137.0,10,0.05589008331298828,4
-4668.0,-5660.0,-5335.0,10,0.05590391159057617,4
-4809.0,-5600.0,-5357.0,11,0.06075596809387207,4
-5528.0,-6287.0,-4254.0,12,0.06707096099853516,4
-5499.0,-5846.0,-4839.0,12,0.06708908081054688,4
-5029.0,-5240.0,-5526.0,13,0.07312703132629395,4
-4097.0,-6580.0,-4275.0,14,0.07871103286743164,4
-5980.0,-6124.0,-4255.0,14,0.07872891426086426,4
-6417.0,-5823.0,-3943.0,14,0.07874703407287598,4
-5588.0,-5982.0,-4716.0,14,0.07875204086303711,4
-6042.0,-6067.0,-4332.0,14,0.07876110076904297,4
-4688.0,-5610.0,-5702.0,16,0.08755993843078613,5
-4741.0,-5165.0,-5840.0,19,0.10169291496276855,5
-5024.0,-5269.0,-5320.0,20,0.10758304595947266,5
-5489.0,-5510.0,-4948.0,20,0.10759711265563965,5
-5618.0,-4905.0,-5058.0,24,0.12491488456726074,5
-5006.0,-6350.0,-4454.0,26,0.1335759162902832,5
-5813.0,-5089.0,-5004.0,28,0.14313101768493652,5
-5490.0,-5601.0,-4932.0,28,0.14314508438110352,5
-6089.0,-5346.0,-4769.0,31,0.14920806884765625,5
-5063.0,-5366.0,-5313.0,33,0.15983104705810547,6
-5116.0,-4921.0,-5451.0,38,0.18365001678466797,6
-5733.0,-5300.0,-4840.0,42,0.20296096801757812,6
-5637.0,-5509.0,-4768.0,55,0.24945497512817383,6
-6385.0,-5404.0,-4200.0,58,0.26126909255981445,6
-5988.0,-5839.0,-4410.0,59,0.26368188858032227,6
-5344.0,-6192.0,-4824.0,60,0.26500797271728516,6
-5029.0,-6337.0,-4561.0,61,0.26706790924072266,6
-6119.0,-5730.0,-4023.0,62,0.26839709281921387,6
-4905.0,-5531.0,-5405.0,68,0.2920529842376709,7
-4661.0,-5741.0,-5513.0,68,0.29206204414367676,7
-4804.0,-5167.0,-5724.0,142,0.5511488914489746,8
-5011.0,-5355.0,-5406.0,170,0.6182019710540771,8
-5501.0,-5878.0,-4729.0,172,0.6231698989868164,8
-5110.0,-6521.0,-4168.0,201,0.6775960922241211,8
-4350.0,-4624.0,-6148.0,220,0.7234060764312744,9
-4714.0,-5296.0,-5651.0,242,0.8096520900726318,9
-4691.0,-4432.0,-5902.0,658,1.6119370460510254,17
