z1,z2,z3,node,time,depth
-8798.0,-1690.0,-8595.0,1,0.0694580078125,1
-1582.0,-9273.0,-1829.0,1,0.06946897506713867,1
-5930.0,-5599.0,-5067.0,1,0.06947898864746094,1
-7225.0,-3680.0,-7649.0,1,0.0694890022277832,1
-8678.0,-1515.0,-8754.0,1,0.06949901580810547,1
-8512.0,-1649.0,-8905.0,1,0.06950902938842773,1
-7872.0,-2793.0,-8352.0,1,0.06951785087585449,1
-8392.0,-2031.0,-8732.0,1,0.06952786445617676,1
-8547.0,-2069.0,-8658.0,1,0.06953907012939453,1
-4729.0,-6873.0,-3887.0,1,0.0695490837097168,1
-3063.0,-8416.0,-2534.0,1,0.06955790519714355,1
-1997.0,-9157.0,-1895.0,1,0.06956791877746582,1
-8964.0,-1556.0,-8444.0,1,0.06957793235778809,1
-7406.0,-3711.0,-7405.0,1,0.06958794593811035,1
-4270.0,-7128.0,-4297.0,1,0.06959795951843262,1
-2355.0,-8638.0,-2859.0,1,0.06960797309875488,1
-3999.0,-7065.0,-4660.0,1,0.06961798667907715,1
-2880.0,-7891.0,-3836.0,1,0.06962800025939941,1
-4023.0,-6537.0,-5215.0,1,0.06963801383972168,1
-6937.0,-3602.0,-7773.0,1,0.06964802742004395,1
-5350.0,-5043.0,-6549.0,1,0.06965804100036621,1
-2721.0,-8599.0,-2649.0,1,0.06966805458068848,1
-2493.0,-8639.0,-2753.0,1,0.06967687606811523,1
-3849.0,-7637.0,-3671.0,1,0.0696868896484375,1
-8485.0,-2329.0,-7650.0,1,0.06969690322875977,1
-9103.0,-1354.0,-8009.0,1,0.06970691680908203,1
-5857.0,-5639.0,-5269.0,1,0.0697169303894043,1
-4656.0,-6913.0,-4089.0,1,0.06972694396972656,1
-4296.0,-7223.0,-3981.0,1,0.06973695755004883,1
-7096.0,-4217.0,-6827.0,1,0.06974601745605469,1
-7184.0,-4106.0,-6655.0,1,0.06975603103637695,1
-8099.0,-2825.0,-8158.0,1,0.06976604461669922,1
-8222.0,-2688.0,-7880.0,1,0.06977605819702148,1
-9087.0,-1419.0,-8166.0,1,0.06978607177734375,1
-5025.0,-6463.0,-4678.0,1,0.06979584693908691,1
-6222.0,-5072.0,-6318.0,1,0.06980586051940918,1
-3875.0,-7732.0,-3355.0,1,0.06981587409973145,1
-4657.0,-5929.0,-5796.0,1,0.06982588768005371,1
-4807.0,-6297.0,-5396.0,1,0.06983590126037598,1
-6244.0,-4488.0,-7020.0,1,0.06984591484069824,1
-5110.0,-5899.0,-5761.0,1,0.06985592842102051,1
-6532.0,-4566.0,-6896.0,1,0.06987404823303223,1
-7607.0,-3555.0,-7194.0,1,0.06988096237182617,1
-8310.0,-2577.0,-7708.0,1,0.06988787651062012,1
-7822.0,-3258.0,-7215.0,1,0.06989502906799316,1
-4683.0,-6475.0,-5064.0,2,0.16022801399230957,2
-5960.0,-5207.0,-6292.0,2,0.16026902198791504,2
-5317.0,-5867.0,-5645.0,2,0.16027593612670898,2
-4262.0,-6984.0,-4438.0,2,0.16028285026550293,2
-2319.0,-8444.0,-3069.0,2,0.16029000282287598,2
-2233.0,-8701.0,-2634.0,2,0.16029596328735352,2
-2592.0,-8462.0,-2953.0,2,0.16030287742614746,2
-6911.0,-4327.0,-6457.0,2,0.16031694412231445,2
-7488.0,-3626.0,-7401.0,2,0.1603238582611084,2
-7611.0,-3489.0,-7123.0,2,0.16033101081848145,2
-8162.0,-2778.0,-7569.0,2,0.1603379249572754,2
-4945.0,-6007.0,-5672.0,2,0.16037893295288086,2
-4311.0,-6615.0,-5091.0,2,0.16039204597473145,2
-4476.0,-6507.0,-5180.0,2,0.1603989601135254,2
-4055.0,-7016.0,-4554.0,2,0.16040587425231934,2
-3108.0,-7851.0,-3732.0,2,0.16041302680969238,2
-5595.0,-5774.0,-5243.0,2,0.16041898727416992,2
-4896.0,-6376.0,-5019.0,2,0.16042590141296387,2
-4309.0,-7105.0,-3993.0,2,0.16043305397033691,2
-5642.0,-5788.0,-4975.0,2,0.1604599952697754,2
-6829.0,-4412.0,-6461.0,2,0.16046690940856934,2
-6367.0,-4911.0,-6132.0,2,0.16048002243041992,2
-6736.0,-4461.0,-6721.0,2,0.16048693656921387,2
-8499.0,-2247.0,-7523.0,3,0.22429895401000977,2
-6057.0,-4860.0,-6614.0,3,0.22436904907226562,2
-7287.0,-3572.0,-7648.0,3,0.22439789772033691,2
-7514.0,-3604.0,-7454.0,3,0.22447705268859863,2
-8424.0,-2348.0,-7731.0,3,0.22454500198364258,2
-4753.0,-5841.0,-5772.0,4,0.30580806732177734,3
-4311.0,-7065.0,-3929.0,4,0.3058180809020996,3
-5387.0,-5233.0,-6353.0,4,0.30583691596984863,3
-3429.0,-7322.0,-4193.0,4,0.3058750629425049,3
-5041.0,-5919.0,-5648.0,4,0.305966854095459,3
-4834.0,-6343.0,-5042.0,4,0.305988073348999,3
-5206.0,-5811.0,-5737.0,4,0.3059959411621094,3
-5675.0,-5311.0,-6229.0,4,0.3060169219970703,3
-5840.0,-5203.0,-6318.0,4,0.30602407455444336,3
-5586.0,-5730.0,-5398.0,4,0.3060739040374756,3
-5468.0,-5735.0,-5623.0,4,0.30610203742980957,3
-5889.0,-5226.0,-6249.0,4,0.3061089515686035,3
-6834.0,-4352.0,-6801.0,5,0.3680839538574219,3
-7255.0,-3421.0,-7757.0,5,0.36809301376342773,3
-7300.0,-3434.0,-7748.0,5,0.36817193031311035,3
-7033.0,-3725.0,-7548.0,5,0.3681819438934326,3
-5803.0,-5013.0,-6514.0,5,0.3681919574737549,3
-6653.0,-4321.0,-7045.0,5,0.36820101737976074,3
-6365.0,-4243.0,-7169.0,5,0.368211030960083,3
-7615.0,-3355.0,-7382.0,5,0.3682210445404053,3
-7527.0,-3466.0,-7554.0,5,0.3682410717010498,3
-5668.0,-5734.0,-5041.0,5,0.36826086044311523,3
-6710.0,-4657.0,-5864.0,6,0.4114060401916504,3
-7051.0,-4204.0,-6836.0,6,0.41145992279052734,3
-5512.0,-5545.0,-6000.0,6,0.41147899627685547,3
-6742.0,-4257.0,-7034.0,6,0.41148805618286133,3
-6037.0,-5009.0,-6430.0,6,0.4114959239959717,3
-5273.0,-6289.0,-4212.0,6,0.41150498390197754,3
-5895.0,-5491.0,-5647.0,6,0.41152405738830566,3
-6600.0,-4739.0,-6251.0,6,0.4115328788757324,3
-6969.0,-4289.0,-6840.0,6,0.41156005859375,3
-7062.0,-4240.0,-6580.0,6,0.41156888008117676,3
-7144.0,-4155.0,-6576.0,6,0.4115779399871826,3
-5875.0,-5616.0,-5094.0,6,0.41159605979919434,3
-6264.0,-5041.0,-6236.0,6,0.4116048812866211,3
-5088.0,-6215.0,-5229.0,6,0.41161394119262695,3
-4571.0,-6970.0,-4019.0,7,0.4402499198913574,3
-3417.0,-7837.0,-3313.0,7,0.44025707244873047,3
-4577.0,-6299.0,-5309.0,7,0.44029808044433594,3
-5579.0,-5732.0,-5671.0,7,0.4403109550476074,3
-4919.0,-5794.0,-5822.0,7,0.4403388500213623,3
-5207.0,-5872.0,-5698.0,7,0.44034504890441895,3
-5158.0,-6241.0,-5045.0,7,0.4403660297393799,3
-5372.0,-5764.0,-5787.0,7,0.44037294387817383,3
-4004.0,-7108.0,-4339.0,7,0.4403798580169678,3
-4951.0,-6273.0,-5161.0,7,0.4403870105743408,3
-7261.0,-3594.0,-7595.0,8,0.4930398464202881,4
-6818.0,-4376.0,-6717.0,8,0.49314188957214355,4
-5469.0,-5148.0,-6349.0,8,0.49315595626831055,4
-8550.0,-1976.0,-8685.0,8,0.49317002296447754,4
-8268.0,-2598.0,-8034.0,8,0.49320387840270996,4
-8337.0,-2530.0,-7511.0,8,0.493211030960083,4
-6326.0,-4403.0,-7016.0,8,0.4932548999786377,4
-5971.0,-5141.0,-6245.0,8,0.4933738708496094,4
-5922.0,-5118.0,-6314.0,8,0.4934098720550537,4
-6614.0,-4481.0,-6892.0,8,0.49341797828674316,4
-8575.0,-1921.0,-8634.0,9,0.5430669784545898,4
-8635.0,-1958.0,-8486.0,9,0.5430738925933838,4
-8698.0,-1784.0,-8356.0,9,0.5430879592895508,4
-8758.0,-1821.0,-8208.0,9,0.5431230068206787,4
-8670.0,-1932.0,-8380.0,9,0.5431299209594727,4
-8039.0,-2915.0,-7847.0,9,0.5433468818664551,4
-5599.0,-5801.0,-4788.0,9,0.5433740615844727,4
-5506.0,-5850.0,-5048.0,9,0.5433809757232666,4
-6167.0,-5133.0,-5847.0,9,0.5434079170227051,4
-7529.0,-3574.0,-7127.0,9,0.543428897857666,4
-6240.0,-5093.0,-5645.0,9,0.5434360504150391,4
-6363.0,-4956.0,-5367.0,9,0.543442964553833,4
-6340.0,-4611.0,-6795.0,10,0.583981990814209,4
-5865.0,-5234.0,-6142.0,10,0.5839889049530029,4
-7334.0,-3654.0,-7424.0,10,0.583996057510376,4
-7482.0,-3453.0,-7563.0,10,0.5840098857879639,4
-4689.0,-6408.0,-5135.0,10,0.5840370655059814,4
-3387.0,-7834.0,-3340.0,11,0.6110410690307617,4
-5672.0,-5129.0,-6416.0,11,0.6110630035400391,4
-5326.0,-5815.0,-5711.0,11,0.6112339496612549,4
-3187.0,-7784.0,-3747.0,12,0.6436560153961182,4
-2119.0,-9020.0,-1909.0,12,0.64369797706604,4
-3199.0,-8273.0,-2266.0,12,0.643704891204834,4
-4011.0,-7589.0,-3087.0,12,0.643712043762207,4
-2089.0,-9056.0,-1763.0,12,0.643718957901001,4
-1681.0,-9166.0,-1328.0,12,0.6437258720397949,4
-1732.0,-9088.0,-1902.0,12,0.6437540054321289,4
-1762.0,-9052.0,-2048.0,12,0.6437609195709229,4
-2433.0,-8720.0,-2577.0,12,0.6437680721282959,4
-3849.0,-7187.0,-4482.0,12,0.643791913986206,4
-4657.0,-6419.0,-5218.0,12,0.6437990665435791,4
-3229.0,-8237.0,-2412.0,12,0.643805980682373,4
-3587.0,-7853.0,-3283.0,12,0.643812894821167,4
-4516.0,-7077.0,-3603.0,12,0.643826961517334,4
-4881.0,-6510.0,-4652.0,12,0.6438338756561279,4
-3561.0,-7758.0,-3599.0,12,0.6438479423522949,4
-3982.0,-7249.0,-4225.0,12,0.6438548564910889,4
-5483.0,-5795.0,-5536.0,12,0.6438620090484619,4
-5819.0,-5558.0,-5517.0,12,0.6438958644866943,4
-4419.0,-6964.0,-4263.0,12,0.6439099311828613,4
-4855.0,-6415.0,-4968.0,12,0.6439170837402344,4
-4840.0,-6455.0,-4889.0,12,0.6439239978790283,4
-6346.0,-4956.0,-6232.0,13,0.6697089672088623,4
-6357.0,-4992.0,-5976.0,13,0.6697158813476562,4
-6439.0,-4907.0,-5972.0,13,0.6697230339050293,4
-5191.0,-6374.0,-4216.0,13,0.669806957244873,4
-5255.0,-5682.0,-5847.0,14,0.6936280727386475,4
-5529.0,-5630.0,-5744.0,14,0.6937310695648193,4
-4514.0,-6430.0,-5124.0,14,0.6937379837036133,4
-5874.0,-5541.0,-5490.0,14,0.6938059329986572,4
-5810.0,-5548.0,-5577.0,14,0.6938128471374512,4
-6899.0,-4302.0,-6659.0,15,0.7184228897094727,4
-5934.0,-4994.0,-6442.0,15,0.7184369564056396,4
-6424.0,-4925.0,-6006.0,15,0.7185609340667725,4
-8578.0,-1828.0,-8661.0,16,0.7677810192108154,5
-7110.0,-3754.0,-7409.0,16,0.767812967300415,5
-5866.0,-5298.0,-6002.0,16,0.767906904220581,5
-8638.0,-1865.0,-8513.0,16,0.7679340839385986,5
-5708.0,-5353.0,-6049.0,16,0.7679409980773926,5
-5232.0,-5906.0,-5421.0,16,0.7680308818817139,5
-5074.0,-5961.0,-5468.0,16,0.7680380344390869,5
-8356.0,-2487.0,-7862.0,16,0.7680518627166748,5
-7575.0,-3484.0,-7281.0,16,0.7680659294128418,5
-8357.0,-2164.0,-8555.0,17,0.8164150714874268,5
-8505.0,-1963.0,-8694.0,17,0.816504955291748,5
-5681.0,-5716.0,-4784.0,17,0.8165459632873535,5
-8362.0,-2466.0,-7928.0,17,0.8166289329528809,5
-8223.0,-2585.0,-8043.0,17,0.8166358470916748,5
-7679.0,-2536.0,-8362.0,17,0.8166499137878418,5
-6249.0,-5048.0,-5843.0,17,0.8166909217834473,5
-8168.0,-2737.0,-7644.0,17,0.8167459964752197,5
-4380.0,-6684.0,-4570.0,18,0.8514409065246582,5
-5610.0,-5096.0,-6439.0,18,0.8514580726623535,5
-5879.0,-5306.0,-5706.0,18,0.8515419960021973,5
-5045.0,-5738.0,-5840.0,19,0.8777580261230469,5
-8187.0,-2714.0,-7986.0,19,0.8778059482574463,5
-6550.0,-4173.0,-7153.0,20,0.9059629440307617,5
-4315.0,-6434.0,-5283.0,20,0.9060308933258057,5
-5320.0,-5461.0,-6119.0,20,0.9060380458831787,5
-6777.0,-4205.0,-6959.0,20,0.9061470031738281,5
-2397.0,-8526.0,-2787.0,21,0.9299910068511963,5
-3514.0,-7283.0,-4417.0,21,0.9300789833068848,5
-3226.0,-7854.0,-3534.0,21,0.9300930500030518,5
-3742.0,-7243.0,-4313.0,21,0.9300999641418457,5
-5380.0,-5701.0,-5738.0,22,0.9551529884338379,5
-6014.0,-5093.0,-6319.0,22,0.9552080631256104,5
-4730.0,-6596.0,-4619.0,23,0.9715430736541748,5
-3124.0,-7915.0,-3562.0,24,1.0022399425506592,5
-4704.0,-6313.0,-5264.0,24,1.0022599697113037,5
-3405.0,-7833.0,-3395.0,24,1.0023369789123535,5
-4985.0,-6231.0,-5097.0,24,1.0023438930511475,5
-5135.0,-6264.0,-4708.0,24,1.0023720264434814,5
-5793.0,-5463.0,-5833.0,24,1.002384901046753,5
-5370.0,-6128.0,-4578.0,24,1.002392053604126,5
-5393.0,-6121.0,-4254.0,24,1.0024340152740479,5
-3469.0,-7826.0,-3308.0,24,1.0024609565734863,5
-5118.0,-6362.0,-4487.0,25,1.0304830074310303,5
-5320.0,-6161.0,-4456.0,25,1.0305988788604736,5
-5703.0,-5616.0,-5585.0,26,1.0568389892578125,5
-5621.0,-5701.0,-5589.0,26,1.0568459033966064,5
-5114.0,-6310.0,-4913.0,26,1.0570030212402344,5
-5098.0,-6423.0,-4476.0,26,1.0570099353790283,5
-5737.0,-5654.0,-5227.0,26,1.0570368766784668,5
-5291.0,-5857.0,-5687.0,27,1.0745089054107666,5
-2734.0,-8380.0,-2765.0,27,1.07452392578125,5
-5118.0,-6414.0,-4418.0,27,1.0745508670806885,5
-5200.0,-6329.0,-4414.0,27,1.0745580196380615,5
-4105.0,-7236.0,-4208.0,27,1.0746538639068604,5
-6377.0,-4944.0,-5521.0,28,1.0978989601135254,5
-6869.0,-4185.0,-7021.0,29,1.1157119274139404,5
-6332.0,-5016.0,-5922.0,30,1.1314878463745117,5
-4890.0,-6438.0,-4741.0,30,1.1315288543701172,5
-5912.0,-5248.0,-5874.0,32,1.178217887878418,6
-6635.0,-4377.0,-6756.0,32,1.1783099174499512,6
-8801.0,-1378.0,-8476.0,34,1.2431888580322266,6
-8316.0,-2536.0,-7783.0,34,1.2433788776397705,6
-5961.0,-5221.0,-5702.0,34,1.243433952331543,6
-8980.0,-1491.0,-8287.0,35,1.2707860469818115,6
-6860.0,-3659.0,-7657.0,37,1.3243699073791504,6
-6315.0,-4344.0,-7043.0,37,1.324375867843628,6
-7779.0,-3037.0,-7729.0,37,1.324389934539795,6
-7070.0,-3915.0,-7352.0,38,1.343263864517212,6
-7763.0,-3029.0,-8105.0,38,1.3432719707489014,6
-5560.0,-5635.0,-5714.0,38,1.3433129787445068,6
-7863.0,-2985.0,-7868.0,38,1.3433749675750732,6
-7429.0,-3575.0,-7474.0,38,1.3433809280395508,6
-6368.0,-4425.0,-6982.0,38,1.3434360027313232,6
-6533.0,-4317.0,-7071.0,38,1.3434419631958008,6
-5898.0,-5174.0,-6315.0,39,1.368669033050537,6
-3688.0,-7123.0,-4572.0,40,1.3939249515533447,6
-5516.0,-4943.0,-6534.0,40,1.3940000534057617,6
-3450.0,-7668.0,-3617.0,40,1.3940339088439941,6
-3013.0,-7953.0,-3579.0,40,1.394075870513916,6
-3871.0,-7159.0,-4243.0,40,1.3940820693969727,6
-3782.0,-6998.0,-4670.0,41,1.4189949035644531,6
-3401.0,-7315.0,-4326.0,42,1.4394879341125488,6
-5638.0,-5121.0,-6425.0,42,1.4395489692687988,6
-2683.0,-8104.0,-3217.0,43,1.455333948135376,6
-2853.0,-8004.0,-3410.0,43,1.4553818702697754,6
-5877.0,-4910.0,-6584.0,43,1.4553959369659424,6
-6707.0,-4207.0,-7072.0,45,1.4930660724639893,6
-6576.0,-4378.0,-6929.0,47,1.5176689624786377,6
-5631.0,-5672.0,-5242.0,48,1.5455379486083984,6
-5996.0,-5105.0,-6291.0,48,1.5455448627471924,6
-5538.0,-5640.0,-5684.0,48,1.5455589294433594,6
-2783.0,-8449.0,-2258.0,48,1.5455799102783203,6
-4668.0,-6719.0,-4119.0,48,1.5456860065460205,6
-3352.0,-7876.0,-3316.0,48,1.5457000732421875,6
-3416.0,-7869.0,-3229.0,48,1.5457139015197754,6
-4932.0,-6274.0,-5018.0,48,1.5457210540771484,6
-5200.0,-6277.0,-4483.0,50,1.6047019958496094,6
-3668.0,-7314.0,-4282.0,50,1.6047358512878418,6
-4739.0,-6334.0,-5214.0,50,1.6047630310058594,6
-4064.0,-7164.0,-4221.0,50,1.6047899723052979,6
-4683.0,-6514.0,-4902.0,50,1.6048028469085693,6
-4008.0,-7344.0,-3909.0,50,1.6048099994659424,6
-3931.0,-7102.0,-4478.0,50,1.6048169136047363,6
-3643.0,-7673.0,-3595.0,50,1.6048228740692139,6
-3460.0,-7912.0,-3206.0,51,1.6307449340820312,6
-2766.0,-8434.0,-2598.0,51,1.6307518482208252,6
-4473.0,-7090.0,-3416.0,51,1.6307590007781982,6
-4380.0,-7139.0,-3676.0,51,1.6307649612426758,6
-3325.0,-7785.0,-3641.0,51,1.6307928562164307,6
-3262.0,-7916.0,-3456.0,51,1.6308000087738037,6
-4783.0,-6733.0,-3923.0,52,1.6537179946899414,6
-6119.0,-4924.0,-6426.0,52,1.6537580490112305,6
-5257.0,-6182.0,-4714.0,52,1.6537790298461914,6
-4648.0,-6517.0,-5040.0,53,1.6783719062805176,6
-3004.0,-8090.0,-3239.0,53,1.6784288883209229,6
-3484.0,-7907.0,-3160.0,53,1.678436040878296,6
-2542.0,-8304.0,-2993.0,53,1.6784498691558838,6
-2899.0,-8272.0,-2854.0,53,1.6784708499908447,6
-3127.0,-7959.0,-3321.0,54,1.6998839378356934,6
-5107.0,-6378.0,-4674.0,54,1.6999659538269043,6
-5373.0,-5772.0,-5683.0,54,1.6999728679656982,6
-5605.0,-5713.0,-5542.0,54,1.6999800205230713,6
-4187.0,-7151.0,-4204.0,54,1.6999869346618652,6
-6453.0,-4877.0,-6180.0,58,1.7724430561065674,6
-6497.0,-4885.0,-5804.0,58,1.7724769115447998,6
-7255.0,-3972.0,-6478.0,58,1.7724828720092773,6
-7544.0,-3461.0,-7327.0,58,1.7725038528442383,6
-5593.0,-5623.0,-5657.0,59,1.7854678630828857,6
-6276.0,-4958.0,-6345.0,62,1.824578046798706,6
-8166.0,-2185.0,-8545.0,64,1.8683130741119385,7
-4571.0,-6530.0,-4778.0,64,1.8685250282287598,7
-4063.0,-6714.0,-4774.0,64,1.8685669898986816,7
-3611.0,-7407.0,-3867.0,65,1.8993749618530273,7
-5354.0,-5961.0,-4834.0,66,1.9280650615692139,7
-8470.0,-2277.0,-7731.0,67,1.9511480331420898,7
-7152.0,-3830.0,-7348.0,70,2.0259149074554443,7
-5642.0,-5550.0,-5710.0,70,2.0259969234466553,7
-7967.0,-2614.0,-8238.0,71,2.0633649826049805,7
-8644.0,-1844.0,-8579.0,71,2.0633978843688965,7
-6761.0,-4449.0,-6237.0,72,2.089303970336914,7
-7522.0,-3526.0,-7214.0,73,2.1129980087280273,7
-7163.0,-3866.0,-7092.0,73,2.113079071044922,7
-6714.0,-4348.0,-6827.0,76,2.190546989440918,7
-7407.0,-3462.0,-7580.0,76,2.190614938735962,7
-7015.0,-3538.0,-7685.0,76,2.190621852874756,7
-6604.0,-4505.0,-6584.0,76,2.190737009048462,7
-6093.0,-5121.0,-6074.0,77,2.2088780403137207,7
-7900.0,-2645.0,-8328.0,78,2.2308530807495117,7
-8127.0,-2677.0,-8134.0,78,2.2308669090270996,7
-7737.0,-2883.0,-8203.0,78,2.230926990509033,7
-8412.0,-2159.0,-8509.0,78,2.230933904647827,7
-7964.0,-2915.0,-8009.0,78,2.231001853942871,7
-6763.0,-4371.0,-6758.0,79,2.248081922531128,7
-1627.0,-9160.0,-1483.0,80,2.2739269733428955,7
-2203.0,-8737.0,-2488.0,80,2.2739880084991455,7
-2927.0,-8012.0,-3391.0,80,2.2740509510040283,7
-2789.0,-8011.0,-3497.0,80,2.2740979194641113,7
-3468.0,-7295.0,-4339.0,80,2.2741050720214844,7
-3531.0,-7164.0,-4524.0,80,2.2741119861602783,7
-3155.0,-7972.0,-3287.0,82,2.3653879165649414,7
-4252.0,-6565.0,-5098.0,82,2.365401029586792,7
-5008.0,-5548.0,-6036.0,82,2.365462064743042,7
-5273.0,-5100.0,-6433.0,85,2.4283640384674072,7
-6956.0,-3782.0,-7432.0,85,2.428370952606201,7
-5726.0,-5070.0,-6398.0,85,2.428377866744995,7
-4316.0,-6558.0,-5011.0,86,2.443981885910034,7
-4993.0,-5817.0,-5821.0,86,2.4440560340881348,7
-7555.0,-3318.0,-7530.0,88,2.4816019535064697,7
-7328.0,-3286.0,-7724.0,88,2.4816229343414307,7
-4368.0,-6852.0,-4433.0,90,2.513697862625122,7
-7866.0,-3043.0,-7081.0,96,2.596560001373291,7
-7879.0,-3033.0,-7117.0,97,2.620802879333496,7
-6357.0,-4940.0,-6045.0,98,2.6458590030670166,7
-5531.0,-5564.0,-5727.0,98,2.6459200382232666,7
-4441.0,-6994.0,-3815.0,98,2.645940065383911,7
-5755.0,-5655.0,-5161.0,98,2.645961046218872,7
-5314.0,-6160.0,-4558.0,98,2.6459670066833496,7
-2403.0,-8756.0,-2431.0,100,2.698791027069092,7
-4937.0,-6330.0,-4964.0,100,2.6987979412078857,7
-3866.0,-7310.0,-4032.0,100,2.698824882507324,7
-3549.0,-7876.0,-3075.0,100,2.698852062225342,7
-4302.0,-7046.0,-4130.0,100,2.6988589763641357,7
-3914.0,-7608.0,-3233.0,101,2.7176339626312256,7
-4697.0,-6442.0,-5072.0,102,2.738435983657837,7
-6178.0,-5078.0,-5742.0,103,2.7532780170440674,7
-5306.0,-6011.0,-5036.0,104,2.773621082305908,7
-4280.0,-6983.0,-4493.0,104,2.7737369537353516,7
-4919.0,-6292.0,-5130.0,104,2.7737438678741455,7
-3217.0,-7474.0,-3986.0,105,2.7952089309692383,7
-3679.0,-7260.0,-4232.0,105,2.795279026031494,7
-4755.0,-6405.0,-5011.0,106,2.8174118995666504,7
-5500.0,-5840.0,-5331.0,106,2.8174939155578613,7
-4882.0,-6541.0,-4349.0,107,2.8353939056396484,7
-5252.0,-6151.0,-5000.0,107,2.8354220390319824,7
-6419.0,-4821.0,-6199.0,108,2.8532040119171143,7
-5180.0,-6243.0,-4641.0,108,2.853210926055908,7
-6338.0,-4778.0,-6447.0,114,2.951606035232544,7
-5751.0,-5468.0,-5721.0,116,2.9836390018463135,7
-5228.0,-6190.0,-4608.0,116,2.983659029006958,7
-7145.0,-4054.0,-6865.0,119,3.013592004776001,7
-6140.0,-4665.0,-6513.0,119,3.013619899749756,7
-6918.0,-4022.0,-7059.0,119,3.0136399269104004,7
-5397.0,-5628.0,-5780.0,124,3.08121395111084,7
-6719.0,-4359.0,-6774.0,125,3.0902600288391113,7
-2156.0,-8068.0,-3268.0,128,3.143893003463745,8
-8173.0,-1871.0,-8756.0,130,3.1985490322113037,8
-5148.0,-5929.0,-5337.0,130,3.19861102104187,8
-7162.0,-3737.0,-7242.0,130,3.198719024658203,8
-8420.0,-1883.0,-8708.0,131,3.2211430072784424,8
-8216.0,-2522.0,-8054.0,134,3.3081579208374023,8
-8410.0,-2240.0,-7879.0,134,3.3082468509674072,8
-8382.0,-2388.0,-7903.0,134,3.3082540035247803,8
-5445.0,-5807.0,-5376.0,135,3.3294248580932617,8
-6740.0,-4443.0,-6511.0,135,3.3295130729675293,8
-7245.0,-3781.0,-7088.0,137,3.380842924118042,8
-6668.0,-4367.0,-6919.0,142,3.479698896408081,8
-7686.0,-3086.0,-7989.0,154,3.7358319759368896,8
-7141.0,-3771.0,-7375.0,154,3.7358388900756836,8
-5631.0,-5491.0,-5737.0,154,3.735872983932495,8
-6668.0,-4498.0,-6497.0,154,3.73590087890625,8
-5881.0,-4629.0,-6748.0,154,3.735990047454834,8
-6456.0,-4374.0,-6955.0,154,3.736003875732422,8
-6532.0,-4238.0,-7075.0,156,3.793034076690674,8
-5302.0,-5955.0,-5223.0,156,3.7930638790130615,8
-8576.0,-1994.0,-8537.0,158,3.8259429931640625,8
-6642.0,-4510.0,-6500.0,158,3.826000928878784,8
-7583.0,-3435.0,-7423.0,158,3.8260350227355957,8
-8128.0,-2750.0,-8037.0,158,3.8260419368743896,8
-7901.0,-2718.0,-8231.0,158,3.826050043106079,8
-4945.0,-5679.0,-5851.0,164,3.9555749893188477,8
-2685.0,-8405.0,-2859.0,166,3.990764856338501,8
-4161.0,-6884.0,-4549.0,166,3.9907779693603516,8
-6025.0,-4709.0,-6723.0,168,4.025636911392212,8
-6306.0,-4627.0,-6556.0,168,4.025665044784546,8
-5686.0,-4931.0,-6574.0,168,4.025692939758301,8
-3534.0,-7377.0,-4069.0,170,4.113775014877319,8
-4965.0,-6010.0,-5391.0,172,4.1433680057525635,8
-5477.0,-5377.0,-6112.0,172,4.143374919891357,8
-4322.0,-6515.0,-5153.0,174,4.171004056930542,8
-4146.0,-6658.0,-4818.0,175,4.183590888977051,8
-5380.0,-5907.0,-4900.0,177,4.225646018981934,8
-5307.0,-5947.0,-5102.0,177,4.225658893585205,8
-7329.0,-3359.0,-7627.0,178,4.2452778816223145,8
-6070.0,-5151.0,-5896.0,178,4.24534797668457,8
-7556.0,-3391.0,-7433.0,178,4.245383024215698,8
-5589.0,-5490.0,-5772.0,180,4.2705700397491455,8
-5432.0,-5683.0,-5706.0,184,4.316041946411133,8
-4739.0,-6513.0,-4685.0,184,4.316061973571777,8
-4363.0,-6567.0,-4842.0,188,4.365092992782593,8
-6824.0,-4172.0,-7030.0,194,4.470591068267822,8
-5594.0,-5460.0,-5996.0,194,4.470638990402222,8
-5255.0,-5990.0,-5145.0,195,4.490454912185669,8
-5683.0,-5710.0,-5147.0,196,4.513479948043823,8
-5729.0,-5560.0,-5477.0,196,4.513514995574951,8
-5273.0,-6237.0,-4281.0,197,4.531209945678711,8
-5957.0,-5399.0,-5604.0,198,4.549031972885132,8
-7277.0,-3943.0,-6601.0,198,4.549046039581299,8
-2133.0,-9014.0,-1627.0,200,4.588531017303467,8
-2770.0,-8483.0,-2512.0,200,4.588572978973389,8
-5049.0,-6325.0,-4698.0,200,4.5886828899383545,8
-4598.0,-6860.0,-4113.0,200,4.5886969566345215,8
-2737.0,-8560.0,-2254.0,201,4.614693880081177,8
-4455.0,-6983.0,-3832.0,201,4.61470103263855,8
-2163.0,-8978.0,-1773.0,202,4.63504695892334,8
-4335.0,-7099.0,-3859.0,203,4.649734020233154,8
-2767.0,-8524.0,-2400.0,203,4.649795055389404,8
-3018.0,-8008.0,-3282.0,205,4.680707931518555,8
-4967.0,-6410.0,-4702.0,205,4.680840015411377,8
-6085.0,-5127.0,-6002.0,206,4.695870876312256,8
-5478.0,-5741.0,-5586.0,207,4.705770015716553,8
-4541.0,-6882.0,-4269.0,208,4.730777025222778,8
-3355.0,-7571.0,-3718.0,209,4.75116491317749,8
-5003.0,-5779.0,-5811.0,210,4.77148699760437,8
-4962.0,-6373.0,-4895.0,212,4.807827949523926,8
-3292.0,-7851.0,-3410.0,212,4.807842969894409,8
-5582.0,-5755.0,-5327.0,213,4.823853015899658,8
-5180.0,-6338.0,-4472.0,213,4.823899984359741,8
-5796.0,-5567.0,-5325.0,214,4.839632034301758,8
-5510.0,-5740.0,-5392.0,216,4.8689069747924805,8
-5131.0,-6264.0,-4751.0,223,4.938287973403931,8
-5249.0,-5628.0,-5878.0,228,5.022428035736084,8
-6169.0,-4855.0,-6348.0,231,5.063930988311768,8
-6556.0,-4574.0,-6254.0,235,5.108484983444214,8
-5969.0,-5303.0,-5228.0,235,5.108492851257324,8
-5569.0,-5812.0,-5128.0,250,5.276340007781982,8
-6127.0,-5099.0,-6168.0,250,5.276360034942627,8
-5724.0,-5571.0,-5485.0,268,5.650269985198975,9
-7060.0,-4025.0,-6885.0,268,5.650282859802246,9
-7737.0,-3229.0,-7235.0,268,5.6503660678863525,9
-6701.0,-4365.0,-6763.0,270,5.699073076248169,9
-8041.0,-2566.0,-8228.0,270,5.69914984703064,9
-7394.0,-3479.0,-7516.0,270,5.699156999588013,9
-6843.0,-4364.0,-6233.0,274,5.793717861175537,9
-8021.0,-2500.0,-8265.0,284,5.984822034835815,9
-7458.0,-3230.0,-7772.0,284,5.984894037246704,9
-8364.0,-1850.0,-8766.0,285,6.001762866973877,9
-7685.0,-3262.0,-7578.0,286,6.018770933151245,9
-6980.0,-4014.0,-6974.0,286,6.018805980682373,9
-7647.0,-3381.0,-7052.0,286,6.018812894821167,9
-7537.0,-3463.0,-7439.0,286,6.018826961517334,9
-7665.0,-3350.0,-7419.0,287,6.048290967941284,9
-6176.0,-4806.0,-6351.0,308,6.476099967956543,9
-6253.0,-4749.0,-6467.0,310,6.504519939422607,9
-6582.0,-4340.0,-7002.0,314,6.5691978931427,9
-6161.0,-4849.0,-6376.0,314,6.569236993789673,9
-7356.0,-3403.0,-7617.0,317,6.65902304649353,9
-7456.0,-3485.0,-7511.0,318,6.669481992721558,9
-6754.0,-4076.0,-7052.0,318,6.669496059417725,9
-7854.0,-2955.0,-7905.0,319,6.677934885025024,9
-2720.0,-7934.0,-3585.0,321,6.724272012710571,9
-2848.0,-8061.0,-3490.0,324,6.7895119190216064,9
-5601.0,-5379.0,-5952.0,333,6.943110942840576,9
-3657.0,-7364.0,-4052.0,334,6.956434011459351,9
-3822.0,-7256.0,-4141.0,334,6.956448078155518,9
-5189.0,-5299.0,-6236.0,344,7.112640857696533,9
-4834.0,-6037.0,-5465.0,344,7.117966890335083,9
-3773.0,-7367.0,-3942.0,386,7.62254786491394,9
-3837.0,-7360.0,-3855.0,386,7.622570037841797,9
-6897.0,-4037.0,-6997.0,388,7.670575857162476,9
-6957.0,-4074.0,-6849.0,388,7.670603036880493,9
-5048.0,-6022.0,-5261.0,390,7.709622859954834,9
-6882.0,-4091.0,-6911.0,390,7.709735870361328,9
-6373.0,-4707.0,-6445.0,390,7.709755897521973,9
-5960.0,-5407.0,-4991.0,392,7.752245903015137,9
-5776.0,-5661.0,-4887.0,393,7.773007869720459,9
-4882.0,-6489.0,-4418.0,394,7.792051076889038,9
-4810.0,-6544.0,-4404.0,394,7.792064905166626,9
-6541.0,-4766.0,-6008.0,396,7.825026035308838,9
-6442.0,-4902.0,-5831.0,397,7.837823867797852,9
-5875.0,-5378.0,-5829.0,398,7.852787971496582,9
-7124.0,-4069.0,-6803.0,398,7.852834939956665,9
-5716.0,-5577.0,-5413.0,400,7.891577959060669,9
-2928.0,-8338.0,-2628.0,400,7.891638994216919,9
-3909.0,-7554.0,-3283.0,401,7.907763957977295,9
-4723.0,-6537.0,-4756.0,402,7.923544883728027,9
-4330.0,-7045.0,-3909.0,403,7.937655925750732,9
-3273.0,-8153.0,-2615.0,404,7.955811023712158,9
-4368.0,-7034.0,-4017.0,404,7.955864906311035,9
-3407.0,-7700.0,-3637.0,407,7.99544095993042,9
-3344.0,-7831.0,-3452.0,407,7.995447874069214,9
-4490.0,-6982.0,-3919.0,408,8.014179944992065,9
-4532.0,-6550.0,-4983.0,410,8.043658018112183,9
-3734.0,-7777.0,-2859.0,416,8.122988939285278,9
-4318.0,-7133.0,-3784.0,416,8.122994899749756,9
-5345.0,-5595.0,-5838.0,420,8.189532041549683,9
-4257.0,-6799.0,-4508.0,421,8.207254886627197,9
-5593.0,-5791.0,-5071.0,426,8.282163858413696,9
-3813.0,-7393.0,-3801.0,427,8.294885873794556,9
-7618.0,-3383.0,-7117.0,450,8.552592039108276,9
-5739.0,-5242.0,-6138.0,459,8.670657873153687,9
-3059.0,-7644.0,-3756.0,516,9.293978929519653,10
-7052.0,-3787.0,-7376.0,526,9.503505945205688,10
-7887.0,-2945.0,-7248.0,536,9.728997945785522,10
-6209.0,-5074.0,-5712.0,539,9.78559398651123,10
-6919.0,-4102.0,-6863.0,540,9.805264949798584,10
-7752.0,-3208.0,-7299.0,541,9.823762893676758,10
-7918.0,-3043.0,-6913.0,544,9.881639003753662,10
-9074.0,-1429.0,-8130.0,545,9.90261197090149,10
-6753.0,-3982.0,-7168.0,568,10.363681077957153,10
-5384.0,-5870.0,-5219.0,571,10.397963047027588,10
-8133.0,-2480.0,-8087.0,572,10.413227081298828,10
-8814.0,-1625.0,-8438.0,573,10.425030946731567,10
-8610.0,-2022.0,-8069.0,577,10.48681092262268,10
-6688.0,-4489.0,-6439.0,590,10.7304048538208,10
-6153.0,-4862.0,-6390.0,612,11.110339879989624,10
-5961.0,-5146.0,-6118.0,613,11.124862909317017,10
-7579.0,-3291.0,-7487.0,616,11.166868925094604,10
-7158.0,-3830.0,-7138.0,616,11.166985988616943,10
-6185.0,-4646.0,-6589.0,616,11.167032957077026,10
-5419.0,-5712.0,-5692.0,622,11.244629859924316,10
-7752.0,-2846.0,-8189.0,628,11.341949939727783,10
-7979.0,-2878.0,-7995.0,628,11.341978073120117,10
-6603.0,-4422.0,-6919.0,630,11.367346048355103,10
-7209.0,-3796.0,-7237.0,631,11.376061916351318,10
-7812.0,-2883.0,-8041.0,632,11.393856048583984,10
-2986.0,-7759.0,-3831.0,650,11.674645900726318,10
-2457.0,-8445.0,-2963.0,650,11.67467999458313,10
-4506.0,-5633.0,-5936.0,650,11.674700021743774,10
-3012.0,-8040.0,-3050.0,660,11.843301057815552,10
-4901.0,-6017.0,-5478.0,663,11.87667989730835,10
-2882.0,-8237.0,-2876.0,664,11.897100925445557,10
-5804.0,-5021.0,-6410.0,666,11.926368951797485,10
-3502.0,-7456.0,-3790.0,688,12.237526893615723,10
-3865.0,-6677.0,-4863.0,690,12.268110990524292,10
-6158.0,-4828.0,-6417.0,694,12.312481880187988,10
-4505.0,-6551.0,-4824.0,698,12.348480939865112,10
-5316.0,-5914.0,-4987.0,706,12.454962015151978,10
-3066.0,-8046.0,-2895.0,768,13.065078020095825,10
-2876.0,-8062.0,-3349.0,772,13.158061981201172,10
-3269.0,-7699.0,-3743.0,772,13.15808892250061,10
-3206.0,-7830.0,-3558.0,772,13.158143043518066,10
-3434.0,-7791.0,-3312.0,772,13.158155918121338,10
-5624.0,-5540.0,-5734.0,783,13.341728925704956,10
-4543.0,-6744.0,-4252.0,792,13.517330884933472,10
-5931.0,-5436.0,-5406.0,792,13.5173659324646,10
-5739.0,-5678.0,-5167.0,793,13.560548067092896,10
-6408.0,-4864.0,-6189.0,794,13.57381796836853,10
-6501.0,-4815.0,-5929.0,794,13.573839902877808,10
-2456.0,-8783.0,-1844.0,800,13.646677017211914,10
-4034.0,-7492.0,-3206.0,800,13.646683931350708,10
-4621.0,-6763.0,-4232.0,800,13.646698951721191,10
-4414.0,-6795.0,-4348.0,800,13.646719932556152,10
-4462.0,-7054.0,-3672.0,803,13.696147918701172,10
-4496.0,-6825.0,-4309.0,803,13.696186065673828,10
-4555.0,-7005.0,-3412.0,803,13.6962149143219,10
-5195.0,-6223.0,-4533.0,803,13.69623589515686,10
-3605.0,-7696.0,-3387.0,807,13.812371969223022,10
-4400.0,-6864.0,-4363.0,808,13.83007001876831,10
-2958.0,-8302.0,-2774.0,808,13.830103874206543,10
-3060.0,-7515.0,-3938.0,812,13.88052487373352,10
-2706.0,-8291.0,-2935.0,812,13.880545854568481,10
-1825.0,-8921.0,-2233.0,812,13.880565881729126,10
-3899.0,-7272.0,-4132.0,815,13.912734031677246,10
-4047.0,-7183.0,-4232.0,820,13.988003015518188,10
-3817.0,-7357.0,-4136.0,820,13.988009929656982,10
-3018.0,-8221.0,-2950.0,831,14.110813856124878,10
-2409.0,-8242.0,-3250.0,831,14.11097502708435,10
-3818.0,-7192.0,-4460.0,832,14.127717971801758,10
-4081.0,-6980.0,-4656.0,832,14.127779960632324,10
-4362.0,-6898.0,-4489.0,832,14.127806901931763,10
-3931.0,-7552.0,-3667.0,832,14.127814054489136,10
-4396.0,-7014.0,-4017.0,833,14.148473024368286,10
-3476.0,-7787.0,-3547.0,833,14.148500919342041,10
-3704.0,-7748.0,-3301.0,833,14.148508071899414,10
-3306.0,-7887.0,-3354.0,833,14.148520946502686,10
-5170.0,-6130.0,-5225.0,842,14.284923076629639,10
-5427.0,-5658.0,-5710.0,844,14.3074369430542,10
-5668.0,-5459.0,-5841.0,845,14.316223859786987,10
-4352.0,-7043.0,-4293.0,852,14.405153036117554,10
-5714.0,-5652.0,-5329.0,856,14.453701972961426,10
-5440.0,-5828.0,-5389.0,857,14.46329402923584,10
-4638.0,-6597.0,-4497.0,880,14.673949956893921,10
-5163.0,-5882.0,-5504.0,912,15.030694961547852,10
-4337.0,-7064.0,-3783.0,976,15.596930980682373,10
-3950.0,-6746.0,-4683.0,1022,16.1186580657959,11
-7190.0,-3829.0,-6739.0,1065,16.971526861190796,11
-7588.0,-3373.0,-7271.0,1070,17.05874800682068,11
-7210.0,-3732.0,-7329.0,1074,17.105905055999756,11
-8939.0,-1620.0,-8027.0,1076,17.140763998031616,11
-7808.0,-3125.0,-7300.0,1084,17.31748104095459,11
-7624.0,-3378.0,-7113.0,1084,17.317494869232178,11
-8171.0,-2509.0,-8063.0,1118,17.821717023849487,11
-6750.0,-4413.0,-6493.0,1122,17.895954847335815,11
-8816.0,-1757.0,-8305.0,1132,18.002858877182007,11
-8650.0,-1891.0,-8456.0,1134,18.02297592163086,11
-6685.0,-4337.0,-6915.0,1138,18.049311876296997,11
-8299.0,-2250.0,-8085.0,1142,18.13344407081604,11
-7851.0,-3006.0,-7585.0,1142,18.133509874343872,11
-6080.0,-4347.0,-7106.0,1154,18.376107931137085,11
-3596.0,-7463.0,-3689.0,1198,19.044501066207886,11
-4785.0,-6320.0,-5111.0,1208,19.206532955169678,11
-7111.0,-3341.0,-7782.0,1216,19.298547983169556,11
-6112.0,-4826.0,-6445.0,1222,19.372139930725098,11
-6595.0,-4538.0,-6699.0,1226,19.411684036254883,11
-5200.0,-5932.0,-5319.0,1235,19.531571865081787,11
-8427.0,-2122.0,-8495.0,1239,19.575299978256226,11
-7279.0,-3566.0,-7676.0,1241,19.596271991729736,11
-6586.0,-4452.0,-6923.0,1244,19.625218868255615,11
-7960.0,-2682.0,-8180.0,1246,19.641398906707764,11
-4113.0,-6633.0,-4870.0,1269,19.91988706588745,11
-4249.0,-6441.0,-5187.0,1310,20.54718804359436,11
-5015.0,-5629.0,-5906.0,1340,20.93179488182068,11
-5170.0,-5583.0,-5941.0,1340,20.93180203437805,11
-5069.0,-5678.0,-5848.0,1365,21.211617946624756,11
-5148.0,-5891.0,-5471.0,1380,21.337032079696655,11
-6884.0,-4126.0,-6907.0,1414,21.78492307662964,11
-5960.0,-4879.0,-6471.0,1455,22.17132806777954,11
-4628.0,-6573.0,-4715.0,1464,22.25736689567566,11
-3270.0,-7823.0,-3471.0,1510,22.744817972183228,11
-4200.0,-6684.0,-4722.0,1510,22.744876861572266,11
-5172.0,-5892.0,-5444.0,1520,22.909842014312744,11
-3157.0,-7980.0,-3182.0,1545,23.258007049560547,11
-6145.0,-5076.0,-5993.0,1554,23.37511396408081,11
-6413.0,-4676.0,-6271.0,1561,23.431927919387817,11
-3224.0,-8183.0,-2462.0,1567,23.518802881240845,11
-5182.0,-6227.0,-4517.0,1568,23.534707069396973,11
-2316.0,-8852.0,-1926.0,1580,23.684376001358032,11
-3353.0,-7947.0,-3047.0,1582,23.708340883255005,11
-2997.0,-7646.0,-3753.0,1589,23.776795864105225,11
-4659.0,-6582.0,-4689.0,1590,23.788570880889893,11
-2636.0,-8556.0,-2692.0,1622,24.085144996643066,11
-2105.0,-8931.0,-2104.0,1623,24.10341191291809,11
-1748.0,-8963.0,-2243.0,1623,24.103425979614258,11
-3159.0,-7789.0,-3667.0,1624,24.121098041534424,11
-3101.0,-8292.0,-2476.0,1626,24.15426802635193,11
-3246.0,-8181.0,-2846.0,1626,24.154281854629517,11
-4309.0,-6941.0,-4410.0,1626,24.15428900718689,11
-4343.0,-6774.0,-4657.0,1626,24.154295921325684,11
-3584.0,-7367.0,-3968.0,1626,24.154330015182495,11
-3154.0,-8249.0,-2555.0,1627,24.177775859832764,11
-5085.0,-5694.0,-5807.0,1642,24.37243390083313,11
-5253.0,-6203.0,-4439.0,1662,24.576605081558228,11
-4125.0,-7239.0,-3927.0,1664,24.59032392501831,11
-5131.0,-6290.0,-4742.0,1665,24.596147060394287,11
-5711.0,-5559.0,-5543.0,1670,24.651077032089233,11
-5544.0,-5500.0,-5837.0,1770,25.528864860534668,11
-5096.0,-5902.0,-5491.0,1776,25.589910984039307,11
-6044.0,-5189.0,-5781.0,1892,26.53017497062683,11
-8257.0,-2121.0,-8583.0,1972,27.72483205795288,12
-6963.0,-3097.0,-7783.0,1992,28.061091899871826,12
-8411.0,-2313.0,-7782.0,2022,28.580595016479492,12
-7689.0,-3274.0,-7150.0,2022,28.58063507080078,12
-8579.0,-1901.0,-8564.0,2032,28.733026027679443,12
-8297.0,-2523.0,-7913.0,2032,28.733169078826904,12
-7285.0,-3732.0,-7167.0,2046,28.895087003707886,12
-6436.0,-4598.0,-6355.0,2077,29.432169914245605,12
-7996.0,-2553.0,-8237.0,2134,30.220788955688477,12
-8133.0,-2506.0,-8078.0,2150,30.3881938457489,12
-8785.0,-1700.0,-8559.0,2166,30.591938018798828,12
-4484.0,-6583.0,-4628.0,2289,32.23593091964722,12
-6846.0,-3976.0,-7143.0,2297,32.341513872146606,12
-6666.0,-4394.0,-6722.0,2326,32.65571689605713,12
-7288.0,-3652.0,-7452.0,2328,32.6718590259552,12
-6217.0,-4680.0,-6471.0,2336,32.73894286155701,12
-8487.0,-2159.0,-8347.0,2375,33.1041259765625,12
-3438.0,-7463.0,-3877.0,2413,33.45987606048584,12
-1546.0,-9079.0,-2039.0,2436,33.858465909957886,12
-2698.0,-8330.0,-2948.0,2436,33.85847187042236,12
-3119.0,-7821.0,-3574.0,2436,33.858540058135986,12
-2049.0,-8712.0,-2636.0,2437,33.87483787536621,12
-5282.0,-5635.0,-5811.0,2492,34.75510287284851,12
-3305.0,-7683.0,-3749.0,2522,35.04139590263367,12
-4084.0,-6678.0,-4827.0,2572,35.68215799331665,12
-4022.0,-6620.0,-4893.0,2580,35.767534017562866,12
-3482.0,-7453.0,-4071.0,2634,36.213001012802124,12
-3647.0,-7345.0,-4160.0,2634,36.21302795410156,12
-5267.0,-5765.0,-5718.0,2779,37.51534700393677,12
-4488.0,-6560.0,-4789.0,2840,38.10168194770813,12
-3188.0,-7908.0,-3475.0,2850,38.263046979904175,12
-5708.0,-5027.0,-6415.0,2888,38.78350591659546,12
-4746.0,-6551.0,-4491.0,2913,39.09273886680603,12
-5714.0,-5600.0,-5398.0,2922,39.176883935928345,12
-5268.0,-6105.0,-4674.0,2928,39.23732089996338,12
-5898.0,-5437.0,-5405.0,2938,39.321982860565186,12
-6318.0,-4779.0,-6258.0,2942,39.36171293258667,12
-2996.0,-8223.0,-2566.0,2955,39.50738286972046,12
-4786.0,-6537.0,-4502.0,2960,39.57414388656616,12
-3323.0,-7983.0,-2901.0,2960,39.57417106628418,12
-4588.0,-6541.0,-4752.0,2987,39.87544298171997,12
-2182.0,-8889.0,-2094.0,2998,39.968283891677856,12
-3523.0,-7781.0,-3391.0,3014,40.10953092575073,12
-3353.0,-7705.0,-3624.0,3025,40.20917987823486,12
-4414.0,-6910.0,-4313.0,3028,40.235957860946655,12
-5212.0,-5961.0,-5259.0,3033,40.268271923065186,12
-2333.0,-8892.0,-1858.0,3055,40.434401988983154,12
-2121.0,-8813.0,-2367.0,3055,40.43445587158203,12
-2478.0,-8781.0,-2228.0,3055,40.4344699382782,12
-2880.0,-8220.0,-3056.0,3057,40.46721386909485,12
-3396.0,-7610.0,-3693.0,3058,40.49002289772034,12
-3641.0,-7826.0,-3119.0,3062,40.54725098609924,12
-4550.0,-6742.0,-4541.0,3062,40.54729199409485,12
-4027.0,-7464.0,-3428.0,3062,40.54730486869812,12
-2918.0,-8431.0,-2666.0,3064,40.576478004455566,12
-4833.0,-6392.0,-5080.0,3096,40.93265700340271,12
-4485.0,-6759.0,-4404.0,3097,40.944117069244385,12
-6192.0,-4789.0,-6393.0,3102,40.993674993515015,12
-5219.0,-6205.0,-4528.0,3131,41.3409628868103,12
-5275.0,-6025.0,-4840.0,3132,41.34733295440674,12
-4467.0,-6644.0,-4840.0,3141,41.42950797080994,12
-4730.0,-6432.0,-5036.0,3141,41.4295220375061,12
-8296.0,-2450.0,-8010.0,3710,47.50165104866028,13
-8069.0,-2418.0,-8204.0,3710,47.50165796279907,13
-5992.0,-5137.0,-5998.0,3733,47.721380949020386,13
-7042.0,-3922.0,-6931.0,3918,50.11140704154968,13
-8135.0,-2434.0,-8122.0,3920,50.13348603248596,13
-7438.0,-3318.0,-7613.0,3922,50.147018909454346,13
-7310.0,-3431.0,-7633.0,3924,50.16566205024719,13
-8951.0,-1566.0,-8408.0,3944,50.32121801376343,13
-5311.0,-5872.0,-5289.0,4257,53.76156401634216,13
-5952.0,-5060.0,-6342.0,4260,53.78843688964844,13
-5839.0,-5124.0,-6322.0,4260,53.78844404220581,13
-6657.0,-4308.0,-6946.0,4288,53.99999690055847,13
-2997.0,-7595.0,-3791.0,4399,55.140105962753296,13
-3369.0,-7485.0,-3980.0,4620,57.72207999229431,13
-4727.0,-6472.0,-4708.0,4913,60.244446992874146,13
-5264.0,-5641.0,-5807.0,4916,60.262035846710205,13
-5424.0,-6078.0,-4171.0,5099,62.36813497543335,13
-5273.0,-6070.0,-4764.0,5110,62.48663902282715,13
-4741.0,-6587.0,-3926.0,5150,62.89023494720459,13
-6011.0,-5259.0,-5640.0,5174,63.12813997268677,13
-5876.0,-5268.0,-5732.0,5182,63.1873779296875,13
-4228.0,-7250.0,-3462.0,5221,63.616719007492065,13
-3191.0,-7974.0,-3138.0,5236,63.80624008178711,13
-5294.0,-5876.0,-5255.0,5262,64.04328894615173,13
-3351.0,-7880.0,-3325.0,5292,64.27281308174133,13
-4737.0,-6584.0,-4606.0,5334,64.70323586463928,13
-4738.0,-6419.0,-4930.0,5381,65.13457703590393,13
-4334.0,-6914.0,-4385.0,5382,65.14913892745972,13
-3875.0,-6902.0,-4675.0,5384,65.17148184776306,13
-3527.0,-7661.0,-3633.0,5394,65.26435399055481,13
-4786.0,-6577.0,-4350.0,5496,66.30448198318481,13
-4647.0,-6605.0,-4450.0,5496,66.30450892448425,13
-4423.0,-6646.0,-4554.0,5512,66.40043807029724,13
-5533.0,-5779.0,-5129.0,5528,66.51146292686462,13
-5915.0,-5443.0,-5192.0,5814,68.7774338722229,13
-7866.0,-2998.0,-7168.0,6194,73.76163792610168,14
-7700.0,-3132.0,-7319.0,6194,73.76167702674866,14
-7251.0,-3781.0,-6878.0,6633,78.40714502334595,14
-7825.0,-2967.0,-7874.0,7068,82.55806708335876,14
-1912.0,-9005.0,-1951.0,7237,84.1926040649414,14
-1961.0,-8963.0,-2105.0,7237,84.19262504577637,14
-3214.0,-7719.0,-3727.0,7383,85.58936285972595,14
-2636.0,-8447.0,-2705.0,7428,85.91940689086914,14
-4057.0,-7266.0,-3408.0,7966,90.52477693557739,14
-3104.0,-8023.0,-3103.0,7970,90.60289406776428,14
-3525.0,-7514.0,-3729.0,7970,90.60291504859924,14
-5337.0,-6063.0,-4677.0,8170,92.89224290847778,14
-5637.0,-5655.0,-5263.0,8259,93.63594794273376,14
-3653.0,-7456.0,-3757.0,8418,95.0905659198761,14
-3254.0,-7960.0,-2938.0,8572,96.27175402641296,14
-2156.0,-8805.0,-2190.0,8576,96.32100486755371,14
-1799.0,-8837.0,-2329.0,8576,96.3210129737854,14
-3449.0,-7567.0,-3772.0,8587,96.4613299369812,14
-2778.0,-8309.0,-2864.0,8604,96.66481685638428,14
-2637.0,-8202.0,-3146.0,8604,96.66489291191101,14
-3445.0,-7859.0,-3254.0,8605,96.67697191238403,14
-4890.0,-6102.0,-5295.0,8682,97.29482197761536,14
-4889.0,-6212.0,-5392.0,8685,97.32066106796265,14
-8187.0,-2366.0,-8114.0,9983,109.48786497116089,15
-5848.0,-5041.0,-6388.0,10604,114.69664192199707,15
-6563.0,-4007.0,-7165.0,11102,118.65394806861877,15
-5991.0,-5364.0,-4908.0,11847,125.08854389190674,15
-5619.0,-5717.0,-5234.0,11894,125.45735597610474,15
-2226.0,-8847.0,-1958.0,12246,128.28667497634888,15
-2386.0,-8849.0,-1937.0,12431,129.44892287254333,15
-2550.0,-8349.0,-2968.0,12466,129.89083194732666,15
-4573.0,-6616.0,-4381.0,12482,130.04873490333557,15
-4623.0,-6610.0,-4348.0,12492,130.14378786087036,15
-3080.0,-7544.0,-3918.0,12496,130.18449687957764,15
-3593.0,-7441.0,-3852.0,12496,130.18456101417542,15
-4227.0,-7026.0,-4414.0,12516,130.34422397613525,15
-5171.0,-6020.0,-5128.0,12586,130.8813600540161,15
-4401.0,-6673.0,-4588.0,12590,130.91913104057312,15
-4359.0,-7045.0,-3773.0,12675,131.56281805038452,15
-6068.0,-4688.0,-6537.0,12827,132.45108294487,15
-4291.0,-6674.0,-4670.0,13038,134.43442487716675,16
-8272.0,-2084.0,-8569.0,13157,135.94238996505737,16
-8699.0,-1857.0,-8259.0,13960,142.9053828716278,16
-7706.0,-3298.0,-7145.0,13961,142.93585586547852,16
-6705.0,-4053.0,-7121.0,14274,145.95121908187866,16
-7352.0,-3259.0,-7681.0,14332,146.29046392440796,16
-7148.0,-3737.0,-7533.0,14550,147.629891872406,16
-2384.0,-8409.0,-2978.0,14706,149.00710606575012,16
-5268.0,-6183.0,-4331.0,15654,156.47387099266052,16
-6521.0,-4781.0,-5719.0,15841,157.7851459980011,16
-5424.0,-5988.0,-4614.0,15852,157.86453199386597,16
-1913.0,-8760.0,-2392.0,16276,160.7309329509735,16
-2871.0,-8360.0,-2784.0,16296,160.9887809753418,16
-2628.0,-8209.0,-3217.0,16314,161.18105292320251,16
-3738.0,-7426.0,-3720.0,16314,161.18106698989868,16
-3211.0,-7517.0,-3844.0,16385,161.78293085098267,16
-3757.0,-7705.0,-3380.0,16412,161.9579999446869,16
-2408.0,-8487.0,-2809.0,18386,177.99298787117004,17
-6027.0,-5256.0,-5176.0,19335,184.6540539264679,17
-3043.0,-8054.0,-2870.0,19408,185.12395691871643,17
-2152.0,-8925.0,-1948.0,19534,185.95378589630127,17
-1855.0,-8844.0,-2187.0,19710,186.93893384933472,17
-1578.0,-9063.0,-2050.0,19712,186.96275997161865,17
-2909.0,-8127.0,-3050.0,19716,187.0065929889679,17
-2971.0,-8278.0,-2663.0,19736,187.21060705184937,17
-4100.0,-7332.0,-3235.0,19838,188.15696907043457,17
-3932.0,-7442.0,-3570.0,19838,188.15701603889465,17
-3164.0,-7941.0,-3421.0,19865,188.3144600391388,17
-1970.0,-8661.0,-2645.0,21366,199.69394898414612,18
-3288.0,-8016.0,-2414.0,22372,206.1573429107666,18
-2710.0,-8311.0,-2851.0,22398,206.43078589439392,18
-6419.0,-3927.0,-7190.0,23319,213.26725506782532,19
-2054.0,-8867.0,-2110.0,24371,220.2956418991089,19
-1499.0,-9012.0,-2059.0,24374,220.32130098342896,19
-7956.0,-2936.0,-7608.0,25080,225.3667230606079,20
-8251.0,-2613.0,-7759.0,25081,225.3881230354309,20
-2600.0,-8362.0,-2902.0,25324,227.0462610721588,20
-2412.0,-8348.0,-3074.0,25854,230.31739497184753,20
-8144.0,-2212.0,-8159.0,26092,232.04130506515503,21
-2672.0,-8167.0,-3081.0,26859,237.11320090293884,21
-8430.0,-2326.0,-7652.0,27178,239.18023705482483,22
-1935.0,-9031.0,-1911.0,28983,251.16382002830505,27
