z1,z2,z3,node,time,depth
-7144.0,-6141.0,-6483.0,2,0.005209922790527344,2
-6822.0,-6412.0,-5741.0,3,0.007757902145385742,2
-6330.0,-6216.0,-6260.0,7,0.016060829162597656,3
-7457.0,-5697.0,-5210.0,10,0.021016836166381836,4
-6513.0,-6394.0,-6001.0,49,0.07735300064086914,6
-6534.0,-5754.0,-6681.0,56,0.08621096611022949,6
-7473.0,-5569.0,-4732.0,88,0.12139582633972168,7
-7185.0,-5857.0,-5107.0,93,0.12606191635131836,7
-7320.0,-5802.0,-4787.0,94,0.1271059513092041,7
-6225.0,-5736.0,-6941.0,100,0.1346118450164795,7
-7169.0,-5985.0,-5585.0,169,0.2088468074798584,8
-6397.0,-6161.0,-6431.0,199,0.23741483688354492,8
-7608.0,-5514.0,-4412.0,323,0.3455498218536377,9
-6402.0,-6078.0,-6507.0,359,0.37899279594421387,9
-5750.0,-6430.0,-6452.0,371,0.3895909786224365,9
-7642.0,-4949.0,-4492.0,555,0.5346319675445557,10
-6926.0,-5567.0,-7197.0,693,0.6443929672241211,10
-7475.0,-4568.0,-5512.0,760,0.6919188499450684,10
-6530.0,-6382.0,-5990.0,776,0.7072029113769531,11
-6378.0,-6172.0,-6649.0,900,0.7848389148712158,11
-7326.0,-5744.0,-6913.0,1380,1.0945079326629639,12
-6219.0,-6509.0,-6245.0,1566,1.1969919204711914,13
-7189.0,-5808.0,-5351.0,1634,1.2314958572387695,13
-6990.0,-6217.0,-4932.0,1926,1.4227948188781738,14
-6021.0,-5921.0,-6848.0,1940,1.428731918334961,14
-6026.0,-5868.0,-6850.0,1994,1.4600918292999268,14
-6354.0,-6454.0,-5925.0,2118,1.5192248821258545,15
-7173.0,-5936.0,-5829.0,2340,1.6268208026885986,16
-6974.0,-6345.0,-5410.0,2344,1.6282508373260498,16
-7519.0,-5393.0,-5206.0,2348,1.629884958267212,16
-7324.0,-5753.0,-5031.0,2350,1.6306729316711426,16
-6401.0,-6112.0,-6675.0,2384,1.6476829051971436,16
-6202.0,-6521.0,-6256.0,2402,1.6565139293670654,16
-5891.0,-5923.0,-7170.0,2404,1.6577908992767334,16
-7351.0,-5588.0,-6015.0,2468,1.6896679401397705,16
-7156.0,-5948.0,-5840.0,2470,1.690422773361206,16
-6511.0,-5814.0,-6655.0,2472,1.6911897659301758,16
-7367.0,-5460.0,-5537.0,2476,1.6926708221435547,16
-7502.0,-5405.0,-5217.0,2480,1.6939949989318848,16
-7651.0,-4944.0,-5246.0,2482,1.694774866104126,16
-6839.0,-6400.0,-5730.0,2508,1.7055299282073975,17
-6202.0,-5796.0,-6915.0,2530,1.7181768417358398,17
-7391.0,-5089.0,-5723.0,2592,1.7477798461914062,17
-6402.0,-5801.0,-6835.0,2612,1.7556607723236084,18
-6091.0,-6205.0,-6762.0,2628,1.7631549835205078,18
-5734.0,-5954.0,-6961.0,2642,1.7705328464508057,18
-5862.0,-6258.0,-6444.0,2662,1.7797918319702148,19
-6044.0,-5861.0,-6874.0,2676,1.7862048149108887,19
-5710.0,-6325.0,-6775.0,2680,1.7876718044281006,19
-5534.0,-5672.0,-7369.0,2684,1.789444923400879,19
-5845.0,-6270.0,-6455.0,2692,1.795785903930664,19
-6816.0,-5555.0,-7408.0,2700,1.7988688945770264,19
-6312.0,-5808.0,-6704.0,2710,1.8024828433990479,20
-6001.0,-5935.0,-6959.0,2712,1.803285837173462,20
-5825.0,-5282.0,-7553.0,2714,1.8041348457336426,20
-6708.0,-5757.0,-6504.0,2722,1.8070189952850342,21
