z1,z2,z3,node,time,depth
-42.0,-22.0,-70.0,1,0.024242877960205078,1
-77.0,-28.0,-30.0,1,0.02424907684326172,1
-30.0,-72.0,-27.0,1,0.024255037307739258,1
-38.0,-70.0,-27.0,1,0.024260997772216797,1
-26.0,-50.0,-61.0,1,0.024266958236694336,1
-31.0,-36.0,-69.0,1,0.024272918701171875,1
-51.0,-16.0,-66.0,1,0.024277925491333008,1
-59.0,-16.0,-60.0,1,0.024283885955810547,1
-67.0,-49.0,-21.0,1,0.024290084838867188,1
-50.0,-68.0,-18.0,1,0.024296045303344727,1
-23.0,-56.0,-56.0,1,0.02430105209350586,1
-46.0,-26.0,-66.0,1,0.0243070125579834,1
-45.0,-36.0,-59.0,1,0.02431201934814453,1
-72.0,-42.0,-24.0,1,0.02431797981262207,1
-57.0,-59.0,-23.0,1,0.02432394027709961,1
-36.0,-72.0,-24.0,1,0.02432990074157715,1
-31.0,-69.0,-35.0,1,0.02433490753173828,1
-27.0,-70.0,-35.0,1,0.02434086799621582,1
-54.0,-59.0,-28.0,1,0.02434706687927246,1
-47.0,-55.0,-40.0,1,0.02435302734375,1
-44.0,-59.0,-38.0,1,0.024358034133911133,1
-45.0,-65.0,-29.0,1,0.024363994598388672,1
-29.0,-68.0,-38.0,1,0.02436995506286621,1
-25.0,-65.0,-43.0,1,0.02437591552734375,1
-30.0,-62.0,-47.0,1,0.024380922317504883,1
-69.0,-38.0,-32.0,1,0.024386882781982422,1
-69.0,-22.0,-46.0,1,0.024393081665039062,1
-66.0,-49.0,-24.0,1,0.024398088455200195,1
-63.0,-54.0,-21.0,1,0.024404048919677734,1
-42.0,-53.0,-47.0,1,0.024410009384155273,1
-38.0,-30.0,-70.0,1,0.024415969848632812,1
-33.0,-44.0,-62.0,1,0.024420976638793945,1
-38.0,-41.0,-61.0,1,0.024426937103271484,1
-64.0,-50.0,-26.0,1,0.024432897567749023,1
-53.0,-54.0,-35.0,1,0.024437904357910156,1
-37.0,-65.0,-37.0,1,0.024444103240966797,1
-33.0,-67.0,-38.0,1,0.024450063705444336,1
-53.0,-48.0,-41.0,1,0.02445507049560547,1
-61.0,-46.0,-34.0,1,0.024461030960083008,1
-75.0,-34.0,-28.0,1,0.024466991424560547,1
-73.0,-22.0,-41.0,1,0.024472951889038086,1
-62.0,-16.0,-57.0,1,0.02447795867919922,1
-68.0,-24.0,-46.0,1,0.024483919143676758,1
-36.0,-61.0,-43.0,1,0.024489879608154297,1
-43.0,-54.0,-45.0,1,0.02449488639831543,1
-37.0,-56.0,-48.0,1,0.02450108528137207,1
-56.0,-22.0,-60.0,1,0.02450704574584961,1
-45.0,-47.0,-50.0,1,0.024512052536010742,1
-61.0,-34.0,-45.0,1,0.02451801300048828,1
-58.0,-34.0,-48.0,1,0.024523019790649414,1
-48.0,-56.0,-36.0,2,0.0480649471282959,2
-23.0,-52.0,-59.0,2,0.04808187484741211,2
-39.0,-47.0,-54.0,2,0.04809403419494629,2
-60.0,-54.0,-26.0,2,0.04813790321350098,2
-63.0,-45.0,-32.0,2,0.048150062561035156,2
-63.0,-38.0,-39.0,2,0.04815506935119629,2
-43.0,-24.0,-68.0,2,0.04816102981567383,2
-40.0,-25.0,-69.0,2,0.0481719970703125,2
-25.0,-47.0,-62.0,2,0.04817795753479004,2
-33.0,-45.0,-60.0,2,0.04818391799926758,2
-49.0,-37.0,-54.0,2,0.04818892478942871,2
-36.0,-45.0,-58.0,2,0.04819488525390625,2
-32.0,-52.0,-54.0,2,0.04819989204406738,2
-25.0,-58.0,-53.0,2,0.04820609092712402,2
-33.0,-64.0,-40.0,2,0.04821205139160156,2
-40.0,-65.0,-32.0,2,0.048223018646240234,2
-54.0,-35.0,-51.0,2,0.048245906829833984,2
-62.0,-36.0,-42.0,2,0.048252105712890625,2
-28.0,-38.0,-67.0,2,0.048256874084472656,2
-33.0,-31.0,-69.0,2,0.0482630729675293,2
-35.0,-32.0,-68.0,2,0.048269033432006836,2
-41.0,-29.0,-66.0,2,0.04827404022216797,2
-46.0,-35.0,-58.0,2,0.04828596115112305,2
-60.0,-16.0,-58.0,3,0.0668489933013916,2
-57.0,-16.0,-61.0,3,0.06687188148498535,2
-62.0,-24.0,-52.0,3,0.06687688827514648,2
-69.0,-28.0,-39.0,3,0.06691098213195801,2
-59.0,-24.0,-55.0,3,0.06692194938659668,2
-54.0,-22.0,-61.0,3,0.06693387031555176,2
-67.0,-42.0,-30.0,3,0.06695008277893066,2
-64.0,-23.0,-50.0,4,0.09637308120727539,3
-45.0,-20.0,-67.0,4,0.09642887115478516,3
-52.0,-18.0,-63.0,4,0.09644103050231934,3
-48.0,-26.0,-63.0,4,0.0965418815612793,3
-68.0,-47.0,-22.0,4,0.09655404090881348,3
-67.0,-33.0,-38.0,4,0.09657001495361328,3
-46.0,-43.0,-51.0,4,0.09657597541809082,3
-63.0,-33.0,-43.0,4,0.09658193588256836,3
-55.0,-32.0,-52.0,4,0.09658694267272949,3
-60.0,-44.0,-36.0,4,0.09659290313720703,3
-52.0,-43.0,-45.0,4,0.09659790992736816,3
-41.0,-45.0,-54.0,4,0.0966038703918457,3
-48.0,-30.0,-60.0,4,0.09661006927490234,3
-38.0,-43.0,-58.0,4,0.09661507606506348,3
-71.0,-39.0,-27.0,4,0.09662103652954102,3
-75.0,-26.0,-32.0,4,0.09662699699401855,3
-73.0,-32.0,-30.0,4,0.09663200378417969,3
-38.0,-63.0,-36.0,5,0.1211090087890625,3
-50.0,-61.0,-27.0,5,0.12111997604370117,3
-46.0,-53.0,-41.0,5,0.12113094329833984,3
-62.0,-51.0,-26.0,5,0.12114191055297852,3
-59.0,-55.0,-23.0,5,0.12114787101745605,3
-47.0,-39.0,-54.0,5,0.12118101119995117,3
-41.0,-37.0,-60.0,5,0.12119793891906738,3
-44.0,-37.0,-58.0,5,0.12122607231140137,3
-48.0,-59.0,-34.0,6,0.1400749683380127,3
-50.0,-30.0,-58.0,6,0.14011096954345703,3
-35.0,-41.0,-63.0,6,0.14012908935546875,3
-31.0,-44.0,-63.0,6,0.14013409614562988,3
-44.0,-31.0,-63.0,6,0.14014005661010742,3
-64.0,-30.0,-44.0,6,0.14019298553466797,3
-54.0,-38.0,-48.0,6,0.1401989459991455,3
-46.0,-37.0,-57.0,6,0.14020490646362305,3
-30.0,-50.0,-57.0,7,0.15393590927124023,3
-54.0,-44.0,-43.0,7,0.15396404266357422,3
-52.0,-55.0,-32.0,7,0.15399694442749023,3
-55.0,-49.0,-36.0,7,0.15400290489196777,3
-65.0,-40.0,-34.0,7,0.15402507781982422,3
-65.0,-32.0,-41.0,7,0.15403103828430176,3
-34.0,-70.0,-28.0,8,0.18014192581176758,4
-55.0,-58.0,-24.0,8,0.1801590919494629,4
-62.0,-52.0,-24.0,8,0.18017005920410156,4
-48.0,-67.0,-19.0,8,0.18021392822265625,4
-34.0,-51.0,-53.0,8,0.1803419589996338,4
-37.0,-69.0,-29.0,8,0.18036103248596191,4
-38.0,-69.0,-28.0,8,0.18036603927612305,4
-65.0,-43.0,-30.0,8,0.18038392066955566,4
-64.0,-35.0,-39.0,8,0.1803898811340332,4
-49.0,-24.0,-63.0,8,0.18040704727172852,4
-34.0,-35.0,-66.0,8,0.18042492866516113,4
-45.0,-62.0,-31.0,9,0.20374703407287598,4
-46.0,-65.0,-26.0,9,0.20375299453735352,4
-30.0,-46.0,-60.0,9,0.2037808895111084,4
-30.0,-55.0,-52.0,9,0.20380902290344238,4
-56.0,-27.0,-54.0,9,0.2038259506225586,4
-73.0,-34.0,-29.0,10,0.22506189346313477,4
-73.0,-28.0,-35.0,10,0.22509098052978516,4
-70.0,-32.0,-36.0,10,0.22520899772644043,4
-71.0,-34.0,-33.0,10,0.22521400451660156,4
-62.0,-49.0,-28.0,10,0.22523903846740723,4
-72.0,-38.0,-27.0,10,0.22524499893188477,4
-61.0,-23.0,-54.0,10,0.2252790927886963,4
-57.0,-18.0,-60.0,11,0.2400650978088379,4
-54.0,-24.0,-60.0,11,0.24008798599243164,4
-53.0,-39.0,-48.0,11,0.24009394645690918,4
-60.0,-18.0,-57.0,11,0.2400989532470703,4
-61.0,-40.0,-39.0,11,0.24011588096618652,4
-39.0,-53.0,-49.0,12,0.2588469982147217,4
-36.0,-60.0,-44.0,12,0.258868932723999,4
-42.0,-47.0,-52.0,12,0.25890302658081055,4
-43.0,-37.0,-59.0,12,0.2589080333709717,4
-42.0,-33.0,-63.0,12,0.2589249610900879,4
-51.0,-45.0,-45.0,12,0.25893592834472656,4
-61.0,-30.0,-47.0,12,0.2589409351348877,4
-52.0,-35.0,-52.0,12,0.25894689559936523,4
-48.0,-32.0,-58.0,12,0.25895190238952637,4
-48.0,-52.0,-42.0,12,0.25896406173706055,4
-58.0,-45.0,-38.0,12,0.2589690685272217,4
-32.0,-49.0,-57.0,13,0.2755260467529297,4
-37.0,-35.0,-65.0,13,0.2755320072174072,4
-39.0,-30.0,-66.0,13,0.27553701400756836,4
-61.0,-44.0,-35.0,13,0.27558302879333496,4
-34.0,-44.0,-61.0,13,0.27559399604797363,4
-55.0,-34.0,-50.0,14,0.2887129783630371,4
-56.0,-23.0,-56.0,14,0.2887239456176758,4
-43.0,-25.0,-67.0,14,0.2887289524078369,4
-42.0,-28.0,-66.0,14,0.28873491287231445,4
-40.0,-32.0,-65.0,14,0.2887399196624756,4
-43.0,-34.0,-61.0,14,0.2887458801269531,4
-35.0,-36.0,-65.0,15,0.30025291442871094,4
-55.0,-41.0,-44.0,15,0.3002889156341553,4
-47.0,-44.0,-49.0,15,0.3002939224243164,4
-42.0,-42.0,-56.0,15,0.3003110885620117,4
-59.0,-39.0,-41.0,15,0.3003499507904053,4
-59.0,-20.0,-56.0,16,0.32796692848205566,5
-51.0,-62.0,-25.0,18,0.3765079975128174,5
-44.0,-69.0,-22.0,18,0.37651991844177246,5
-41.0,-68.0,-26.0,18,0.3765249252319336,5
-34.0,-49.0,-55.0,18,0.37653088569641113,5
-45.0,-56.0,-38.0,18,0.37654709815979004,5
-55.0,-52.0,-33.0,18,0.37659788131713867,5
-49.0,-49.0,-42.0,18,0.3766028881072998,5
-32.0,-70.0,-30.0,18,0.3766140937805176,5
-43.0,-66.0,-27.0,18,0.3766200542449951,5
-37.0,-49.0,-53.0,18,0.37663698196411133,5
-41.0,-70.0,-22.0,19,0.39899492263793945,5
-43.0,-69.0,-23.0,19,0.3989999294281006,5
-36.0,-47.0,-56.0,19,0.39902305603027344,5
-43.0,-40.0,-55.0,19,0.3990499973297119,5
-47.0,-67.0,-20.0,19,0.3990669250488281,5
-47.0,-65.0,-25.0,19,0.399090051651001,5
-49.0,-46.0,-45.0,19,0.399151086807251,5
-52.0,-58.0,-29.0,19,0.3991680145263672,5
-51.0,-53.0,-36.0,19,0.3991849422454834,5
-56.0,-54.0,-29.0,19,0.39919090270996094,5
-58.0,-28.0,-51.0,20,0.4203650951385498,5
-68.0,-39.0,-30.0,20,0.42037105560302734,5
-59.0,-41.0,-39.0,20,0.4203760623931885,5
-72.0,-35.0,-28.0,20,0.42038798332214355,5
-67.0,-45.0,-24.0,20,0.4203989505767822,5
-45.0,-30.0,-62.0,20,0.4204099178314209,5
-45.0,-41.0,-53.0,20,0.4204220771789551,5
-43.0,-38.0,-57.0,21,0.4386889934539795,5
-51.0,-21.0,-63.0,21,0.4387519359588623,5
-49.0,-38.0,-52.0,22,0.4546949863433838,5
-44.0,-39.0,-56.0,22,0.45470690727233887,5
-66.0,-37.0,-36.0,22,0.4547119140625,5
-67.0,-38.0,-34.0,23,0.46758604049682617,5
-46.0,-33.0,-59.0,23,0.4676079750061035,5
-28.0,-42.0,-64.0,24,0.4859349727630615,5
-50.0,-48.0,-43.0,24,0.48599791526794434,5
-51.0,-33.0,-54.0,24,0.48603296279907227,5
-58.0,-31.0,-49.0,24,0.4860379695892334,5
-39.0,-42.0,-58.0,24,0.48604393005371094,5
-59.0,-35.0,-45.0,24,0.4860560894012451,5
-42.0,-60.0,-38.0,25,0.5025100708007812,5
-27.0,-59.0,-51.0,25,0.5025160312652588,5
-34.0,-46.0,-59.0,25,0.5025849342346191,5
-58.0,-46.0,-37.0,25,0.5026140213012695,5
-55.0,-45.0,-41.0,25,0.5026249885559082,5
-43.0,-46.0,-51.0,26,0.5168120861053467,5
-37.0,-46.0,-57.0,26,0.5168170928955078,5
-49.0,-32.0,-57.0,26,0.516834020614624,5
-41.0,-56.0,-44.0,27,0.5323910713195801,5
-38.0,-38.0,-62.0,28,0.5448789596557617,5
-38.0,-35.0,-64.0,28,0.5448899269104004,5
-39.0,-41.0,-59.0,28,0.5449180603027344,5
-56.0,-32.0,-50.0,29,0.5580599308013916,5
-48.0,-22.0,-66.0,30,0.5691680908203125,5
-50.0,-39.0,-51.0,30,0.5691750049591064,5
-53.0,-32.0,-54.0,30,0.5691869258880615,5
-47.0,-43.0,-50.0,31,0.5777759552001953,5
-62.0,-20.0,-53.0,32,0.605402946472168,6
-57.0,-22.0,-56.0,32,0.6056010723114014,6
-69.0,-23.0,-42.0,32,0.60561203956604,6
-70.0,-28.0,-37.0,32,0.6056289672851562,6
-70.0,-40.0,-26.0,32,0.6056408882141113,6
-70.0,-24.0,-41.0,33,0.6276450157165527,6
-32.0,-63.0,-41.0,33,0.627661943435669,6
-22.0,-57.0,-54.0,34,0.651310920715332,6
-52.0,-27.0,-58.0,34,0.6515259742736816,6
-59.0,-30.0,-48.0,35,0.6670770645141602,6
-29.0,-49.0,-58.0,35,0.6670880317687988,6
-56.0,-55.0,-28.0,36,0.6894700527191162,6
-62.0,-43.0,-34.0,36,0.6894810199737549,6
-67.0,-44.0,-27.0,36,0.689486026763916,6
-52.0,-60.0,-26.0,36,0.6895029544830322,6
-35.0,-43.0,-59.0,37,0.7101678848266602,6
-65.0,-46.0,-28.0,37,0.7101850509643555,6
-68.0,-42.0,-26.0,37,0.7102398872375488,6
-52.0,-57.0,-30.0,37,0.710273027420044,6
-62.0,-39.0,-37.0,37,0.7103009223937988,6
-36.0,-63.0,-38.0,38,0.7300980091094971,6
-40.0,-58.0,-41.0,38,0.7301590442657471,6
-49.0,-60.0,-29.0,38,0.7301640510559082,6
-50.0,-54.0,-36.0,38,0.7301700115203857,6
-42.0,-66.0,-28.0,39,0.7499580383300781,6
-47.0,-48.0,-45.0,39,0.7500700950622559,6
-50.0,-44.0,-46.0,42,0.8070499897003174,6
-69.0,-34.0,-35.0,42,0.8070559501647949,6
-55.0,-37.0,-48.0,42,0.807060956954956,6
-61.0,-42.0,-36.0,42,0.8071060180664062,6
-57.0,-38.0,-45.0,43,0.8205609321594238,6
-68.0,-45.0,-23.0,44,0.8400700092315674,6
-61.0,-48.0,-29.0,44,0.8401660919189453,6
-47.0,-40.0,-52.0,45,0.8550369739532471,6
-69.0,-40.0,-27.0,45,0.8550479412078857,6
-67.0,-43.0,-28.0,45,0.8550529479980469,6
-55.0,-47.0,-38.0,46,0.8666050434112549,6
-49.0,-47.0,-44.0,46,0.8666160106658936,6
-55.0,-40.0,-45.0,46,0.8666269779205322,6
-55.0,-35.0,-49.0,46,0.8666548728942871,6
-59.0,-46.0,-36.0,48,0.8918430805206299,6
-50.0,-34.0,-54.0,48,0.8918540477752686,6
-51.0,-38.0,-50.0,48,0.8918709754943848,6
-68.0,-32.0,-37.0,48,0.8918819427490234,6
-60.0,-36.0,-43.0,48,0.8918869495391846,6
-52.0,-52.0,-37.0,49,0.9059829711914062,6
-56.0,-57.0,-27.0,49,0.9059889316558838,6
-47.0,-50.0,-44.0,49,0.9060940742492676,6
-50.0,-43.0,-47.0,49,0.9061050415039062,6
-46.0,-51.0,-43.0,50,0.9214839935302734,6
-51.0,-41.0,-47.0,50,0.921489953994751,6
-36.0,-50.0,-53.0,51,0.93379807472229,6
-44.0,-54.0,-43.0,51,0.9338030815124512,6
-44.0,-41.0,-54.0,52,0.9513189792633057,6
-39.0,-54.0,-47.0,53,0.9650750160217285,6
-33.0,-47.0,-58.0,53,0.9651079177856445,6
-39.0,-39.0,-61.0,54,0.9789190292358398,6
-48.0,-45.0,-47.0,54,0.9789628982543945,6
-57.0,-42.0,-41.0,55,0.9895370006561279,6
-54.0,-50.0,-36.0,56,1.0031919479370117,6
-45.0,-53.0,-43.0,56,1.0032038688659668,6
-56.0,-43.0,-41.0,56,1.0032150745391846,6
-37.0,-48.0,-55.0,56,1.003221035003662,6
-40.0,-34.0,-63.0,56,1.0032320022583008,6
-51.0,-31.0,-55.0,56,1.00325608253479,6
-40.0,-52.0,-49.0,57,1.0165529251098633,6
-57.0,-44.0,-39.0,57,1.0165579319000244,6
-38.0,-44.0,-57.0,57,1.0165810585021973,6
-39.0,-28.0,-70.0,60,1.0498359203338623,6
-56.0,-31.0,-51.0,60,1.049846887588501,6
-42.0,-31.0,-65.0,60,1.0498580932617188,6
-55.0,-29.0,-54.0,60,1.0498640537261963,6
-54.0,-28.0,-56.0,61,1.0599110126495361,6
-51.0,-28.0,-59.0,61,1.0599169731140137,6
-53.0,-37.0,-50.0,63,1.0744709968566895,6
-70.0,-36.0,-29.0,64,1.1024210453033447,7
-68.0,-43.0,-25.0,64,1.1024270057678223,7
-63.0,-20.0,-51.0,65,1.1285440921783447,7
-68.0,-29.0,-39.0,66,1.1472649574279785,7
-65.0,-34.0,-39.0,72,1.2544169425964355,7
-67.0,-39.0,-32.0,72,1.2544279098510742,7
-46.0,-28.0,-63.0,73,1.2748050689697266,7
-46.0,-32.0,-60.0,73,1.274811029434204,7
-53.0,-34.0,-52.0,73,1.2748498916625977,7
-61.0,-35.0,-43.0,73,1.2748560905456543,7
-60.0,-32.0,-46.0,73,1.274867057800293,7
-58.0,-59.0,-17.0,74,1.2945261001586914,7
-53.0,-63.0,-21.0,74,1.2945818901062012,7
-49.0,-64.0,-24.0,74,1.2946319580078125,7
-51.0,-56.0,-32.0,74,1.2946550846099854,7
-55.0,-55.0,-29.0,74,1.2946600914001465,7
-54.0,-51.0,-35.0,74,1.294666051864624,7
-54.0,-63.0,-20.0,75,1.311126947402954,7
-47.0,-66.0,-23.0,75,1.3111600875854492,7
-70.0,-37.0,-28.0,80,1.3984689712524414,7
-48.0,-40.0,-50.0,84,1.4647619724273682,7
-63.0,-30.0,-45.0,84,1.4648120403289795,7
-66.0,-22.0,-49.0,84,1.4648170471191406,7
-51.0,-42.0,-46.0,84,1.4648230075836182,7
-58.0,-20.0,-58.0,84,1.4648339748382568,7
-66.0,-30.0,-42.0,84,1.4648449420928955,7
-56.0,-40.0,-43.0,84,1.464850902557373,7
-65.0,-31.0,-42.0,85,1.4810140132904053,7
-66.0,-33.0,-39.0,85,1.4810199737548828,7
-56.0,-37.0,-46.0,86,1.4919838905334473,7
-62.0,-37.0,-40.0,86,1.4920339584350586,7
-57.0,-29.0,-51.0,87,1.5028789043426514,7
-57.0,-33.0,-49.0,87,1.502953052520752,7
-64.0,-45.0,-29.0,88,1.5194110870361328,7
-69.0,-36.0,-33.0,89,1.531599998474121,7
-59.0,-29.0,-50.0,89,1.5316669940948486,7
-55.0,-38.0,-46.0,90,1.5496459007263184,7
-53.0,-40.0,-46.0,90,1.5496630668640137,7
-58.0,-37.0,-44.0,92,1.5701439380645752,7
-56.0,-51.0,-32.0,93,1.5800318717956543,7
-56.0,-44.0,-40.0,94,1.5885279178619385,7
-59.0,-37.0,-43.0,95,1.5946168899536133,7
-43.0,-65.0,-31.0,96,1.610637903213501,7
-37.0,-52.0,-50.0,96,1.6107161045074463,7
-44.0,-61.0,-35.0,97,1.6246299743652344,7
-39.0,-59.0,-42.0,97,1.624635934829712,7
-38.0,-62.0,-39.0,97,1.6246469020843506,7
-53.0,-56.0,-31.0,99,1.648292064666748,7
-32.0,-57.0,-49.0,100,1.663973093032837,7
-56.0,-35.0,-48.0,102,1.685455083847046,7
-44.0,-42.0,-53.0,103,1.6962559223175049,7
-46.0,-38.0,-55.0,103,1.6962618827819824,7
-44.0,-49.0,-47.0,103,1.696268081665039,7
-45.0,-48.0,-48.0,103,1.6963169574737549,7
-36.0,-53.0,-50.0,104,1.7138700485229492,7
-41.0,-35.0,-62.0,107,1.7512779235839844,7
-47.0,-46.0,-48.0,110,1.783592939376831,7
-46.0,-42.0,-52.0,110,1.7836050987243652,7
-52.0,-47.0,-42.0,110,1.7836101055145264,7
-43.0,-51.0,-46.0,111,1.791059970855713,7
-54.0,-42.0,-44.0,111,1.7910990715026855,7
-42.0,-48.0,-49.0,114,1.8273580074310303,7
-51.0,-51.0,-38.0,114,1.8273859024047852,7
-46.0,-49.0,-45.0,114,1.8273921012878418,7
-45.0,-51.0,-44.0,114,1.8273980617523193,7
-40.0,-39.0,-59.0,114,1.8274660110473633,7
-43.0,-42.0,-54.0,114,1.827476978302002,7
-46.0,-58.0,-36.0,115,1.8391540050506592,7
-59.0,-32.0,-47.0,118,1.8710088729858398,7
-62.0,-32.0,-44.0,119,1.8770439624786377,7
-48.0,-34.0,-56.0,121,1.9027659893035889,7
-48.0,-31.0,-59.0,123,1.9191150665283203,7
-47.0,-41.0,-51.0,124,1.9274508953094482,7
-60.0,-29.0,-48.0,124,1.9274959564208984,7
-54.0,-27.0,-57.0,124,1.9275009632110596,7
-64.0,-26.0,-46.0,132,2.065619945526123,8
-62.0,-25.0,-50.0,135,2.116780996322632,8
-50.0,-40.0,-49.0,146,2.298043966293335,8
-56.0,-39.0,-44.0,146,2.298048973083496,8
-40.0,-48.0,-50.0,147,2.3151259422302246,8
-48.0,-63.0,-26.0,148,2.332036018371582,8
-65.0,-50.0,-22.0,150,2.362030029296875,8
-60.0,-50.0,-29.0,150,2.362088918685913,8
-59.0,-56.0,-22.0,151,2.3755669593811035,8
-58.0,-56.0,-25.0,151,2.3755719661712646,8
-39.0,-48.0,-52.0,157,2.46834397315979,8
-63.0,-41.0,-33.0,164,2.5845489501953125,8
-58.0,-27.0,-52.0,169,2.656338930130005,8
-53.0,-33.0,-53.0,171,2.678260087966919,8
-58.0,-38.0,-43.0,172,2.692106008529663,8
-66.0,-41.0,-31.0,172,2.6921229362487793,8
-64.0,-43.0,-31.0,172,2.6921279430389404,8
-58.0,-49.0,-32.0,174,2.713170051574707,8
-67.0,-40.0,-31.0,176,2.7343220710754395,8
-58.0,-40.0,-41.0,178,2.760996103286743,8
-52.0,-40.0,-47.0,178,2.761029005050659,8
-64.0,-42.0,-32.0,178,2.7610349655151367,8
-69.0,-39.0,-29.0,180,2.7826180458068848,8
-61.0,-38.0,-40.0,184,2.821908950805664,8
-57.0,-49.0,-33.0,185,2.8287339210510254,8
-40.0,-64.0,-35.0,192,2.8853960037231445,8
-36.0,-57.0,-46.0,192,2.8854360580444336,8
-28.0,-64.0,-41.0,193,2.8997879028320312,8
-49.0,-57.0,-35.0,194,2.9148879051208496,8
-56.0,-42.0,-42.0,194,2.9149439334869385,8
-45.0,-59.0,-36.0,195,2.9280829429626465,8
-48.0,-60.0,-32.0,195,2.9281060695648193,8
-44.0,-55.0,-42.0,195,2.9281110763549805,8
-53.0,-49.0,-39.0,195,2.928133964538574,8
-56.0,-53.0,-31.0,195,2.9281389713287354,8
-56.0,-47.0,-35.0,198,2.966420888900757,8
-63.0,-40.0,-36.0,199,2.976146936416626,8
-51.0,-39.0,-49.0,199,2.976151943206787,8
-48.0,-39.0,-52.0,204,3.0815279483795166,8
-38.0,-33.0,-65.0,210,3.146552085876465,8
-36.0,-51.0,-51.0,212,3.1718320846557617,8
-36.0,-40.0,-62.0,212,3.1718709468841553,8
-48.0,-36.0,-55.0,218,3.23457407951355,8
-47.0,-34.0,-57.0,219,3.2395670413970947,8
-39.0,-50.0,-51.0,220,3.25121808052063,8
-44.0,-52.0,-44.0,220,3.251223087310791,8
-51.0,-49.0,-40.0,220,3.2512290477752686,8
-49.0,-51.0,-40.0,220,3.2512340545654297,8
-36.0,-49.0,-54.0,224,3.2806310653686523,8
-36.0,-42.0,-60.0,224,3.2806479930877686,8
-48.0,-53.0,-38.0,224,3.2806649208068848,8
-39.0,-44.0,-56.0,224,3.280669927597046,8
-50.0,-41.0,-48.0,224,3.2806758880615234,8
-39.0,-51.0,-50.0,224,3.280714988708496,8
-41.0,-46.0,-53.0,230,3.3478260040283203,8
-43.0,-45.0,-52.0,230,3.3478310108184814,8
-57.0,-30.0,-50.0,235,3.3924200534820557,8
-49.0,-34.0,-55.0,238,3.4140238761901855,8
-47.0,-29.0,-61.0,240,3.429086923599243,8
-55.0,-26.0,-56.0,240,3.4291529655456543,8
-44.0,-24.0,-67.0,241,3.438015937805176,8
-34.0,-68.0,-30.0,256,3.55873703956604,9
-24.0,-69.0,-36.0,256,3.5587449073791504,9
-22.0,-64.0,-44.0,256,3.55875301361084,9
-26.0,-67.0,-39.0,256,3.55888295173645,9
-72.0,-31.0,-31.0,260,3.659301996231079,9
-28.0,-47.0,-60.0,272,3.861056089401245,9
-52.0,-29.0,-56.0,283,3.9985010623931885,9
-52.0,-38.0,-49.0,286,4.050365924835205,9
-65.0,-41.0,-32.0,290,4.112076044082642,9
-51.0,-55.0,-33.0,291,4.123691082000732,9
-61.0,-41.0,-37.0,291,4.12369704246521,9
-49.0,-52.0,-38.0,292,4.139221906661987,9
-42.0,-57.0,-39.0,294,4.166106939315796,9
-53.0,-60.0,-23.0,296,4.1907219886779785,9
-61.0,-54.0,-22.0,296,4.190762042999268,9
-45.0,-67.0,-21.0,300,4.2533838748931885,9
-54.0,-54.0,-31.0,312,4.394780874252319,9
-53.0,-29.0,-55.0,337,4.708708047866821,9
-50.0,-37.0,-52.0,338,4.717828035354614,9
-72.0,-30.0,-35.0,348,4.810940980911255,9
-73.0,-30.0,-32.0,349,4.823689937591553,9
-71.0,-32.0,-34.0,349,4.823783874511719,9
-60.0,-37.0,-42.0,353,4.891225099563599,9
-54.0,-39.0,-46.0,360,4.961467027664185,9
-60.0,-38.0,-41.0,360,4.961477994918823,9
-55.0,-46.0,-39.0,370,5.032533884048462,9
-35.0,-64.0,-39.0,378,5.082050085067749,9
-31.0,-50.0,-56.0,380,5.110985994338989,9
-32.0,-61.0,-45.0,380,5.111036062240601,9
-30.0,-63.0,-42.0,380,5.111041069030762,9
-33.0,-58.0,-48.0,380,5.1110639572143555,9
-59.0,-51.0,-30.0,382,5.13938307762146,9
-41.0,-62.0,-34.0,384,5.1676859855651855,9
-58.0,-53.0,-28.0,392,5.256259918212891,9
-40.0,-41.0,-57.0,402,5.40527606010437,9
-59.0,-36.0,-44.0,406,5.4305970668792725,9
-57.0,-40.0,-42.0,407,5.435971021652222,9
-37.0,-37.0,-63.0,416,5.530229091644287,9
-37.0,-31.0,-66.0,417,5.541068077087402,9
-39.0,-45.0,-55.0,418,5.5525970458984375,9
-46.0,-40.0,-53.0,433,5.664977073669434,9
-46.0,-47.0,-47.0,433,5.664988040924072,9
-57.0,-47.0,-34.0,436,5.682718992233276,9
-34.0,-42.0,-62.0,442,5.729384899139404,9
-41.0,-38.0,-58.0,448,5.791903018951416,9
-49.0,-42.0,-48.0,448,5.791991949081421,9
-41.0,-50.0,-49.0,454,5.842133045196533,9
-51.0,-47.0,-43.0,455,5.854093074798584,9
-45.0,-54.0,-42.0,455,5.854115962982178,9
-51.0,-30.0,-56.0,458,5.880757093429565,9
-44.0,-28.0,-64.0,468,5.941220998764038,9
-54.0,-16.0,-63.0,469,5.953959941864014,9
-43.0,-21.0,-69.0,469,5.953989028930664,9
-43.0,-30.0,-64.0,474,5.990329027175903,9
-27.0,-65.0,-40.0,490,6.074783086776733,10
-48.0,-65.0,-20.0,492,6.122696876525879,10
-33.0,-70.0,-29.0,492,6.12270188331604,10
-30.0,-66.0,-39.0,492,6.122780084609985,10
-68.0,-30.0,-38.0,508,6.436811923980713,10
-49.0,-41.0,-49.0,546,6.902525901794434,10
-44.0,-34.0,-60.0,553,7.005162000656128,10
-63.0,-48.0,-27.0,556,7.040904998779297,10
-65.0,-44.0,-29.0,556,7.040910959243774,10
-54.0,-48.0,-37.0,561,7.104875087738037,10
-55.0,-61.0,-22.0,569,7.206773996353149,10
-54.0,-55.0,-30.0,572,7.235606908798218,10
-42.0,-67.0,-25.0,576,7.2882239818573,10
-54.0,-30.0,-53.0,628,7.834830045700073,10
-66.0,-34.0,-38.0,628,7.834925889968872,10
-61.0,-20.0,-55.0,629,7.847933053970337,10
-57.0,-36.0,-46.0,636,7.936600923538208,10
-51.0,-36.0,-52.0,636,7.936611890792847,10
-62.0,-28.0,-47.0,637,7.944962978363037,10
-53.0,-26.0,-59.0,637,7.944987058639526,10
-61.0,-27.0,-50.0,645,8.020452976226807,10
-52.0,-26.0,-60.0,658,8.109071969985962,10
-70.0,-22.0,-44.0,658,8.109090089797974,10
-71.0,-29.0,-36.0,658,8.109153985977173,10
-65.0,-24.0,-49.0,658,8.10915994644165,10
-64.0,-33.0,-41.0,666,8.191235065460205,10
-66.0,-38.0,-35.0,676,8.330524921417236,10
-60.0,-39.0,-40.0,676,8.330563068389893,10
-39.0,-61.0,-37.0,706,8.512578010559082,10
-36.0,-67.0,-33.0,708,8.544370889663696,10
-30.0,-54.0,-54.0,712,8.594815969467163,10
-32.0,-59.0,-46.0,712,8.59488296508789,10
-56.0,-50.0,-34.0,714,8.618728876113892,10
-47.0,-62.0,-30.0,716,8.642704010009766,10
-32.0,-50.0,-55.0,737,8.845753908157349,10
-49.0,-50.0,-41.0,751,8.944376945495605,10
-53.0,-50.0,-37.0,752,8.951488018035889,10
-46.0,-44.0,-50.0,757,8.97490906715393,10
-38.0,-56.0,-45.0,762,9.027898073196411,10
-48.0,-42.0,-49.0,786,9.23697805404663,10
-48.0,-46.0,-46.0,818,9.422915935516357,10
-39.0,-55.0,-46.0,819,9.430888891220093,10
-49.0,-21.0,-64.0,858,9.70103907585144,10
-50.0,-20.0,-64.0,860,9.71890902519226,10
-46.0,-31.0,-61.0,869,9.77156400680542,10
-44.0,-67.0,-23.0,968,10.919218063354492,11
-58.0,-42.0,-39.0,980,11.080204963684082,11
-59.0,-42.0,-38.0,990,11.194823980331421,11
-62.0,-46.0,-30.0,992,11.211555004119873,11
-51.0,-60.0,-27.0,1018,11.498063087463379,11
-68.0,-28.0,-40.0,1106,12.307138919830322,11
-69.0,-30.0,-37.0,1107,12.317559957504272,11
-67.0,-32.0,-39.0,1107,12.317593097686768,11
-59.0,-25.0,-54.0,1148,12.631510972976685,11
-60.0,-27.0,-51.0,1149,12.642190933227539,11
-66.0,-45.0,-26.0,1159,12.73324704170227,11
-28.0,-63.0,-43.0,1194,13.006808042526245,11
-37.0,-58.0,-43.0,1194,13.006829977035522,11
-57.0,-50.0,-31.0,1198,13.061625957489014,11
-31.0,-62.0,-43.0,1200,13.085256099700928,11
-38.0,-60.0,-41.0,1201,13.094486951828003,11
-28.0,-54.0,-55.0,1202,13.107966899871826,11
-29.0,-55.0,-53.0,1203,13.119018077850342,11
-64.0,-38.0,-36.0,1206,13.152431964874268,11
-62.0,-41.0,-36.0,1234,13.383569955825806,11
-59.0,-48.0,-33.0,1236,13.394908905029297,11
-50.0,-53.0,-37.0,1334,13.965297937393188,11
-50.0,-46.0,-44.0,1352,14.102851867675781,11
-43.0,-56.0,-39.0,1368,14.18976902961731,11
-46.0,-56.0,-37.0,1368,14.189779996871948,11
-44.0,-51.0,-45.0,1368,14.189785957336426,11
-50.0,-23.0,-61.0,1396,14.338335990905762,11
-42.0,-56.0,-40.0,1544,16.01979088783264,12
-61.0,-47.0,-31.0,1600,16.528378009796143,12
-64.0,-32.0,-42.0,1670,17.00409698486328,12
-65.0,-28.0,-43.0,1671,17.015703916549683,12
-65.0,-18.0,-50.0,1674,17.050981998443604,12
-68.0,-26.0,-42.0,1710,17.294530868530273,12
-57.0,-26.0,-54.0,1711,17.302613973617554,12
-65.0,-27.0,-45.0,1711,17.302637100219727,12
-71.0,-26.0,-39.0,1712,17.311184883117676,12
-70.0,-33.0,-34.0,1716,17.34363889694214,12
-64.0,-36.0,-37.0,1748,17.57856297492981,12
-42.0,-63.0,-33.0,1758,17.718952894210815,12
-41.0,-59.0,-39.0,1758,17.718959093093872,12
-37.0,-57.0,-44.0,1768,17.821156978607178,12
-30.0,-51.0,-55.0,1768,17.82116198539734,12
-50.0,-55.0,-34.0,1784,17.971930027008057,12
-33.0,-40.0,-64.0,1830,18.235743045806885,12
-34.0,-37.0,-65.0,1830,18.235771894454956,12
-37.0,-44.0,-58.0,1906,18.623823881149292,12
-42.0,-43.0,-53.0,1928,18.768348932266235,12
-34.0,-53.0,-52.0,1930,18.783509969711304,12
-31.0,-55.0,-50.0,2067,19.964977979660034,13
-28.0,-45.0,-61.0,2072,20.014967918395996,13
-59.0,-57.0,-20.0,2166,20.767415046691895,13
-56.0,-29.0,-52.0,2280,21.608726978302002,13
-61.0,-28.0,-48.0,2280,21.608754873275757,13
-34.0,-62.0,-40.0,2320,21.891186952590942,13
-40.0,-59.0,-40.0,2362,22.285197973251343,13
-54.0,-57.0,-29.0,2376,22.38623809814453,13
-36.0,-39.0,-63.0,2431,22.65953302383423,13
-41.0,-39.0,-57.0,2432,22.6626980304718,13
-50.0,-58.0,-30.0,2629,24.151117086410522,14
-40.0,-68.0,-27.0,2698,24.508622884750366,14
-34.0,-58.0,-45.0,2834,25.510837078094482,14
-29.0,-48.0,-59.0,2845,25.578870058059692,14
-36.0,-54.0,-49.0,2846,25.584800958633423,14
-59.0,-43.0,-37.0,2931,25.97464394569397,14
-49.0,-28.0,-60.0,3136,27.4200439453125,15
-67.0,-29.0,-41.0,3142,27.44400405883789,15
-66.0,-25.0,-44.0,3342,28.68152904510498,16
-50.0,-66.0,-19.0,3424,29.246614933013916,16
-39.0,-62.0,-36.0,3566,30.030193090438843,16
-45.0,-63.0,-30.0,3592,30.171803951263428,16
-38.0,-67.0,-29.0,3637,30.4607150554657,17
-64.0,-25.0,-47.0,3750,31.194429874420166,17
