z1,z2,z3,node,time,depth
-55.0,-62.0,-70.0,1,0.010938167572021484,1
-59.0,-69.0,-56.0,1,0.010943174362182617,1
-68.0,-45.0,-78.0,1,0.010949134826660156,1
-57.0,-36.0,-82.0,1,0.010955095291137695,1
-57.0,-66.0,-65.0,1,0.010961055755615234,1
-60.0,-61.0,-69.0,1,0.010967016220092773,1
-74.0,-45.0,-73.0,1,0.010972976684570312,1
-67.0,-63.0,-57.0,1,0.010977983474731445,1
-59.0,-73.0,-36.0,1,0.010984182357788086,1
-62.0,-69.0,-49.0,1,0.010989189147949219,1
-56.0,-75.0,-32.0,1,0.010995149612426758,1
-58.0,-72.0,-45.0,1,0.011001110076904297,1
-51.0,-72.0,-48.0,1,0.011007070541381836,1
-53.0,-47.0,-80.0,1,0.011012077331542969,1
-70.0,-52.0,-72.0,1,0.011018037796020508,1
-63.0,-66.0,-60.0,1,0.011023998260498047,1
-66.0,-61.0,-64.0,1,0.01102900505065918,1
-67.0,-65.0,-34.0,1,0.01103520393371582,1
-72.0,-59.0,-34.0,1,0.011039972305297852,1
-64.0,-40.0,-80.0,1,0.011046171188354492,1
-64.0,-52.0,-77.0,1,0.011052131652832031,1
-49.0,-42.0,-82.0,1,0.011057138442993164,1
-72.0,-57.0,-60.0,1,0.011063098907470703,1
-66.0,-66.0,-46.0,1,0.011069059371948242,1
-71.0,-60.0,-46.0,1,0.011075019836425781,1
-75.0,-52.0,-50.0,1,0.01108098030090332,1
-73.0,-54.0,-60.0,1,0.011085987091064453,1
-73.0,-51.0,-67.0,1,0.011092185974121094,1
-62.0,-56.0,-72.0,2,0.023234128952026367,2
-58.0,-65.0,-62.0,2,0.02324700355529785,2
-68.0,-56.0,-67.0,2,0.023279190063476562,2
-70.0,-58.0,-61.0,2,0.023292064666748047,2
-70.0,-40.0,-75.0,2,0.023365020751953125,2
-60.0,-70.0,-47.0,2,0.023388147354125977,2
-58.0,-48.0,-79.0,2,0.023394107818603516,2
-49.0,-58.0,-72.0,2,0.023400068283081055,2
-53.0,-59.0,-71.0,2,0.023405075073242188,2
-56.0,-70.0,-53.0,3,0.032557010650634766,2
-65.0,-64.0,-53.0,4,0.04486513137817383,3
-61.0,-63.0,-62.0,5,0.05464506149291992,3
-68.0,-60.0,-56.0,6,0.06356406211853027,3
-67.0,-55.0,-69.0,6,0.06359601020812988,3
-72.0,-53.0,-65.0,6,0.06364107131958008,3
-61.0,-58.0,-68.0,7,0.07147097587585449,3
-57.0,-57.0,-73.0,12,0.12162303924560547,4
-66.0,-46.0,-76.0,13,0.12746405601501465,4
-68.0,-47.0,-73.0,14,0.1365361213684082,4
-60.0,-64.0,-61.0,14,0.13654208183288574,4
-68.0,-57.0,-66.0,15,0.1430070400238037,4
-72.0,-56.0,-61.0,15,0.14304113388061523,4
-59.0,-30.0,-81.0,17,0.16531109809875488,5
-68.0,-62.0,-45.0,23,0.22101712226867676,5
-64.0,-46.0,-78.0,24,0.2315990924835205,5
-62.0,-57.0,-71.0,26,0.24978113174438477,5
-68.0,-59.0,-57.0,26,0.24984407424926758,5
-59.0,-63.0,-65.0,27,0.25635313987731934,5
-71.0,-48.0,-69.0,28,0.2647550106048584,5
-70.0,-54.0,-63.0,28,0.2647831439971924,5
-72.0,-58.0,-35.0,40,0.37096309661865234,6
-71.0,-59.0,-47.0,40,0.3709909915924072,6
-69.0,-61.0,-47.0,41,0.37937307357788086,6
-61.0,-67.0,-54.0,53,0.468900203704834,6
-55.0,-37.0,-82.0,64,0.5337400436401367,7
-58.0,-42.0,-80.0,64,0.5337481498718262,7
-64.0,-62.0,-58.0,74,0.6134810447692871,7
-51.0,-73.0,-41.0,81,0.668006181716919,7
-65.0,-48.0,-74.0,88,0.7067890167236328,7
-66.0,-48.0,-73.0,89,0.7127981185913086,7
-57.0,-67.0,-58.0,96,0.7543761730194092,7
-69.0,-60.0,-48.0,136,0.9718790054321289,8
-52.0,-60.0,-71.0,175,1.1653001308441162,8
-72.0,-46.0,-71.0,267,1.5874361991882324,9
-64.0,-65.0,-47.0,300,1.7683730125427246,10
-63.0,-67.0,-34.0,350,1.9769341945648193,11
-49.0,-49.0,-78.0,476,2.4345710277557373,16
