z1,z2,z3,node,time,depth
-6504.0,-4458.0,-7397.0,1,0.026489973068237305,1
-8777.0,-2514.0,-8101.0,1,0.026498079299926758,1
-1457.0,-9298.0,-2020.0,1,0.026504993438720703,1
-9359.0,-1501.0,-8466.0,1,0.026513099670410156,1
-9303.0,-1530.0,-8821.0,1,0.0265200138092041,1
-7550.0,-4000.0,-6545.0,1,0.026528120040893555,1
-7981.0,-3451.0,-7530.0,1,0.0265350341796875,1
-5713.0,-5698.0,-5952.0,1,0.02654290199279785,1
-4934.0,-6436.0,-5324.0,1,0.0265500545501709,1
-3184.0,-8024.0,-3198.0,1,0.026556968688964844,1
-2238.0,-8780.0,-2399.0,1,0.026565074920654297,1
-9324.0,-1747.0,-8707.0,1,0.026571989059448242,1
-8995.0,-1869.0,-9145.0,1,0.026580095291137695,1
-9230.0,-1764.0,-8849.0,1,0.02658700942993164,1
-5683.0,-5814.0,-5725.0,1,0.026593923568725586,1
-7980.0,-3544.0,-7063.0,1,0.02660202980041504,1
-4361.0,-6535.0,-5426.0,1,0.026608943939208984,1
-3139.0,-7309.0,-4614.0,1,0.026617050170898438,1
-4998.0,-6476.0,-4418.0,1,0.02662491798400879,1
-5798.0,-5721.0,-5029.0,1,0.026632070541381836,1
-8655.0,-2646.0,-8352.0,1,0.02663898468017578,1
-5969.0,-5131.0,-6868.0,1,0.026647090911865234,1
-6804.0,-4368.0,-7314.0,1,0.02665400505065918,1
-1802.0,-8759.0,-2895.0,1,0.026662111282348633,1
-4077.0,-7281.0,-4249.0,1,0.026669025421142578,1
-3027.0,-8012.0,-3620.0,1,0.026675939559936523,1
-3725.0,-7464.0,-4242.0,1,0.026684045791625977,1
-4904.0,-6552.0,-5097.0,1,0.026690959930419922,1
-6777.0,-4794.0,-5959.0,1,0.02669811248779297,1
-5977.0,-5549.0,-5348.0,1,0.026705026626586914,1
-6357.0,-5009.0,-6547.0,1,0.02671194076538086,1
-4544.0,-6663.0,-5231.0,1,0.026720046997070312,1
-3322.0,-7437.0,-4419.0,1,0.026726961135864258,1
-3221.0,-7458.0,-4411.0,1,0.026734113693237305,1
-6852.0,-4369.0,-7241.0,1,0.026741981506347656,1
-6387.0,-4893.0,-6774.0,1,0.0267488956451416,1
-7687.0,-3606.0,-7687.0,1,0.02675604820251465,1
-6541.0,-4960.0,-5847.0,2,0.04823112487792969,2
-6908.0,-4344.0,-7059.0,2,0.048252105712890625,2
-6025.0,-5106.0,-6686.0,2,0.04826498031616211,2
-7387.0,-3696.0,-7770.0,2,0.04828596115112305,2
-2486.0,-8578.0,-2478.0,2,0.04832100868225098,2
-7868.0,-3467.0,-7318.0,2,0.04832792282104492,2
-7202.0,-4189.0,-6902.0,2,0.04833507537841797,2
-8084.0,-3213.0,-7529.0,2,0.04834103584289551,2
-1463.0,-9193.0,-1706.0,3,0.06977295875549316,2
-8634.0,-2429.0,-8466.0,3,0.06978702545166016,2
-8183.0,-2531.0,-8531.0,3,0.0697939395904541,2
-6550.0,-4232.0,-7515.0,3,0.06980109214782715,2
-1487.0,-9169.0,-1926.0,3,0.06984210014343262,2
-3449.0,-7776.0,-3626.0,3,0.06984901428222656,2
-2403.0,-8542.0,-2819.0,3,0.06985592842102051,2
-4741.0,-6440.0,-5400.0,3,0.06986308097839355,2
-5777.0,-5738.0,-5046.0,3,0.06987690925598145,2
-4238.0,-6608.0,-5309.0,3,0.06989097595214844,2
-3097.0,-7959.0,-3619.0,3,0.06991195678710938,2
-3720.0,-7322.0,-4479.0,3,0.06991910934448242,2
-2228.0,-8562.0,-3011.0,3,0.06992506980895996,2
-4276.0,-7047.0,-4474.0,3,0.0699319839477539,2
-3973.0,-7256.0,-4419.0,3,0.06993889808654785,2
-4150.0,-7093.0,-4618.0,3,0.0699460506439209,2
-6577.0,-4983.0,-5657.0,3,0.07001399993896484,2
-9062.0,-1616.0,-8967.0,4,0.09125208854675293,3
-7743.0,-2503.0,-8674.0,4,0.0912790298461914,3
-8751.0,-2412.0,-8138.0,4,0.09130692481994629,3
-6264.0,-4543.0,-7271.0,4,0.09132099151611328,3
-8755.0,-1954.0,-9019.0,4,0.09134793281555176,3
-7147.0,-3781.0,-7644.0,4,0.0913550853729248,3
-3542.0,-7336.0,-4437.0,4,0.09136199951171875,3
-2441.0,-7863.0,-3894.0,4,0.0913689136505127,3
-6571.0,-4844.0,-6074.0,5,0.10847592353820801,3
-9331.0,-1693.0,-8522.0,5,0.10848307609558105,3
-3275.0,-7810.0,-3699.0,5,0.10849595069885254,3
-6459.0,-4950.0,-6084.0,5,0.10855698585510254,3
-5828.0,-5605.0,-5256.0,5,0.10856389999389648,3
-4960.0,-6437.0,-4791.0,5,0.10857105255126953,3
-4896.0,-6480.0,-5238.0,5,0.10857796669006348,3
-8563.0,-2670.0,-7636.0,5,0.108612060546875,3
-2844.0,-7884.0,-3815.0,5,0.10862588882446289,3
-3017.0,-8042.0,-3027.0,6,0.12917494773864746,3
-3730.0,-6755.0,-5158.0,6,0.12920904159545898,3
-5378.0,-5784.0,-6086.0,6,0.1292428970336914,3
-5323.0,-5925.0,-5859.0,6,0.12927699089050293,3
-4504.0,-6726.0,-4870.0,6,0.1293039321899414,3
-3594.0,-7181.0,-4534.0,6,0.12931108474731445,3
-4559.0,-6585.0,-5097.0,6,0.1293179988861084,3
-4836.0,-6362.0,-5421.0,7,0.1473240852355957,3
-1489.0,-9141.0,-1650.0,8,0.16889691352844238,4
-3363.0,-7833.0,-3121.0,8,0.16890501976013184,4
-6759.0,-3776.0,-7735.0,8,0.1689589023590088,4
-8139.0,-2949.0,-7968.0,9,0.1871659755706787,4
-7813.0,-3059.0,-8060.0,9,0.18718791007995605,4
-7188.0,-3501.0,-7936.0,9,0.18720102310180664,4
-6247.0,-5115.0,-6004.0,9,0.1872560977935791,4
-7386.0,-3482.0,-8024.0,10,0.20169401168823242,4
-4937.0,-6363.0,-4927.0,10,0.2017350196838379,4
-5494.0,-5834.0,-5812.0,10,0.20174193382263184,4
-8006.0,-2705.0,-8490.0,11,0.22326207160949707,4
-9106.0,-1768.0,-8685.0,11,0.2232820987701416,4
-8983.0,-1946.0,-8651.0,11,0.22329211235046387,4
-8867.0,-2087.0,-8642.0,11,0.22333192825317383,4
-8803.0,-2035.0,-8829.0,11,0.22335195541381836,4
-8841.0,-1942.0,-8936.0,11,0.22336196899414062,4
-8321.0,-2674.0,-8323.0,11,0.22347211837768555,4
-8137.0,-2757.0,-8413.0,11,0.22349190711975098,4
-8110.0,-3315.0,-7492.0,12,0.2454819679260254,4
-5713.0,-5781.0,-5493.0,12,0.24552297592163086,4
-5504.0,-5738.0,-5942.0,12,0.24553704261779785,4
-6064.0,-5053.0,-6889.0,12,0.24556398391723633,4
-3160.0,-7816.0,-3483.0,12,0.24561309814453125,4
-3751.0,-7337.0,-3993.0,12,0.2456200122833252,4
-3411.0,-7053.0,-4729.0,12,0.24564409255981445,4
-2581.0,-8021.0,-3523.0,12,0.24567604064941406,4
-8224.0,-2466.0,-8476.0,13,0.2631380558013916,4
-6591.0,-4167.0,-7460.0,13,0.26314496994018555,4
-7602.0,-3430.0,-7884.0,13,0.2631509304046631,4
-7320.0,-4222.0,-6475.0,13,0.26315903663635254,4
-8437.0,-2667.0,-8330.0,13,0.2631959915161133,4
-8436.0,-2760.0,-7863.0,13,0.2632100582122803,4
-4501.0,-6525.0,-5274.0,14,0.28110408782958984,4
-3998.0,-6693.0,-5183.0,14,0.2811110019683838,4
-5801.0,-5478.0,-5693.0,15,0.2967391014099121,4
-3537.0,-7194.0,-4674.0,15,0.2967801094055176,4
-3020.0,-7721.0,-3835.0,15,0.2967870235443115,4
-5951.0,-5447.0,-5385.0,17,0.3466529846191406,5
-7642.0,-3014.0,-8108.0,17,0.3466670513153076,5
-6930.0,-3821.0,-7687.0,18,0.36484599113464355,5
-7256.0,-3711.0,-7595.0,18,0.3648529052734375,5
-7005.0,-4243.0,-6860.0,18,0.36486005783081055,5
-4608.0,-6702.0,-4615.0,19,0.3845529556274414,5
-6668.0,-4429.0,-6933.0,19,0.38466596603393555,5
-2839.0,-7748.0,-3954.0,20,0.4012019634246826,5
-8342.0,-2541.0,-8365.0,21,0.41704702377319336,5
-8101.0,-2627.0,-8511.0,21,0.4170689582824707,5
-5427.0,-5901.0,-5604.0,21,0.41715312004089355,5
-8919.0,-1894.0,-8838.0,22,0.43247389793395996,5
-7286.0,-3595.0,-7822.0,22,0.4325089454650879,5
-4043.0,-6994.0,-4680.0,23,0.4449729919433594,5
-3540.0,-7162.0,-4589.0,23,0.4449799060821533,5
-8961.0,-1915.0,-8706.0,23,0.4450070858001709,5
-6307.0,-5038.0,-6381.0,24,0.4661839008331299,5
-2693.0,-7768.0,-3848.0,24,0.4662470817565918,5
-5747.0,-5723.0,-5434.0,24,0.4662749767303467,5
-7226.0,-4188.0,-6934.0,24,0.46628904342651367,5
-4964.0,-6367.0,-4789.0,24,0.4663510322570801,5
-7697.0,-3352.0,-7905.0,25,0.4815208911895752,5
-7908.0,-3335.0,-7714.0,25,0.48152804374694824,5
-3950.0,-7282.0,-3636.0,25,0.48157596588134766,5
-5140.0,-5797.0,-6054.0,25,0.4816100597381592,5
-6053.0,-5086.0,-6637.0,26,0.49608707427978516,5
-4615.0,-6299.0,-5455.0,26,0.4961209297180176,5
-5591.0,-5720.0,-5980.0,26,0.4961280822753906,5
-7101.0,-4121.0,-6998.0,27,0.5094799995422363,5
-6803.0,-4461.0,-6847.0,27,0.5095009803771973,5
-6143.0,-5139.0,-6259.0,27,0.5095620155334473,5
-5002.0,-6141.0,-5226.0,28,0.5272769927978516,5
-3361.0,-7861.0,-3397.0,28,0.5273189544677734,5
-2977.0,-7879.0,-3727.0,29,0.5437440872192383,5
-3230.0,-7813.0,-3667.0,29,0.5437510013580322,5
-4110.0,-7178.0,-4113.0,29,0.5437710285186768,5
-4163.0,-6574.0,-5321.0,30,0.5574829578399658,5
-3790.0,-7128.0,-4614.0,30,0.5575239658355713,5
-8953.0,-2062.0,-8424.0,32,0.5903661251068115,6
-8889.0,-2010.0,-8611.0,32,0.5903871059417725,6
-8416.0,-2182.0,-8701.0,32,0.5904009342193604,6
-8563.0,-2120.0,-8703.0,32,0.5904920101165771,6
-7524.0,-3898.0,-6582.0,33,0.609929084777832,6
-5192.0,-6139.0,-4514.0,34,0.6315710544586182,6
-4258.0,-7086.0,-3172.0,34,0.6316471099853516,6
-4435.0,-6923.0,-3371.0,34,0.6316530704498291,6
-4523.0,-6838.0,-3600.0,34,0.631659984588623,6
-5475.0,-5228.0,-6509.0,36,0.6685070991516113,6
-4459.0,-6881.0,-4047.0,36,0.6685280799865723,6
-3801.0,-7220.0,-4479.0,37,0.68697190284729,6
-4401.0,-6720.0,-5006.0,37,0.686985969543457,6
-2284.0,-8569.0,-2868.0,37,0.687047004699707,6
-4151.0,-7163.0,-4220.0,37,0.687053918838501,6
-3578.0,-7601.0,-3754.0,37,0.687061071395874,6
-7334.0,-3707.0,-7349.0,39,0.7273459434509277,6
-8516.0,-2517.0,-8434.0,40,0.7441830635070801,6
-7422.0,-3418.0,-7948.0,40,0.7442789077758789,6
-8105.0,-2564.0,-8468.0,41,0.7628331184387207,6
-7574.0,-3622.0,-7475.0,41,0.7628529071807861,6
-7428.0,-3416.0,-8062.0,41,0.7628600597381592,6
-8053.0,-2974.0,-8186.0,41,0.7628669738769531,6
-8147.0,-2802.0,-8250.0,41,0.7628870010375977,6
-8169.0,-2833.0,-8195.0,41,0.7629010677337646,6
-6093.0,-5179.0,-6020.0,42,0.7819550037384033,6
-2594.0,-7918.0,-3719.0,42,0.7819619178771973,6
-7580.0,-3164.0,-7933.0,42,0.7820229530334473,6
-4138.0,-6916.0,-4701.0,43,0.7928299903869629,6
-4773.0,-5935.0,-5838.0,46,0.8402059078216553,6
-6919.0,-4268.0,-7078.0,46,0.8402400016784668,6
-8201.0,-2809.0,-8226.0,46,0.8403089046478271,6
-7658.0,-3405.0,-7702.0,47,0.8505001068115234,6
-7237.0,-4305.0,-6245.0,48,0.8720660209655762,6
-5488.0,-5839.0,-5392.0,48,0.8721001148223877,6
-5454.0,-5897.0,-5451.0,51,0.912431001663208,6
-5245.0,-5854.0,-5900.0,51,0.9124441146850586,6
-5747.0,-5640.0,-5893.0,52,0.9259350299835205,6
-5717.0,-5756.0,-5666.0,52,0.9260311126708984,6
-7234.0,-4140.0,-6892.0,53,0.9382901191711426,6
-7597.0,-3465.0,-7703.0,53,0.9382970333099365,6
-5729.0,-5216.0,-6742.0,54,0.954585075378418,6
-5150.0,-5932.0,-5879.0,54,0.9546389579772949,6
-5934.0,-5282.0,-6460.0,54,0.954646110534668,6
-6564.0,-4453.0,-7188.0,54,0.9546530246734619,6
-6660.0,-4376.0,-7212.0,54,0.9546599388122559,6
-6946.0,-4192.0,-7167.0,55,0.9671609401702881,6
-3129.0,-7899.0,-3480.0,56,0.9855599403381348,6
-3306.0,-7736.0,-3679.0,56,0.9856500625610352,6
-2819.0,-7909.0,-3793.0,57,1.0074620246887207,6
-4736.0,-6558.0,-4760.0,58,1.0214381217956543,6
-4698.0,-6519.0,-5133.0,62,1.0675320625305176,6
-4346.0,-6702.0,-5126.0,62,1.0675671100616455,6
-8066.0,-2343.0,-8559.0,64,1.1082139015197754,7
-5769.0,-5486.0,-5654.0,64,1.1083240509033203,7
-8992.0,-1997.0,-8334.0,64,1.1083381175994873,7
-5240.0,-6106.0,-4217.0,65,1.135957956314087,7
-8989.0,-1955.0,-8391.0,65,1.135986089706421,7
-8063.0,-2996.0,-7643.0,66,1.1629509925842285,7
-8132.0,-2987.0,-6910.0,66,1.162998914718628,7
-5237.0,-6001.0,-4628.0,66,1.163074016571045,7
-2624.0,-7991.0,-3699.0,72,1.2837600708007812,7
-6512.0,-4670.0,-6476.0,72,1.2838239669799805,7
-2751.0,-8330.0,-2906.0,72,1.2838459014892578,7
-1530.0,-9116.0,-2291.0,72,1.2838599681854248,7
-1506.0,-9140.0,-2071.0,72,1.2838671207427979,7
-1705.0,-9096.0,-2099.0,72,1.2838740348815918,7
-2399.0,-8513.0,-2899.0,72,1.2839019298553467,7
-4164.0,-7162.0,-3851.0,72,1.2839241027832031,7
-4341.0,-6999.0,-4050.0,72,1.283951997756958,7
-4313.0,-7015.0,-4147.0,72,1.283958911895752,7
-4934.0,-6519.0,-4865.0,74,1.3416650295257568,7
-8146.0,-2895.0,-7783.0,77,1.393131971359253,7
-5284.0,-5958.0,-5379.0,79,1.4173510074615479,7
-9083.0,-1833.0,-8853.0,81,1.4550061225891113,7
-8240.0,-2744.0,-8136.0,81,1.4550271034240723,7
-8239.0,-2530.0,-8390.0,81,1.4550609588623047,7
-7690.0,-3481.0,-7484.0,83,1.4905340671539307,7
-6949.0,-4064.0,-7351.0,83,1.4906229972839355,7
-6907.0,-4130.0,-7313.0,83,1.4906299114227295,7
-5535.0,-5554.0,-6104.0,87,1.5372459888458252,7
-8985.0,-1975.0,-8389.0,88,1.5542030334472656,7
-7398.0,-3944.0,-6726.0,90,1.5805599689483643,7
-4431.0,-6604.0,-5233.0,91,1.5907940864562988,7
-8656.0,-2097.0,-8827.0,92,1.6026420593261719,7
-6999.0,-3691.0,-7861.0,92,1.6026630401611328,7
-7170.0,-3736.0,-7813.0,92,1.6026759147644043,7
-6588.0,-4413.0,-7166.0,92,1.6026830673217773,7
-6691.0,-4384.0,-7102.0,94,1.6706740856170654,7
-6582.0,-4740.0,-6220.0,94,1.6707139015197754,7
-7994.0,-3417.0,-7297.0,96,1.7032959461212158,7
-7238.0,-4212.0,-6712.0,96,1.7033369541168213,7
-7256.0,-4072.0,-7161.0,97,1.721808910369873,7
-6933.0,-4232.0,-7276.0,97,1.72182297706604,7
-5150.0,-6278.0,-4500.0,99,1.7549691200256348,7
-5062.0,-6363.0,-4271.0,99,1.7549760341644287,7
-4710.0,-6221.0,-5476.0,101,1.7820539474487305,7
-5332.0,-5919.0,-5479.0,102,1.7961089611053467,7
-6408.0,-5000.0,-6333.0,104,1.824937105178833,7
-6888.0,-4323.0,-7083.0,104,1.824976921081543,7
-6694.0,-4817.0,-5965.0,104,1.825005054473877,7
-4734.0,-6565.0,-4905.0,107,1.857213020324707,7
-5561.0,-5836.0,-5753.0,107,1.857240915298462,7
-4940.0,-5901.0,-5980.0,108,1.8743789196014404,7
-6659.0,-4468.0,-7068.0,110,1.8970050811767578,7
-4333.0,-6840.0,-4312.0,114,1.951591968536377,7
-5054.0,-6167.0,-5055.0,116,1.976423978805542,7
-6547.0,-4625.0,-6352.0,120,2.028639078140259,7
-5229.0,-5940.0,-5499.0,122,2.0476789474487305,7
-3933.0,-6769.0,-4941.0,124,2.065880060195923,7
-8469.0,-2687.0,-7778.0,130,2.170435905456543,8
-7897.0,-2842.0,-8287.0,134,2.2569949626922607,8
-1917.0,-8313.0,-3088.0,145,2.457582950592041,8
-4265.0,-6082.0,-5687.0,146,2.4772450923919678,8
-4675.0,-6635.0,-4823.0,146,2.47725510597229,8
-4961.0,-6345.0,-4935.0,147,2.493813991546631,8
-5785.0,-5191.0,-6560.0,150,2.531959056854248,8
-6665.0,-4717.0,-6214.0,162,2.7063090801239014,8
-5996.0,-5416.0,-5300.0,162,2.7064049243927,8
-7593.0,-3463.0,-7900.0,164,2.7398130893707275,8
-2366.0,-8186.0,-2992.0,169,2.8057570457458496,8
-9019.0,-1886.0,-8436.0,176,2.8791489601135254,8
-8870.0,-1919.0,-8696.0,176,2.879162073135376,8
-3724.0,-7290.0,-4502.0,180,2.9567670822143555,8
-5210.0,-5941.0,-5647.0,180,2.9567859172821045,8
-4628.0,-6618.0,-5000.0,180,2.956851005554199,8
-5014.0,-6332.0,-5139.0,180,2.956904888153076,8
-6434.0,-4797.0,-6404.0,182,2.976201057434082,8
-7439.0,-3536.0,-7691.0,184,2.9980709552764893,8
-7264.0,-3564.0,-7877.0,186,3.0229270458221436,8
-5440.0,-5632.0,-6083.0,188,3.040318012237549,8
-6337.0,-5053.0,-5993.0,192,3.0872509479522705,8
-7082.0,-4195.0,-7155.0,192,3.0872581005096436,8
-7645.0,-3368.0,-7905.0,193,3.105705976486206,8
-7026.0,-4377.0,-6632.0,193,3.105712890625,8
-6240.0,-5105.0,-6173.0,194,3.1244471073150635,8
-8043.0,-3382.0,-7284.0,194,3.1245651245117188,8
-7983.0,-3452.0,-6904.0,194,3.1245720386505127,8
-5421.0,-5906.0,-5184.0,194,3.1245779991149902,8
-6537.0,-4864.0,-6295.0,195,3.182413101196289,8
-4433.0,-6222.0,-5476.0,203,3.2793939113616943,8
-5387.0,-5964.0,-5243.0,204,3.2933239936828613,8
-6422.0,-4943.0,-6281.0,208,3.3401501178741455,8
-6686.0,-4745.0,-6106.0,208,3.3401639461517334,8
-4729.0,-6568.0,-4341.0,209,3.355571985244751,8
-8316.0,-2874.0,-8034.0,210,3.367908000946045,8
-7247.0,-4209.0,-6490.0,210,3.3679890632629395,8
-7198.0,-4244.0,-6503.0,210,3.368004083633423,8
-7859.0,-3473.0,-7558.0,210,3.368011951446533,8
-7960.0,-3234.0,-7644.0,211,3.381289005279541,8
-8010.0,-3428.0,-7290.0,211,3.3813090324401855,8
-3763.0,-7333.0,-3785.0,212,3.3916261196136475,8
-6010.0,-5165.0,-6370.0,214,3.407188892364502,8
-5553.0,-5764.0,-5894.0,214,3.407217025756836,8
-6419.0,-4553.0,-6942.0,216,3.4368600845336914,8
-5985.0,-5169.0,-6325.0,218,3.4592409133911133,8
-5180.0,-5982.0,-5634.0,219,3.468338966369629,8
-5964.0,-5166.0,-6687.0,223,3.503169059753418,8
-2514.0,-8070.0,-3425.0,228,3.5704638957977295,8
-2356.0,-8566.0,-2534.0,229,3.5810909271240234,8
-3739.0,-7323.0,-4150.0,248,3.7681500911712646,8
-3647.0,-7261.0,-4527.0,249,3.77553391456604,8
-6544.0,-4868.0,-5688.0,258,3.91784405708313,9
-6542.0,-4692.0,-6240.0,268,4.166692018508911,9
-9115.0,-1772.0,-8550.0,270,4.200278997421265,9
-2474.0,-8468.0,-2490.0,292,4.559636116027832,9
-4343.0,-6936.0,-4108.0,292,4.559670925140381,9
-3916.0,-7364.0,-3772.0,292,4.5596771240234375,9
-4613.0,-6642.0,-4654.0,292,4.559704065322876,9
-5112.0,-6123.0,-5077.0,296,4.614245891571045,9
-5364.0,-5877.0,-5631.0,302,4.693742036819458,9
-9049.0,-1777.0,-8866.0,320,4.909111976623535,9
-9019.0,-1781.0,-9040.0,320,4.9092700481414795,9
-7230.0,-3970.0,-7198.0,334,5.112201929092407,9
-7114.0,-4111.0,-7189.0,334,5.112260103225708,9
-5104.0,-6051.0,-5218.0,336,5.134572982788086,9
-5761.0,-5414.0,-5795.0,336,5.134615898132324,9
-4910.0,-5963.0,-5660.0,354,5.353816032409668,9
-6698.0,-4599.0,-6229.0,366,5.482445955276489,9
-5721.0,-5538.0,-5930.0,366,5.48245906829834,9
-7274.0,-3489.0,-7853.0,372,5.541009902954102,9
-7784.0,-2438.0,-8619.0,374,5.556658029556274,9
-8199.0,-2696.0,-8351.0,375,5.561475992202759,9
-7666.0,-3252.0,-7923.0,385,5.665144920349121,9
-6033.0,-5170.0,-6252.0,386,5.6865599155426025,9
-7543.0,-3614.0,-7585.0,386,5.686582088470459,9
-7447.0,-3691.0,-7561.0,386,5.686589002609253,9
-6612.0,-4454.0,-7115.0,386,5.686597108840942,9
-7083.0,-4103.0,-7299.0,386,5.686604022979736,9
-7056.0,-4261.0,-6859.0,387,5.704397916793823,9
-6811.0,-3984.0,-7497.0,387,5.704427003860474,9
-6470.0,-4931.0,-6087.0,388,5.728348970413208,9
-7291.0,-4116.0,-6503.0,390,5.7594499588012695,9
-6437.0,-5060.0,-5634.0,394,5.820214033126831,9
-6008.0,-5341.0,-5719.0,394,5.820223093032837,9
-6917.0,-4383.0,-6384.0,394,5.820250034332275,9
-6491.0,-4901.0,-6074.0,400,5.901948928833008,9
-6273.0,-5096.0,-6440.0,400,5.901977062225342,9
-6817.0,-4520.0,-6833.0,401,5.916873931884766,9
-4618.0,-6648.0,-4407.0,410,6.136738061904907,9
-6430.0,-5015.0,-6140.0,418,6.2292139530181885,9
-5813.0,-5171.0,-6511.0,418,6.229233980178833,9
-6724.0,-4701.0,-6192.0,418,6.229269027709961,9
-6460.0,-4899.0,-6367.0,418,6.229281902313232,9
-8293.0,-2675.0,-8228.0,421,6.268043041229248,9
-7350.0,-4106.0,-6702.0,422,6.279530048370361,9
-7268.0,-4082.0,-6833.0,423,6.287305116653442,9
-6956.0,-4224.0,-6875.0,425,6.304049015045166,9
-5407.0,-5880.0,-5628.0,425,6.304063081741333,9
-4695.0,-6626.0,-4400.0,425,6.304069995880127,9
-5327.0,-5903.0,-5484.0,430,6.344499111175537,9
-5643.0,-5372.0,-6017.0,436,6.422184944152832,9
-4845.0,-6093.0,-5511.0,436,6.42219090461731,9
-6173.0,-5023.0,-6486.0,445,6.496776103973389,9
-5338.0,-5786.0,-6040.0,446,6.503856897354126,9
-4754.0,-6020.0,-5865.0,446,6.503864049911499,9
-3707.0,-6783.0,-4740.0,452,6.579972982406616,9
-4324.0,-6805.0,-4330.0,486,6.931603908538818,9
-4072.0,-7139.0,-4486.0,497,7.019021034240723,9
-6037.0,-5330.0,-4929.0,512,7.1873619556427,10
-5235.0,-6168.0,-3982.0,516,7.292521953582764,10
-5323.0,-6083.0,-4211.0,516,7.292529106140137,10
-8403.0,-2198.0,-8503.0,526,7.493839979171753,10
-8218.0,-2313.0,-8504.0,533,7.6316258907318115,10
-9076.0,-1837.0,-8640.0,540,7.732235908508301,10
-3739.0,-7329.0,-4052.0,576,8.271447896957397,10
-4225.0,-7100.0,-3918.0,577,8.302573919296265,10
-4381.0,-6892.0,-4194.0,583,8.404256105422974,10
-3012.0,-7905.0,-3717.0,584,8.419419050216675,10
-4145.0,-7204.0,-4103.0,584,8.419429063796997,10
-3324.0,-7892.0,-3372.0,584,8.419498920440674,10
-2972.0,-8075.0,-3365.0,584,8.419508934020996,10
-2183.0,-8655.0,-2681.0,585,8.436222076416016,10
-2532.0,-8367.0,-2947.0,596,8.576674938201904,10
-2685.0,-8228.0,-2926.0,597,8.585531949996948,10
-4975.0,-6239.0,-5157.0,597,8.58556604385376,10
-8880.0,-1877.0,-8846.0,640,9.089118957519531,10
-9000.0,-1850.0,-8616.0,646,9.182120084762573,10
-9022.0,-1881.0,-8561.0,646,9.182127952575684,10
-8906.0,-2022.0,-8552.0,646,9.182183980941772,10
-7441.0,-3710.0,-7118.0,657,9.340104103088379,10
-2322.0,-8275.0,-3115.0,673,9.548757076263428,10
-5529.0,-5556.0,-5990.0,701,9.810074090957642,10
-8990.0,-1892.0,-8466.0,702,9.82605791091919,10
-6439.0,-4252.0,-7407.0,749,10.29458999633789,10
-8288.0,-2288.0,-8515.0,766,10.438072919845581,10
-6286.0,-5073.0,-5214.0,766,10.438174962997437,10
-6873.0,-4072.0,-7400.0,771,10.524109125137329,10
-6707.0,-4201.0,-7330.0,772,10.545058012008667,10
-7716.0,-3583.0,-7447.0,775,10.587589979171753,10
-6807.0,-4678.0,-6186.0,775,10.587651014328003,10
-6504.0,-4970.0,-5672.0,775,10.587692022323608,10
-6769.0,-4722.0,-6100.0,775,10.587697982788086,10
-6538.0,-4772.0,-6439.0,779,10.64389705657959,10
-7020.0,-4297.0,-6855.0,781,10.663994073867798,10
-4725.0,-6593.0,-4168.0,798,10.872375965118408,10
-6206.0,-5163.0,-6232.0,798,10.872402906417847,10
-5195.0,-6133.0,-4977.0,798,10.872430086135864,10
-5157.0,-6177.0,-4891.0,798,10.872437000274658,10
-7276.0,-3890.0,-6864.0,798,10.87245798110962,10
-6847.0,-4404.0,-7060.0,800,10.910259008407593,10
-5741.0,-5208.0,-6530.0,800,10.910265922546387,10
-6151.0,-5118.0,-6468.0,800,10.910279989242554,10
-6399.0,-5021.0,-6007.0,832,11.227114915847778,10
-6511.0,-4811.0,-6302.0,834,11.25864291191101,10
-6481.0,-4927.0,-6075.0,834,11.258678913116455,10
-6409.0,-4908.0,-6477.0,837,11.290050983428955,10
-7104.0,-4266.0,-6265.0,838,11.312484979629517,10
-7704.0,-3610.0,-6966.0,839,11.323380947113037,10
-7424.0,-4046.0,-6689.0,842,11.35729694366455,10
-7045.0,-4300.0,-6627.0,846,11.394027948379517,10
-4989.0,-5997.0,-5352.0,862,11.517558097839355,10
-5438.0,-5306.0,-6299.0,866,11.559036016464233,10
-5210.0,-5866.0,-5861.0,886,11.710215091705322,10
-4000.0,-6720.0,-5039.0,886,11.710236072540283,10
-5664.0,-5292.0,-6500.0,892,11.74960207939148,10
-9028.0,-1890.0,-8301.0,1004,12.816380977630615,11
-5918.0,-5406.0,-5576.0,1016,13.09653902053833,11
-8260.0,-2247.0,-8542.0,1046,13.730787992477417,11
-3715.0,-7466.0,-3151.0,1083,14.257764101028442,11
-2783.0,-8173.0,-2536.0,1083,14.25777006149292,11
-4194.0,-7129.0,-3619.0,1134,14.93219804763794,11
-4371.0,-6966.0,-3818.0,1134,14.932210922241211,11
-4497.0,-6837.0,-4133.0,1134,14.932272911071777,11
-3946.0,-7331.0,-3540.0,1146,15.102262020111084,11
-4353.0,-6912.0,-3933.0,1147,15.122210025787354,11
-2279.0,-8433.0,-3007.0,1174,15.444730997085571,11
-5140.0,-6286.0,-4995.0,1176,15.459585905075073,11
-6348.0,-4498.0,-7040.0,1182,15.522135019302368,11
-6451.0,-4469.0,-6976.0,1185,15.543522119522095,11
-8004.0,-2255.0,-8656.0,1252,16.19569492340088,11
-9090.0,-1779.0,-8668.0,1271,16.48963499069214,11
-6781.0,-4576.0,-6223.0,1272,16.50769305229187,11
-5491.0,-5858.0,-5157.0,1281,16.62535810470581,11
-7709.0,-3322.0,-7909.0,1290,16.743716955184937,11
-7671.0,-3366.0,-7823.0,1296,16.814778089523315,11
-5005.0,-6080.0,-5188.0,1326,17.09170889854431,11
-5142.0,-6007.0,-5304.0,1330,17.152201890945435,11
-5799.0,-5370.0,-5881.0,1330,17.152209043502808,11
-3092.0,-7682.0,-3894.0,1350,17.342444896697998,11
-3374.0,-7693.0,-3766.0,1410,17.919461965560913,11
-3022.0,-7876.0,-3759.0,1410,17.919477939605713,11
-4936.0,-6378.0,-5007.0,1410,17.91952109336853,11
-6610.0,-4080.0,-7334.0,1502,18.70855689048767,11
-7029.0,-4169.0,-7161.0,1503,18.725395917892456,11
-4752.0,-5552.0,-6139.0,1508,18.811677932739258,11
-6414.0,-4802.0,-6385.0,1510,18.843636989593506,11
-6069.0,-5013.0,-6596.0,1515,18.89063596725464,11
-7686.0,-3699.0,-7220.0,1516,18.907912969589233,11
-7523.0,-3941.0,-6618.0,1517,18.92051100730896,11
-7130.0,-4201.0,-6846.0,1518,18.932673931121826,11
-5872.0,-5434.0,-5750.0,1562,19.42504906654358,11
-5616.0,-5531.0,-5968.0,1562,19.425062894821167,11
-6615.0,-4756.0,-6109.0,1564,19.46050190925598,11
-6063.0,-5220.0,-6007.0,1565,19.469368934631348,11
-6608.0,-4519.0,-6944.0,1566,19.48595905303955,11
-6261.0,-5022.0,-6459.0,1567,19.499464988708496,11
-5851.0,-5595.0,-5492.0,1636,20.140806913375854,11
-7689.0,-3634.0,-6620.0,1650,20.289144039154053,11
-7329.0,-3889.0,-6816.0,1652,20.310072898864746,11
-5357.0,-5867.0,-5800.0,1738,21.083631992340088,11
-4338.0,-6300.0,-5455.0,1746,21.122692108154297,11
-3383.0,-7674.0,-3646.0,1805,21.693007946014404,11
-3673.0,-6944.0,-4694.0,1843,22.079024076461792,11
-8999.0,-1943.0,-8149.0,1905,22.572568893432617,12
-5207.0,-6138.0,-4272.0,1920,22.917707920074463,12
-4515.0,-6711.0,-3762.0,1921,22.93581795692444,12
-7809.0,-2349.0,-8607.0,1958,23.523762941360474,12
-6845.0,-4483.0,-5740.0,1998,24.10964012145996,12
-4407.0,-6893.0,-3661.0,2040,24.64365005493164,12
-4886.0,-5991.0,-5488.0,2074,25.03793501853943,12
-5237.0,-6085.0,-4318.0,2092,25.232014894485474,12
-5197.0,-6079.0,-4833.0,2124,25.64118504524231,12
-2255.0,-8588.0,-2699.0,2153,26.083942890167236,12
-2120.0,-8666.0,-2605.0,2153,26.08395004272461,12
-3839.0,-7386.0,-3779.0,2154,26.09378409385681,12
-3786.0,-6730.0,-4976.0,2158,26.132961988449097,12
-5073.0,-5995.0,-5340.0,2159,26.140428066253662,12
-3857.0,-6764.0,-4948.0,2159,26.14044189453125,12
-4354.0,-6859.0,-4280.0,2202,26.588562965393066,12
-4974.0,-6417.0,-4634.0,2204,26.601030111312866,12
-7353.0,-3548.0,-7774.0,2268,27.165416955947876,12
-7722.0,-3227.0,-7741.0,2340,27.740155935287476,12
-7411.0,-3864.0,-6873.0,2366,28.09473490715027,12
-6067.0,-5214.0,-5156.0,2370,28.1544029712677,12
-2730.0,-7704.0,-4013.0,2520,29.67313504219055,12
-7720.0,-3344.0,-7640.0,2791,31.753215074539185,12
-6868.0,-4407.0,-6698.0,2816,32.15210199356079,12
-6104.0,-4622.0,-6912.0,2824,32.2278950214386,12
-5862.0,-5608.0,-4882.0,2829,32.300129890441895,12
-7218.0,-4116.0,-7075.0,2832,32.33459496498108,12
-8089.0,-3098.0,-7606.0,2851,32.558720111846924,12
-6832.0,-4541.0,-5727.0,2864,32.7221839427948,12
-5221.0,-6134.0,-4444.0,2864,32.72224497795105,12
-6460.0,-4982.0,-5908.0,2883,32.950079917907715,12
-6618.0,-4581.0,-6409.0,2913,33.19190001487732,12
-5507.0,-5582.0,-6004.0,2925,33.33103799819946,12
-8076.0,-2959.0,-7908.0,3067,34.64826989173889,12
-7029.0,-4312.0,-6032.0,3080,34.7615270614624,12
-7162.0,-4252.0,-6541.0,3080,34.76154088973999,12
-5759.0,-5573.0,-5529.0,3088,34.83482003211975,12
-5017.0,-5992.0,-5370.0,3181,35.45280599594116,12
-2950.0,-8091.0,-2929.0,3296,36.15958905220032,12
-2204.0,-8586.0,-2791.0,3297,36.209064960479736,12
-4221.0,-6737.0,-4482.0,3390,36.98186206817627,12
-6664.0,-4553.0,-6235.0,3476,38.03216791152954,13
-4210.0,-6735.0,-4724.0,3674,40.58165502548218,13
-5272.0,-6032.0,-4543.0,3755,41.42921805381775,13
-5982.0,-5239.0,-5756.0,3792,41.98117804527283,13
-2170.0,-8389.0,-3066.0,3936,43.50694799423218,13
-9001.0,-1902.0,-8348.0,4162,45.46897792816162,13
-7716.0,-3268.0,-7724.0,4243,46.36943006515503,13
-3447.0,-6919.0,-4736.0,4288,46.74046492576599,13
-2336.0,-8090.0,-3071.0,4325,46.960556983947754,13
-4152.0,-7065.0,-4342.0,4590,49.32099795341492,13
-3452.0,-7647.0,-3898.0,4590,49.32101106643677,13
-6455.0,-5005.0,-5685.0,4826,50.96405506134033,13
-7323.0,-4130.0,-6316.0,4827,50.97748804092407,13
-7984.0,-3359.0,-7371.0,4827,50.977494955062866,13
-6880.0,-3880.0,-7438.0,4872,51.52206897735596,13
-6930.0,-4442.0,-6373.0,4886,51.68695902824402,13
-5818.0,-5284.0,-5757.0,4892,51.75189709663391,13
-6513.0,-4614.0,-6489.0,4933,52.20213294029236,13
-5186.0,-6155.0,-4289.0,4950,52.55686402320862,13
-6143.0,-5177.0,-4801.0,4974,52.81341505050659,13
-5970.0,-5385.0,-5633.0,4989,52.9470899105072,13
-5834.0,-5478.0,-5664.0,5034,53.34492492675781,13
-6148.0,-5008.0,-6658.0,5055,53.57256197929382,13
-6429.0,-4556.0,-6498.0,5229,54.99051594734192,13
-5675.0,-5742.0,-5866.0,5310,55.753166913986206,13
-5392.0,-5904.0,-5282.0,5311,55.75834608078003,13
-9173.0,-1767.0,-7834.0,5730,58.70982503890991,14
-6134.0,-5245.0,-4883.0,5754,59.2540180683136,14
-8627.0,-2172.0,-8516.0,5818,60.26507496833801,14
-3599.0,-7521.0,-3212.0,6051,62.80291700363159,14
-4010.0,-7288.0,-3093.0,6052,62.82039189338684,14
-2663.0,-8415.0,-2677.0,6191,64.3331069946289,14
-2472.0,-8483.0,-2612.0,6295,65.44534707069397,14
-2607.0,-8405.0,-2706.0,6295,65.44535994529724,14
-7527.0,-3723.0,-6882.0,6710,68.82145595550537,14
-5042.0,-6123.0,-5088.0,7379,73.82550311088562,14
-6568.0,-4644.0,-6275.0,7551,75.12751197814941,14
-7116.0,-4234.0,-6740.0,7554,75.16936206817627,14
-8024.0,-3301.0,-7524.0,7555,75.17757606506348,14
-7071.0,-4209.0,-6790.0,7556,75.19082903862,14
-6270.0,-5120.0,-5785.0,7557,75.20125102996826,14
-7553.0,-3844.0,-6607.0,7671,76.34030604362488,14
-7314.0,-3940.0,-6729.0,7700,76.57351803779602,14
-5158.0,-6175.0,-4028.0,7747,77.04186606407166,14
-5298.0,-6051.0,-4362.0,7798,77.55833911895752,14
-5226.0,-5970.0,-4737.0,7799,77.56764888763428,14
-6843.0,-4522.0,-5298.0,7816,77.69226288795471,14
-6580.0,-4625.0,-6323.0,7866,78.16686296463013,14
-5842.0,-5550.0,-5523.0,7876,78.27868700027466,14
-6302.0,-5061.0,-5809.0,7876,78.2787299156189,14
-6394.0,-4715.0,-6599.0,7901,78.62864804267883,14
-5308.0,-5449.0,-6118.0,8143,80.48214411735535,14
-7741.0,-3536.0,-7404.0,8200,80.87846302986145,14
-5789.0,-5457.0,-5756.0,8218,81.04535603523254,14
-4538.0,-6668.0,-4811.0,8369,81.9822130203247,14
-3597.0,-7549.0,-3488.0,8486,82.61610388755798,14
-8960.0,-2008.0,-8239.0,8794,86.32275009155273,15
-1858.0,-8957.0,-2078.0,9177,89.89494299888611,15
-2984.0,-8071.0,-3157.0,9343,91.60282301902771,15
-6064.0,-5205.0,-5295.0,9818,95.22243905067444,15
-2975.0,-7498.0,-3974.0,9994,96.40672302246094,15
-6021.0,-5379.0,-5055.0,10662,101.02004289627075,15
-3547.0,-6803.0,-4749.0,10762,102.03842210769653,15
-7515.0,-3869.0,-6759.0,10856,102.8665919303894,15
-7553.0,-3825.0,-6845.0,10857,102.8722870349884,15
-6133.0,-5201.0,-4976.0,11042,104.49604606628418,15
-6017.0,-5254.0,-5245.0,11042,104.49605202674866,15
-5882.0,-5470.0,-5404.0,11050,104.55318593978882,15
-5213.0,-6007.0,-4606.0,11078,104.74423599243164,15
-5042.0,-6305.0,-4912.0,11118,105.18831896781921,15
-6547.0,-4530.0,-6873.0,11158,105.52059006690979,15
-6349.0,-4937.0,-6688.0,11162,105.54134702682495,15
-5852.0,-5503.0,-5636.0,11422,107.47362804412842,15
-3491.0,-7615.0,-3095.0,11774,109.44071412086487,15
-8666.0,-2107.0,-8426.0,11884,110.36557006835938,16
-5179.0,-6158.0,-4011.0,11982,111.95968794822693,16
-6072.0,-5277.0,-5154.0,12013,112.23384094238281,16
-7766.0,-2790.0,-8364.0,12215,114.15299701690674,16
-2121.0,-8463.0,-3073.0,12438,116.17725205421448,16
-2608.0,-8290.0,-2959.0,12440,116.19561100006104,16
-3510.0,-7656.0,-3041.0,12444,116.24285006523132,16
-2415.0,-8183.0,-3027.0,12748,118.5395519733429,16
-7410.0,-3760.0,-6882.0,13053,121.33716201782227,16
-2913.0,-7832.0,-3818.0,13632,125.1184709072113,16
-8415.0,-2731.0,-8226.0,13808,126.66438889503479,16
-7058.0,-3945.0,-7349.0,13907,127.74167203903198,16
-5150.0,-5437.0,-6199.0,13982,128.23275589942932,16
-8438.0,-2742.0,-7783.0,14748,134.15927004814148,16
-5751.0,-5501.0,-5670.0,14822,134.6863260269165,16
-2431.0,-8453.0,-2760.0,15602,141.57503604888916,17
-8201.0,-2579.0,-8452.0,16035,144.35080289840698,17
-6835.0,-4116.0,-7314.0,16884,150.84524989128113,17
-5224.0,-5311.0,-6142.0,16971,151.32976508140564,17
-6946.0,-4395.0,-5802.0,17024,151.84530806541443,17
-7416.0,-3709.0,-7260.0,17065,152.14335012435913,17
-7263.0,-3894.0,-6986.0,17066,152.15392589569092,17
-6871.0,-4502.0,-5559.0,17258,153.27006101608276,17
-6124.0,-4901.0,-6708.0,17467,154.80063104629517,17
-2556.0,-8403.0,-2798.0,17876,157.07200288772583,17
-5984.0,-5429.0,-4792.0,17994,158.35089206695557,18
-2899.0,-8103.0,-2768.0,18446,162.3253870010376,18
-2821.0,-8149.0,-2636.0,18450,162.34728407859802,18
-3588.0,-7610.0,-3173.0,18461,162.44052410125732,18
-3265.0,-7649.0,-3825.0,19193,167.31207299232483,18
-7302.0,-3791.0,-7315.0,19333,168.70022702217102,18
-6427.0,-4600.0,-6521.0,19471,169.7407410144806,18
-2949.0,-7815.0,-3807.0,21389,182.7098569869995,19
-8003.0,-3084.0,-7638.0,21494,183.73951292037964,19
-7314.0,-3791.0,-6934.0,21500,183.8227550983429,19
-7333.0,-3720.0,-7090.0,21521,184.038428068161,19
-6607.0,-4867.0,-5884.0,21558,184.2766671180725,19
-6070.0,-5316.0,-4712.0,21741,185.42520809173584,19
-6098.0,-5296.0,-4973.0,21743,185.43551111221313,19
-7542.0,-3706.0,-7441.0,23186,195.34230494499207,20
-5160.0,-6154.0,-4822.0,23452,196.85780096054077,20
-4379.0,-6913.0,-3400.0,23864,199.702299118042,21
-7882.0,-2929.0,-8234.0,24095,201.1511459350586,21
-5341.0,-5980.0,-3930.0,25438,209.59316396713257,23
-1588.0,-8912.0,-2179.0,25576,210.40687704086304,23
-7816.0,-2994.0,-7773.0,25764,211.64324498176575,23
-8332.0,-2801.0,-7993.0,25806,211.836923122406,23
-1890.0,-8800.0,-1708.0,26227,214.33997893333435,25
