z1,z2,z3,node,time,depth
-34.0,-43.0,-63.0,1,0.0020699501037597656,1
-41.0,-58.0,-55.0,8,0.015471935272216797,4
-47.0,-52.0,-57.0,12,0.02221202850341797,4
-50.0,-49.0,-45.0,113,0.15449094772338867,7
-43.0,-58.0,-51.0,138,0.17806792259216309,8
-42.0,-62.0,-52.0,248,0.28920602798461914,9
-45.0,-59.0,-48.0,254,0.2938518524169922,9
-41.0,-48.0,-59.0,274,0.31229186058044434,9
-42.0,-56.0,-57.0,288,0.32582998275756836,9
-50.0,-41.0,-52.0,298,0.33582305908203125,9
-49.0,-49.0,-47.0,416,0.435654878616333,10
-49.0,-45.0,-53.0,524,0.5112440586090088,11
-49.0,-39.0,-58.0,538,0.5208299160003662,11
-34.0,-49.0,-58.0,580,0.547813892364502,12
-52.0,-42.0,-49.0,598,0.5573399066925049,12
-40.0,-43.0,-60.0,604,0.5608839988708496,12
-43.0,-38.0,-59.0,626,0.5737650394439697,12
-51.0,-46.0,-45.0,694,0.6091909408569336,14
-42.0,-38.0,-61.0,704,0.6138279438018799,14
-31.0,-63.0,-41.0,710,0.6165139675140381,15
-35.0,-47.0,-60.0,714,0.6179459095001221,15
-48.0,-56.0,-54.0,722,0.6210269927978516,15
