z1,z2,z3,node,time,depth
-2776.0,-3352.0,-2515.0,1,0.001377105712890625,1
-2210.0,-2333.0,-3070.0,64,0.04581499099731445,7
-2446.0,-2172.0,-2852.0,112,0.06740498542785645,8
-1625.0,-2450.0,-2718.0,118,0.06960391998291016,8
-1997.0,-2706.0,-2671.0,194,0.09848403930664062,9
-2833.0,-2164.0,-2763.0,240,0.11411809921264648,10
-2012.0,-2442.0,-2629.0,246,0.11606001853942871,10
-1742.0,-3377.0,-1914.0,252,0.1179349422454834,10
-3180.0,-2905.0,-2624.0,266,0.12215399742126465,10
-2982.0,-3014.0,-2183.0,268,0.12271499633789062,10
