z1,z2,z3,node,time,depth
-9380.0,-5508.0,-7041.0,1,0.039730072021484375,1
-6916.0,-5175.0,-9601.0,1,0.03994393348693848,1
-7096.0,-5534.0,-9379.0,1,0.04027891159057617,1
-7099.0,-5189.0,-9548.0,1,0.04028201103210449,1
-7579.0,-6621.0,-8395.0,1,0.040296077728271484,1
-5648.0,-7276.0,-8073.0,1,0.040322065353393555,1
-8872.0,-7738.0,-4757.0,1,0.040335893630981445,1
-5689.0,-8310.0,-6390.0,1,0.04051494598388672,1
-5525.0,-8442.0,-6103.0,2,0.0853428840637207,2
-6492.0,-8140.0,-6510.0,2,0.08550405502319336,2
-6920.0,-9005.0,-4253.0,3,0.13350510597229004,2
-9206.0,-6621.0,-6319.0,3,0.13363909721374512,2
-6093.0,-9315.0,-3636.0,3,0.13376188278198242,2
-8527.0,-7530.0,-6488.0,3,0.13412189483642578,2
-7959.0,-8257.0,-5466.0,3,0.13413691520690918,2
-5877.0,-8691.0,-5487.0,4,0.19657492637634277,3
-8518.0,-7963.0,-4839.0,4,0.1968390941619873,3
-9046.0,-6938.0,-6249.0,5,0.2606649398803711,3
-8717.0,-7215.0,-6447.0,5,0.2608499526977539,3
-8344.0,-7516.0,-6541.0,6,0.3284790515899658,3
-7776.0,-8243.0,-5519.0,6,0.32865309715270996,3
-8181.0,-7652.0,-6627.0,7,0.3928229808807373,3
-7672.0,-8456.0,-5183.0,7,0.39295196533203125,3
-7267.0,-6196.0,-8756.0,7,0.3931550979614258,3
-7582.0,-6276.0,-8564.0,7,0.3931570053100586,3
-8659.0,-7736.0,-5724.0,8,0.4634408950805664,4
-8733.0,-7533.0,-6184.0,9,0.5378971099853516,4
-7775.0,-7291.0,-7168.0,9,0.5381879806518555,4
-7833.0,-7176.0,-7275.0,9,0.5384430885314941,4
-7013.0,-9258.0,-2730.0,10,0.619826078414917,4
-6099.0,-8260.0,-6169.0,12,0.7937500476837158,4
-7521.0,-6736.0,-8288.0,12,0.7939000129699707,4
-6829.0,-6163.0,-9052.0,13,0.8831279277801514,4
-7264.0,-6541.0,-8587.0,13,0.8833799362182617,4
-9125.0,-6394.0,-6342.0,15,1.0568640232086182,4
-8747.0,-6901.0,-6963.0,15,1.0568969249725342,4
-8313.0,-7858.0,-5863.0,16,1.173454999923706,5
-8017.0,-7784.0,-6340.0,16,1.173659086227417,5
-6093.0,-7715.0,-7125.0,17,1.2782249450683594,5
-6380.0,-7516.0,-7408.0,17,1.2782299518585205,5
-8476.0,-7722.0,-5777.0,18,1.3898849487304688,5
-7908.0,-8449.0,-4755.0,20,1.58856201171875,5
-8278.0,-8338.0,-4557.0,22,1.8902668952941895,5
-7192.0,-9144.0,-2808.0,23,2.0012640953063965,5
-8052.0,-8550.0,-4088.0,23,2.0016579627990723,5
-7018.0,-7911.0,-6367.0,24,2.117279052734375,5
-6151.0,-6631.0,-8497.0,25,2.279460906982422,5
-7710.0,-6547.0,-8055.0,25,2.279507875442505,5
-7998.0,-7638.0,-6680.0,26,2.495732069015503,5
-6544.0,-7384.0,-7695.0,27,2.5917160511016846,5
-6257.0,-7583.0,-7412.0,27,2.5917229652404785,5
-7263.0,-8654.0,-4767.0,27,2.591831922531128,5
-7624.0,-8122.0,-6080.0,27,2.5918428897857666,5
-7487.0,-8120.0,-6173.0,27,2.591845989227295,5
-6839.0,-8851.0,-4577.0,27,2.591855049133301,5
-7200.0,-8319.0,-5890.0,27,2.5918779373168945,5
-7189.0,-8396.0,-5547.0,33,3.481765031814575,6
-8016.0,-7190.0,-7222.0,35,3.7853798866271973,6
-8130.0,-7844.0,-5916.0,36,3.990180015563965,6
-7834.0,-7770.0,-6393.0,36,3.9902329444885254,6
-8309.0,-7730.0,-5994.0,39,4.785949945449829,6
-8446.0,-7732.0,-5901.0,39,4.78595495223999,6
-6837.0,-8147.0,-6163.0,40,5.003046989440918,6
-5983.0,-8944.0,-5066.0,40,5.003186941146851,6
-7659.0,-8183.0,-5533.0,42,5.200761079788208,6
-8131.0,-8320.0,-4826.0,44,5.879077911376953,6
-8344.0,-8238.0,-3516.0,44,5.879386901855469,6
-8812.0,-7085.0,-6418.0,47,6.636756896972656,6
-5716.0,-5092.0,-9693.0,50,6.921896934509277,6
-7399.0,-6262.0,-8617.0,51,7.200901031494141,6
-7743.0,-7619.0,-6923.0,54,7.922216892242432,6
-6737.0,-8991.0,-4306.0,55,8.109742879867554,6
-7593.0,-6264.0,-8389.0,57,8.455075979232788,6
-7158.0,-5886.0,-8854.0,57,8.455182075500488,6
-7583.0,-7088.0,-7763.0,57,8.455241918563843,6
-7677.0,-6146.0,-8535.0,61,9.37903904914856,6
-6547.0,-7039.0,-7864.0,63,9.741342067718506,6
-8164.0,-6898.0,-7496.0,64,9.972310066223145,6
-6556.0,-8847.0,-4726.0,65,10.403311014175415,6
-7930.0,-7222.0,-7190.0,73,11.241657018661499,7
-8426.0,-7140.0,-7001.0,74,11.377121925354004,7
-8363.0,-7662.0,-6201.0,75,11.580545902252197,7
-8243.0,-7126.0,-7054.0,80,12.301058053970337,7
-8343.0,-7834.0,-5583.0,82,12.810842037200928,7
-5935.0,-8392.0,-5882.0,90,14.146452903747559,7
-5938.0,-8265.0,-6132.0,95,15.54917287826538,7
-8526.0,-7860.0,-4896.0,101,16.315596103668213,7
-6846.0,-9266.0,-2947.0,107,16.899447917938232,7
-7706.0,-8672.0,-4227.0,107,16.899692058563232,7
-8844.0,-7587.0,-4893.0,111,18.23095202445984,7
-7392.0,-5608.0,-8902.0,120,18.68249011039734,7
-8222.0,-7167.0,-6897.0,121,18.872363090515137,7
-7341.0,-6377.0,-8510.0,125,19.33895993232727,7
-8296.0,-6964.0,-7357.0,125,19.339006900787354,7
-7366.0,-7286.0,-7295.0,135,20.093138933181763,7
-6942.0,-7483.0,-7105.0,135,20.093141078948975,7
-7726.0,-6865.0,-7792.0,144,21.592278003692627,7
-7878.0,-8103.0,-5790.0,145,21.9710590839386,7
-8024.0,-8001.0,-5758.0,145,21.971061944961548,7
-8080.0,-4988.0,-8801.0,154,23.81255793571472,7
-7524.0,-6391.0,-8457.0,155,23.948162078857422,7
-8054.0,-5776.0,-8395.0,156,24.14545702934265,7
-8479.0,-6978.0,-7304.0,156,24.145474910736084,7
-7157.0,-7940.0,-6321.0,163,26.653446912765503,7
-7520.0,-7272.0,-7411.0,189,29.751564979553223,8
-8185.0,-7241.0,-6947.0,217,32.09845304489136,8
-9353.0,-6516.0,-5243.0,235,33.576045989990234,8
-9094.0,-7133.0,-5918.0,235,33.576322078704834,8
-6876.0,-9256.0,-2823.0,249,34.659894943237305,8
-6904.0,-8092.0,-6331.0,265,35.209418058395386,8
-8083.0,-7986.0,-5723.0,267,35.60792803764343,8
-5871.0,-8320.0,-5964.0,274,36.754878997802734,8
-7673.0,-8036.0,-5944.0,275,36.90887904167175,8
-8310.0,-8166.0,-4759.0,280,38.08335995674133,8
-7795.0,-8389.0,-5179.0,300,38.70563006401062,8
-6595.0,-9410.0,-2674.0,301,38.90118193626404,8
-7741.0,-8457.0,-4972.0,314,39.074759006500244,8
-8146.0,-7860.0,-5733.0,346,40.322333097457886,8
-7765.0,-8749.0,-3805.0,349,41.26499390602112,8
-7086.0,-6358.0,-8753.0,366,42.1860671043396,8
-7908.0,-6344.0,-8197.0,367,42.24585199356079,8
-8454.0,-5765.0,-7915.0,377,42.44684195518494,8
-7494.0,-6132.0,-8588.0,381,42.62680506706238,8
-7411.0,-7965.0,-6229.0,386,42.724343061447144,8
-6316.0,-8062.0,-6637.0,400,44.692102909088135,8
-6696.0,-7268.0,-7565.0,408,45.06920909881592,8
-6457.0,-9249.0,-3304.0,409,45.15506911277771,8
-6532.0,-7533.0,-7326.0,423,46.48461699485779,8
-6956.0,-7336.0,-7516.0,423,46.484774112701416,8
-7354.0,-5208.0,-9305.0,477,51.6275269985199,8
-8775.0,-7052.0,-6827.0,478,51.76132607460022,8
-8309.0,-5795.0,-8152.0,479,52.47623896598816,8
-8299.0,-6619.0,-7526.0,479,52.476293087005615,8
-9277.0,-5539.0,-6930.0,480,52.636991024017334,8
-7911.0,-5999.0,-8366.0,481,52.84415292739868,8
-7209.0,-6311.0,-8649.0,498,54.38642191886902,8
-7579.0,-7751.0,-6636.0,548,59.39119911193848,9
-7988.0,-7107.0,-7297.0,583,60.985605001449585,9
-6838.0,-8018.0,-6371.0,600,61.60928988456726,9
-8368.0,-7255.0,-6894.0,607,62.46348190307617,9
-7188.0,-8572.0,-5042.0,752,68.62940001487732,9
-7484.0,-8646.0,-4565.0,752,68.62941002845764,9
-6869.0,-9197.0,-3542.0,766,68.80619192123413,9
-6850.0,-7353.0,-7336.0,848,72.5355429649353,9
-7250.0,-7970.0,-6192.0,858,73.62326502799988,9
-8091.0,-8463.0,-4702.0,886,74.8741340637207,9
-7696.0,-8837.0,-3499.0,886,74.87428903579712,9
-7231.0,-9057.0,-3422.0,886,74.87430691719055,9
-7454.0,-8656.0,-4689.0,918,75.5578989982605,9
-7448.0,-7917.0,-6200.0,920,75.6577799320221,9
-7419.0,-8871.0,-3944.0,921,75.71473407745361,9
-8462.0,-7196.0,-6690.0,944,75.82718300819397,9
-8267.0,-8120.0,-5433.0,977,77.962641954422,9
-8413.0,-8018.0,-5401.0,977,77.962651014328,9
-7228.0,-8868.0,-4220.0,977,77.96270799636841,9
-7980.0,-8319.0,-5150.0,979,78.5115430355072,9
-7817.0,-6810.0,-7811.0,993,79.2636489868164,9
-6058.0,-7226.0,-7852.0,1005,80.13879299163818,9
-7674.0,-6491.0,-8366.0,1005,80.1388030052185,9
-6482.0,-7029.0,-8042.0,1005,80.13896703720093,9
-7239.0,-6113.0,-8831.0,1005,80.13898706436157,9
-8592.0,-7038.0,-6880.0,1013,80.39435410499573,9
-7047.0,-6739.0,-8119.0,1110,82.8458468914032,9
-6623.0,-6936.0,-7929.0,1110,82.84591889381409,9
-7000.0,-7368.0,-7212.0,1117,83.9386510848999,9
-5426.0,-7881.0,-6912.0,1130,85.3677270412445,9
-6917.0,-8776.0,-4906.0,1131,85.54271197319031,9
-7352.0,-8440.0,-5329.0,1172,86.942302942276,9
-6771.0,-6278.0,-8945.0,1176,87.44627094268799,9
-7206.0,-6656.0,-8480.0,1176,87.4462730884552,9
-7014.0,-7221.0,-7623.0,1184,88.02667903900146,9
-7886.0,-7014.0,-7578.0,1193,88.8698890209198,9
-8505.0,-6190.0,-7710.0,1317,95.90840697288513,9
-7534.0,-5567.0,-9083.0,1321,96.12953209877014,9
-7922.0,-6187.0,-8243.0,1322,96.28827810287476,9
-9025.0,-6399.0,-7022.0,1332,98.04131007194519,9
-7548.0,-4914.0,-9036.0,1335,98.74234890937805,9
-8962.0,-6927.0,-6682.0,1337,99.24247002601624,9
-8615.0,-6449.0,-7243.0,1424,101.90661096572876,9
-8069.0,-7028.0,-7525.0,1424,101.90673089027405,9
-6843.0,-8648.0,-5009.0,1437,103.00640892982483,9
-8710.0,-6319.0,-7214.0,1447,104.70653510093689,9
-7535.0,-8454.0,-5276.0,1468,105.65822696685791,9
-6629.0,-8142.0,-6417.0,1558,107.7699830532074,10
-7578.0,-7157.0,-7518.0,1586,108.68879699707031,10
-6975.0,-8020.0,-6278.0,1630,109.53247594833374,10
-8611.0,-7184.0,-6540.0,1645,111.3873999118805,10
-9295.0,-6081.0,-6338.0,1972,115.4649829864502,10
-6270.0,-8745.0,-5349.0,1999,117.20026898384094,10
-7612.0,-8375.0,-5232.0,2004,117.35618305206299,10
-6589.0,-9455.0,-2540.0,2008,117.56015801429749,10
-6152.0,-8641.0,-5401.0,2115,119.49969291687012,10
-5865.0,-8840.0,-5118.0,2121,119.81643509864807,10
-8230.0,-8004.0,-5454.0,2255,122.32796788215637,10
-8084.0,-8106.0,-5486.0,2255,122.32800507545471,10
-7663.0,-8889.0,-3534.0,2369,124.56834888458252,10
-8132.0,-8440.0,-4589.0,2376,124.7914309501648,10
-7878.0,-8459.0,-4879.0,2407,125.48376798629761,10
-8557.0,-7066.0,-6661.0,2537,127.01945209503174,10
-8231.0,-8396.0,-4021.0,2538,127.10990309715271,10
-8087.0,-8335.0,-4833.0,2539,127.45808696746826,10
-8224.0,-8337.0,-4740.0,2539,127.45814895629883,10
-7843.0,-8317.0,-5243.0,2556,127.97568702697754,10
-8126.0,-8217.0,-5118.0,2557,128.08144688606262,10
-7875.0,-6695.0,-7918.0,2574,128.26370406150818,10
-7850.0,-6459.0,-8090.0,2596,129.53868293762207,10
-7616.0,-6606.0,-8259.0,2596,129.53868508338928,10
-8041.0,-6945.0,-7600.0,2597,129.58772587776184,10
-7647.0,-5627.0,-8659.0,2628,131.75551009178162,10
-8125.0,-6042.0,-8113.0,2629,131.9433319568634,10
-7469.0,-7850.0,-6336.0,2664,133.52374792099,10
-6953.0,-7463.0,-7266.0,2685,133.98077201843262,10
-6529.0,-7660.0,-7076.0,2685,133.98077487945557,10
-6895.0,-7762.0,-6871.0,2844,139.00829410552979,10
-6167.0,-6949.0,-8234.0,2845,139.11116790771484,10
-5743.0,-7146.0,-8044.0,2845,139.1113109588623,10
-6249.0,-8564.0,-5520.0,2851,139.39390897750854,10
-7015.0,-7815.0,-6741.0,2853,140.01958298683167,10
-5139.0,-8080.0,-6629.0,2856,140.26603198051453,10
-7001.0,-8015.0,-6450.0,2856,140.2662169933319,10
-7059.0,-7900.0,-6557.0,2856,140.26632809638977,10
-7532.0,-8225.0,-5929.0,2867,141.34903407096863,10
-7678.0,-8123.0,-5897.0,2867,141.3491449356079,10
-6493.0,-8973.0,-4716.0,2867,141.34915399551392,10
-7186.0,-6828.0,-7862.0,2897,141.63097405433655,10
-6660.0,-8634.0,-5062.0,2945,142.6576280593872,10
-6681.0,-7386.0,-7602.0,2965,144.53429102897644,10
-6035.0,-8188.0,-6251.0,2972,144.65426588058472,10
-8182.0,-7088.0,-7101.0,2985,146.60930705070496,10
-7051.0,-7206.0,-7487.0,3011,147.94936108589172,10
-8089.0,-7497.0,-6784.0,3048,154.00506401062012,10
-8308.0,-6056.0,-8060.0,3312,156.4210979938507,10
-7878.0,-6350.0,-8087.0,3313,156.70919489860535,10
-7980.0,-6072.0,-8350.0,3331,157.6245219707489,10
-8156.0,-6040.0,-8074.0,3332,157.66825795173645,10
-8755.0,-5711.0,-7716.0,3333,157.73645401000977,10
-8843.0,-5989.0,-7327.0,3349,160.24652695655823,10
-7619.0,-6261.0,-8428.0,3350,160.35112595558167,10
-8438.0,-6574.0,-7313.0,3352,160.9913980960846,10
-7016.0,-7521.0,-6988.0,3373,162.37757802009583,10
-8365.0,-7102.0,-7048.0,3482,165.00344705581665,10
-8398.0,-6751.0,-7327.0,3523,168.89280605316162,10
-8881.0,-6700.0,-6705.0,3565,170.5627360343933,10
-7875.0,-7825.0,-6159.0,3650,171.75945901870728,11
-6916.0,-7943.0,-6700.0,3823,173.03872895240784,11
-8550.0,-7791.0,-5041.0,4100,176.74995303153992,11
-8879.0,-7107.0,-6199.0,4105,177.23872995376587,11
-8551.0,-7911.0,-4804.0,4978,182.34938287734985,11
-7229.0,-8627.0,-4808.0,5028,182.77901601791382,11
-6933.0,-8553.0,-5285.0,5028,182.77903008460999,11
-6225.0,-9521.0,-2872.0,5074,183.708811044693,11
-6783.0,-8215.0,-5956.0,5230,185.3750319480896,11
-6663.0,-9252.0,-3000.0,5260,186.67820501327515,11
-7810.0,-8329.0,-5133.0,5264,186.80706691741943,11
-6883.0,-6871.0,-7832.0,5377,188.04704689979553,11
-6792.0,-7468.0,-7229.0,5523,189.13506603240967,11
-6368.0,-7665.0,-7039.0,5553,189.71349906921387,11
-7756.0,-8328.0,-5316.0,5572,190.93628907203674,11
-7460.0,-8254.0,-5793.0,5572,190.93635201454163,11
-7842.0,-8735.0,-3467.0,5818,194.98225903511047,11
-7559.0,-8835.0,-3592.0,5819,195.0452070236206,11
-7380.0,-8989.0,-3659.0,5820,195.07891607284546,11
-7019.0,-9213.0,-2864.0,5821,195.1124711036682,11
-7804.0,-8662.0,-4419.0,5860,195.38442993164062,11
-7508.0,-8588.0,-4896.0,5860,195.38459706306458,11
-6713.0,-9363.0,-2778.0,5869,195.94251203536987,11
-9010.0,-7214.0,-4837.0,6192,198.0706160068512,11
-9230.0,-6585.0,-5312.0,6214,198.42274808883667,11
-6065.0,-5753.0,-9198.0,6387,201.72819089889526,11
-7473.0,-5966.0,-8662.0,6395,202.1382339000702,11
-7351.0,-5553.0,-9136.0,6447,204.06690192222595,11
-6587.0,-7545.0,-7183.0,6554,205.32392191886902,11
-6666.0,-7662.0,-6983.0,6555,205.46580505371094,11
-6072.0,-7079.0,-8263.0,6955,209.83377408981323,11
-6094.0,-8667.0,-5476.0,6970,210.13094902038574,11
-6386.0,-8566.0,-5427.0,6973,210.52373790740967,11
-6926.0,-8672.0,-4967.0,6980,211.66741704940796,11
-6780.0,-8774.0,-4999.0,6980,211.6674199104309,11
-7097.0,-8421.0,-5572.0,7010,212.82978892326355,11
-7241.0,-7640.0,-6732.0,7225,215.4774329662323,11
-6508.0,-8513.0,-5623.0,7371,221.26625895500183,11
-8215.0,-6737.0,-7380.0,7431,223.2544870376587,11
-8250.0,-6171.0,-7953.0,7939,228.1279320716858,11
-8276.0,-6146.0,-7873.0,7951,228.91463994979858,11
-8360.0,-5499.0,-8196.0,7967,229.25138902664185,11
-7654.0,-5569.0,-8769.0,7985,229.6838459968567,11
-9077.0,-5842.0,-7158.0,8050,232.23606491088867,11
-8403.0,-5926.0,-8031.0,8059,233.18666005134583,11
-9146.0,-5655.0,-7210.0,8063,233.71546387672424,11
-8734.0,-6682.0,-6974.0,8074,234.31988406181335,11
-9315.0,-6012.0,-6015.0,8075,234.46027088165283,11
-7077.0,-7952.0,-6313.0,8186,235.75121402740479,11
-7993.0,-5976.0,-8252.0,8283,236.9182689189911,11
-8227.0,-5829.0,-8083.0,8302,237.2446858882904,11
-8482.0,-5848.0,-7840.0,8332,237.4779748916626,11
-6980.0,-8650.0,-4916.0,8363,239.3531301021576,11
-7489.0,-7846.0,-6360.0,8389,239.92069005966187,11
-8956.0,-6436.0,-6967.0,8571,244.3301510810852,11
-8221.0,-7703.0,-6020.0,9301,248.66530990600586,12
-8839.0,-7114.0,-6161.0,9679,252.3987579345703,12
-9169.0,-6869.0,-6180.0,10941,257.36292910575867,12
-7366.0,-8629.0,-4715.0,11118,258.5202600955963,12
-7070.0,-8555.0,-5192.0,11118,258.5202651023865,12
-6407.0,-8747.0,-5256.0,11143,258.7921710014343,12
-6032.0,-9571.0,-2129.0,11231,259.3770229816437,12
-6573.0,-9123.0,-4019.0,11242,259.4448239803314,12
-6616.0,-8906.0,-4712.0,11516,263.1910328865051,12
-6505.0,-7667.0,-6946.0,12021,267.3008110523224,12
-7045.0,-8854.0,-4273.0,12072,268.85070300102234,12
-8010.0,-8309.0,-5026.0,12088,269.69553089141846,12
-7036.0,-8451.0,-5603.0,12142,270.3394649028778,12
-7517.0,-8991.0,-3566.0,12451,272.2728359699249,12
-7137.0,-9166.0,-2968.0,12451,272.2728660106659,12
-7052.0,-9211.0,-3489.0,12454,272.3354001045227,12
-6756.0,-9137.0,-3966.0,12454,272.335480928421,12
-7283.0,-9064.0,-2936.0,12455,272.38090205192566,12
-7272.0,-9034.0,-3309.0,12520,272.5912790298462,12
-7667.0,-8660.0,-4512.0,12524,272.67545199394226,12
-7371.0,-8586.0,-4989.0,12524,272.6755928993225,12
-6859.0,-9261.0,-2746.0,12527,272.8271150588989,12
-7199.0,-8637.0,-4932.0,12558,273.2217528820038,12
-8947.0,-7474.0,-5019.0,12911,275.3773500919342,12
-8876.0,-7415.0,-5095.0,12922,275.40836000442505,12
-9305.0,-6321.0,-5574.0,12990,275.8063509464264,12
-7374.0,-8766.0,-4188.0,13056,276.32113909721375,12
-7800.0,-8534.0,-4550.0,13069,276.5867819786072,12
-8919.0,-7323.0,-5155.0,13089,276.67392587661743,12
-7305.0,-7712.0,-6650.0,13187,277.3272819519043,12
-7144.0,-6243.0,-8860.0,13349,278.99316692352295,12
-6106.0,-7133.0,-7910.0,13349,278.9931991100311,12
-8220.0,-5912.0,-8084.0,13487,280.71496510505676,12
-7542.0,-6039.0,-8646.0,13559,281.57238006591797,12
-7871.0,-5762.0,-8448.0,13579,281.8479690551758,12
-6760.0,-6938.0,-7836.0,14131,284.8962540626526,12
-6530.0,-7581.0,-7226.0,14493,287.8811399936676,12
-6841.0,-8052.0,-6336.0,14545,288.6366319656372,12
-6978.0,-8054.0,-6243.0,14545,288.63664197921753,12
-5563.0,-7883.0,-6819.0,14566,289.49093794822693,12
-7311.0,-7889.0,-6264.0,14588,291.1691119670868,12
-7234.0,-8423.0,-5479.0,14636,292.6145079135895,12
-6591.0,-8012.0,-6551.0,14644,293.04741191864014,12
-5611.0,-6694.0,-8324.0,14712,293.7310779094696,12
-7207.0,-7192.0,-7631.0,15096,295.7301208972931,12
-7498.0,-6394.0,-8418.0,15117,296.3577010631561,12
-6590.0,-7418.0,-7433.0,15234,298.06024408340454,12
-6669.0,-7535.0,-7233.0,15235,298.1405439376831,12
-7126.0,-8652.0,-4860.0,15450,299.9528729915619,12
-8088.0,-6685.0,-7585.0,16283,308.41935896873474,12
-7830.0,-5641.0,-8606.0,16291,308.5526649951935,12
-8225.0,-5853.0,-8126.0,16309,309.3344750404358,12
-7691.0,-5268.0,-8830.0,16331,309.66619300842285,12
-8126.0,-5646.0,-8365.0,16331,309.6662199497223,12
-7487.0,-5809.0,-8708.0,16357,310.09348702430725,12
-8335.0,-5181.0,-8369.0,16365,310.3353509902954,12
-8679.0,-6675.0,-7076.0,16502,313.91883397102356,12
-8455.0,-5369.0,-8167.0,16511,314.90129494667053,12
-7973.0,-6220.0,-8058.0,16512,315.03279304504395,12
-9023.0,-5724.0,-7279.0,16537,315.47201800346375,12
-8600.0,-6060.0,-7681.0,16538,315.53669595718384,12
-8658.0,-5945.0,-7788.0,16538,315.53669810295105,12
-8602.0,-6285.0,-7409.0,16583,316.66526198387146,12
-6790.0,-8151.0,-6030.0,16910,318.341285943985,12
-6323.0,-4245.0,-9615.0,17014,319.69806003570557,12
-8627.0,-6713.0,-7165.0,17135,321.1135630607605,12
-7490.0,-7775.0,-6342.0,17348,323.52550196647644,12
-6425.0,-7621.0,-7164.0,18595,329.9531309604645,13
-7262.0,-7821.0,-6561.0,19159,332.5475389957428,13
-8111.0,-7060.0,-7193.0,19448,335.5766429901123,13
-8054.0,-7711.0,-6237.0,19449,335.6043870449066,13
-8191.0,-7713.0,-6144.0,19449,335.6043920516968,13
-8693.0,-7216.0,-6193.0,19479,336.1692740917206,13
-8912.0,-7511.0,-4538.0,21031,340.8891370296478,13
-8948.0,-7235.0,-5950.0,21113,341.7573149204254,13
-9088.0,-6642.0,-6203.0,21367,342.7979209423065,13
-6371.0,-9419.0,-2840.0,21565,344.49608397483826,13
-6312.0,-9313.0,-3131.0,21587,344.7377998828888,13
-7449.0,-8861.0,-3820.0,21740,345.73194193840027,13
-6528.0,-8196.0,-6199.0,22086,347.05880999565125,13
-7058.0,-8878.0,-4203.0,22210,349.1206350326538,13
-7049.0,-8982.0,-4142.0,22218,349.2610890865326,13
-6753.0,-8908.0,-4619.0,22218,349.26113295555115,13
-6625.0,-9179.0,-3952.0,22254,350.48496890068054,13
-6329.0,-9105.0,-4429.0,22254,350.48503708839417,13
-7309.0,-7878.0,-6417.0,22823,352.39614391326904,13
-7455.0,-7776.0,-6385.0,22823,352.39617800712585,13
-6962.0,-8784.0,-4573.0,22910,354.31380891799927,13
-7405.0,-8284.0,-5539.0,22996,355.28600096702576,13
-7858.0,-7867.0,-5979.0,23294,356.46314692497253,13
-6495.0,-9327.0,-3078.0,23407,357.6006109714508,13
-7526.0,-8887.0,-3627.0,23414,357.662358045578,13
-7239.0,-9086.0,-3344.0,23474,358.1560969352722,13
-7319.0,-8788.0,-4348.0,23607,359.0988099575043,13
-8337.0,-7019.0,-7123.0,24407,362.80573892593384,13
-6999.0,-7439.0,-7230.0,24529,363.7132580280304,13
-7688.0,-5613.0,-8661.0,24869,365.5786020755768,13
-6603.0,-7863.0,-6920.0,26468,374.16170597076416,13
-6740.0,-7865.0,-6827.0,26468,374.1617410182953,13
-6953.0,-7647.0,-6978.0,26489,374.8473770618439,13
-6154.0,-7685.0,-7094.0,26516,375.5507938861847,13
-6774.0,-7533.0,-6990.0,26603,376.50637102127075,13
-6682.0,-7980.0,-6720.0,26613,376.8726398944855,13
-6545.0,-7978.0,-6813.0,26613,376.87266397476196,13
-6332.0,-8856.0,-4892.0,26682,377.7186369895935,13
-6036.0,-8782.0,-5369.0,26682,377.71864104270935,13
-6239.0,-9213.0,-3604.0,26693,378.1153519153595,13
-7063.0,-8674.0,-4874.0,26750,379.5326678752899,13
-6080.0,-8293.0,-6007.0,26765,379.88148403167725,13
-7096.0,-7885.0,-6421.0,26857,381.5834770202637,13
-6639.0,-8871.0,-4684.0,26882,381.81152987480164,13
-6728.0,-8014.0,-6458.0,26884,381.88418197631836,13
-7927.0,-7069.0,-7344.0,27589,384.5771119594574,13
-6935.0,-7367.0,-7312.0,27715,385.894572019577,13
-7461.0,-5812.0,-8669.0,27991,388.3435170650482,13
-6985.0,-8749.0,-4545.0,28741,396.1553440093994,13
-8563.0,-6075.0,-7817.0,29393,399.7540719509125,13
-8343.0,-6704.0,-7342.0,29393,399.7540969848633,13
-8459.0,-5706.0,-7957.0,29411,400.33263397216797,13
-8148.0,-6580.0,-7759.0,29447,400.6108400821686,13
-8382.0,-6433.0,-7590.0,29447,400.61085295677185,13
-7959.0,-5906.0,-8424.0,29451,400.69750905036926,13
-7997.0,-4414.0,-8866.0,29520,401.8032250404358,13
-7779.0,-5547.0,-8646.0,29527,402.109570980072,13
-8748.0,-6119.0,-7356.0,29556,402.4041790962219,13
-8815.0,-7268.0,-5783.0,29683,404.07556796073914,13
-8345.0,-6041.0,-7924.0,29737,405.6316900253296,13
-8816.0,-7029.0,-6714.0,29882,408.25467801094055,13
-6684.0,-7041.0,-7771.0,30685,411.8494770526886,13
-8322.0,-5699.0,-8054.0,31360,415.5025088787079,13
-6366.0,-7713.0,-6939.0,32403,419.704372882843,14
-5164.0,-8974.0,-4790.0,36550,436.5566689968109,14
-7265.0,-7903.0,-6253.0,37193,439.1050090789795,14
-7195.0,-8880.0,-4110.0,37534,441.53271293640137,14
-7016.0,-8623.0,-4985.0,37578,442.66924595832825,14
-6771.0,-9077.0,-3920.0,37592,442.79469108581543,14
-7367.0,-7763.0,-6524.0,38229,444.60461497306824,14
-6563.0,-7552.0,-7053.0,38304,445.1017348766327,14
-6344.0,-8645.0,-5336.0,38377,446.17229199409485,14
-7108.0,-8682.0,-4541.0,38450,446.90486788749695,14
-7395.0,-8860.0,-4003.0,38470,447.027951002121,14
-7099.0,-8786.0,-4480.0,38470,447.0279870033264,14
-7245.0,-8684.0,-4448.0,38480,447.0961449146271,14
-8156.0,-8207.0,-4994.0,38548,447.65243887901306,14
-7860.0,-8133.0,-5471.0,38548,447.652489900589,14
-6821.0,-8881.0,-4258.0,38574,447.7788369655609,14
-7332.0,-8525.0,-5126.0,38646,448.39385890960693,14
-7542.0,-8286.0,-5446.0,38730,448.60231494903564,14
-6679.0,-8780.0,-4722.0,39069,449.61236691474915,14
-6935.0,-8983.0,-3899.0,39074,449.9102780818939,14
-6547.0,-9280.0,-3077.0,39116,450.3742139339447,14
-7125.0,-8970.0,-3902.0,39124,450.42294001579285,14
-7719.0,-8667.0,-4026.0,39237,451.2304229736328,14
-7182.0,-8786.0,-4441.0,39349,452.12502098083496,14
-7380.0,-8681.0,-4177.0,39425,452.57757592201233,14
-8726.0,-7840.0,-4789.0,39842,453.8838040828705,14
-8879.0,-7330.0,-5117.0,39935,454.4247660636902,14
-8698.0,-7689.0,-4925.0,40262,456.12895798683167,14
-6243.0,-7135.0,-7817.0,40985,459.4835419654846,14
-6828.0,-6907.0,-7903.0,41248,460.3476049900055,14
-6404.0,-7104.0,-7713.0,41250,460.94798707962036,14
-8599.0,-6630.0,-7240.0,41297,461.4870948791504,14
-6724.0,-7547.0,-7090.0,42253,464.4835059642792,14
-7011.0,-7348.0,-7373.0,42253,464.4835329055786,14
-6933.0,-6849.0,-7866.0,42843,466.81356596946716,14
-7466.0,-7339.0,-7257.0,43343,469.0499629974365,14
-6368.0,-7153.0,-7786.0,43581,471.5028269290924,14
-5746.0,-6576.0,-8682.0,43623,472.2699410915375,14
-5785.0,-7278.0,-7980.0,43623,472.27000093460083,14
-5784.0,-8180.0,-6361.0,43864,475.2191879749298,14
-5899.0,-8206.0,-6284.0,43871,475.36573910713196,14
-5943.0,-8291.0,-6100.0,43951,476.4446609020233,14
-6930.0,-8771.0,-4705.0,44117,477.54451990127563,14
-6672.0,-8819.0,-4649.0,44194,478.0388889312744,14
-7344.0,-7194.0,-7538.0,45141,481.4068479537964,14
-7631.0,-6995.0,-7821.0,45141,481.40686893463135,14
-6207.0,-6306.0,-8769.0,45315,483.1914179325104,14
-6727.0,-7420.0,-7340.0,45593,484.90934705734253,14
-7772.0,-7850.0,-6211.0,46085,487.0190739631653,14
-7086.0,-7743.0,-6688.0,46229,488.9333600997925,14
-6949.0,-7741.0,-6781.0,46229,488.9334080219269,14
-7879.0,-7162.0,-7286.0,47068,494.47853994369507,14
-8928.0,-5854.0,-7308.0,47720,497.1327109336853,14
-7725.0,-6053.0,-8593.0,47876,498.1323618888855,14
-7667.0,-6168.0,-8486.0,47925,498.85995292663574,14
-8277.0,-5296.0,-8262.0,48025,499.3850190639496,14
-7728.0,-5273.0,-8814.0,48535,503.6636641025543,14
-9098.0,-5693.0,-6997.0,48621,504.07001209259033,14
-8554.0,-5576.0,-7928.0,48625,504.1305499076843,14
-8488.0,-7251.0,-6544.0,48844,506.22514390945435,14
-8192.0,-7177.0,-7021.0,48844,506.225172996521,14
-8769.0,-5354.0,-7710.0,50739,513.8043909072876,14
-6677.0,-8184.0,-6049.0,52333,519.0121440887451,15
-6814.0,-8186.0,-5956.0,52333,519.0121700763702,15
-8272.0,-7606.0,-6362.0,52692,520.3388819694519,15
-8098.0,-7466.0,-6667.0,52704,520.3628458976746,15
-8740.0,-7200.0,-5970.0,53798,524.8733689785004,15
-8174.0,-7862.0,-5653.0,54067,525.9184498786926,15
-6168.0,-8988.0,-4605.0,56359,532.766932964325,15
-5929.0,-9447.0,-3349.0,56774,534.2723200321198,15
-5946.0,-9368.0,-3484.0,56791,534.3670220375061,15
-6293.0,-9381.0,-3017.0,56828,534.4857730865479,15
-6530.0,-9349.0,-2831.0,56859,534.6181139945984,15
-6665.0,-8198.0,-6106.0,57782,537.9736950397491,15
-5620.0,-8312.0,-6074.0,58006,539.1281359195709,15
-7619.0,-8326.0,-5409.0,59352,545.7615690231323,15
-7323.0,-8252.0,-5886.0,59352,545.7616050243378,15
-6971.0,-9057.0,-3813.0,59628,547.3742740154266,15
-6392.0,-8979.0,-4439.0,60357,550.2015709877014,15
-6984.0,-9067.0,-3587.0,60426,551.0624458789825,15
-7093.0,-9188.0,-3376.0,60440,551.130343914032,15
-7573.0,-8769.0,-4058.0,60450,551.2260580062866,15
-7528.0,-8664.0,-4302.0,61573,555.3586950302124,15
-8488.0,-7754.0,-5663.0,61737,556.3238010406494,15
-7545.0,-8515.0,-4793.0,61788,556.4677269458771,15
-8395.0,-7004.0,-7067.0,61942,556.8334560394287,15
-7091.0,-7336.0,-7381.0,62217,557.7621500492096,15
-6887.0,-6815.0,-8128.0,62639,559.394483089447,15
-8067.0,-6157.0,-8006.0,63216,561.8329401016235,15
-7036.0,-7939.0,-6350.0,65505,568.1877369880676,15
-6991.0,-8168.0,-5993.0,65632,570.0192339420319,15
-6704.0,-8367.0,-5710.0,65698,570.213268995285,15
-6291.0,-7687.0,-7001.0,65757,570.554713010788,15
-6699.0,-8516.0,-5347.0,67106,579.221864938736,15
-6418.0,-6957.0,-8124.0,68456,583.8808360099792,15
-5994.0,-7154.0,-7934.0,68464,584.1819748878479,15
-6639.0,-7254.0,-7666.0,69540,587.9926490783691,15
-7028.0,-7858.0,-6581.0,69646,589.3234939575195,15
-6296.0,-6396.0,-8638.0,70017,591.3455080986023,15
-8021.0,-6127.0,-8116.0,71195,596.188973903656,15
-8694.0,-6001.0,-7477.0,71301,596.6691799163818,15
-8128.0,-5697.0,-8282.0,71326,596.8232629299164,15
-8517.0,-5591.0,-8064.0,71327,596.8459808826447,15
-9051.0,-5785.0,-7239.0,71329,596.9582788944244,15
-7713.0,-6202.0,-8224.0,71531,598.0856790542603,15
-7341.0,-5665.0,-8905.0,71655,598.657105922699,15
-7545.0,-5694.0,-8815.0,71863,599.8132059574127,15
-8214.0,-5925.0,-8181.0,71895,600.0677890777588,15
-8981.0,-5465.0,-7407.0,72833,604.498486995697,15
-9160.0,-6137.0,-6566.0,72961,605.4849960803986,15
-8637.0,-5779.0,-7862.0,73012,605.623871088028,15
-8457.0,-5420.0,-8084.0,73012,605.6238870620728,15
-9084.0,-5434.0,-7518.0,73013,606.2334990501404,15
-7853.0,-6114.0,-8259.0,73013,606.233540058136,15
-8561.0,-7010.0,-6957.0,73160,607.2289800643921,15
-8571.0,-7250.0,-6193.0,73167,607.4376149177551,15
-7644.0,-5826.0,-8616.0,74129,609.8643341064453,15
-7645.0,-7225.0,-7335.0,74572,611.6449179649353,15
-8467.0,-6564.0,-7379.0,75680,614.974601984024,15
-9174.0,-6670.0,-5310.0,80261,627.8605020046234,16
-6075.0,-9345.0,-3317.0,81527,632.2002758979797,16
-5650.0,-9294.0,-3961.0,81553,632.3217399120331,16
-6079.0,-9271.0,-3653.0,83138,637.6640949249268,16
-5983.0,-8370.0,-5888.0,83302,638.7070279121399,16
-7368.0,-8357.0,-5642.0,83394,639.0572860240936,16
-6490.0,-8543.0,-5304.0,84469,642.4408769607544,16
-7262.0,-8972.0,-3809.0,85670,646.9469618797302,16
-8849.0,-7354.0,-5397.0,87182,652.0318369865417,16
-6042.0,-5595.0,-9274.0,88503,657.4750220775604,16
-6195.0,-7228.0,-7759.0,88728,657.9957840442657,16
-7898.0,-6689.0,-7873.0,88916,658.7430939674377,16
-8819.0,-6491.0,-6957.0,89010,658.9789049625397,16
-7956.0,-6574.0,-7980.0,89094,659.1636159420013,16
-6304.0,-5206.0,-9391.0,89466,660.277960062027,16
-6684.0,-7359.0,-7422.0,92141,669.1759340763092,16
-5880.0,-7148.0,-7951.0,92151,669.3376770019531,16
-6454.0,-8783.0,-4949.0,92720,671.9980158805847,16
-6351.0,-7582.0,-7175.0,93297,674.0790350437164,16
-6572.0,-6735.0,-8320.0,95043,679.8567209243774,16
-6642.0,-6684.0,-8304.0,95053,679.9775059223175,16
-6131.0,-7156.0,-7841.0,95073,680.18568110466,16
-5192.0,-6696.0,-8324.0,95199,680.4863851070404,16
-5898.0,-7612.0,-7166.0,95261,680.6177580356598,16
-8189.0,-6680.0,-7461.0,95581,681.9541730880737,16
-6204.0,-6876.0,-8131.0,96189,683.8538670539856,16
-7785.0,-7845.0,-6010.0,97387,688.450660943985,16
-8099.0,-7737.0,-6020.0,97443,688.6542179584503,16
-8283.0,-5738.0,-8233.0,98247,691.5096709728241,16
-8505.0,-6364.0,-7521.0,98601,693.1090281009674,16
-8080.0,-5162.0,-8612.0,98637,693.2376699447632,16
-7596.0,-5684.0,-8662.0,98875,693.8241028785706,16
-8323.0,-4917.0,-8447.0,99013,694.6692500114441,16
-8477.0,-6303.0,-7561.0,99921,697.8552520275116,16
-9344.0,-5784.0,-5629.0,100380,699.853296995163,16
-9037.0,-6663.0,-6944.0,100607,701.1393220424652,16
-8674.0,-5484.0,-7739.0,101689,703.8552899360657,16
-8151.0,-7060.0,-7178.0,102066,704.7567639350891,16
-8139.0,-7718.0,-6168.0,103640,709.0995609760284,17
-8485.0,-7596.0,-6029.0,105834,714.8597090244293,17
-8995.0,-7219.0,-5727.0,106950,716.9076900482178,17
-8954.0,-7299.0,-4835.0,106963,716.937334060669,17
-8772.0,-7545.0,-5034.0,107461,718.382318019867,17
-5954.0,-8946.0,-4735.0,108103,719.9016659259796,17
-5796.0,-9192.0,-3929.0,108701,721.7447168827057,17
-6489.0,-9372.0,-2944.0,108743,721.8806569576263,17
-5607.0,-8474.0,-5756.0,109787,724.8050880432129,17
-5783.0,-9197.0,-4130.0,110368,726.6235480308533,17
-6762.0,-8804.0,-4680.0,110429,726.8819470405579,17
-5846.0,-8368.0,-5981.0,110672,728.065731048584,17
-6816.0,-8782.0,-4629.0,112902,733.9974188804626,17
-6838.0,-9169.0,-3619.0,113520,736.4557991027832,17
-8585.0,-7937.0,-4474.0,114490,738.8739500045776,17
-8314.0,-8187.0,-3989.0,114899,740.2178139686584,17
-7944.0,-8595.0,-3738.0,115100,740.6703839302063,17
-8280.0,-8115.0,-5232.0,115121,740.7953219413757,17
-7643.0,-6670.0,-8116.0,115442,741.709529876709,17
-7617.0,-7142.0,-7410.0,115743,742.8713700771332,17
-7754.0,-7144.0,-7317.0,115743,742.8713719844818,17
-7181.0,-6228.0,-8724.0,115806,743.3682949542999,17
-6600.0,-7014.0,-7845.0,115937,743.639298915863,17
-6154.0,-7111.0,-7916.0,119354,752.453439950943,17
-7051.0,-7813.0,-6656.0,119599,753.5215089321136,17
-6110.0,-7600.0,-7278.0,119706,754.1663808822632,17
-6405.0,-8615.0,-5305.0,120093,755.7431991100311,17
-6520.0,-8316.0,-5951.0,120619,757.5409851074219,17
-6036.0,-8208.0,-6191.0,120768,757.8766589164734,17
-6118.0,-8814.0,-5022.0,121275,759.4991579055786,17
-5612.0,-8405.0,-6001.0,121629,760.6479918956757,17
-7753.0,-7859.0,-6159.0,121717,761.0234320163727,17
-7689.0,-6980.0,-7765.0,122490,762.9866609573364,17
-6109.0,-7006.0,-8160.0,122996,764.816309928894,17
-6032.0,-5488.0,-9434.0,123006,765.000205039978,17
-8436.0,-7256.0,-6568.0,125656,773.1204249858856,17
-8371.0,-6522.0,-7550.0,127385,778.5165820121765,17
-8600.0,-6234.0,-7492.0,128119,780.4665789604187,17
-8223.0,-5567.0,-8253.0,128449,781.7491340637207,17
-8892.0,-5798.0,-7619.0,128629,782.7895588874817,17
-7215.0,-7825.0,-6428.0,130566,787.7050700187683,17
-6875.0,-7473.0,-7118.0,131946,791.1963400840759,18
-7537.0,-6687.0,-7936.0,132452,792.0260229110718,18
-7479.0,-6802.0,-7829.0,132620,792.4086849689484,18
-8791.0,-7103.0,-6312.0,133498,794.6604869365692,18
-7975.0,-6720.0,-7640.0,133700,794.9553508758545,18
-8987.0,-7247.0,-4800.0,134129,795.9371929168701,18
-9207.0,-6618.0,-5275.0,134368,796.3415100574493,18
-7415.0,-8341.0,-5419.0,134936,797.6570069789886,18
-6376.0,-9089.0,-4206.0,135606,799.3215899467468,18
-6275.0,-9330.0,-3074.0,135841,800.372505903244,18
-7062.0,-8977.0,-3941.0,136143,801.0881669521332,18
-7349.0,-8778.0,-4224.0,136371,801.8124570846558,18
-7068.0,-7869.0,-6440.0,136614,802.2777318954468,18
-6435.0,-8565.0,-5464.0,137091,803.7291009426117,18
-6298.0,-8563.0,-5557.0,137105,803.7882399559021,18
-6899.0,-8806.0,-4587.0,137477,805.0210719108582,18
-6292.0,-9261.0,-3320.0,139754,810.8179249763489,18
-8099.0,-6930.0,-7544.0,142214,818.0503189563751,18
-8268.0,-6398.0,-7677.0,142282,818.277713060379,18
-6452.0,-6437.0,-8593.0,142541,819.351114988327,18
-7165.0,-5646.0,-9055.0,143294,821.1028859615326,18
-6342.0,-7590.0,-7343.0,145332,825.736279964447,18
-6258.0,-8177.0,-6530.0,146046,827.895838022232,18
-6554.0,-8251.0,-6053.0,146046,827.8958671092987,18
-5660.0,-8312.0,-6059.0,146690,829.6512789726257,18
-5702.0,-7731.0,-7011.0,147221,831.2456169128418,18
-7638.0,-7077.0,-7423.0,148494,834.9508519172668,18
-7428.0,-6742.0,-7925.0,148632,835.5627250671387,18
-7063.0,-6016.0,-8883.0,148845,836.0923929214478,18
-6370.0,-5723.0,-9059.0,148935,836.4325070381165,18
-6137.0,-6357.0,-8785.0,148979,836.7629630565643,18
-6776.0,-7256.0,-7573.0,150115,839.3961229324341,18
-8139.0,-6588.0,-7927.0,151614,843.9048459529877,18
-8139.0,-5825.0,-8196.0,151636,843.9333369731903,18
-8928.0,-6038.0,-7128.0,151922,844.9628300666809,18
-8208.0,-6477.0,-7715.0,152170,845.4680559635162,18
-8377.0,-5945.0,-7848.0,152226,845.5537838935852,18
-7900.0,-4803.0,-8834.0,152771,847.0257699489594,18
-8850.0,-5581.0,-7687.0,154157,850.6089088916779,18
-8834.0,-5913.0,-7512.0,154350,851.4780158996582,18
-9305.0,-5772.0,-6779.0,154377,851.7139909267426,18
-8707.0,-6908.0,-6925.0,154566,852.261393070221,18
-6465.0,-7523.0,-7339.0,157072,857.9259219169617,19
-9133.0,-7145.0,-4768.0,158613,861.3377859592438,19
-8872.0,-6982.0,-6374.0,158634,861.3840398788452,19
-6193.0,-9298.0,-3421.0,160079,865.1947069168091,19
-6766.0,-8903.0,-4418.0,160345,865.8196001052856,19
-7053.0,-8704.0,-4701.0,160537,866.4931318759918,19
-5377.0,-8841.0,-5114.0,161157,868.3812410831451,19
-6594.0,-8637.0,-5080.0,161213,868.6319699287415,19
-8430.0,-7766.0,-5266.0,164437,877.5538330078125,19
-7407.0,-8714.0,-4153.0,165072,879.0355160236359,19
-7026.0,-5882.0,-8886.0,165786,881.1997110843658,19
-6164.0,-7118.0,-7854.0,165818,881.2402970790863,19
-6554.0,-6932.0,-8066.0,165825,881.2684009075165,19
-6934.0,-6799.0,-7905.0,165828,881.2800838947296,19
-7711.0,-5607.0,-8616.0,166522,883.249566078186,19
-7034.0,-7748.0,-6712.0,167334,885.3073101043701,19
-6205.0,-7588.0,-7436.0,168124,887.1285939216614,19
-6589.0,-7489.0,-7451.0,168125,887.1336150169373,19
-5920.0,-8330.0,-5893.0,168676,889.0310809612274,19
-5823.0,-7799.0,-6995.0,168842,889.432667016983,19
-5541.0,-8709.0,-5401.0,169549,891.3871369361877,19
-6462.0,-8431.0,-5844.0,169601,891.5563991069794,19
-5565.0,-7729.0,-7104.0,169913,892.5433249473572,19
-7027.0,-6833.0,-7853.0,172083,898.8120300769806,19
-5716.0,-4744.0,-9778.0,172106,898.843976020813,19
-7819.0,-7834.0,-5988.0,172232,899.0326359272003,19
-8517.0,-7135.0,-6630.0,173600,902.3152270317078,19
-8017.0,-5891.0,-8368.0,174236,904.2620439529419,19
-8324.0,-6632.0,-7466.0,174320,904.4561278820038,19
-7725.0,-6153.0,-8430.0,174398,904.9169869422913,19
-8601.0,-6912.0,-7132.0,175006,906.4520471096039,19
-8303.0,-6347.0,-7686.0,175396,907.4514880180359,19
-8183.0,-6555.0,-7556.0,175626,907.9817230701447,19
-9221.0,-6310.0,-6007.0,176266,910.0721619129181,19
-7730.0,-7232.0,-7266.0,176358,910.3069729804993,19
-7782.0,-7227.0,-7242.0,177018,912.0063030719757,19
-6923.0,-8025.0,-6302.0,178004,914.3026690483093,20
-6057.0,-7762.0,-6975.0,178101,914.4660880565643,20
-7290.0,-7639.0,-6769.0,178775,915.8103909492493,20
-9172.0,-6784.0,-5188.0,179350,917.0047059059143,20
-9215.0,-6590.0,-6202.0,179358,917.2194819450378,20
-5819.0,-8325.0,-5988.0,179872,918.2996790409088,20
-6800.0,-8892.0,-4396.0,180576,919.8883669376373,20
-7408.0,-8259.0,-5817.0,181256,921.5930860042572,20
-6356.0,-8448.0,-5664.0,181339,921.7277410030365,20
-7514.0,-8255.0,-5610.0,182148,924.1543219089508,20
-8439.0,-8039.0,-4506.0,184400,929.9453740119934,20
-8221.0,-6864.0,-7372.0,184936,931.4490389823914,20
-7039.0,-7341.0,-7405.0,185084,931.6672348976135,20
-6656.0,-6958.0,-7846.0,185119,931.721216917038,20
-6316.0,-5708.0,-9150.0,185484,933.025053024292,20
-6347.0,-5568.0,-9242.0,185543,933.3479840755463,20
-7674.0,-5728.0,-8635.0,185600,933.460165977478,20
-7107.0,-5761.0,-8948.0,185976,934.1055390834808,20
-5971.0,-4348.0,-9719.0,186056,934.408124923706,20
-7149.0,-7700.0,-6775.0,187548,937.9020628929138,20
-6247.0,-7602.0,-7185.0,187802,938.5772728919983,20
-6627.0,-8010.0,-6466.0,187988,938.9917120933533,20
-6542.0,-8617.0,-5212.0,188153,939.509957075119,20
-5254.0,-7932.0,-6855.0,188396,940.0360090732574,20
-6617.0,-7540.0,-7257.0,188910,941.4821970462799,20
-7087.0,-7718.0,-6765.0,189119,942.0824410915375,20
-6078.0,-5209.0,-9456.0,190254,945.1884479522705,20
-6246.0,-7008.0,-8067.0,190343,945.4728710651398,20
-6201.0,-6526.0,-8667.0,190559,946.2520830631256,20
-7512.0,-7392.0,-7163.0,191077,947.5004599094391,20
-7454.0,-7507.0,-7056.0,191191,947.793524980545,20
-8270.0,-6514.0,-7587.0,192174,950.0869069099426,20
-8737.0,-5452.0,-7781.0,192496,951.027067899704,20
-7582.0,-5513.0,-8833.0,192668,951.3991270065308,20
-8149.0,-5640.0,-8320.0,192920,952.043867111206,20
-7603.0,-4916.0,-9028.0,193034,952.3384048938751,20
-7837.0,-5532.0,-8590.0,193162,952.7617878913879,20
-8500.0,-6829.0,-7143.0,193640,953.913251876831,20
-8486.0,-7060.0,-6906.0,194078,955.1528820991516,20
-8468.0,-6311.0,-7729.0,194158,955.3111639022827,20
-8248.0,-5232.0,-8278.0,194662,956.8682329654694,20
-8372.0,-6694.0,-7408.0,195064,957.7797300815582,20
-6178.0,-7722.0,-7056.0,195976,959.7523550987244,21
-8168.0,-7949.0,-5456.0,196482,960.8179090023041,21
-5956.0,-8327.0,-5895.0,197016,961.9228460788727,21
-6672.0,-9163.0,-3729.0,197206,962.2316238880157,21
-5423.0,-9473.0,-3051.0,197298,962.4082789421082,21
-5806.0,-9217.0,-3767.0,197308,962.4285089969635,21
-6066.0,-9560.0,-2107.0,197438,962.8399178981781,21
-6306.0,-9400.0,-2934.0,197546,963.0315721035004,21
-7096.0,-8966.0,-3919.0,197600,963.1165959835052,21
-5857.0,-9120.0,-4109.0,198390,964.9953639507294,21
-7243.0,-8392.0,-5362.0,198754,965.968770980835,21
-6535.0,-8648.0,-5060.0,198781,966.0372130870819,21
-8452.0,-8030.0,-4251.0,200873,971.0498659610748,21
-6967.0,-6755.0,-8095.0,201369,972.2037329673767,21
-7702.0,-7149.0,-7341.0,201430,972.3229620456696,21
-6100.0,-5580.0,-9218.0,201668,973.0987079143524,21
-7769.0,-5492.0,-8723.0,201980,973.6612820625305,21
-8523.0,-6417.0,-7434.0,202082,974.0032920837402,21
-6708.0,-6943.0,-7860.0,202136,974.0760140419006,21
-6915.0,-6866.0,-7934.0,202282,974.2972769737244,21
-6079.0,-7161.0,-7865.0,202752,975.3128678798676,21
-5033.0,-7827.0,-7050.0,202983,975.8046200275421,21
-5848.0,-9151.0,-4226.0,203626,977.443568944931,21
-5209.0,-7450.0,-7455.0,204215,978.7779231071472,21
-5814.0,-9162.0,-4248.0,204497,979.3954799175262,21
-6557.0,-6805.0,-8316.0,205727,982.3894798755646,21
-7506.0,-7479.0,-6966.0,206074,983.1245880126953,21
-7715.0,-6198.0,-8217.0,206546,984.1025788784027,21
-7088.0,-7589.0,-6973.0,206789,984.6119840145111,21
-8412.0,-6577.0,-7316.0,206997,985.1547780036926,21
-8079.0,-6112.0,-8060.0,207078,985.3439040184021,21
-8708.0,-6177.0,-7411.0,207154,985.4701750278473,21
-8329.0,-5459.0,-8255.0,207184,985.6763560771942,21
-8102.0,-6106.0,-8015.0,207302,985.9600410461426,21
-7290.0,-5775.0,-8895.0,207484,986.3924000263214,21
-7894.0,-5621.0,-8563.0,207486,986.3956968784332,21
-6154.0,-4362.0,-9666.0,207512,986.445739030838,21
-7393.0,-4568.0,-9198.0,207656,986.8857650756836,21
-8207.0,-4762.0,-8696.0,207688,986.9485800266266,21
-8038.0,-5294.0,-8563.0,207712,987.0051729679108,21
-7590.0,-5041.0,-8992.0,207733,987.0472691059113,21
-8441.0,-5378.0,-8258.0,207746,987.0764720439911,21
-8632.0,-5201.0,-7874.0,207766,987.104297876358,21
-8006.0,-5000.0,-8723.0,207780,987.1337940692902,21
-8419.0,-6502.0,-7437.0,207942,987.384761095047,21
-9199.0,-5776.0,-6986.0,208110,987.8894169330597,21
-8176.0,-6573.0,-7791.0,208150,987.9561901092529,21
-8054.0,-5876.0,-8232.0,208158,987.9739210605621,21
-7741.0,-6195.0,-8256.0,208204,988.0475959777832,21
-8408.0,-5835.0,-7862.0,208246,988.12029504776,21
-7983.0,-5292.0,-8571.0,208381,988.4289400577545,21
-8834.0,-6087.0,-7323.0,208707,989.3399209976196,21
-7766.0,-6623.0,-8012.0,208930,990.0890851020813,21
-7824.0,-6508.0,-8119.0,208994,990.1833388805389,21
-6547.0,-7555.0,-6992.0,209812,991.7408258914948,22
-8536.0,-7499.0,-6371.0,210154,992.4691300392151,22
-8952.0,-7413.0,-4713.0,210306,992.7318708896637,22
-5980.0,-9357.0,-3462.0,210740,993.6580090522766,22
-5986.0,-9270.0,-3659.0,210792,993.7259769439697,22
-5830.0,-9181.0,-3907.0,210796,993.7334790229797,22
-5772.0,-9228.0,-3789.0,210822,993.7762770652771,22
-6086.0,-9353.0,-3255.0,210834,993.9320480823517,22
-5926.0,-9575.0,-2336.0,210856,993.9649169445038,22
-6564.0,-9338.0,-2809.0,210932,994.1075160503387,22
-6570.0,-9251.0,-3006.0,210950,994.1236619949341,22
-7343.0,-8865.0,-4027.0,211096,994.3488099575043,22
-7704.0,-8333.0,-5340.0,211312,994.7783110141754,22
-6045.0,-8751.0,-5252.0,211382,995.0145919322968,22
-6475.0,-9003.0,-4397.0,212037,996.4556810855865,22
-6489.0,-9414.0,-2881.0,212636,997.6582980155945,22
-6635.0,-9312.0,-2849.0,212720,997.9374771118164,22
-7796.0,-6425.0,-8194.0,213688,999.8667829036713,22
-7009.0,-6749.0,-7956.0,213724,1000.0663769245148,22
-6519.0,-6956.0,-7939.0,213760,1000.1241099834442,22
-6588.0,-6921.0,-8044.0,213944,1000.5069758892059,22
-6640.0,-6916.0,-8020.0,213960,1000.5441009998322,22
-6119.0,-6554.0,-8531.0,214033,1000.8869979381561,22
-7345.0,-6005.0,-8833.0,214036,1000.8919589519501,22
-7579.0,-5858.0,-8664.0,214038,1000.8977720737457,22
-6367.0,-5598.0,-9160.0,214040,1000.9012539386749,22
-6484.0,-5565.0,-9169.0,214073,1000.9875710010529,22
-7084.0,-5767.0,-8993.0,214114,1001.0736570358276,22
-6319.0,-5691.0,-9102.0,214192,1001.1837089061737,22
-8051.0,-6444.0,-7951.0,214306,1001.3722569942474,22
-5797.0,-4971.0,-9755.0,214352,1001.4779710769653,22
-6629.0,-7391.0,-7626.0,214862,1002.5383739471436,22
-6239.0,-6852.0,-8258.0,215099,1003.1566610336304,22
-6724.0,-7261.0,-7597.0,215170,1003.2938170433044,22
-6233.0,-8515.0,-5668.0,216371,1006.1109309196472,22
-5822.0,-7205.0,-7877.0,217207,1007.8608300685883,22
-7036.0,-7700.0,-6812.0,217268,1008.1039979457855,22
-7705.0,-7022.0,-7591.0,218038,1009.558324098587,22
-7167.0,-7706.0,-6773.0,218131,1009.7545900344849,22
-8081.0,-6703.0,-7820.0,218164,1009.8363289833069,22
-7704.0,-6210.0,-8392.0,218210,1010.0289559364319,22
-8527.0,-6445.0,-7356.0,218294,1010.1891689300537,22
-8503.0,-5599.0,-7950.0,218400,1010.3950650691986,22
-8044.0,-6121.0,-8071.0,218414,1010.4161550998688,22
-7911.0,-5520.0,-8668.0,218442,1010.4673399925232,22
-7783.0,-5275.0,-8806.0,218476,1010.5655338764191,22
-7348.0,-5660.0,-9002.0,218496,1010.6173779964447,22
-7957.0,-5415.0,-8501.0,218542,1010.7350800037384,22
-7522.0,-5800.0,-8697.0,218552,1010.7580010890961,22
-5980.0,-4985.0,-9702.0,218592,1010.9422719478607,22
-7596.0,-4921.0,-8931.0,218662,1011.0669438838959,22
-7603.0,-5679.0,-8759.0,218714,1011.174026966095,22
-8207.0,-5525.0,-8427.0,218730,1011.2093091011047,22
-7980.0,-5309.0,-8619.0,218750,1011.252228975296,22
-8541.0,-6436.0,-7265.0,218874,1011.4919340610504,22
-7677.0,-5383.0,-8804.0,219106,1011.9252619743347,22
-8901.0,-5211.0,-7540.0,219148,1012.1474409103394,22
-8489.0,-5714.0,-7924.0,219164,1012.1841099262238,22
-9103.0,-5399.0,-7235.0,219218,1012.3022270202637,22
-9023.0,-5908.0,-7099.0,219264,1012.3676600456238,22
-8727.0,-5834.0,-7576.0,219274,1012.3920080661774,22
-8033.0,-5933.0,-8194.0,219388,1012.618166923523,22
-8410.0,-6426.0,-7622.0,219398,1012.6353049278259,22
-8782.0,-6644.0,-7187.0,219666,1013.4780530929565,22
-6632.0,-7046.0,-7795.0,219686,1013.5233891010284,22
-7242.0,-7947.0,-6252.0,219960,1014.0347049236298,22
-8747.0,-6138.0,-7232.0,220210,1014.553307056427,22
-7976.0,-7532.0,-6839.0,220376,1014.8458189964294,23
-6037.0,-6658.0,-8380.0,220507,1015.1167171001434,23
-8314.0,-7847.0,-5424.0,220578,1015.2314560413361,23
-9041.0,-6450.0,-6507.0,220664,1015.5148589611053,23
-9353.0,-5753.0,-5512.0,220700,1015.5918219089508,23
-9215.0,-5827.0,-6471.0,220702,1015.5933809280396,23
-5532.0,-8524.0,-5705.0,220806,1015.7711360454559,23
-5684.0,-9283.0,-3939.0,220964,1016.0208830833435,23
-5864.0,-9202.0,-3711.0,220996,1016.0730199813843,23
-5790.0,-9279.0,-3732.0,221012,1016.0913760662079,23
-7193.0,-8689.0,-4472.0,221188,1016.549968957901,23
-6350.0,-8535.0,-5467.0,221344,1016.8209450244904,23
-6487.0,-8537.0,-5374.0,221352,1016.8359498977661,23
-6292.0,-8650.0,-5360.0,221430,1016.9605929851532,23
-6102.0,-9284.0,-3519.0,221472,1017.0266768932343,23
-6108.0,-9197.0,-3716.0,221526,1017.1172020435333,23
-6466.0,-9218.0,-3187.0,221872,1017.8322019577026,23
-7062.0,-7979.0,-6309.0,221964,1018.0004699230194,23
-8050.0,-8211.0,-5201.0,221990,1018.0445630550385,23
-7277.0,-9151.0,-2739.0,222338,1018.805988073349,23
-6753.0,-9265.0,-2953.0,222368,1018.8524990081787,23
-7613.0,-8671.0,-4233.0,222406,1018.918487071991,23
-7838.0,-8599.0,-3945.0,222850,1019.9087901115417,23
-7738.0,-6540.0,-8087.0,223052,1020.226156949997,23
-6604.0,-6963.0,-7870.0,223066,1020.2406129837036,23
-6752.0,-7540.0,-7122.0,223098,1020.3320560455322,23
-6961.0,-6842.0,-7898.0,223154,1020.470067024231,23
-7287.0,-6120.0,-8726.0,223212,1020.7147591114044,23
-6548.0,-7019.0,-7869.0,223234,1020.7748539447784,23
-6153.0,-6543.0,-8509.0,223304,1020.9399189949036,23
-6303.0,-5833.0,-9114.0,223318,1020.9706749916077,23
-6166.0,-5836.0,-9187.0,223320,1020.9736590385437,23
-6187.0,-5239.0,-9382.0,223542,1021.3690650463104,23
-7292.0,-7199.0,-7562.0,223824,1021.9898929595947,23
-7049.0,-8153.0,-5937.0,223864,1022.0702629089355,23
-6976.0,-7863.0,-6605.0,223876,1022.0795850753784,23
-5804.0,-6474.0,-8723.0,224075,1022.430123090744,23
-6351.0,-9253.0,-3511.0,224522,1023.3553690910339,23
-6209.0,-8619.0,-5539.0,224638,1023.5928649902344,23
-6599.0,-8433.0,-5751.0,224777,1023.9819231033325,23
-6175.0,-8630.0,-5561.0,225119,1024.5483078956604,23
-6085.0,-5609.0,-9210.0,225452,1025.3570640087128,23
-7959.0,-6229.0,-8149.0,226442,1027.3617889881134,23
-8525.0,-6533.0,-7344.0,226468,1027.421040058136,23
-8563.0,-5312.0,-8086.0,226488,1027.4890921115875,23
-8870.0,-6053.0,-7184.0,226498,1027.5098440647125,23
-7476.0,-5142.0,-9133.0,226560,1027.8062551021576,23
-8186.0,-5359.0,-8501.0,226596,1027.8764560222626,23
-7946.0,-4524.0,-8856.0,226758,1028.138797044754,23
-8383.0,-5493.0,-8151.0,226828,1028.2869729995728,23
-8431.0,-5729.0,-7980.0,226900,1028.4129691123962,23
-8856.0,-6168.0,-7158.0,226916,1028.4517230987549,23
-8612.0,-5461.0,-8035.0,227077,1028.8028569221497,23
-8832.0,-5322.0,-7752.0,227078,1028.9056520462036,23
-8536.0,-5248.0,-8229.0,227082,1028.9155979156494,23
-8054.0,-6099.0,-8120.0,227162,1029.0498130321503,23
-8961.0,-5687.0,-7407.0,227254,1029.2404029369354,23
-7691.0,-4920.0,-8915.0,227512,1029.7826368808746,23
-5899.0,-4758.0,-9725.0,227518,1029.8882639408112,23
-8058.0,-6361.0,-7950.0,227528,1029.9071741104126,23
-8453.0,-7063.0,-6712.0,227572,1029.9797060489655,23
-7105.0,-7945.0,-6345.0,227666,1030.1268360614777,23
-9179.0,-6866.0,-4790.0,228098,1030.8125920295715,24
-9247.0,-6520.0,-5450.0,228126,1030.8654298782349,24
-8740.0,-7615.0,-5786.0,228180,1031.042664051056,24
-6442.0,-8647.0,-5066.0,228222,1031.1132760047913,24
-6187.0,-9385.0,-3224.0,228344,1031.2914259433746,24
-7010.0,-7984.0,-6333.0,228534,1031.5855519771576,24
-6453.0,-7672.0,-6970.0,228538,1031.591984987259,24
-6438.0,-8548.0,-5328.0,228608,1031.7303049564362,24
-6360.0,-9222.0,-3394.0,228634,1031.7615830898285,24
-6665.0,-9081.0,-4127.0,228674,1031.8129498958588,24
-6973.0,-8729.0,-4566.0,228722,1031.8768000602722,24
-7280.0,-8530.0,-5150.0,228808,1032.1081109046936,24
-6208.0,-9280.0,-3312.0,228878,1032.2115468978882,24
-6451.0,-9039.0,-4257.0,228886,1032.2172720432281,24
-7407.0,-7665.0,-6699.0,228936,1032.298001050949,24
-7754.0,-8137.0,-5678.0,228960,1032.3306910991669,24
-7763.0,-8410.0,-4918.0,229068,1032.483813047409,24
-7467.0,-8336.0,-5395.0,229072,1032.4915540218353,24
-7140.0,-9149.0,-2832.0,229180,1032.6737370491028,24
-6853.0,-9348.0,-2549.0,229266,1032.8344979286194,24
-7713.0,-8754.0,-3829.0,229268,1032.8370370864868,24
-8668.0,-7622.0,-5342.0,229470,1033.2852869033813,24
-8749.0,-7501.0,-5404.0,229474,1033.2932410240173,24
-8314.0,-8104.0,-5210.0,229548,1033.4230260849,24
-7701.0,-6555.0,-8223.0,229626,1033.5530469417572,24
-8030.0,-6278.0,-8025.0,229628,1033.5572528839111,24
-6503.0,-6914.0,-8113.0,229822,1033.9063959121704,24
-6374.0,-5693.0,-9094.0,229838,1033.9288790225983,24
-6425.0,-5583.0,-9104.0,229844,1034.0277290344238,24
-8003.0,-5345.0,-8554.0,230070,1034.4317510128021,24
-6273.0,-6841.0,-8236.0,230338,1035.0208868980408,24
-5838.0,-6463.0,-8701.0,230342,1035.0246160030365,24
-5551.0,-6662.0,-8418.0,230394,1035.1065108776093,24
-5448.0,-6195.0,-9074.0,230409,1035.1477808952332,24
-5883.0,-6573.0,-8609.0,230421,1035.17396402359,24
-5983.0,-8193.0,-6275.0,230714,1035.6560308933258,24
-6456.0,-8518.0,-5647.0,230840,1035.8321270942688,24
-6593.0,-8520.0,-5554.0,230892,1036.010901927948,24
-6675.0,-7425.0,-7364.0,230954,1036.1174058914185,24
-5718.0,-8297.0,-6003.0,230990,1036.1715340614319,24
-5954.0,-9147.0,-4019.0,231050,1036.272036075592,24
-6600.0,-8602.0,-5156.0,231070,1036.296597957611,24
-5845.0,-5213.0,-9546.0,231394,1036.961716890335,24
-7161.0,-7793.0,-6576.0,231976,1038.0694370269775,24
-7656.0,-5501.0,-8911.0,232052,1038.2024910449982,24
-7952.0,-5506.0,-8670.0,232222,1038.4949159622192,24
-8695.0,-5235.0,-7849.0,232298,1038.65322804451,24
-8929.0,-5088.0,-7680.0,232362,1038.8373839855194,24
-8632.0,-5964.0,-7605.0,232370,1038.8459210395813,24
-8669.0,-5849.0,-7632.0,232414,1038.9261829853058,24
-8782.0,-7134.0,-6429.0,232634,1039.3300919532776,24
-8914.0,-6153.0,-7102.0,232664,1039.3888840675354,24
-9257.0,-5761.0,-6930.0,232700,1039.5040309429169,24
-7871.0,-5279.0,-8693.0,232874,1039.9452450275421,24
-8296.0,-6481.0,-7602.0,232916,1040.0226728916168,24
-7163.0,-7830.0,-6452.0,232958,1040.0788118839264,24
-6216.0,-8243.0,-6071.0,233104,1040.3016459941864,25
-9254.0,-6602.0,-5052.0,233214,1040.484706878662,25
-8920.0,-6993.0,-6223.0,233216,1040.4878060817719,25
-9169.0,-6106.0,-6449.0,233246,1040.5303509235382,25
-5690.0,-9196.0,-4136.0,233338,1040.718847990036,25
-6333.0,-9283.0,-3192.0,233358,1040.8190340995789,25
-7056.0,-9064.0,-3744.0,233388,1040.8578250408173,25
-6623.0,-8988.0,-4314.0,233440,1040.926498889923,25
-6919.0,-9062.0,-3837.0,233442,1040.9295840263367,25
-6023.0,-8272.0,-6063.0,233502,1040.9996979236603,25
-6429.0,-8652.0,-5267.0,233506,1041.0065150260925,25
-6993.0,-8859.0,-4297.0,233546,1041.0749559402466,25
-6005.0,-8849.0,-5077.0,233600,1041.1670389175415,25
-7121.0,-8458.0,-5534.0,233618,1041.185532093048,25
-7417.0,-8532.0,-5057.0,233620,1041.1940760612488,25
-7490.0,-8291.0,-5470.0,233642,1041.2281138896942,25
-6706.0,-9058.0,-4014.0,233668,1041.2791929244995,25
-6549.0,-8926.0,-4376.0,233672,1041.2825810909271,25
-6933.0,-8827.0,-4391.0,233686,1041.3062019348145,25
-7349.0,-7780.0,-6592.0,233692,1041.3151659965515,25
-7607.0,-8758.0,-4036.0,233848,1041.5158998966217,25
-7499.0,-8803.0,-3686.0,233868,1041.5539219379425,25
-7630.0,-8522.0,-4724.0,233874,1041.560760974884,25
-7748.0,-8539.0,-4574.0,233880,1041.573870897293,25
-7892.0,-8600.0,-3762.0,233882,1041.6038880348206,25
-6210.0,-9261.0,-3493.0,233900,1041.6260290145874,25
-7183.0,-8955.0,-3846.0,233908,1041.6346480846405,25
-8953.0,-7293.0,-4866.0,233996,1041.8976860046387,25
-6577.0,-6941.0,-7883.0,234188,1042.2289810180664,25
-6361.0,-5818.0,-9058.0,234276,1042.3360919952393,25
-6216.0,-7113.0,-7830.0,234280,1042.3440029621124,25
-5977.0,-5330.0,-9533.0,234340,1042.464476108551,25
-6255.0,-5926.0,-9056.0,234384,1042.5542058944702,25
-8098.0,-5215.0,-8525.0,234442,1042.6654760837555,25
-5696.0,-8392.0,-5992.0,235010,1043.6479799747467,25
-5724.0,-8210.0,-6200.0,235042,1043.6825439929962,25
-7081.0,-7805.0,-6568.0,235048,1043.689661026001,25
-6463.0,-8600.0,-5249.0,235072,1043.7152700424194,25
-7122.0,-7578.0,-6951.0,235524,1044.5201349258423,25
-7030.0,-7704.0,-6866.0,235697,1044.7724549770355,25
-7219.0,-7678.0,-6683.0,235718,1044.8196148872375,25
-7980.0,-5409.0,-8456.0,235926,1045.1611568927765,25
-8103.0,-5156.0,-8567.0,235934,1045.1830580234528,25
-6235.0,-4241.0,-9728.0,235946,1045.2016639709473,25
-8245.0,-6362.0,-7742.0,236002,1045.3017330169678,25
-8223.0,-5344.0,-8365.0,236060,1045.3896920681,25
-8658.0,-5182.0,-8057.0,236094,1045.451502084732,25
-8101.0,-4870.0,-8694.0,236102,1045.4687008857727,25
-7692.0,-6635.0,-7934.0,236388,1046.052857875824,25
-8153.0,-6231.0,-7921.0,236434,1046.1251499652863,25
-6483.0,-9459.0,-2747.0,236654,1046.4667129516602,26
-7047.0,-8791.0,-4504.0,236682,1046.5121309757233,26
-5886.0,-8270.0,-6156.0,236726,1046.585942029953,26
-6369.0,-9007.0,-4604.0,236754,1046.6247520446777,26
-5599.0,-8469.0,-5873.0,236784,1046.6494479179382,26
-6984.0,-8456.0,-5627.0,236798,1046.6710450649261,26
-7927.0,-7974.0,-5848.0,236850,1046.7216889858246,26
-8172.0,-8342.0,-4764.0,236882,1046.839094877243,26
-6747.0,-9352.0,-2756.0,236888,1046.8478059768677,26
-7885.0,-8541.0,-4481.0,236912,1046.876492023468,26
-7466.0,-8855.0,-3721.0,236920,1046.8880760669708,26
-7320.0,-8957.0,-3753.0,236924,1046.8937211036682,26
-6889.0,-9072.0,-3961.0,236934,1046.9072470664978,26
-7459.0,-8773.0,-4119.0,236948,1046.9229500293732,26
-7681.0,-8425.0,-5066.0,236970,1046.9593589305878,26
-8743.0,-7358.0,-5604.0,237008,1047.037055015564,26
-7522.0,-8751.0,-4105.0,237032,1047.0775310993195,26
-7805.0,-8651.0,-3980.0,237036,1047.080785036087,26
-7659.0,-8753.0,-4012.0,237038,1047.0833649635315,26
-7235.0,-8950.0,-3822.0,237062,1047.1127779483795,26
-5990.0,-5205.0,-9569.0,237220,1047.2958929538727,26
-6973.0,-6751.0,-8041.0,237312,1047.4357039928436,26
-7211.0,-8659.0,-4791.0,237572,1047.830540895462,26
-5333.0,-7760.0,-7000.0,237590,1047.9259688854218,26
-6514.0,-8403.0,-5754.0,237612,1047.9568560123444,26
-6651.0,-8405.0,-5661.0,237628,1047.9656450748444,26
-6540.0,-8957.0,-4493.0,237668,1048.0161440372467,26
-6606.0,-8515.0,-5353.0,237680,1048.0348439216614,26
-6227.0,-8602.0,-5471.0,237692,1048.0512409210205,26
-6325.0,-6836.0,-8212.0,237822,1048.22944688797,26
-5967.0,-5910.0,-9105.0,237836,1048.253611087799,26
-6515.0,-8595.0,-5225.0,238012,1048.5380909442902,26
-8331.0,-6224.0,-7826.0,238112,1048.7007100582123,26
-8381.0,-4902.0,-8391.0,238166,1048.8195459842682,26
-8903.0,-5702.0,-7463.0,238212,1048.8936419487,26
-8281.0,-5229.0,-8472.0,238238,1048.940001964569,26
-9083.0,-5621.0,-7235.0,238318,1049.0687201023102,26
-9395.0,-5687.0,-5971.0,238378,1049.162271976471,26
-8692.0,-7063.0,-6602.0,238572,1049.448791027069,27
-8486.0,-8000.0,-3962.0,238756,1049.7227931022644,27
-6224.0,-5821.0,-9131.0,238850,1049.9343121051788,27
-6810.0,-7123.0,-7681.0,238973,1050.0957889556885,27
-6194.0,-7013.0,-8091.0,238976,1050.108824968338,27
-6964.0,-8760.0,-4683.0,239074,1050.2316958904266,27
-6787.0,-8856.0,-4601.0,239114,1050.291902065277,27
-5890.0,-6458.0,-8677.0,239178,1050.3878889083862,27
-6975.0,-7269.0,-7487.0,239190,1050.4137160778046,27
-7960.0,-7041.0,-7348.0,239326,1050.6488749980927,27
-8160.0,-5991.0,-8122.0,239346,1050.674211025238,27
-8882.0,-6317.0,-7106.0,239362,1050.7490940093994,27
-8110.0,-6590.0,-7596.0,239370,1050.7568039894104,27
-7772.0,-5147.0,-8892.0,239390,1050.7849669456482,27
-8426.0,-6094.0,-7797.0,239432,1050.8638379573822,27
-9037.0,-5900.0,-7213.0,239492,1050.9737899303436,27
-6539.0,-7550.0,-7109.0,239600,1051.1532409191132,28
-9027.0,-7149.0,-4975.0,239626,1051.1892359256744,28
-8995.0,-6729.0,-6485.0,239628,1051.1919469833374,28
-8756.0,-7583.0,-5006.0,239748,1051.3921298980713,28
-7001.0,-6744.0,-8073.0,239790,1051.4644010066986,28
-7386.0,-6475.0,-8415.0,239976,1051.7540800571442,28
-7264.0,-5778.0,-8856.0,239980,1051.7598550319672,28
-8500.0,-6381.0,-7499.0,240152,1052.0234470367432,28
-8965.0,-5923.0,-7155.0,240164,1052.0384850502014,28
-8727.0,-5071.0,-7845.0,240174,1052.059895992279,28
-8466.0,-6392.0,-7521.0,240209,1052.1011850833893,28
-6041.0,-7720.0,-7149.0,240302,1052.265743970871,29
-7887.0,-8072.0,-5673.0,240360,1052.3277609348297,29
-7326.0,-8870.0,-3950.0,240374,1052.3473069667816,29
-8529.0,-7806.0,-4976.0,240388,1052.3725199699402,29
-8750.0,-7440.0,-5206.0,240394,1052.3793420791626,29
-6160.0,-6056.0,-9085.0,240444,1052.5016288757324,29
-5729.0,-6740.0,-8319.0,240446,1052.5053880214691,29
-6735.0,-7387.0,-7419.0,240471,1052.553277015686,29
-6169.0,-8717.0,-5364.0,240516,1052.6194729804993,29
-7201.0,-7695.0,-6751.0,240590,1052.7410509586334,29
-8102.0,-6006.0,-8178.0,240626,1052.8006200790405,29
-8796.0,-6455.0,-7022.0,240662,1052.8526968955994,29
-8112.0,-5761.0,-8339.0,240664,1052.8549590110779,29
-7799.0,-6080.0,-8363.0,240666,1052.8573598861694,29
-8828.0,-6365.0,-7209.0,240722,1052.9677820205688,29
-8432.0,-7128.0,-6699.0,240730,1052.981194972992,29
-9174.0,-6927.0,-5096.0,240802,1053.147703886032,30
-8824.0,-7237.0,-5666.0,240808,1053.15327501297,30
-8784.0,-7335.0,-5491.0,240810,1053.1553039550781,30
-6282.0,-5719.0,-9172.0,240836,1053.1941559314728,30
-5926.0,-5440.0,-9523.0,240838,1053.197028875351,30
-6333.0,-5609.0,-9182.0,240842,1053.2026031017303,30
-5414.0,-6660.0,-8511.0,240860,1053.2316660881042,30
-7579.0,-8209.0,-5706.0,240882,1053.274796962738,30
-7024.0,-7791.0,-6669.0,240952,1053.3866209983826,30
-7654.0,-4806.0,-9038.0,240964,1053.4041368961334,30
-9024.0,-4958.0,-7651.0,240984,1053.438798904419,30
-8478.0,-5363.0,-8122.0,240986,1053.441027879715,30
-8803.0,-6047.0,-7382.0,240992,1053.4574410915375,30
-8977.0,-6187.0,-7077.0,241000,1053.4694509506226,30
-8660.0,-5947.0,-7628.0,241008,1053.4801919460297,30
-8076.0,-7110.0,-7127.0,241036,1053.530697107315,30
-8394.0,-7737.0,-5925.0,241054,1053.5589311122894,31
-8988.0,-7137.0,-6125.0,241056,1053.5628969669342,31
-8960.0,-6986.0,-6261.0,241058,1053.572592973709,31
-7640.0,-8173.0,-5565.0,241066,1053.583076953888,31
-8533.0,-7942.0,-4498.0,241072,1053.5930860042572,31
-7133.0,-9090.0,-3551.0,241074,1053.596251964569,31
-7176.0,-8873.0,-4244.0,241076,1053.6019549369812,31
-7313.0,-8875.0,-4151.0,241078,1053.6063559055328,31
-7968.0,-8226.0,-5349.0,241080,1053.6142480373383,31
-8074.0,-8222.0,-5142.0,241082,1053.6175909042358,31
-7928.0,-8324.0,-5174.0,241084,1053.6211528778076,31
-8675.0,-7704.0,-4944.0,241086,1053.6245019435883,31
-9099.0,-7191.0,-4834.0,241088,1053.6274409294128,31
-8020.0,-8221.0,-5325.0,241090,1053.6308989524841,31
-8274.0,-8202.0,-5035.0,241092,1053.6515901088715,31
-8420.0,-8100.0,-5003.0,241094,1053.656620979309,31
-8027.0,-8303.0,-4927.0,241096,1053.6612288951874,31
-8495.0,-7836.0,-5265.0,241098,1053.6638140678406,31
-8285.0,-6297.0,-7782.0,241108,1053.6735079288483,31
-6153.0,-5250.0,-9404.0,241110,1053.6768090724945,31
-7109.0,-7798.0,-6600.0,241124,1053.686772108078,31
-7115.0,-7711.0,-6797.0,241128,1053.748445034027,31
-7121.0,-7707.0,-6743.0,241132,1053.7559599876404,31
-6533.0,-8875.0,-4891.0,241134,1053.7594020366669,31
-7572.0,-8127.0,-6104.0,241136,1053.7637479305267,31
-6924.0,-8858.0,-4508.0,241138,1053.7684919834137,31
-7148.0,-8324.0,-5914.0,241140,1053.7754929065704,31
-7285.0,-8326.0,-5821.0,241142,1053.7817080020905,31
-5851.0,-5756.0,-9379.0,241150,1053.7933459281921,31
-5753.0,-6456.0,-8770.0,241152,1053.7969539165497,31
-6188.0,-6834.0,-8305.0,241154,1053.8005468845367,31
-6591.0,-6794.0,-8294.0,241156,1053.8036680221558,31
-5466.0,-6655.0,-8487.0,241158,1053.8068270683289,31
-5811.0,-6441.0,-8714.0,241160,1053.8113141059875,31
-5909.0,-5741.0,-9323.0,241164,1053.8179049491882,31
-5845.0,-5976.0,-9277.0,241166,1053.8222870826721,31
-6167.0,-6991.0,-8104.0,241168,1053.8258121013641,31
-6551.0,-6892.0,-8119.0,241170,1053.8292939662933,31
-7173.0,-7702.0,-6719.0,241174,1053.8332390785217,31
-7064.0,-7693.0,-6844.0,241178,1053.838061094284,31
-7918.0,-8005.0,-5965.0,241182,1053.8427300453186,31
-7784.0,-6850.0,-7736.0,241186,1053.8530359268188,31
-7631.0,-8204.0,-5682.0,241188,1053.856868982315,31
-8140.0,-7400.0,-7126.0,241194,1053.8655688762665,31
-8493.0,-6456.0,-7378.0,241198,1053.8760240077972,31
-7783.0,-6038.0,-8537.0,241200,1053.8799879550934,31
-8161.0,-5041.0,-8674.0,241202,1053.8836090564728,31
-8405.0,-6511.0,-7528.0,241204,1053.8900179862976,31
-8586.0,-6243.0,-7583.0,241206,1053.894329071045,31
-8734.0,-6234.0,-7330.0,241212,1053.9034988880157,31
-8856.0,-6931.0,-6889.0,241214,1053.90673995018,31
-8234.0,-6458.0,-7898.0,241216,1053.9118809700012,31
-8681.0,-5350.0,-7823.0,241218,1053.9195370674133,31
-8854.0,-6256.0,-7146.0,241220,1053.92263007164,31
-8681.0,-6113.0,-7554.0,241222,1053.9256711006165,31
-8863.0,-7013.0,-6491.0,241228,1053.934916973114,31
-8915.0,-5966.0,-7385.0,241234,1053.942696094513,31
-8956.0,-6021.0,-7151.0,241236,1053.9498090744019,31
-9136.0,-6304.0,-6646.0,241238,1053.953309059143,31
-9211.0,-6040.0,-6908.0,241240,1053.957505941391,31
-8569.0,-7130.0,-6606.0,241244,1053.9650430679321,31
-8706.0,-6431.0,-7381.0,241246,1053.9683949947357,31
-9083.0,-6384.0,-6966.0,241248,1053.976809978485,31
-8659.0,-6897.0,-7076.0,241252,1053.983325958252,31
-8446.0,-6981.0,-7110.0,241254,1053.9856491088867,31
-8775.0,-6704.0,-6912.0,241262,1053.9929060935974,31
-8625.0,-6204.0,-7404.0,241264,1053.9952409267426,31
-8143.0,-7055.0,-7295.0,241268,1053.9993209838867,31
