z1,z2,z3,node,time,depth
-5995.0,-6518.0,-4102.0,1,0.007105827331542969,1
-5125.0,-7042.0,-4815.0,1,0.007109880447387695,1
-5824.0,-5421.0,-5932.0,1,0.007114887237548828,1
-5699.0,-6493.0,-5417.0,1,0.007118940353393555,1
-4935.0,-6254.0,-6068.0,1,0.0071239471435546875,1
-6332.0,-4787.0,-5052.0,1,0.007128000259399414,1
-5691.0,-6028.0,-5818.0,1,0.007133007049560547,1
-6398.0,-5045.0,-4666.0,1,0.007136821746826172,1
-3550.0,-4206.0,-6934.0,1,0.007141828536987305,1
-5060.0,-5182.0,-6583.0,1,0.007145881652832031,1
-4408.0,-6174.0,-6274.0,1,0.007150888442993164,1
-4010.0,-6656.0,-5935.0,1,0.007154941558837891,1
-4499.0,-6675.0,-5901.0,1,0.0071599483489990234,1
-4927.0,-5789.0,-6469.0,1,0.00716400146484375,1
-4739.0,-5030.0,-6689.0,1,0.007169008255004883,1
-4673.0,-5344.0,-6609.0,1,0.007172822952270508,1
-3597.0,-4961.0,-6744.0,1,0.007177829742431641,1
-6068.0,-4890.0,-5363.0,2,0.015458822250366211,2
-5368.0,-4255.0,-6016.0,2,0.015462875366210938,2
-5832.0,-5886.0,-5531.0,2,0.015471935272216797,2
-3170.0,-4685.0,-6759.0,2,0.015481948852539062,2
-6128.0,-5911.0,-4216.0,2,0.015486955642700195,2
-6159.0,-5767.0,-4237.0,2,0.015491008758544922,2
-5117.0,-6577.0,-5216.0,3,0.020700931549072266,2
-5987.0,-6053.0,-4503.0,3,0.02072000503540039,2
-4855.0,-6823.0,-5240.0,4,0.03146791458129883,3
-4933.0,-5862.0,-6086.0,4,0.03154587745666504,3
-5132.0,-5251.0,-6184.0,4,0.031555891036987305,3
-5304.0,-4651.0,-6014.0,5,0.03701591491699219,3
-5068.0,-5647.0,-6182.0,5,0.037019968032836914,3
-5213.0,-5720.0,-6122.0,6,0.0423588752746582,3
-6120.0,-5446.0,-4617.0,6,0.04237198829650879,3
-5125.0,-6563.0,-5106.0,7,0.04723501205444336,3
-4444.0,-5843.0,-6120.0,9,0.062072038650512695,4
-5722.0,-6198.0,-4611.0,10,0.0669248104095459,4
-5221.0,-6185.0,-5721.0,10,0.06693387031555176,4
-4997.0,-6291.0,-5980.0,10,0.06695699691772461,4
-5187.0,-4787.0,-6266.0,12,0.07547903060913086,4
-5880.0,-5703.0,-4785.0,12,0.07551789283752441,4
-4989.0,-5826.0,-6381.0,14,0.08550786972045898,4
-5225.0,-5232.0,-6040.0,15,0.08864402770996094,4
-5133.0,-7028.0,-4705.0,20,0.12124490737915039,5
-5935.0,-5497.0,-5249.0,22,0.13019394874572754,5
-6157.0,-5141.0,-4648.0,30,0.16078495979309082,5
-6151.0,-5302.0,-4638.0,31,0.16327786445617676,5
-4110.0,-6753.0,-5265.0,34,0.18293190002441406,6
-4764.0,-6322.0,-5613.0,34,0.18294596672058105,6
-5888.0,-6168.0,-4384.0,44,0.22458696365356445,6
-6050.0,-5362.0,-4926.0,45,0.22806787490844727,6
-4954.0,-6423.0,-5442.0,47,0.23173880577087402,6
-5992.0,-5175.0,-5047.0,50,0.24442100524902344,6
-5001.0,-5369.0,-6204.0,53,0.25460386276245117,6
-5151.0,-6848.0,-3925.0,64,0.29089999198913574,7
-4934.0,-6637.0,-5155.0,70,0.32285380363464355,7
-5753.0,-5897.0,-4618.0,86,0.3858788013458252,7
-6237.0,-5077.0,-4218.0,100,0.4217989444732666,7
-5926.0,-4917.0,-5433.0,116,0.46100902557373047,7
-4696.0,-6504.0,-5389.0,135,0.5403268337249756,8
-4380.0,-6972.0,-4840.0,148,0.5850419998168945,8
-5230.0,-6662.0,-3840.0,207,0.7263529300689697,9
-5182.0,-6754.0,-3925.0,314,1.0018110275268555,10
-4190.0,-6184.0,-6093.0,456,1.3410139083862305,11
