z1,z2,z3,node,time,depth
-78.0,-54.0,-53.0,1,0.008733034133911133,1
-71.0,-67.0,-52.0,1,0.008744955062866211,1
-66.0,-70.0,-50.0,1,0.008765935897827148,1
-81.0,-54.0,-36.0,1,0.008767127990722656,1
-79.0,-55.0,-50.0,1,0.008809089660644531,1
-70.0,-67.0,-55.0,2,0.01817011833190918,2
-70.0,-68.0,-44.0,2,0.01818394660949707,2
-75.0,-60.0,-50.0,3,0.02815699577331543,2
-79.0,-58.0,-44.0,5,0.04465293884277344,3
-77.0,-62.0,-44.0,5,0.0446619987487793,3
-60.0,-56.0,-65.0,10,0.0789799690246582,4
-68.0,-64.0,-59.0,14,0.10293793678283691,4
-73.0,-64.0,-50.0,15,0.10942506790161133,4
-75.0,-65.0,-44.0,16,0.11420202255249023,5
-63.0,-68.0,-58.0,62,0.3032350540161133,6
-49.0,-70.0,-57.0,62,0.30327916145324707,6
-80.0,-54.0,-39.0,83,0.3543519973754883,7
-77.0,-59.0,-50.0,83,0.3543739318847656,7
-55.0,-70.0,-56.0,118,0.46007299423217773,7
-54.0,-69.0,-59.0,122,0.47388315200805664,7
-74.0,-64.0,-47.0,132,0.49704408645629883,8
-78.0,-57.0,-47.0,165,0.5388951301574707,8
-76.0,-58.0,-53.0,167,0.5448319911956787,8
-48.0,-63.0,-63.0,242,0.7041370868682861,8
-66.0,-62.0,-61.0,321,0.8178150653839111,9
-72.0,-63.0,-54.0,810,1.4294569492340088,11
-71.0,-63.0,-57.0,858,1.460400104522705,11
-47.0,-71.0,-45.0,1027,1.6157701015472412,11
-72.0,-66.0,-48.0,1268,1.7905070781707764,12
-76.0,-64.0,-40.0,1616,2.013662099838257,13
-76.0,-61.0,-47.0,1633,2.0233139991760254,13
-69.0,-65.0,-58.0,1672,2.0460360050201416,13
-57.0,-71.0,-43.0,1736,2.0851781368255615,13
-63.0,-62.0,-63.0,1780,2.106887102127075,13
-51.0,-71.0,-44.0,1956,2.2088780403137207,14
-64.0,-64.0,-60.0,2014,2.2383079528808594,14
-74.0,-59.0,-52.0,2052,2.257585048675537,15
-62.0,-66.0,-61.0,2102,2.2806601524353027,15
-57.0,-68.0,-60.0,2122,2.289729118347168,15
-60.0,-70.0,-52.0,2166,2.312958002090454,16
-65.0,-69.0,-53.0,2170,2.314711093902588,16
-50.0,-51.0,-66.0,2182,2.3203041553497314,16
-58.0,-64.0,-62.0,2186,2.3221981525421143,16
-59.0,-70.0,-55.0,2194,2.3253581523895264,16
-67.0,-67.0,-57.0,2198,2.3269970417022705,16
-64.0,-68.0,-56.0,2228,2.341434955596924,17
-58.0,-58.0,-64.0,2230,2.342254161834717,17
-74.0,-53.0,-54.0,2244,2.3481831550598145,18
-70.0,-61.0,-60.0,2252,2.3520071506500244,19
-49.0,-59.0,-65.0,2264,2.3570070266723633,19
-64.0,-58.0,-62.0,2266,2.357844114303589,20
-61.0,-54.0,-64.0,2270,2.359593152999878,21
