z1,z2,z3,node,time,depth
-8686.0,-11891.0,-9454.0,1,0.007647991180419922,1
-11371.0,-10984.0,-10427.0,1,0.007692098617553711,1
-11704.0,-10591.0,-10497.0,1,0.0076961517333984375,1
-10993.0,-10117.0,-11848.0,1,0.007786989212036133,1
-10897.0,-10340.0,-11314.0,4,0.030248165130615234,3
-10941.0,-10880.0,-11241.0,7,0.05112504959106445,3
-10195.0,-11098.0,-11130.0,9,0.06131696701049805,4
-9432.0,-11673.0,-9565.0,14,0.08915305137634277,4
-11660.0,-10051.0,-10570.0,23,0.13248610496520996,5
-10291.0,-10875.0,-11664.0,25,0.1421821117401123,5
-11423.0,-10221.0,-11034.0,27,0.15291810035705566,5
-11756.0,-9828.0,-11104.0,27,0.1529221534729004,5
-10937.0,-11194.0,-9622.0,30,0.17043614387512207,5
-10625.0,-11202.0,-10316.0,45,0.23230695724487305,6
-10363.0,-10522.0,-11792.0,48,0.2440941333770752,6
-10721.0,-10979.0,-10850.0,53,0.266510009765625,6
-11054.0,-10586.0,-10920.0,53,0.26651501655578613,6
-8542.0,-11323.0,-10810.0,76,0.36478614807128906,7
-10191.0,-11412.0,-9511.0,90,0.416348934173584,7
-10248.0,-10038.0,-11871.0,101,0.46150898933410645,7
-10543.0,-11242.0,-10450.0,127,0.5893139839172363,7
-10195.0,-11384.0,-8821.0,242,1.0418181419372559,8
-9893.0,-11237.0,-10873.0,377,1.4918701648712158,9
-9120.0,-11681.0,-10259.0,480,1.8548309803009033,10
-10735.0,-10735.0,-11252.0,488,1.8767271041870117,10
-9449.0,-11602.0,-8710.0,546,2.0447330474853516,10
-9216.0,-11458.0,-10793.0,598,2.21278715133667,10
-9866.0,-11463.0,-10370.0,677,2.466413974761963,10
-11869.0,-9353.0,-10678.0,703,2.554218053817749,10
-10522.0,-10141.0,-11518.0,898,3.108276128768921,11
-10320.0,-9685.0,-11999.0,903,3.119960069656372,11
-9618.0,-10443.0,-11815.0,925,3.1798131465911865,11
-11739.0,-9993.0,-9683.0,1075,3.6277999877929688,11
-11126.0,-10233.0,-11048.0,1426,4.691338062286377,12
-9193.0,-11082.0,-11282.0,4645,11.653509140014648,16
-10780.0,-11014.0,-10351.0,6325,14.255152940750122,17
-9512.0,-11041.0,-11410.0,6390,14.332491159439087,18
-11038.0,-10217.0,-11126.0,6830,14.896254062652588,18
-11400.0,-9845.0,-11523.0,7089,15.239230155944824,18
-9704.0,-11108.0,-11085.0,7596,15.920974016189575,19
-10354.0,-11113.0,-10662.0,7670,16.011444091796875,19
-10450.0,-10890.0,-11196.0,7964,16.364145040512085,19
-10552.0,-11098.0,-11055.0,8596,17.212229013442993,20
-10698.0,-10603.0,-11339.0,8989,17.68622612953186,20
-11174.0,-9416.0,-11532.0,9030,17.732227087020874,20
-11516.0,-10154.0,-10736.0,9150,17.87024712562561,20
-11348.0,-10608.0,-10916.0,9209,17.940855026245117,20
-9596.0,-11003.0,-11209.0,9412,18.186108112335205,21
-9920.0,-11323.0,-9857.0,9502,18.29136610031128,21
-10394.0,-10022.0,-11927.0,9592,18.403046131134033,21
-9692.0,-10780.0,-11743.0,9630,18.44388699531555,21
-11361.0,-10325.0,-10771.0,9705,18.527711153030396,21
-10736.0,-10438.0,-11386.0,9734,18.560235023498535,21
-10342.0,-10785.0,-11320.0,9870,18.725214958190918,21
-11074.0,-8995.0,-11693.0,10408,19.32659411430359,22
-11002.0,-9348.0,-11565.0,10418,19.349045991897583,22
-11568.0,-9391.0,-11343.0,10428,19.359352111816406,22
-9243.0,-11544.0,-9777.0,10620,19.566204071044922,23
-11652.0,-9353.0,-11142.0,10992,20.06571102142334,23
-9720.0,-9887.0,-11944.0,11030,20.10598111152649,24
-9018.0,-10645.0,-11760.0,11040,20.115621089935303,24
-8415.0,-11738.0,-9620.0,11054,20.129066944122314,24
-9764.0,-10427.0,-11871.0,11136,20.212008953094482,24
-10770.0,-10250.0,-11467.0,11179,20.253241062164307,24
-11907.0,-9074.0,-8948.0,11302,20.374177932739258,24
-11898.0,-8684.0,-9493.0,11310,20.382909059524536,24
-11923.0,-8721.0,-8959.0,11323,20.39735198020935,24
-11808.0,-9722.0,-10025.0,11550,20.6089129447937,25
-8975.0,-9808.0,-11967.0,11606,20.661159992218018,26
-9721.0,-9590.0,-12078.0,11650,20.698408126831055,26
-9019.0,-10348.0,-11894.0,11654,20.702497959136963,26
-10440.0,-9020.0,-11869.0,11688,20.732120037078857,26
-9175.0,-11171.0,-11059.0,11746,20.779237985610962,27
-9605.0,-11393.0,-10664.0,11750,20.78255009651184,27
-9724.0,-11292.0,-10898.0,11754,20.78580904006958,27
-10374.0,-11297.0,-10475.0,11764,20.79398202896118,27
-10035.0,-11497.0,-9850.0,11772,20.801512002944946,27
-9921.0,-10953.0,-11170.0,11776,20.805389165878296,27
-9649.0,-9943.0,-11950.0,11778,20.807286977767944,27
-9701.0,-11170.0,-11198.0,11780,20.808860063552856,27
-10351.0,-11175.0,-10775.0,11808,20.831565141677856,27
-11896.0,-8748.0,-9469.0,11820,20.84027099609375,27
-10781.0,-11279.0,-9961.0,11828,20.847506999969482,27
-10772.0,-10889.0,-10506.0,11832,20.8506760597229,27
-12115.0,-8684.0,-9029.0,11908,20.907876014709473,30
-10758.0,-10903.0,-10450.0,11910,20.90907096862793,30
