z1,z2,z3,time
-3038.0,-1486.0,-5513.0,0.019067049026489258
-2760.0,-5083.0,-2467.0,0.03398895263671875
-6276.0,-1559.0,-2519.0,0.0469050407409668
-4077.0,-4993.0,-1266.0,0.058712005615234375
-3133.0,-1689.0,-5394.0,0.07023096084594727
-3488.0,-1247.0,-5093.0,0.0822601318359375
-3693.0,-1204.0,-4909.0,0.09775304794311523
-4325.0,-4972.0,-939.0,0.10896110534667969
-3774.0,-1578.0,-4841.0,0.1212620735168457
-3811.0,-1059.0,-4829.0,0.13273310661315918
-4647.0,-4672.0,-764.0,0.1446070671081543
-3869.0,-1781.0,-4722.0,0.157318115234375
-3906.0,-1262.0,-4710.0,0.16974115371704102
-3986.0,-1052.0,-4678.0,0.18416094779968262
-2642.0,-5005.0,-2544.0,0.1952669620513916
-4101.0,-1580.0,-4596.0,0.20836806297302246
-1901.0,-4998.0,-3028.0,0.21941709518432617
-4138.0,-1242.0,-4518.0,0.23141908645629883
-4766.0,-4354.0,-1644.0,0.24363112449645996
-4414.0,-1026.0,-4490.0,0.2557849884033203
-4877.0,-4301.0,-1508.0,0.2670600414276123
-4888.0,-4190.0,-1151.0,0.280364990234375
-5088.0,-4054.0,-1469.0,0.29161906242370605
-4447.0,-1019.0,-4471.0,0.30280399322509766
-4602.0,-1162.0,-4381.0,0.31378602981567383
-2017.0,-4924.0,-3317.0,0.3252849578857422
-5118.0,-3819.0,-1895.0,0.33745408058166504
-5132.0,-3784.0,-1357.0,0.34996509552001953
-4697.0,-1365.0,-4262.0,0.3636040687561035
-5187.0,-3602.0,-1362.0,0.3758890628814697
-5329.0,-3572.0,-1856.0,0.3881230354309082
-4810.0,-1269.0,-4037.0,0.40000295639038086
-5388.0,-3418.0,-1751.0,0.41152215003967285
-4837.0,-1672.0,-3924.0,0.42377305030822754
-1716.0,-4835.0,-3536.0,0.43633413314819336
-4874.0,-1153.0,-3912.0,0.4519040584564209
-5428.0,-3355.0,-1523.0,0.46358203887939453
-4998.0,-1283.0,-3826.0,0.4764080047607422
-5584.0,-3239.0,-1859.0,0.4879770278930664
-6244.0,-1664.0,-2613.0,0.4993109703063965
-5042.0,-1411.0,-3724.0,0.5121259689331055
-1531.0,-4804.0,-3656.0,0.5231680870056152
-5075.0,-1404.0,-3705.0,0.5378930568695068
-5640.0,-3009.0,-1935.0,0.5495951175689697
-5826.0,-1395.0,-2808.0,0.5625109672546387
-5267.0,-1302.0,-3683.0,0.5747339725494385
-5669.0,-2873.0,-1910.0,0.5862770080566406
-5674.0,-2863.0,-1797.0,0.5976381301879883
-5728.0,-2719.0,-1805.0,0.6098759174346924
-1374.0,-4694.0,-3744.0,0.6240241527557373
-5781.0,-2710.0,-2206.0,0.6355431079864502
-1594.0,-4615.0,-3751.0,0.6477749347686768
-5822.0,-1616.0,-3020.0,0.6593930721282959
-1515.0,-4580.0,-4063.0,0.6719939708709717
-5294.0,-1616.0,-3563.0,0.6839990615844727
-5837.0,-2480.0,-2282.0,0.6955199241638184
-5327.0,-1609.0,-3544.0,0.7096390724182129
-5913.0,-2467.0,-2116.0,0.7209639549255371
-5665.0,-1256.0,-3464.0,0.7327060699462891
-5947.0,-2362.0,-2331.0,0.7439501285552979
-5994.0,-1987.0,-2497.0,0.7556869983673096
-5690.0,-1859.0,-3110.0,0.7689731121063232
-6037.0,-1986.0,-2269.0,0.7805900573730469
-6059.0,-1916.0,-2302.0,0.7940289974212646
-6091.0,-1811.0,-2208.0,0.8055949211120605
-1668.0,-4394.0,-4086.0,0.8413779735565186
-1585.0,-4385.0,-4122.0,0.8536169528961182
-1047.0,-4329.0,-4266.0,0.8657200336456299
-1284.0,-4296.0,-4341.0,0.8912019729614258
-1970.0,-2195.0,-5446.0,0.9024410247802734
-1225.0,-4167.0,-4388.0,0.914708137512207
-942.0,-4155.0,-4549.0,0.9264869689941406
-1162.0,-4076.0,-4556.0,0.9377930164337158
-1083.0,-4041.0,-4868.0,0.9491870403289795
-1236.0,-3855.0,-4891.0,0.9625670909881592
-1625.0,-3572.0,-5031.0,0.9745590686798096
-2065.0,-2398.0,-5327.0,0.9862401485443115
-1164.0,-3283.0,-5163.0,0.9980571269989014
-1430.0,-3082.0,-5260.0,1.0092809200286865
-1551.0,-2582.0,-5326.0,1.0209050178527832
-1912.0,-2584.0,-5304.0,1.0325779914855957
-3835.0,-4976.0,-1615.0,1.0584559440612793
-3117.0,-4965.0,-1947.0,1.0707390308380127
-2095.0,-4918.0,-3159.0,1.0960299968719482
-2341.0,-4916.0,-2763.0,1.1097049713134766
-3497.0,-4945.0,-1994.0,1.1256160736083984
-3308.0,-4867.0,-2234.0,1.1505780220031738
-2590.0,-4856.0,-2566.0,1.1629221439361572
-2233.0,-4779.0,-3183.0,1.1780250072479248
-2976.0,-4750.0,-2881.0,1.194775104522705
-4288.0,-4734.0,-1590.0,1.208770990371704
-3066.0,-4801.0,-2330.0,1.2254350185394287
-3913.0,-4970.0,-1457.0,1.2523410320281982
-4393.0,-4612.0,-1625.0,1.2644460201263428
-3534.0,-4887.0,-1834.0,1.2768709659576416
-3007.0,-4778.0,-2453.0,1.291727066040039
-3550.0,-4884.0,-1885.0,1.304185152053833
-3218.0,-4767.0,-2532.0,1.319957971572876
-3556.0,-4797.0,-1654.0,1.3321499824523926
-4555.0,-4601.0,-1683.0,1.34535813331604
-3656.0,-4750.0,-2098.0,1.3597750663757324
-2228.0,-4665.0,-3641.0,1.4068660736083984
-2359.0,-4682.0,-3093.0,1.4347550868988037
-3818.0,-4739.0,-2156.0,1.5181419849395752
-3386.0,-4861.0,-2076.0,1.5568549633026123
-3082.0,-4783.0,-2292.0,1.573091983795166
-2555.0,-4648.0,-3008.0,1.5895061492919922
-4046.0,-4717.0,-1939.0,1.76301908493042
-2553.0,-4602.0,-3224.0,1.8003740310668945
-1651.0,-4527.0,-3850.0,1.8155231475830078
-3414.0,-4733.0,-2447.0,1.8481969833374023
-1355.0,-4304.0,-4181.0,1.8774540424346924
-1959.0,-4502.0,-3765.0,1.9082310199737549
-2723.0,-4587.0,-3055.0,1.9254729747772217
-3101.0,-4663.0,-2659.0,1.9727790355682373
-2357.0,-4569.0,-3338.0,1.9893569946289062
-3700.0,-4661.0,-2233.0,2.014050006866455
-1703.0,-4463.0,-4045.0,2.0282890796661377
-3713.0,-4612.0,-2408.0,2.100800037384033
-3519.0,-4608.0,-2558.0,2.11830997467041
-2800.0,-4421.0,-3189.0,2.1581361293792725
-1816.0,-4372.0,-3836.0,2.1769449710845947
-2991.0,-4585.0,-2790.0,2.1998050212860107
-1796.0,-4126.0,-4446.0,2.2122340202331543
-2372.0,-4552.0,-3297.0,2.25004506111145
-3016.0,-4508.0,-2876.0,2.271728038787842
-3317.0,-4597.0,-2657.0,2.2903671264648438
-2527.0,-4479.0,-3525.0,2.308756113052368
-3181.0,-4394.0,-2671.0,2.3688011169433594
-4151.0,-4595.0,-1974.0,2.386101007461548
-3169.0,-4377.0,-2864.0,2.4065470695495605
-2879.0,-4379.0,-2977.0,2.4326181411743164
-1829.0,-4365.0,-3972.0,2.461393117904663
-1533.0,-4236.0,-4144.0,2.475898027420044
-3955.0,-4629.0,-2059.0,2.495777130126953
-1859.0,-4214.0,-4264.0,2.5099480152130127
-1989.0,-4488.0,-3721.0,2.5416600704193115
-1923.0,-4281.0,-3941.0,2.599055051803589
-2372.0,-4223.0,-3649.0,2.6407721042633057
-2491.0,-4198.0,-3756.0,2.667232036590576
-2884.0,-4361.0,-3005.0,2.7285940647125244
-3264.0,-4341.0,-3052.0,2.7538421154022217
-4166.0,-4382.0,-2020.0,2.769515037536621
-2696.0,-4364.0,-3292.0,2.7902679443359375
-4439.0,-4379.0,-1920.0,2.847161054611206
-3761.0,-4625.0,-2209.0,2.919502019882202
-3277.0,-4352.0,-2667.0,2.942911148071289
-1958.0,-4236.0,-3941.0,2.9904439449310303
-3463.0,-4351.0,-2679.0,3.0156450271606445
-3838.0,-4525.0,-2186.0,3.0334479808807373
-2267.0,-4348.0,-3538.0,3.1319680213928223
-3911.0,-4402.0,-2557.0,3.15159010887146
-2025.0,-4163.0,-3870.0,3.1755361557006836
-2440.0,-4325.0,-3572.0,3.290477991104126
-2544.0,-4296.0,-3637.0,3.379768133163452
-2894.0,-4288.0,-3091.0,3.4041669368743896
-4140.0,-4439.0,-1981.0,3.423746109008789
-2553.0,-4276.0,-3324.0,3.53668212890625
-3592.0,-4464.0,-2555.0,3.5560030937194824
-1255.0,-4016.0,-4680.0,3.5690910816192627
-2566.0,-4227.0,-3499.0,3.612740993499756
-2161.0,-4147.0,-4110.0,3.6758599281311035
-2682.0,-4192.0,-3453.0,3.703139066696167
-2951.0,-4200.0,-3190.0,3.757735013961792
-3922.0,-4383.0,-2166.0,3.7781760692596436
-2831.0,-4160.0,-3282.0,3.840762138366699
-4113.0,-4367.0,-2053.0,3.882477045059204
-3528.0,-4338.0,-2981.0,3.9044461250305176
-3924.0,-4365.0,-2369.0,3.9255881309509277
-4138.0,-4290.0,-2139.0,3.9469680786132812
-3004.0,-4210.0,-3065.0,4.080022096633911
-1384.0,-3833.0,-4641.0,4.162513017654419
-4049.0,-4278.0,-2147.0,4.230800151824951
-2816.0,-4135.0,-3339.0,4.259477138519287
-4077.0,-4256.0,-2205.0,4.308263063430786
-3155.0,-4186.0,-3111.0,4.35616397857666
-4270.0,-4314.0,-2050.0,4.3740620613098145
-2596.0,-4076.0,-3791.0,4.402486085891724
-2907.0,-4117.0,-3253.0,4.505510091781616
-3565.0,-4259.0,-2616.0,4.529215097427368
-2704.0,-4116.0,-3348.0,4.590290069580078
-4650.0,-4120.0,-2244.0,4.611346006393433
-2181.0,-4069.0,-3863.0,4.635448932647705
-2968.0,-4067.0,-3426.0,4.666193008422852
-2986.0,-4120.0,-3170.0,4.6945641040802
-4279.0,-4169.0,-2233.0,4.742087125778198
-2599.0,-4130.0,-3676.0,4.769158124923706
-3679.0,-4197.0,-2609.0,4.829735994338989
-2286.0,-4060.0,-3888.0,4.865010023117065
-1537.0,-3704.0,-4570.0,4.884834051132202
-4021.0,-4148.0,-2269.0,4.9326770305633545
-2651.0,-4078.0,-3533.0,4.999794960021973
-3231.0,-4114.0,-3168.0,5.027290105819702
-3593.0,-4173.0,-2650.0,5.059546947479248
-4206.0,-4260.0,-2130.0,5.169300079345703
-4397.0,-4246.0,-1948.0,5.192903995513916
-3059.0,-4072.0,-3185.0,5.250033140182495
-4002.0,-4101.0,-2476.0,5.3046300411224365
-2057.0,-4111.0,-4226.0,5.323063135147095
-4661.0,-4205.0,-1678.0,5.343893051147461
-3827.0,-4152.0,-2865.0,5.372113943099976
-2749.0,-4046.0,-3623.0,5.447027921676636
-3336.0,-3992.0,-3203.0,5.642940044403076
-2239.0,-4052.0,-3931.0,5.665866136550903
-2291.0,-4048.0,-3860.0,5.710013151168823
-2462.0,-3939.0,-3883.0,5.73498010635376
-2985.0,-3959.0,-3210.0,5.776611089706421
-3053.0,-3947.0,-3370.0,5.861087083816528
-3259.0,-4175.0,-3105.0,6.007051944732666
-4100.0,-4094.0,-2529.0,6.031968116760254
-2832.0,-4041.0,-3481.0,6.107646942138672
-2163.0,-3895.0,-4021.0,6.134860992431641
-2164.0,-3893.0,-4122.0,6.182415008544922
-4833.0,-4019.0,-1694.0,6.199345111846924
-2217.0,-3886.0,-3946.0,6.2313361167907715
-1873.0,-3655.0,-4464.0,6.257323980331421
-1598.0,-3599.0,-4609.0,6.277559995651245
-3475.0,-4094.0,-3013.0,6.3212831020355225
-3116.0,-4052.0,-3185.0,6.351711988449097
-2180.0,-3803.0,-4039.0,6.382082939147949
-2274.0,-3867.0,-3937.0,6.4118640422821045
-1674.0,-3611.0,-4507.0,6.438410997390747
-2202.0,-3797.0,-4193.0,6.506832122802734
-1926.0,-3907.0,-4300.0,6.529175043106079
-3283.0,-3929.0,-3373.0,6.635648965835571
-3348.0,-4054.0,-3143.0,6.65900993347168
-2290.0,-3795.0,-4049.0,6.773951053619385
-2764.0,-4017.0,-3648.0,6.8385069370269775
-2309.0,-3712.0,-4048.0,6.945300102233887
-4758.0,-4010.0,-1796.0,6.9673731327056885
-4227.0,-4033.0,-2553.0,6.997435092926025
-4872.0,-3946.0,-2002.0,7.035388946533203
-3223.0,-4013.0,-3178.0,7.060693979263306
-2898.0,-4009.0,-3637.0,7.081351041793823
-1887.0,-3825.0,-4365.0,7.128831148147583
-4977.0,-3824.0,-2037.0,7.168692111968994
-2400.0,-3694.0,-4155.0,7.233979940414429
-2704.0,-4005.0,-3787.0,7.279492139816284
-2081.0,-3781.0,-4362.0,7.368157148361206
-3957.0,-4053.0,-2615.0,7.467670917510986
-2527.0,-3842.0,-3811.0,7.552283048629761
-3421.0,-3910.0,-3140.0,7.602596998214722
-2915.0,-4000.0,-3499.0,7.6249730587005615
-2610.0,-3801.0,-3829.0,7.686784982681274
-2112.0,-3757.0,-4442.0,7.708725929260254
-1945.0,-3590.0,-4478.0,7.731117010116577
-3844.0,-3969.0,-2977.0,7.755434989929199
-3023.0,-3922.0,-3415.0,7.780400991439819
-2098.0,-3566.0,-4689.0,7.80271315574646
-2988.0,-3909.0,-3602.0,7.846014022827148
-2464.0,-3706.0,-3834.0,7.9328601360321045
-2250.0,-3789.0,-4148.0,7.959659099578857
-2752.0,-3672.0,-3982.0,8.000049114227295
-3996.0,-4037.0,-2632.0,8.208852052688599
-4564.0,-4014.0,-2392.0,8.311043977737427
-2789.0,-3835.0,-3687.0,8.333220958709717
-3855.0,-3997.0,-2670.0,8.354880094528198
-3530.0,-3881.0,-3030.0,8.390743017196655
-3159.0,-3887.0,-3604.0,8.413594961166382
-3791.0,-3871.0,-3096.0,8.566112041473389
-2702.0,-1832.0,-5411.0,8.581532955169678
-3960.0,-3875.0,-2705.0,8.681854009628296
-2779.0,-3792.0,-3692.0,8.769257068634033
-2751.0,-3765.0,-3693.0,8.832385063171387
-2247.0,-3735.0,-4238.0,8.856069087982178
-3408.0,-3842.0,-3151.0,9.010725021362305
-3012.0,-3662.0,-3711.0,9.102240085601807
-3740.0,-3848.0,-3142.0,9.128297090530396
-3357.0,-3784.0,-3566.0,9.15980315208435
-3292.0,-3797.0,-3264.0,9.280518054962158
-2549.0,-3668.0,-4084.0,9.30634593963623
-3323.0,-3791.0,-3273.0,9.363422155380249
-4213.0,-3842.0,-2800.0,9.393733024597168
-3488.0,-3764.0,-3310.0,9.428745985031128
-2757.0,-3670.0,-3891.0,9.514372110366821
-2125.0,-3686.0,-4399.0,9.604124069213867
-1946.0,-3646.0,-4457.0,9.624578952789307
-2248.0,-3579.0,-4303.0,9.658838033676147
-2834.0,-3658.0,-4017.0,9.751511096954346
-2622.0,-3577.0,-4187.0,9.898608922958374
-2942.0,-3713.0,-3605.0,9.999587059020996
-1565.0,-3105.0,-5092.0,10.074202060699463
-3289.0,-3788.0,-3354.0,10.09970211982727
-4240.0,-3962.0,-2510.0,10.123680114746094
-1807.0,-3513.0,-4736.0,10.16483211517334
-4353.0,-3896.0,-2431.0,10.192799091339111
-2319.0,-3467.0,-4388.0,10.226931095123291
-4702.0,-3912.0,-2035.0,10.29927396774292
-2246.0,-3513.0,-4427.0,10.32778811454773
-3020.0,-3636.0,-3783.0,10.384596109390259
-2466.0,-3629.0,-4086.0,10.409646987915039
-4020.0,-3791.0,-2900.0,10.440654039382935
-4458.0,-3774.0,-2466.0,10.49895691871643
-3539.0,-3725.0,-3271.0,10.529015064239502
-4675.0,-3826.0,-2096.0,10.567462921142578
-1641.0,-3447.0,-4787.0,10.587743997573853
-1928.0,-3339.0,-4788.0,10.633800029754639
-2593.0,-3463.0,-4233.0,10.66605806350708
-4416.0,-3725.0,-2525.0,10.760766983032227
-4696.0,-3771.0,-2302.0,10.785567998886108
-3080.0,-3648.0,-3644.0,10.821814060211182
-3584.0,-3721.0,-3146.0,10.874688148498535
-3571.0,-3520.0,-3544.0,10.931638956069946
-3616.0,-3616.0,-3188.0,10.991292953491211
-4775.0,-3767.0,-2353.0,11.01387095451355
-2931.0,-3595.0,-3800.0,11.04135012626648
-1642.0,-3315.0,-4843.0,11.1093270778656
-2121.0,-3570.0,-4426.0,11.190732955932617
-2338.0,-3457.0,-4251.0,11.21823000907898
-2862.0,-3548.0,-3926.0,11.31707215309143
-4380.0,-3691.0,-2544.0,11.350342988967896
-1742.0,-3255.0,-4793.0,11.37122106552124
-3107.0,-3600.0,-3681.0,11.438596963882446
-1811.0,-3237.0,-4798.0,11.458990097045898
-3896.0,-3749.0,-3131.0,11.483736991882324
-2533.0,-3451.0,-4372.0,11.554666996002197
-1968.0,-3155.0,-4960.0,11.579755067825317
-4224.0,-3729.0,-2651.0,11.606713056564331
-3802.0,-3549.0,-3219.0,11.677813053131104
-4281.0,-3669.0,-2867.0,11.707121133804321
-2122.0,-3343.0,-4638.0,11.797615051269531
-3066.0,-3457.0,-3891.0,11.923447132110596
-2294.0,-3318.0,-4450.0,11.954592943191528
-2664.0,-3526.0,-4048.0,11.983833074569702
-3826.0,-3787.0,-3050.0,12.003994941711426
-3720.0,-3605.0,-3182.0,12.06507396697998
-3203.0,-3491.0,-3613.0,12.10847806930542
-3088.0,-3502.0,-3702.0,12.142352104187012
-3737.0,-3544.0,-3240.0,12.188202142715454
-4608.0,-3987.0,-2272.0,12.231338024139404
-3539.0,-3647.0,-3278.0,12.313807964324951
-4966.0,-3751.0,-2240.0,12.33299708366394
-3286.0,-3399.0,-3664.0,12.39742398262024
-2247.0,-3291.0,-4484.0,12.432894945144653
-3914.0,-3584.0,-3058.0,12.466902017593384
-3574.0,-3540.0,-3277.0,12.581031084060669
-2661.0,-3487.0,-4066.0,12.609543085098267
-2947.0,-3562.0,-3792.0,12.64336609840393
-4381.0,-3636.0,-2553.0,12.707189083099365
-2715.0,-3392.0,-4077.0,12.74081802368164
-4288.0,-3582.0,-2942.0,12.773221015930176
-4132.0,-3714.0,-2821.0,12.801002979278564
-4362.0,-3567.0,-2595.0,13.01826000213623
-2664.0,-3431.0,-4116.0,13.044574975967407
-2175.0,-3203.0,-4500.0,13.101225137710571
-4479.0,-3566.0,-2829.0,13.135720014572144
-3311.0,-3476.0,-3595.0,13.193901062011719
-2444.0,-3410.0,-4389.0,13.221105098724365
-4215.0,-3673.0,-2839.0,13.24803900718689
-2311.0,-3354.0,-4390.0,13.277987957000732
-2312.0,-3338.0,-4407.0,13.312053918838501
-3615.0,-3493.0,-3424.0,13.354725122451782
-3173.0,-3336.0,-3672.0,13.507513046264648
-3090.0,-3376.0,-3922.0,13.560219049453735
-2414.0,-3197.0,-4685.0,13.59251594543457
-3097.0,-3344.0,-3801.0,13.69037914276123
-4583.0,-3545.0,-2439.0,13.778279066085815
-3173.0,-3328.0,-3804.0,13.890300035476685
-5066.0,-3718.0,-1926.0,13.96613097190857
-4016.0,-3556.0,-2953.0,14.058340072631836
-2789.0,-3371.0,-4104.0,14.125076055526733
-3929.0,-3540.0,-3114.0,14.313215017318726
-2983.0,-3375.0,-3954.0,14.348573923110962
-3775.0,-3458.0,-3295.0,14.523555040359497
-2624.0,-3425.0,-4168.0,14.555633068084717
-2079.0,-3235.0,-4733.0,14.580271005630493
-2885.0,-3322.0,-4186.0,14.64816403388977
-4082.0,-3505.0,-2955.0,14.680520057678223
-5021.0,-3597.0,-1941.0,14.72667908668518
-3755.0,-3580.0,-3137.0,14.7640700340271
-3955.0,-3469.0,-2965.0,14.801721096038818
-4134.0,-3444.0,-2974.0,15.005363941192627
-4913.0,-3653.0,-2359.0,15.035192966461182
-2012.0,-2871.0,-5194.0,15.055315971374512
-2356.0,-3288.0,-4396.0,15.121916055679321
-4579.0,-3533.0,-2515.0,15.179857015609741
-4994.0,-3551.0,-2087.0,15.205096006393433
-2348.0,-3255.0,-4442.0,15.283740043640137
-2923.0,-3369.0,-3960.0,15.321336030960083
-4083.0,-3431.0,-3071.0,15.439435958862305
-2261.0,-3221.0,-4474.0,15.470023155212402
-3246.0,-3319.0,-3797.0,15.551583051681519
-5018.0,-3531.0,-2394.0,15.673458099365234
-1774.0,-3036.0,-5063.0,15.728631019592285
-2643.0,-3211.0,-4334.0,15.825775146484375
-2820.0,-3361.0,-4035.0,15.85496211051941
-5118.0,-3498.0,-2080.0,15.88043212890625
-3547.0,-3408.0,-3578.0,16.016293048858643
-3671.0,-3450.0,-3347.0,16.052969932556152
-3328.0,-3293.0,-3707.0,16.239551067352295
-2105.0,-2218.0,-5278.0,16.28510808944702
-3825.0,-3364.0,-3229.0,16.36943793296814
-3363.0,-3318.0,-3586.0,16.434701919555664
-3068.0,-3303.0,-3978.0,16.601130962371826
-4661.0,-3507.0,-2534.0,16.62959909439087
-5172.0,-3310.0,-2284.0,16.762968063354492
-3900.0,-3352.0,-3142.0,16.858575105667114
-2185.0,-2998.0,-4882.0,16.88808012008667
-3392.0,-3255.0,-3597.0,16.934046030044556
-3028.0,-3247.0,-3995.0,17.03964114189148
-2719.0,-3172.0,-4264.0,17.157037019729614
-3926.0,-3300.0,-3155.0,17.22583794593811
-3288.0,-3273.0,-3884.0,17.28989315032959
-2479.0,-1839.0,-5264.0,17.309133052825928
-1773.0,-3002.0,-5085.0,17.329875946044922
-3333.0,-3252.0,-3727.0,17.37861704826355
-3343.0,-3242.0,-3621.0,17.489679098129272
-2209.0,-1923.0,-5251.0,17.51194715499878
-2508.0,-3188.0,-4502.0,17.548341989517212
-3684.0,-3424.0,-3319.0,17.57432508468628
-3670.0,-3388.0,-3357.0,17.606706142425537
-3830.0,-3292.0,-3334.0,17.675570011138916
-2912.0,-3241.0,-4072.0,17.74354910850525
-4529.0,-3473.0,-2796.0,17.77214503288269
-3655.0,-3233.0,-3635.0,17.862434148788452
-3869.0,-3272.0,-3228.0,17.937773942947388
-2513.0,-3207.0,-4373.0,17.99731206893921
-3700.0,-3367.0,-3495.0,18.066878080368042
-4048.0,-3338.0,-3122.0,18.149091005325317
-5174.0,-3295.0,-2384.0,18.334176063537598
-5282.0,-3241.0,-1918.0,18.393326997756958
-3744.0,-3359.0,-3450.0,18.427019119262695
-3057.0,-3208.0,-4077.0,18.513350009918213
-2247.0,-3030.0,-4721.0,18.54026508331299
-3788.0,-3348.0,-3393.0,18.615275144577026
-3423.0,-3231.0,-3677.0,18.799504041671753
-3805.0,-3312.0,-3296.0,18.984071969985962
-4695.0,-3419.0,-2465.0,19.018484115600586
-3871.0,-3211.0,-3329.0,19.084106922149658
-3896.0,-3203.0,-3176.0,19.15820598602295
-2634.0,-3034.0,-4401.0,19.202122926712036
-4539.0,-3411.0,-2746.0,19.24109196662903
-2841.0,-3108.0,-4296.0,19.312358140945435
-2109.0,-2953.0,-4979.0,19.42990207672119
-4620.0,-3410.0,-2567.0,19.466602087020874
-4142.0,-3418.0,-3046.0,19.528900146484375
-3964.0,-3199.0,-3388.0,19.5866060256958
-3139.0,-3220.0,-3973.0,19.948049068450928
-4842.0,-3387.0,-2445.0,19.981430053710938
-3352.0,-3111.0,-3686.0,20.128021001815796
-5573.0,-3166.0,-2062.0,20.23908805847168
-5099.0,-3429.0,-2122.0,20.262897968292236
-4474.0,-3299.0,-2954.0,20.305406093597412
-2315.0,-2533.0,-5248.0,20.327116012573242
-3382.0,-3088.0,-3887.0,20.409438133239746
-3015.0,-3205.0,-4097.0,20.44967293739319
-4583.0,-3384.0,-2626.0,20.576189041137695
-2532.0,-3006.0,-4481.0,20.611159086227417
-4300.0,-3274.0,-2993.0,20.721665143966675
-3972.0,-3197.0,-3172.0,20.786309957504272
-2876.0,-3034.0,-4301.0,20.823094129562378
-4045.0,-3151.0,-3223.0,20.881327152252197
-2667.0,-3029.0,-4313.0,20.936000108718872
-3805.0,-3293.0,-3317.0,20.97625994682312
-3181.0,-3165.0,-4103.0,21.01171112060547
-3782.0,-3273.0,-3505.0,21.04908299446106
-4696.0,-3322.0,-2540.0,21.087823152542114
-4306.0,-3395.0,-2852.0,21.122798919677734
-2897.0,-3109.0,-4121.0,21.197772979736328
-2559.0,-2996.0,-4766.0,21.234538078308105
-3222.0,-3179.0,-3991.0,21.26636815071106
-3443.0,-3034.0,-3647.0,21.3416850566864
-2499.0,-3056.0,-4605.0,21.371685028076172
-2682.0,-2915.0,-4404.0,21.462585926055908
-3394.0,-3070.0,-3781.0,21.531518936157227
-4706.0,-3311.0,-2475.0,21.60848903656006
-5069.0,-3417.0,-2349.0,21.636268138885498
-4224.0,-3229.0,-3090.0,21.68221092224121
-2921.0,-3090.0,-4210.0,21.72261905670166
-3477.0,-3029.0,-3799.0,21.909950971603394
-5440.0,-3198.0,-1905.0,22.04425811767578
-4828.0,-3274.0,-2450.0,22.247036933898926
-4647.0,-3282.0,-2592.0,22.335031032562256
-4924.0,-3618.0,-2268.0,22.473439931869507
-4890.0,-3218.0,-2451.0,22.599367141723633
-2628.0,-2969.0,-4403.0,22.67582106590271
-4719.0,-3205.0,-2497.0,22.753297090530396
-3065.0,-2891.0,-4384.0,22.858363151550293
-2658.0,-2908.0,-4408.0,22.90777611732483
-4107.0,-3111.0,-3175.0,23.034120082855225
-2679.0,-2906.0,-4442.0,23.102545976638794
-3827.0,-3238.0,-3449.0,23.163259983062744
-3120.0,-3083.0,-4132.0,23.20361614227295
-4674.0,-3272.0,-2877.0,23.29530906677246
-4784.0,-3172.0,-2495.0,23.340364933013916
-3140.0,-3172.0,-3994.0,23.37022113800049
-3766.0,-3302.0,-3426.0,23.63077712059021
-3511.0,-3009.0,-3654.0,23.701611042022705
-4742.0,-3168.0,-2598.0,23.90832495689392
-2940.0,-3056.0,-4164.0,23.968137979507446
-2396.0,-1880.0,-5246.0,24.02469491958618
-2621.0,-2894.0,-4548.0,24.10310196876526
-3630.0,-2970.0,-3765.0,24.239243030548096
-2936.0,-3046.0,-4266.0,24.307915925979614
-3295.0,-3088.0,-4094.0,24.396557092666626
-2976.0,-3044.0,-4199.0,24.436113119125366
-3722.0,-3168.0,-3511.0,24.556689023971558
-3634.0,-2971.0,-3648.0,24.624738931655884
-4069.0,-3108.0,-3291.0,24.675271034240723
-4219.0,-3091.0,-3129.0,24.754059076309204
-2232.0,-2987.0,-4853.0,24.85220694541931
-3697.0,-3166.0,-3530.0,24.890074968338013
-4348.0,-3151.0,-2994.0,25.05950403213501
-4255.0,-3139.0,-3047.0,25.102405071258545
-4822.0,-3149.0,-2758.0,25.138109922409058
-4959.0,-3304.0,-2417.0,25.177803993225098
-4750.0,-3164.0,-2707.0,25.222552061080933
-5384.0,-3144.0,-2119.0,25.251243114471436
-3789.0,-3125.0,-3559.0,25.288689136505127
-2832.0,-1906.0,-5244.0,25.314083099365234
-4769.0,-3157.0,-2527.0,25.39079213142395
-3070.0,-3038.0,-4151.0,25.48848795890808
-2836.0,-2866.0,-4418.0,25.669130086898804
-2664.0,-2874.0,-4801.0,25.70606803894043
-3879.0,-3176.0,-3433.0,25.739948987960815
-4190.0,-3070.0,-3193.0,25.818719148635864
-2244.0,-2976.0,-4811.0,25.879948139190674
-4272.0,-3123.0,-3043.0,25.91951894760132
-4779.0,-3150.0,-2912.0,25.957916975021362
-4347.0,-3263.0,-2964.0,25.990430116653442
-3201.0,-2953.0,-4182.0,26.03289008140564
-3439.0,-3007.0,-3840.0,26.112996101379395
-2425.0,-2287.0,-5183.0,26.249235153198242
-5075.0,-3131.0,-2635.0,26.319606065750122
-3765.0,-2993.0,-3597.0,26.406641960144043
-3792.0,-3190.0,-3456.0,26.591602087020874
-4295.0,-3110.0,-3067.0,26.70737910270691
-3356.0,-3022.0,-3961.0,26.743142127990723
-2194.0,-2812.0,-4899.0,26.803921937942505
-2774.0,-2796.0,-4489.0,26.891803979873657
-4165.0,-3061.0,-3360.0,27.04146409034729
-3866.0,-3093.0,-3484.0,27.07999014854431
-4007.0,-3104.0,-3449.0,27.118219137191772
-5306.0,-3052.0,-2294.0,27.188355922698975
-3110.0,-2899.0,-4189.0,27.318202018737793
-2140.0,-2800.0,-4975.0,27.350225925445557
-3405.0,-1288.0,-5075.0,27.373579025268555
-4368.0,-3101.0,-3060.0,27.416486024856567
-2104.0,-2815.0,-5018.0,27.444031953811646
-3961.0,-3160.0,-3406.0,27.54979395866394
-4259.0,-3091.0,-3083.0,27.633137941360474
-3408.0,-2992.0,-3869.0,27.72946310043335
-2352.0,-2806.0,-4806.0,27.80795407295227
-3659.0,-2940.0,-3746.0,27.86404800415039
-2625.0,-2669.0,-4882.0,27.901577949523926
-3702.0,-2925.0,-3617.0,28.050332069396973
-3836.0,-3027.0,-3553.0,28.19091796875
-3499.0,-2948.0,-3816.0,28.240808963775635
-4390.0,-3049.0,-3262.0,28.3452730178833
-3931.0,-3124.0,-3420.0,28.40761709213257
-2181.0,-2666.0,-4916.0,28.49109411239624
-4450.0,-3075.0,-2970.0,28.623094081878662
-3478.0,-2897.0,-3896.0,28.715075969696045
-3772.0,-2906.0,-3672.0,28.771986961364746
-3379.0,-2908.0,-4073.0,28.822535037994385
-3510.0,-2888.0,-3817.0,29.096730947494507
-3395.0,-2938.0,-3878.0,29.19874095916748
-3144.0,-1520.0,-5048.0,29.22268795967102
-2313.0,-2663.0,-4967.0,29.25647807121277
-2109.0,-2656.0,-5187.0,29.283726930618286
-2714.0,-2768.0,-4771.0,29.320964097976685
-4498.0,-3058.0,-2997.0,29.406474113464355
-3527.0,-2887.0,-3968.0,29.546245098114014
-3165.0,-1826.0,-5038.0,29.649524927139282
-4503.0,-3164.0,-2953.0,29.786510944366455
-3916.0,-2980.0,-3470.0,29.83633804321289
-3305.0,-3005.0,-4045.0,29.916749954223633
-4076.0,-2923.0,-3501.0,30.0018630027771
-3312.0,-2943.0,-4020.0,30.112061977386475
-3678.0,-2876.0,-3949.0,30.16535210609436
-2851.0,-2771.0,-4431.0,30.250157117843628
-2491.0,-2114.0,-5181.0,30.27785301208496
-3343.0,-2919.0,-4100.0,30.319571018218994
-3200.0,-1637.0,-4996.0,30.344449043273926
-3872.0,-2954.0,-3471.0,30.625280141830444
-2827.0,-1768.0,-5283.0,30.76781702041626
-3781.0,-2878.0,-3573.0,30.833930015563965
-3963.0,-2890.0,-3559.0,30.89536714553833
-2845.0,-2748.0,-4515.0,30.932580947875977
-2117.0,-2619.0,-4992.0,30.9648859500885
-3140.0,-2866.0,-4194.0,31.153041124343872
-2923.0,-2848.0,-4418.0,31.189540147781372
-4011.0,-2873.0,-3586.0,31.253339052200317
-3090.0,-2739.0,-4208.0,31.51749300956726
-4403.0,-3033.0,-3040.0,31.59213614463806
-3467.0,-1600.0,-4939.0,31.900545120239258
-3125.0,-2713.0,-4378.0,31.995084047317505
-4520.0,-2950.0,-3012.0,32.049232006073
-3777.0,-2858.0,-3636.0,32.11558794975281
-3770.0,-2855.0,-3708.0,32.2082359790802
-3787.0,-2819.0,-3594.0,32.31417798995972
-3225.0,-2771.0,-4161.0,32.41892910003662
-4663.0,-2991.0,-2926.0,32.4642219543457
-2771.0,-2742.0,-4579.0,32.50185012817383
-3860.0,-2817.0,-3654.0,32.60451698303223
-4588.0,-2946.0,-3224.0,32.65215802192688
-5340.0,-3047.0,-2272.0,32.751919984817505
-2922.0,-1971.0,-5164.0,32.77719712257385
-4542.0,-2981.0,-2940.0,32.89654803276062
-2856.0,-2734.0,-4689.0,32.93061304092407
-4397.0,-2977.0,-3089.0,32.97617793083191
-3290.0,-2712.0,-4131.0,33.030126094818115
-3455.0,-2851.0,-3969.0,33.081385135650635
-2990.0,-2690.0,-4546.0,33.16181802749634
-3473.0,-2777.0,-3987.0,33.21328115463257
-3173.0,-2698.0,-4226.0,33.43442392349243
-3805.0,-2807.0,-3796.0,33.4870400428772
-4178.0,-2990.0,-3317.0,33.52292513847351
-5531.0,-3033.0,-2090.0,33.59763693809509
-4888.0,-3084.0,-2689.0,33.639971017837524
-5086.0,-2981.0,-2651.0,33.70230412483215
-5625.0,-2946.0,-2216.0,33.80145502090454
-2341.0,-2591.0,-4895.0,33.83229207992554
-4216.0,-2982.0,-3269.0,33.871708154678345
-3632.0,-2765.0,-4003.0,33.97308897972107
-4093.0,-2884.0,-3488.0,34.05566596984863
-5218.0,-2961.0,-2342.0,34.08909296989441
-5127.0,-2911.0,-2789.0,34.12509894371033
-4263.0,-2979.0,-3296.0,34.22922706604004
-3292.0,-2675.0,-4195.0,34.351381063461304
-2466.0,-2534.0,-4896.0,34.38329005241394
-2364.0,-2506.0,-4995.0,34.47927713394165
-3458.0,-2703.0,-4044.0,34.529897928237915
-3184.0,-2691.0,-4225.0,34.57222104072571
-4357.0,-2881.0,-3417.0,34.66626310348511
-3188.0,-2628.0,-4236.0,34.714828968048096
-4049.0,-2787.0,-3641.0,35.029885053634644
-3156.0,-2613.0,-4397.0,35.07708191871643
-2907.0,-1789.0,-5227.0,35.253056049346924
-2496.0,-2252.0,-5142.0,35.281996965408325
-3373.0,-2671.0,-4149.0,35.38025403022766
-2927.0,-2109.0,-5125.0,35.491771936416626
-3323.0,-2610.0,-4340.0,35.57957315444946
-5144.0,-2905.0,-2446.0,35.621159076690674
-4825.0,-2954.0,-2831.0,35.657724142074585
-5294.0,-2915.0,-2369.0,35.69212007522583
-3810.0,-2795.0,-3751.0,35.7840359210968
-4740.0,-2945.0,-2993.0,35.90229606628418
-3820.0,-2762.0,-3675.0,35.962656021118164
-4946.0,-2999.0,-2656.0,36.02479600906372
-3352.0,-2732.0,-4084.0,36.07087802886963
-2530.0,-2466.0,-5001.0,36.156716108322144
-3550.0,-2629.0,-4046.0,36.218430042266846
-5171.0,-2884.0,-2669.0,36.255088090896606
-3483.0,-2605.0,-4346.0,36.31356906890869
-4219.0,-2697.0,-3674.0,36.42046499252319
-3038.0,-2675.0,-4394.0,36.464553117752075
-3351.0,-2673.0,-4088.0,36.60254096984863
-4094.0,-2630.0,-3699.0,36.789987087249756
-2994.0,-2625.0,-4470.0,36.835386991500854
-4098.0,-2826.0,-3462.0,36.87267804145813
-5290.0,-2848.0,-2409.0,36.96429800987244
-3794.0,-2682.0,-3804.0,37.054075956344604
-4181.0,-2801.0,-3536.0,37.17453598976135
-3021.0,-2612.0,-4507.0,37.22959613800049
-3706.0,-2674.0,-3916.0,37.43911099433899
-3494.0,-2697.0,-4017.0,37.60761904716492
-5369.0,-2781.0,-2631.0,37.69130802154541
-3824.0,-2625.0,-3891.0,37.82107615470886
-5136.0,-2888.0,-2618.0,37.93398594856262
-3109.0,-2487.0,-4430.0,37.992871046066284
-3863.0,-2595.0,-3717.0,38.29714798927307
-2968.0,-2666.0,-4558.0,38.43073606491089
-3546.0,-1695.0,-4906.0,38.50234603881836
-4589.0,-2780.0,-3010.0,38.54417610168457
-4904.0,-2779.0,-3047.0,38.625860929489136
-5431.0,-2769.0,-2285.0,38.659220933914185
-3104.0,-1700.0,-5097.0,38.687567949295044
-2864.0,-2488.0,-4677.0,38.99097394943237
-2469.0,-2384.0,-5030.0,39.02413010597229
-3954.0,-2584.0,-3760.0,39.09112596511841
-2967.0,-1929.0,-5076.0,39.15701103210449
-2929.0,-2425.0,-4629.0,39.33804392814636
-3090.0,-2427.0,-4485.0,39.39370393753052
-4853.0,-2862.0,-2861.0,39.43163204193115
-2760.0,-2692.0,-4714.0,39.49344301223755
-4088.0,-2718.0,-3541.0,39.713916063308716
-3562.0,-2602.0,-4230.0,39.79154014587402
-4251.0,-2798.0,-3441.0,39.82744002342224
-4093.0,-2710.0,-3584.0,39.86719608306885
-4430.0,-2809.0,-3359.0,39.90059208869934
-4367.0,-2832.0,-3292.0,40.00130891799927
-2738.0,-2586.0,-4750.0,40.06267714500427
-4915.0,-2852.0,-2844.0,40.164597034454346
-4776.0,-2739.0,-3197.0,40.21440005302429
-3764.0,-2613.0,-4030.0,40.2522931098938
-3354.0,-2510.0,-4359.0,40.29539394378662
-3862.0,-2575.0,-3905.0,40.3443169593811
-5479.0,-2663.0,-2680.0,40.41235899925232
-4323.0,-2735.0,-3445.0,40.450690031051636
-2801.0,-2496.0,-4848.0,40.53544902801514
-4770.0,-2887.0,-2929.0,40.57001495361328
-3283.0,-2424.0,-4450.0,40.65859603881836
-5396.0,-2731.0,-2404.0,40.737695932388306
-2622.0,-2302.0,-5019.0,40.853081941604614
-2857.0,-2169.0,-5114.0,40.880064964294434
-3257.0,-2403.0,-4560.0,41.066949129104614
-3061.0,-2410.0,-4516.0,41.11356210708618
-3027.0,-2372.0,-4562.0,41.20849609375
-4459.0,-2711.0,-3356.0,41.27955412864685
-2993.0,-2359.0,-4646.0,41.322072982788086
-3899.0,-2560.0,-3839.0,41.75119400024414
-3578.0,-2589.0,-4059.0,41.79084396362305
-3057.0,-2351.0,-4700.0,41.9819450378418
-4262.0,-2648.0,-3457.0,42.025169134140015
-4656.0,-2695.0,-3301.0,42.13112497329712
-3668.0,-2571.0,-4055.0,42.20768904685974
-5522.0,-2628.0,-2235.0,42.23815298080444
-4958.0,-2809.0,-2816.0,42.34109807014465
-4365.0,-2564.0,-3724.0,42.38550305366516
-2813.0,-2338.0,-4833.0,42.42320704460144
-4417.0,-2594.0,-3636.0,42.4686279296875
-2643.0,-2383.0,-4869.0,42.54643797874451
-3637.0,-2569.0,-4096.0,42.583410024642944
-3196.0,-2270.0,-4815.0,42.629491090774536
-4112.0,-2472.0,-3809.0,42.691730976104736
-5529.0,-2505.0,-2367.0,42.7251501083374
-2798.0,-2286.0,-4876.0,42.76273512840271
-3791.0,-2596.0,-3928.0,42.839816093444824
-4929.0,-2637.0,-2965.0,43.116534948349
-2631.0,-2275.0,-4974.0,43.26297307014465
-2661.0,-2244.0,-4918.0,43.35913705825806
-3239.0,-1723.0,-4929.0,43.38816714286804
-4974.0,-2636.0,-3159.0,43.462252140045166
-3681.0,-2502.0,-4308.0,43.69787096977234
-5393.0,-2557.0,-2828.0,43.816447019577026
-3899.0,-2524.0,-3843.0,43.858941078186035
-3836.0,-2550.0,-4034.0,43.93035697937012
-4009.0,-2464.0,-3825.0,44.01907300949097
-4080.0,-2446.0,-3853.0,44.07808804512024
-3051.0,-2173.0,-4964.0,44.11098003387451
-3310.0,-2397.0,-4391.0,44.1800651550293
-4501.0,-2690.0,-3336.0,44.24202609062195
-3874.0,-2373.0,-3992.0,44.30925512313843
-3727.0,-2552.0,-4073.0,44.33892202377319
-3260.0,-2029.0,-4919.0,44.36660814285278
-3271.0,-2289.0,-4623.0,44.50365495681763
-3895.0,-2366.0,-3888.0,44.57011103630066
-5149.0,-2692.0,-2738.0,44.632981061935425
-4467.0,-2501.0,-3603.0,44.68133211135864
-3331.0,-2363.0,-4519.0,44.80938410758972
-5000.0,-2532.0,-3081.0,44.888598918914795
-3838.0,-2380.0,-3949.0,44.98926591873169
-4063.0,-2339.0,-3874.0,45.05372214317322
-4492.0,-2639.0,-3338.0,45.21247601509094
-4599.0,-2535.0,-3341.0,45.25599193572998
-5681.0,-2446.0,-2401.0,45.29042196273804
-4516.0,-2576.0,-3323.0,45.36075401306152
-3593.0,-2261.0,-4442.0,45.45097613334656
-3983.0,-1099.0,-4608.0,45.47475600242615
-4477.0,-2481.0,-3455.0,45.55052709579468
-3887.0,-2325.0,-3927.0,45.61097002029419
-3467.0,-2399.0,-4349.0,45.656513929367065
-5039.0,-2477.0,-2875.0,45.7369430065155
-5192.0,-2658.0,-2694.0,45.77407097816467
-4150.0,-2303.0,-3965.0,45.88475799560547
-4559.0,-2455.0,-3365.0,45.973506927490234
-3683.0,-2455.0,-4226.0,46.2029869556427
-5386.0,-2565.0,-2734.0,46.3045711517334
-3743.0,-2549.0,-4058.0,46.33452010154724
-3739.0,-2350.0,-4160.0,46.37764811515808
-3062.0,-2132.0,-4957.0,46.60475397109985
-3774.0,-2331.0,-4081.0,46.72372508049011
-4545.0,-2448.0,-3437.0,46.7668981552124
-4695.0,-2611.0,-3218.0,46.80051398277283
-5349.0,-2460.0,-2981.0,46.94063401222229
-4120.0,-2333.0,-3761.0,47.28702092170715
-5506.0,-2430.0,-2444.0,47.35135293006897
-4778.0,-2570.0,-3236.0,47.386698961257935
-3810.0,-2316.0,-4038.0,47.435977935791016
-4190.0,-2309.0,-3816.0,47.48877811431885
-3805.0,-2293.0,-4169.0,47.537615060806274
-3844.0,-2242.0,-4047.0,47.653403997421265
-3463.0,-1736.0,-4888.0,47.718995094299316
-4739.0,-2452.0,-3287.0,47.75698399543762
-3645.0,-2359.0,-4343.0,47.828869104385376
-3886.0,-2247.0,-3979.0,47.8831729888916
-3858.0,-2147.0,-4044.0,47.95027804374695
-3394.0,-2208.0,-4505.0,47.98678708076477
-5553.0,-2414.0,-2478.0,48.017524003982544
-4652.0,-2467.0,-3312.0,48.059256076812744
-4634.0,-2350.0,-3347.0,48.10813808441162
-4038.0,-2238.0,-3967.0,48.157477140426636
-3811.0,-2249.0,-4066.0,48.26011514663696
-3936.0,-2143.0,-4117.0,48.385507106781006
-3910.0,-2225.0,-3979.0,48.43949794769287
-4655.0,-2330.0,-3486.0,48.49963712692261
-4790.0,-2353.0,-3318.0,48.722065925598145
-4494.0,-2379.0,-3455.0,48.933002948760986
-3842.0,-2150.0,-4132.0,49.02914810180664
-3431.0,-2116.0,-4596.0,49.06994009017944
-4956.0,-2559.0,-3201.0,49.17058610916138
-3798.0,-2224.0,-4285.0,49.36612606048584
-3311.0,-1855.0,-4765.0,49.40046000480652
-4344.0,-2307.0,-3815.0,49.631019115448
-5903.0,-2265.0,-2484.0,49.663331031799316
-5537.0,-2361.0,-2643.0,49.696475982666016
-4849.0,-2334.0,-3336.0,49.848819971084595
-3663.0,-2201.0,-4453.0,49.92703104019165
-3968.0,-2136.0,-3993.0,49.98040795326233
-4483.0,-2306.0,-3658.0,50.11094307899475
-3475.0,-2138.0,-4469.0,50.18615794181824
-3236.0,-2160.0,-4638.0,50.21828103065491
-5198.0,-2429.0,-3043.0,50.252066135406494
-4822.0,-2390.0,-3255.0,50.337281942367554
-4781.0,-2483.0,-3221.0,50.40101909637451
-4495.0,-2299.0,-3570.0,50.48159599304199
-3589.0,-1898.0,-4725.0,50.51069903373718
-3996.0,-2121.0,-4247.0,50.56478214263916
-4529.0,-2294.0,-3489.0,50.743361949920654
-4862.0,-2275.0,-3570.0,50.8723840713501
-4165.0,-2282.0,-3901.0,51.01302409172058
-4201.0,-1502.0,-4449.0,51.03685212135315
-3340.0,-2115.0,-4637.0,51.099024057388306
-5569.0,-2256.0,-2549.0,51.24201011657715
-4400.0,-2063.0,-3980.0,51.298516035079956
-4253.0,-2258.0,-3856.0,51.33468198776245
-5042.0,-2385.0,-3236.0,51.36847400665283
-3497.0,-2062.0,-4588.0,51.409892082214355
-4088.0,-2057.0,-4065.0,51.62607407569885
-3703.0,-1626.0,-4815.0,51.649672985076904
-4456.0,-2286.0,-3737.0,51.92629313468933
-3335.0,-1977.0,-4676.0,51.96244192123413
-5591.0,-2217.0,-2651.0,51.99507713317871
-3895.0,-2036.0,-4459.0,52.240442991256714
-4233.0,-2138.0,-3874.0,52.31371307373047
-5437.0,-2530.0,-2708.0,52.34109711647034
-4368.0,-1375.0,-4432.0,52.362468957901
-3570.0,-2037.0,-4539.0,52.44039797782898
-4524.0,-2259.0,-3630.0,52.50712013244629
-5666.0,-2128.0,-2694.0,52.53752613067627
-3359.0,-1967.0,-4603.0,52.577609062194824
-5055.0,-2379.0,-3051.0,52.61514711380005
-4179.0,-2133.0,-3963.0,52.68801498413086
-4869.0,-2292.0,-3249.0,52.746336936950684
-3355.0,-1965.0,-4721.0,52.780415058135986
-5097.0,-2255.0,-3142.0,52.848350048065186
-5487.0,-2346.0,-2987.0,52.95559215545654
-3371.0,-1962.0,-4633.0,52.996521949768066
-4306.0,-2129.0,-3867.0,53.22436594963074
-5037.0,-2247.0,-3275.0,53.2695689201355
-3411.0,-1927.0,-4673.0,53.309484004974365
-4351.0,-2245.0,-3790.0,53.367483139038086
-4607.0,-2218.0,-3648.0,53.40284609794617
-4390.0,-2186.0,-3770.0,53.5665500164032
-4318.0,-2052.0,-4078.0,53.642481088638306
-5525.0,-2314.0,-2738.0,53.70451903343201
-5098.0,-2142.0,-3153.0,53.90710496902466
-5140.0,-2121.0,-3158.0,53.94554615020752
-4476.0,-2212.0,-3687.0,53.97714400291443
-4125.0,-2040.0,-4095.0,54.01453495025635
-4863.0,-2171.0,-3390.0,54.08612608909607
-4946.0,-2117.0,-3308.0,54.12840509414673
-3587.0,-1911.0,-4530.0,54.20645093917847
-5756.0,-2107.0,-2560.0,54.26884913444519
-4432.0,-2115.0,-3840.0,54.302160024642944
-4654.0,-2183.0,-3699.0,54.33359909057617
-4093.0,-2036.0,-4171.0,54.40497899055481
-3830.0,-1850.0,-4505.0,54.580759048461914
-3568.0,-1998.0,-4572.0,54.647928953170776
-4904.0,-2034.0,-3319.0,54.85164213180542
-5416.0,-2080.0,-3073.0,54.92291593551636
-5440.0,-2182.0,-2994.0,54.95629811286926
-4717.0,-2178.0,-3719.0,54.98330998420715
-5067.0,-2189.0,-3211.0,55.013911962509155
-4374.0,-2096.0,-3849.0,55.07097101211548
-4884.0,-2027.0,-3463.0,55.11263298988342
-4535.0,-2086.0,-3812.0,55.250113010406494
-5027.0,-2025.0,-3461.0,55.37917494773865
-5287.0,-2010.0,-3078.0,55.45333409309387
-3732.0,-1791.0,-4536.0,55.489726066589355
-5188.0,-1977.0,-3155.0,55.5289671421051
-5643.0,-2110.0,-2977.0,55.59699106216431
-5069.0,-2142.0,-3181.0,55.62761902809143
-5514.0,-2210.0,-2872.0,55.68645215034485
-5088.0,-2036.0,-3294.0,55.75261092185974
-3995.0,-1966.0,-4262.0,55.7834529876709
-5102.0,-2070.0,-3163.0,55.82487511634827
-5776.0,-1965.0,-2962.0,55.84759306907654
-4377.0,-1271.0,-4422.0,55.86827898025513
-4046.0,-2028.0,-4214.0,55.972301959991455
-4410.0,-1264.0,-4403.0,55.99432992935181
-3945.0,-1930.0,-4429.0,56.0294349193573
-4191.0,-1983.0,-4104.0,56.262184143066406
-5093.0,-1994.0,-3257.0,56.2977089881897
-5248.0,-1965.0,-3505.0,56.39393997192383
-4356.0,-1966.0,-4133.0,56.52347707748413
-4444.0,-2036.0,-3860.0,56.69196796417236
-5808.0,-1860.0,-2868.0,56.71783804893494
-4610.0,-2070.0,-3731.0,56.79960608482361
-4002.0,-1904.0,-4237.0,56.833192110061646
-4261.0,-1763.0,-4252.0,56.8945689201355
-4024.0,-1854.0,-4355.0,56.92752194404602
-4551.0,-1972.0,-3836.0,56.96011710166931
-4120.0,-1902.0,-4134.0,57.02479314804077
-4285.0,-1878.0,-4148.0,57.05756092071533
-4458.0,-1960.0,-3889.0,57.1581609249115
-4745.0,-1976.0,-3686.0,57.196418046951294
-4368.0,-1837.0,-4166.0,57.233500957489014
-4554.0,-1933.0,-3796.0,57.265883922576904
-6026.0,-1882.0,-2403.0,57.31761407852173
-5848.0,-1706.0,-2533.0,57.34422492980957
-4617.0,-1891.0,-3829.0,57.39049792289734
-5368.0,-1954.0,-3182.0,57.59148693084717
-4440.0,-1883.0,-3931.0,57.68759298324585
-4469.0,-1870.0,-3908.0,57.72530698776245
-4777.0,-1956.0,-3654.0,57.75802397727966
-4619.0,-1844.0,-3851.0,57.85387206077576
-3982.0,-1685.0,-4497.0,57.89942908287048
-4325.0,-1990.0,-4053.0,57.92602801322937
-4296.0,-1705.0,-4330.0,58.10353899002075
-4523.0,-1837.0,-3853.0,58.204527139663696
-4573.0,-1794.0,-3982.0,58.24365997314453
-4863.0,-1927.0,-3661.0,58.363178968429565
-4726.0,-1765.0,-3836.0,58.408637046813965
-4926.0,-1903.0,-3554.0,58.56903600692749
-3832.0,-1785.0,-4467.0,58.692492961883545
-4439.0,-1718.0,-4143.0,58.79125905036926
-5578.0,-2068.0,-3000.0,58.87887406349182
-5533.0,-1997.0,-3045.0,58.95098400115967
-4331.0,-1620.0,-4364.0,59.074934005737305
-4996.0,-1760.0,-3666.0,59.13386011123657
-4896.0,-1837.0,-3623.0,59.235116958618164
-5324.0,-1857.0,-3335.0,59.26704001426697
-4863.0,-1689.0,-3681.0,59.298027992248535
-5391.0,-1905.0,-3138.0,59.435884952545166
-4233.0,-1445.0,-4399.0,59.4561710357666
-4447.0,-1688.0,-4146.0,59.67939901351929
-4650.0,-1616.0,-4129.0,59.729480028152466
-5415.0,-1814.0,-3249.0,59.890422105789185
-5146.0,-1636.0,-3618.0,59.99287700653076
-5438.0,-1654.0,-3271.0,60.06884694099426
-5566.0,-1990.0,-3026.0,60.11321496963501
-4952.0,-1632.0,-3768.0,60.13658094406128
-5480.0,-1508.0,-3153.0,60.1826491355896
-4352.0,-1485.0,-4265.0,60.21182608604431
-4555.0,-1413.0,-4248.0,60.34220004081726
-5618.0,-1507.0,-3331.0,60.47711896896362
-5415.0,-1579.0,-3348.0,60.543843030929565
-4773.0,-1514.0,-3969.0,60.588690996170044
-4984.0,-1527.0,-3674.0,60.7128050327301
-5153.0,-1574.0,-3593.0,61.008399963378906
-5201.0,-1336.0,-3601.0,61.02921414375305
