z1,z2,z3,time
-4492.0,-6744.0,-11250.0,0.0038518905639648438
-10377.0,-5376.0,-5881.0,0.008645057678222656
-5064.0,-10923.0,-7291.0,0.012725114822387695
-10308.0,-5139.0,-6279.0,0.018856048583984375
-10296.0,-5244.0,-6410.0,0.024506092071533203
-10369.0,-5977.0,-5808.0,0.031054973602294922
-10185.0,-5136.0,-6609.0,0.03930091857910156
-5219.0,-6657.0,-11182.0,0.04455995559692383
-10165.0,-5027.0,-6801.0,0.05195903778076172
-10145.0,-5969.0,-6832.0,0.05807995796203613
-10104.0,-5994.0,-6876.0,0.06491994857788086
-10075.0,-5473.0,-7254.0,0.07045793533325195
-10321.0,-6102.0,-5454.0,0.07578897476196289
-5872.0,-10891.0,-6527.0,0.07973504066467285
-10320.0,-6117.0,-5444.0,0.0843050479888916
-10277.0,-6215.0,-5583.0,0.08925390243530273
-10264.0,-6278.0,-5428.0,0.09308290481567383
-10263.0,-6358.0,-5388.0,0.09695196151733398
-9973.0,-5777.0,-7267.0,0.10532188415527344
-9906.0,-5621.0,-7387.0,0.11524796485900879
-5808.0,-6773.0,-11146.0,0.12263107299804688
-10218.0,-6702.0,-6230.0,0.12791800498962402
-4816.0,-10895.0,-7839.0,0.13161611557006836
-9894.0,-4364.0,-7664.0,0.13887405395507812
-9764.0,-4308.0,-7737.0,0.14535307884216309
-10177.0,-6727.0,-6274.0,0.15004611015319824
-10175.0,-6911.0,-5991.0,0.15481805801391602
-9742.0,-5655.0,-7774.0,0.16169190406799316
-9725.0,-4512.0,-7797.0,0.16903901100158691
-9722.0,-5546.0,-7966.0,0.17717504501342773
-4977.0,-7038.0,-11151.0,0.18176698684692383
-5903.0,-10884.0,-6497.0,0.18542003631591797
-5840.0,-6087.0,-11093.0,0.18923211097717285
-10174.0,-6926.0,-5981.0,0.19360995292663574
-5945.0,-10881.0,-7091.0,0.19847607612609863
-6191.0,-6230.0,-11058.0,0.2025289535522461
-4862.0,-10817.0,-7848.0,0.20782995223999023
-10158.0,-6932.0,-6007.0,0.21198105812072754
-4558.0,-10771.0,-8031.0,0.21660089492797852
-10126.0,-6940.0,-6005.0,0.22227692604064941
-10113.0,-7003.0,-5850.0,0.22778797149658203
-6123.0,-10814.0,-6527.0,0.2357170581817627
-9705.0,-4403.0,-7989.0,0.24035096168518066
-10082.0,-7164.0,-5756.0,0.24469399452209473
-9681.0,-5571.0,-8010.0,0.25367307662963867
-9637.0,-6438.0,-8019.0,0.26268792152404785
-9581.0,-5424.0,-8149.0,0.2732698917388916
-4735.0,-10763.0,-8368.0,0.27730894088745117
-6645.0,-10807.0,-7237.0,0.2813448905944824
-5566.0,-7154.0,-11115.0,0.2855799198150635
-10070.0,-7212.0,-5611.0,0.2892789840698242
-9571.0,-5073.0,-8193.0,0.2946040630340576
-9545.0,-5470.0,-8362.0,0.30442190170288086
-10069.0,-7227.0,-5601.0,0.30939602851867676
-10021.0,-7241.0,-5625.0,0.3152000904083252
-9977.0,-7465.0,-5376.0,0.32170891761779785
-6293.0,-7067.0,-11047.0,0.3257880210876465
-5211.0,-7258.0,-11109.0,0.33132410049438477
-6375.0,-6105.0,-11023.0,0.3352808952331543
-9495.0,-5125.0,-8369.0,0.3423469066619873
-4969.0,-7639.0,-11078.0,0.34689903259277344
-9384.0,-5017.0,-8568.0,0.35619497299194336
-4736.0,-10748.0,-8378.0,0.36272311210632324
-6544.0,-5957.0,-10890.0,0.36754393577575684
-4310.0,-10743.0,-8579.0,0.37225890159606934
-9853.0,-7540.0,-6560.0,0.3784670829772949
-9795.0,-7620.0,-6822.0,0.38494396209716797
-9306.0,-5307.0,-8631.0,0.3923060894012451
-6616.0,-6250.0,-10847.0,0.39927196502685547
-9728.0,-7732.0,-6372.0,0.40653395652770996
-9296.0,-5418.0,-8646.0,0.41222095489501953
-4464.0,-10610.0,-8584.0,0.41767096519470215
-5367.0,-10542.0,-8606.0,0.4244101047515869
-6850.0,-10727.0,-6459.0,0.4296739101409912
-9256.0,-6033.0,-8649.0,0.4363369941711426
-9246.0,-6144.0,-8664.0,0.44300103187561035
-5291.0,-10540.0,-8886.0,0.44964003562927246
-9229.0,-5374.0,-8797.0,0.4579949378967285
-6718.0,-7087.0,-10836.0,0.462522029876709
-9702.0,-7810.0,-5829.0,0.47098803520202637
-4702.0,-7903.0,-11005.0,0.47533297538757324
-6725.0,-7163.0,-10822.0,0.48029589653015137
-6929.0,-6330.0,-10704.0,0.48906707763671875
-9219.0,-5485.0,-8812.0,0.49513792991638184
-9675.0,-7862.0,-6262.0,0.5003259181976318
-9171.0,-5370.0,-8829.0,0.5069119930267334
-9130.0,-5395.0,-8873.0,0.514030933380127
-9578.0,-7885.0,-7013.0,0.5240828990936279
-6958.0,-10556.0,-6663.0,0.5305330753326416
-9118.0,-5266.0,-8996.0,0.5369400978088379
-9533.0,-7983.0,-6031.0,0.5476119518280029
-5677.0,-10530.0,-8952.0,0.5526421070098877
-6975.0,-10535.0,-6647.0,0.5588140487670898
-9516.0,-8004.0,-6047.0,0.568173885345459
-6995.0,-10476.0,-7035.0,0.5764830112457275
-6969.0,-5977.0,-10679.0,0.5824100971221924
-9484.0,-8012.0,-6045.0,0.5896511077880859
-9108.0,-5377.0,-9011.0,0.5950050354003906
-6999.0,-10460.0,-6848.0,0.6030280590057373
-7131.0,-10450.0,-6359.0,0.6106719970703125
-9470.0,-8082.0,-6038.0,0.6242139339447021
-3595.0,-8144.0,-10930.0,0.6287798881530762
-4991.0,-10448.0,-9268.0,0.636605978012085
-9030.0,-5667.0,-9074.0,0.6446468830108643
-7024.0,-6534.0,-10632.0,0.6510169506072998
-9422.0,-8117.0,-5892.0,0.6655919551849365
-8981.0,-6378.0,-9102.0,0.6729719638824463
-7150.0,-7183.0,-10611.0,0.6790978908538818
-8924.0,-6200.0,-9179.0,0.6867499351501465
-9408.0,-8175.0,-5843.0,0.6989901065826416
-7242.0,-10419.0,-8080.0,0.7087280750274658
-9395.0,-8280.0,-6170.0,0.7179141044616699
-8914.0,-6311.0,-9194.0,0.7228701114654541
-8812.0,-6526.0,-9235.0,0.7344601154327393
-7171.0,-6805.0,-10577.0,0.7401208877563477
-7253.0,-5843.0,-10553.0,0.7455520629882812
-8776.0,-5529.0,-9238.0,0.753730058670044
-8766.0,-5640.0,-9253.0,0.7649168968200684
-4727.0,-8298.0,-10861.0,0.7703089714050293
-7340.0,-10379.0,-6758.0,0.7778949737548828
-8759.0,-6668.0,-9423.0,0.7856380939483643
-9315.0,-8288.0,-6261.0,0.7933719158172607
-9298.0,-8309.0,-6277.0,0.8011178970336914
-9288.0,-8336.0,-6444.0,0.8085188865661621
-7282.0,-6057.0,-10536.0,0.8155210018157959
-4816.0,-10366.0,-9469.0,0.821815013885498
-9271.0,-8357.0,-6460.0,0.8301060199737549
-7422.0,-5695.0,-10420.0,0.837270975112915
-7409.0,-10366.0,-7464.0,0.8423540592193604
-9239.0,-8365.0,-6458.0,0.8535668849945068
-9222.0,-8386.0,-6474.0,0.8651309013366699
-9218.0,-8392.0,-5851.0,0.8750760555267334
-9204.0,-8422.0,-6122.0,0.8845429420471191
-4892.0,-8380.0,-10749.0,0.891150951385498
-7415.0,-10313.0,-7776.0,0.8993470668792725
-9195.0,-8427.0,-6491.0,0.9066910743713379
-9191.0,-8440.0,-6034.0,0.9140069484710693
-7539.0,-10238.0,-6592.0,0.9211618900299072
-8657.0,-5831.0,-9434.0,0.9262380599975586
-8648.0,-6560.0,-9622.0,0.9314498901367188
-9190.0,-8480.0,-6073.0,0.9381639957427979
-9165.0,-8581.0,-6249.0,0.9446659088134766
-3888.0,-8706.0,-10708.0,0.9521479606628418
-7494.0,-5988.0,-10377.0,0.9588000774383545
-4943.0,-10273.0,-9495.0,0.9646189212799072
-4962.0,-10236.0,-9521.0,0.97104811668396
-7567.0,-10150.0,-6370.0,0.9819750785827637
-7596.0,-6825.0,-10366.0,0.9881510734558105
-4658.0,-10190.0,-9704.0,0.99493408203125
-7615.0,-10115.0,-6516.0,1.006537914276123
-9086.0,-8738.0,-6359.0,1.013927936553955
-8500.0,-5889.0,-9681.0,1.0193030834197998
-7650.0,-10071.0,-7378.0,1.0303549766540527
-7603.0,-6901.0,-10352.0,1.0364460945129395
-7664.0,-10046.0,-6780.0,1.0455689430236816
-7847.0,-5715.0,-10209.0,1.0532898902893066
-7694.0,-10032.0,-6369.0,1.062272071838379
-8467.0,-5354.0,-9690.0,1.0686380863189697
-8304.0,-6561.0,-9698.0,1.0798299312591553
-8294.0,-6672.0,-9713.0,1.0912909507751465
-7836.0,-10018.0,-7650.0,1.1007530689239502
-8278.0,-5385.0,-9750.0,1.1123020648956299
-9040.0,-8773.0,-6061.0,1.1193571090698242
-8268.0,-5496.0,-9765.0,1.1313331127166748
-4860.0,-10142.0,-9718.0,1.1383440494537354
-8223.0,-6540.0,-9833.0,1.1470000743865967
-5035.0,-10035.0,-9720.0,1.1563959121704102
-5036.0,-10020.0,-9730.0,1.1656229496002197
-8957.0,-8775.0,-6464.0,1.1753640174865723
-8947.0,-8886.0,-6479.0,1.1846950054168701
-4610.0,-10015.0,-9931.0,1.194883108139038
-5204.0,-8735.0,-10604.0,1.2028560638427734
-4097.0,-8976.0,-10529.0,1.2107129096984863
-8216.0,-6464.0,-9847.0,1.2186179161071777
-8147.0,-6162.0,-9849.0,1.2287700176239014
-7882.0,-9940.0,-7659.0,1.2371599674224854
-8139.0,-7029.0,-9942.0,1.2467598915100098
-8833.0,-8927.0,-6237.0,1.2574009895324707
-7899.0,-9919.0,-7643.0,1.2636229991912842
-8028.0,-6921.0,-10141.0,1.269956111907959
-7936.0,-9882.0,-6818.0,1.2792890071868896
-8832.0,-8967.0,-6276.0,1.2856290340423584
-8037.0,-6192.0,-9953.0,1.2925660610198975
-8055.0,-9834.0,-7355.0,1.2999870777130127
-8822.0,-9078.0,-6291.0,1.3127210140228271
-4952.0,-9904.0,-9943.0,1.3186581134796143
-4597.0,-9677.0,-9978.0,1.3294439315795898
-4334.0,-9643.0,-10036.0,1.3388099670410156
-4096.0,-8991.0,-10519.0,1.3466858863830566
-8077.0,-9723.0,-7564.0,1.3606410026550293
-8698.0,-9153.0,-7475.0,1.37034010887146
-4585.0,-9620.0,-10075.0,1.3808810710906982
-4262.0,-9058.0,-10417.0,1.3908610343933105
-8160.0,-9668.0,-6503.0,1.4009160995483398
-4586.0,-9605.0,-10085.0,1.4077649116516113
-4420.0,-9538.0,-10187.0,1.4186389446258545
-4011.0,-9135.0,-10417.0,1.427258014678955
-8615.0,-9232.0,-6467.0,1.436194896697998
-8201.0,-9648.0,-6380.0,1.4456329345703125
-8304.0,-9567.0,-6359.0,1.4548120498657227
-5394.0,-9212.0,-10348.0,1.461724042892456
-4641.0,-9453.0,-10227.0,1.47160005569458
-8557.0,-9312.0,-6729.0,1.4813880920410156
-4471.0,-9328.0,-10238.0,1.4911649227142334
-4004.0,-9229.0,-10294.0,1.504173994064331
-8441.0,-9391.0,-6403.0,1.5224459171295166
-8315.0,-9462.0,-6280.0,1.533034086227417
-8326.0,-9456.0,-6568.0,1.5567059516906738
-8395.0,-9426.0,-6105.0,1.569037914276123
-10266.0,-5268.0,-6080.0,1.5975921154022217
-10265.0,-5348.0,-6040.0,1.605302095413208
-10258.0,-5869.0,-6007.0,1.6133599281311035
-10264.0,-5363.0,-6030.0,1.62117600440979
-10248.0,-5369.0,-6056.0,1.637686014175415
-10238.0,-5760.0,-6199.0,1.6468899250030518
-10247.0,-5384.0,-6046.0,1.6785550117492676
-10226.0,-6101.0,-6303.0,1.7215509414672852
-10152.0,-6523.0,-6586.0,1.742908000946045
-10184.0,-5216.0,-6569.0,1.7536039352416992
-10244.0,-6169.0,-5620.0,1.7633440494537354
-10148.0,-6206.0,-6652.0,1.7939949035644531
-10257.0,-5949.0,-5967.0,1.8349781036376953
-10240.0,-5970.0,-5983.0,1.9010329246520996
-9886.0,-5512.0,-7579.0,1.9455199241638184
-9886.0,-4965.0,-7591.0,1.9643330574035645
-9837.0,-5676.0,-7619.0,1.975106954574585
-9787.0,-5331.0,-7626.0,1.988651990890503
-9763.0,-4323.0,-7727.0,2.0012199878692627
-9756.0,-4909.0,-7664.0,2.0149760246276855
-10067.0,-6074.0,-7181.0,2.0528268814086914
-9747.0,-5750.0,-7654.0,2.135854959487915
-10096.0,-6595.0,-6803.0,2.1721270084381104
-10017.0,-5729.0,-7188.0,2.1826438903808594
-10014.0,-5752.0,-7223.0,2.194359064102173
-10094.0,-6779.0,-6520.0,2.241655111312866
-10107.0,-6594.0,-6429.0,2.250185012817383
-9957.0,-7356.0,-5568.0,2.261406898498535
-10024.0,-6283.0,-6942.0,2.274472951889038
-10093.0,-6894.0,-6042.0,2.2860209941864014
-9873.0,-5630.0,-7406.0,2.3059890270233154
-9860.0,-6317.0,-7329.0,2.325054883956909
-10064.0,-6803.0,-6190.0,2.3495841026306152
-10072.0,-7028.0,-5894.0,2.371332883834839
-9857.0,-5785.0,-7427.0,2.4305899143218994
-10063.0,-6818.0,-6180.0,2.4421699047088623
-10050.0,-7103.0,-5803.0,2.4512970447540283
-9968.0,-5893.0,-7228.0,2.4652960300445557
-10052.0,-6919.0,-6086.0,2.477108955383301
-9853.0,-5763.0,-7575.0,2.491903066635132
-10006.0,-7059.0,-6124.0,2.504822015762329
-9914.0,-7297.0,-5899.0,2.5640640258789062
-10047.0,-6824.0,-6206.0,2.5899689197540283
-10015.0,-6832.0,-6204.0,2.602497100830078
-9985.0,-6487.0,-7002.0,2.6693639755249023
-10008.0,-6875.0,-6407.0,2.684159994125366
-10001.0,-7132.0,-5817.0,2.6961898803710938
-10049.0,-7118.0,-5793.0,2.7158501148223877
-9989.0,-7080.0,-6140.0,2.7409210205078125
-9957.0,-7088.0,-6138.0,2.806447982788086
-10045.0,-6808.0,-6534.0,2.828864097595215
-9940.0,-7109.0,-6154.0,2.8853909969329834
-9965.0,-6378.0,-7194.0,2.899399995803833
-9915.0,-6033.0,-7201.0,2.931058883666992
-10023.0,-6298.0,-6932.0,2.9489479064941406
-9916.0,-7113.0,-6182.0,2.9665839672088623
-9866.0,-6062.0,-7215.0,2.9870269298553467
-10002.0,-7017.0,-6295.0,3.0152509212493896
-9915.0,-7128.0,-6172.0,3.0314769744873047
-9913.0,-7312.0,-5889.0,3.04211688041687
-9897.0,-7318.0,-5915.0,3.136056900024414
-9856.0,-5865.0,-7387.0,3.1518468856811523
-5522.0,-10860.0,-7608.0,3.16343092918396
-9896.0,-7333.0,-5905.0,3.174591064453125
-9871.0,-7353.0,-5777.0,3.186084032058716
-10004.0,-6833.0,-6578.0,3.2197329998016357
-5608.0,-10869.0,-7101.0,3.2318429946899414
-9825.0,-5872.0,-7417.0,3.2778730392456055
-9909.0,-7160.0,-6419.0,3.293426990509033
-9855.0,-5880.0,-7377.0,3.314974069595337
-9812.0,-5788.0,-7619.0,3.336406946182251
-9988.0,-6766.0,-6599.0,3.3552489280700684
-9824.0,-6583.0,-7411.0,3.3983819484710693
-9804.0,-6474.0,-7603.0,3.421889066696167
-9899.0,-7271.0,-6434.0,3.448962926864624
-9983.0,-6671.0,-6719.0,3.481398105621338
-9991.0,-6896.0,-6423.0,3.533574104309082
-10001.0,-7032.0,-6285.0,3.5902180671691895
-9986.0,-6950.0,-6316.0,3.631798028945923
-9969.0,-6971.0,-6332.0,3.7146708965301514
-9966.0,-6539.0,-6876.0,3.7489540576934814
-9971.0,-6787.0,-6615.0,3.781126022338867
-9959.0,-6904.0,-6421.0,3.7977709770202637
-9920.0,-7000.0,-6346.0,3.825782060623169
-9910.0,-6904.0,-6555.0,3.870068073272705
-9934.0,-6700.0,-6733.0,3.887708902359009
-9701.0,-5680.0,-7818.0,3.97467303276062
-9565.0,-5579.0,-8170.0,4.029797077178955
-9897.0,-7316.0,-6809.0,4.065845966339111
-9937.0,-6979.0,-6330.0,4.108413934707642
-9693.0,-6366.0,-7802.0,4.126884937286377
-9963.0,-6562.0,-6911.0,4.138000965118408
-9917.0,-6568.0,-6890.0,4.251877069473267
-9885.0,-6521.0,-7017.0,4.270256996154785
-9914.0,-6591.0,-6925.0,4.383892059326172
-9855.0,-6431.0,-7075.0,4.4792749881744385
-9926.0,-6496.0,-6973.0,4.569588899612427
-9939.0,-6795.0,-6613.0,4.666443109512329
-9877.0,-7207.0,-7001.0,4.789628982543945
-9676.0,-5687.0,-7971.0,4.854310035705566
-5509.0,-10831.0,-7632.0,4.932085037231445
-9826.0,-6538.0,-7036.0,4.9574689865112305
-9825.0,-6455.0,-7150.0,4.978877067565918
-9835.0,-6322.0,-7267.0,5.151077032089233
-4879.0,-10796.0,-7832.0,5.2180259227752686
-9673.0,-6172.0,-7937.0,5.231342077255249
-4983.0,-10791.0,-7820.0,5.296576976776123
-9383.0,-5097.0,-8528.0,5.358825922012329
-9816.0,-7184.0,-7338.0,5.40103006362915
-9382.0,-5112.0,-8518.0,5.437129974365234
-5842.0,-10716.0,-8023.0,5.462788105010986
-9376.0,-5618.0,-8495.0,5.482460021972656
-5205.0,-10785.0,-7815.0,5.494507074356079
-5539.0,-10839.0,-7592.0,5.529653072357178
-9564.0,-5659.0,-8130.0,5.546772003173828
-9487.0,-5726.0,-8296.0,5.625986099243164
-4970.0,-10762.0,-7844.0,5.641908884048462
-9563.0,-5674.0,-8120.0,5.65665602684021
-4984.0,-10776.0,-7830.0,5.671515941619873
-9383.0,-5032.0,-8558.0,5.684968948364258
-9516.0,-5898.0,-8044.0,5.720876932144165
-9352.0,-5104.0,-8558.0,5.75136399269104
-9514.0,-6385.0,-8148.0,5.769584894180298
-9533.0,-5666.0,-8160.0,5.804550886154175
-9350.0,-6419.0,-8535.0,5.820192098617554
-5630.0,-10805.0,-7604.0,5.836555004119873
-5458.0,-10707.0,-8121.0,5.897815942764282
-5161.0,-6913.0,-11116.0,5.929991960525513
-5439.0,-10729.0,-7831.0,5.958504915237427
-4373.0,-10644.0,-8572.0,5.9718639850616455
-9402.0,-5734.0,-8299.0,6.089737892150879
-9796.0,-7075.0,-7530.0,6.149684906005859
-5645.0,-10789.0,-7473.0,6.16928505897522
-5542.0,-10624.0,-8405.0,6.1862709522247314
-5985.0,-10764.0,-7477.0,6.2018420696258545
-3948.0,-8012.0,-10907.0,6.213749885559082
-4494.0,-10618.0,-8544.0,6.229103088378906
-5428.0,-10699.0,-8161.0,6.2588300704956055
-9484.0,-6377.0,-8188.0,6.280425071716309
-9685.0,-6967.0,-7729.0,6.331012964248657
-5033.0,-10687.0,-8332.0,6.343241930007935
-9465.0,-5960.0,-8195.0,6.396506071090698
-9833.0,-7431.0,-6752.0,6.420407056808472
-9426.0,-6148.0,-8202.0,6.475213050842285
-9416.0,-6259.0,-8217.0,6.503704071044922
-9305.0,-5322.0,-8621.0,6.520287036895752
-9755.0,-7100.0,-7574.0,6.5354979038238525
-9375.0,-5698.0,-8455.0,6.569281101226807
-9300.0,-6074.0,-8542.0,6.58625602722168
-9395.0,-5807.0,-8263.0,6.640252113342285
-9298.0,-5908.0,-8558.0,6.657696008682251
-4495.0,-10603.0,-8554.0,6.677408933639526
-4509.0,-10602.0,-8413.0,6.699480056762695
-4496.0,-10573.0,-8437.0,6.7188520431518555
-5645.0,-10549.0,-8499.0,6.738120079040527
-4322.0,-8057.0,-10862.0,6.795083045959473
-9377.0,-6361.0,-8273.0,6.874583005905151
-9370.0,-6528.0,-8343.0,6.8963539600372314
-5455.0,-10723.0,-7805.0,6.949008941650391
-9394.0,-6335.0,-8226.0,6.997745037078857
-9394.0,-5888.0,-8243.0,7.029326915740967
-9775.0,-7209.0,-7382.0,7.054965972900391
-9645.0,-6602.0,-7757.0,7.0855019092559814
-9773.0,-7393.0,-7099.0,7.110229969024658
-9387.0,-6250.0,-8258.0,7.201174020767212
-9295.0,-5433.0,-8636.0,7.236269950866699
-5864.0,-10749.0,-7620.0,7.25302791595459
-9353.0,-5932.0,-8354.0,7.288928985595703
-9644.0,-6992.0,-7773.0,7.30420708656311
-9288.0,-6019.0,-8573.0,7.411082983016968
-9642.0,-6625.0,-7792.0,7.514854907989502
-9270.0,-6066.0,-8582.0,7.535355091094971
-5003.0,-10679.0,-8372.0,7.581629991531372
-9680.0,-7646.0,-6864.0,7.656641006469727
-9434.0,-6032.0,-8195.0,7.7585039138793945
-5178.0,-7909.0,-10899.0,7.805191993713379
-9622.0,-7726.0,-7126.0,7.8390350341796875
-4969.0,-7917.0,-10892.0,7.871962070465088
-9588.0,-7774.0,-6998.0,7.892551898956299
-9502.0,-7968.0,-6566.0,7.948841094970703
-4542.0,-7987.0,-10892.0,7.984446048736572
-9615.0,-6594.0,-7797.0,8.003619909286499
-9544.0,-6845.0,-7912.0,8.05173397064209
-5462.0,-10676.0,-8300.0,8.068176031112671
-6121.0,-10722.0,-7318.0,8.113779067993164
-6734.0,-10710.0,-7006.0,8.191561937332153
-9594.0,-7730.0,-6791.0,8.213747024536133
-9189.0,-5966.0,-8741.0,8.281025886535645
-9772.0,-7408.0,-7089.0,8.297971963882446
-9500.0,-7979.0,-6550.0,8.324172019958496
-9724.0,-7422.0,-7113.0,8.342170000076294
-9453.0,-8077.0,-6825.0,8.370593070983887
-9405.0,-8169.0,-6155.0,8.400521993637085
-6345.0,-10715.0,-7619.0,8.469589948654175
-9714.0,-7488.0,-7351.0,8.4878990650177
-6285.0,-7668.0,-10974.0,8.534142017364502
-9753.0,-7284.0,-7291.0,8.577408075332642
-9534.0,-6494.0,-7956.0,8.621306896209717
-9117.0,-5346.0,-8956.0,8.637013912200928
-5881.0,-10728.0,-7604.0,8.660792112350464
-9545.0,-6676.0,-7794.0,8.755995988845825
-6844.0,-10666.0,-7071.0,8.800194025039673
-9159.0,-5958.0,-8781.0,8.821815013885498
-5124.0,-10653.0,-8344.0,8.860596895217896
-9107.0,-5457.0,-8971.0,8.879514932632446
-9594.0,-6647.0,-7780.0,8.902107954025269
-9504.0,-6486.0,-7996.0,8.96335506439209
-9481.0,-6636.0,-8144.0,9.060957908630371
-9586.0,-6786.0,-7776.0,9.138344049453735
-9752.0,-7299.0,-7281.0,9.22185492515564
-9122.0,-5996.0,-8800.0,9.274259090423584
-9665.0,-7564.0,-6895.0,9.315943956375122
-9086.0,-6262.0,-8882.0,9.362889051437378
-6484.0,-6155.0,-10879.0,9.503251075744629
-9660.0,-7537.0,-7056.0,9.57309603691101
-5873.0,-10694.0,-7866.0,9.613655090332031
-9710.0,-7171.0,-7417.0,9.698755979537964
-5459.0,-10692.0,-8131.0,9.713495016098022
-9377.0,-6859.0,-8230.0,9.756465911865234
-6300.0,-6280.0,-10914.0,9.773997068405151
-5945.0,-10641.0,-8117.0,9.794723987579346
-6564.0,-10675.0,-7766.0,9.818619966506958
-9648.0,-7585.0,-6911.0,9.888817071914673
-9085.0,-6653.0,-8973.0,9.933629035949707
-9664.0,-7579.0,-6885.0,9.965893983840942
-9642.0,-7176.0,-7490.0,9.98918890953064
-9375.0,-8171.0,-6362.0,10.038876056671143
-9430.0,-6681.0,-8167.0,10.063456058502197
-9634.0,-7571.0,-6925.0,10.082251071929932
-9380.0,-6836.0,-8195.0,10.129287004470825
-9474.0,-6758.0,-7935.0,10.234947919845581
-9647.0,-7600.0,-6901.0,10.29918098449707
-6302.0,-6338.0,-10859.0,10.387446880340576
-9075.0,-6764.0,-8988.0,10.483207941055298
-9456.0,-6641.0,-8082.0,10.526978015899658
-9586.0,-7248.0,-7707.0,10.54694390296936
-9443.0,-6765.0,-7965.0,10.6148099899292
-9641.0,-7191.0,-7480.0,10.682722091674805
-9593.0,-7205.0,-7504.0,10.811352968215942
-9435.0,-6779.0,-7968.0,10.92591404914856
-9508.0,-7076.0,-7839.0,11.088496923446655
-7016.0,-10426.0,-6776.0,11.128714084625244
-9584.0,-7432.0,-7424.0,11.159899950027466
-7079.0,-10424.0,-6673.0,11.198713064193726
-6486.0,-10682.0,-7554.0,11.221826076507568
-9463.0,-7966.0,-6810.0,11.250530004501343
-9425.0,-6890.0,-7983.0,11.295778036117554
-6565.0,-10660.0,-7776.0,11.339575052261353
-9324.0,-8180.0,-6682.0,11.365386962890625
-6139.0,-10655.0,-7977.0,11.392086029052734
-9422.0,-7282.0,-8094.0,11.418996095657349
-6299.0,-6295.0,-10904.0,11.438421964645386
-9473.0,-6773.0,-7925.0,11.491812944412231
-9249.0,-6619.0,-8586.0,11.572432041168213
-5713.0,-10599.0,-8300.0,11.61764407157898
-9568.0,-7665.0,-7190.0,11.661526918411255
-9498.0,-7187.0,-7854.0,11.727813959121704
-6918.0,-10530.0,-6832.0,11.846894025802612
-9537.0,-7277.0,-7721.0,11.920963048934937
-9476.0,-7263.0,-7863.0,11.950218915939331
-5590.0,-7069.0,-10989.0,11.96614694595337
-9358.0,-8079.0,-6500.0,11.994544982910156
-9342.0,-8085.0,-6526.0,12.066497087478638
-4573.0,-7980.0,-10862.0,12.119086980819702
-9338.0,-8150.0,-6411.0,12.15024995803833
-9182.0,-6552.0,-8678.0,12.311754941940308
-9535.0,-7461.0,-7438.0,12.366902112960815
-9151.0,-6559.0,-8708.0,12.436928987503052
-9558.0,-7776.0,-7205.0,12.459925889968872
-5471.0,-8471.0,-10677.0,12.480027914047241
-9508.0,-7298.0,-7443.0,12.512289047241211
-9311.0,-8198.0,-6594.0,12.53388500213623
-9507.0,-7642.0,-7527.0,12.566222906112671
-9332.0,-8112.0,-6693.0,12.598571062088013
-9367.0,-6970.0,-8245.0,12.75752305984497
-9298.0,-8225.0,-6429.0,12.800158023834229
-6924.0,-10511.0,-6668.0,12.817584037780762
-9331.0,-8127.0,-6683.0,12.863497018814087
-6952.0,-10495.0,-7275.0,12.883843898773193
-9345.0,-7046.0,-8254.0,12.940054893493652
-9294.0,-6580.0,-8519.0,12.965289115905762
-9239.0,-6730.0,-8601.0,13.02593994140625
-9345.0,-6533.0,-8281.0,13.046353101730347
-9112.0,-6595.0,-8711.0,13.07425594329834
-9313.0,-6769.0,-8287.0,13.15902590751648
-9105.0,-6762.0,-8781.0,13.186556100845337
-9297.0,-8228.0,-6865.0,13.227725982666016
-6973.0,-10482.0,-6654.0,13.246315002441406
-9200.0,-6194.0,-8633.0,13.267296075820923
-6814.0,-10658.0,-7111.0,13.37785291671753
-9503.0,-7414.0,-7565.0,13.406950950622559
-9025.0,-6419.0,-8995.0,13.551609992980957
-6859.0,-10518.0,-7194.0,13.636774063110352
-6264.0,-10583.0,-8148.0,13.684705018997192
-9190.0,-6305.0,-8648.0,13.706002950668335
-6863.0,-10502.0,-7007.0,13.753365993499756
-4072.0,-8581.0,-10673.0,13.770279884338379
-6745.0,-10636.0,-7136.0,13.79115605354309
-9487.0,-7533.0,-7719.0,13.889971017837524
-9416.0,-7897.0,-6974.0,13.923732995986938
-5162.0,-8096.0,-10826.0,13.965090990066528
-9191.0,-8437.0,-6739.0,13.983427047729492
-5683.0,-10591.0,-8340.0,14.003464937210083
-9405.0,-7991.0,-7317.0,14.048675060272217
-6265.0,-10568.0,-8158.0,14.094104051589966
-6732.0,-10607.0,-7160.0,14.118789911270142
-6591.0,-10662.0,-7552.0,14.137398958206177
-9293.0,-6660.0,-8479.0,14.178037881851196
-9095.0,-6873.0,-8796.0,14.198256015777588
-5839.0,-10563.0,-8359.0,14.243766069412231
-6687.0,-10604.0,-7631.0,14.283019065856934
-9420.0,-7832.0,-7089.0,14.361068964004517
-6607.0,-10656.0,-7526.0,14.38229489326477
-9177.0,-8470.0,-6305.0,14.401644945144653
-9477.0,-7644.0,-7734.0,14.4564790725708
-5516.0,-10532.0,-8589.0,14.48685598373413
-9497.0,-7753.0,-7542.0,14.512511014938354
-6608.0,-10641.0,-7536.0,14.535027027130127
-6622.0,-10640.0,-7395.0,14.55814003944397
-9379.0,-6851.0,-8185.0,14.613217115402222
-5792.0,-10562.0,-8395.0,14.63957405090332
-6343.0,-10634.0,-8100.0,14.658912897109985
-6689.0,-10583.0,-7486.0,14.766714096069336
-6721.0,-10575.0,-7488.0,14.787285089492798
-9281.0,-8246.0,-6445.0,14.811026096343994
-9280.0,-8249.0,-6881.0,14.835052967071533
-9370.0,-6947.0,-8210.0,14.858589887619019
-9292.0,-6675.0,-8469.0,14.9080970287323
-9189.0,-6385.0,-8608.0,14.930949926376343
-9419.0,-7847.0,-7079.0,14.982278108596802
-9184.0,-6610.0,-8623.0,15.007869958877563
-6762.0,-10615.0,-7120.0,15.027379989624023
-9416.0,-7876.0,-7155.0,15.097145080566406
-5925.0,-10558.0,-8404.0,15.155419111251831
-9282.0,-6776.0,-8317.0,15.18897294998169
-9327.0,-8085.0,-6854.0,15.23859691619873
-6737.0,-10569.0,-7462.0,15.306940078735352
-6764.0,-10556.0,-7248.0,15.32759690284729
-5220.0,-7840.0,-10892.0,15.374994993209839
-9324.0,-8114.0,-6930.0,15.505573034286499
-9376.0,-8056.0,-6840.0,15.556761980056763
-9258.0,-8328.0,-6484.0,15.601519107818604
-6808.0,-10537.0,-7129.0,15.624804973602295
-4139.0,-8621.0,-10628.0,15.680813074111938
-9353.0,-7996.0,-6981.0,15.719422101974487
-4775.0,-8543.0,-10635.0,15.741034030914307
-9269.0,-6728.0,-8394.0,15.768038034439087
-9346.0,-8048.0,-6880.0,15.807574033737183
-9467.0,-7293.0,-7778.0,15.913059949874878
-9248.0,-8297.0,-6601.0,15.973577976226807
-9315.0,-8133.0,-6709.0,16.098691940307617
-9415.0,-7880.0,-7302.0,16.17745089530945
-5573.0,-7708.0,-10869.0,16.200408935546875
-9312.0,-6784.0,-8277.0,16.41347908973694
-9314.0,-8148.0,-6699.0,16.44315505027771
-9307.0,-8117.0,-6850.0,16.47089695930481
-9301.0,-8119.0,-6723.0,16.521059036254883
-9421.0,-7343.0,-7747.0,16.554347038269043
-9341.0,-8004.0,-7114.0,16.618912935256958
-9369.0,-6962.0,-8200.0,16.66640591621399
-9263.0,-7495.0,-8305.0,16.703020095825195
-9340.0,-8019.0,-7104.0,16.834409952163696
-9437.0,-7285.0,-7818.0,16.884113073349
-9418.0,-7297.0,-7771.0,16.942660093307495
-9268.0,-6743.0,-8384.0,17.007164001464844
-9411.0,-7454.0,-7762.0,17.05976700782776
-5404.0,-7715.0,-10857.0,17.206114053726196
-6806.0,-10515.0,-7360.0,17.254122018814087
-9241.0,-8349.0,-6500.0,17.368958950042725
-9259.0,-6839.0,-8409.0,17.397093057632446
-9391.0,-7345.0,-7954.0,17.42716693878174
-5401.0,-7735.0,-10853.0,17.45040011405945
-4911.0,-8173.0,-10826.0,17.577019929885864
-5793.0,-10547.0,-8405.0,17.6387300491333
-6043.0,-10542.0,-8482.0,17.6653790473938
-9207.0,-8304.0,-6505.0,17.697845935821533
-6738.0,-10554.0,-7472.0,17.722182035446167
-5041.0,-10413.0,-9099.0,17.745168924331665
-6752.0,-10553.0,-7331.0,17.770437955856323
-9262.0,-6667.0,-8509.0,17.792320013046265
-9266.0,-6682.0,-8418.0,17.818850994110107
-9257.0,-8343.0,-6474.0,17.878952026367188
-9420.0,-7358.0,-7737.0,18.031904935836792
-9163.0,-8528.0,-6256.0,18.07617497444153
-5466.0,-7993.0,-10817.0,18.099220037460327
-9160.0,-8491.0,-6321.0,18.156732082366943
-5941.0,-10552.0,-8378.0,18.18654489517212
-6763.0,-10534.0,-7600.0,18.262458086013794
-8765.0,-5655.0,-9243.0,18.309571981430054
-9248.0,-8257.0,-6879.0,18.364402055740356
-9147.0,-8462.0,-6345.0,18.47842502593994
-9324.0,-8025.0,-7130.0,18.535633087158203
-6764.0,-10519.0,-7610.0,18.559348106384277
-6807.0,-10500.0,-7370.0,18.584192991256714
-9235.0,-8279.0,-7041.0,18.75211501121521
-9307.0,-8051.0,-7098.0,18.827011108398438
-9390.0,-7360.0,-7944.0,18.887936115264893
-9209.0,-8357.0,-6498.0,18.944281101226807
-9133.0,-8520.0,-6296.0,18.99665403366089
-5713.0,-10407.0,-9011.0,19.017359018325806
-9145.0,-8472.0,-6441.0,19.04261803627014
-9199.0,-8372.0,-6494.0,19.069838047027588
-9376.0,-7425.0,-7918.0,19.144114017486572
-6969.0,-10474.0,-7259.0,19.18977189064026
-9319.0,-7115.0,-8164.0,19.22004008293152
-6405.0,-10550.0,-8083.0,19.35332989692688
-9306.0,-8066.0,-7088.0,19.384191036224365
-9399.0,-7813.0,-7323.0,19.418680906295776
-9258.0,-6854.0,-8399.0,19.52279806137085
-9238.0,-6745.0,-8591.0,19.581207990646362
-9248.0,-6634.0,-8576.0,19.63181209564209
-9130.0,-8514.0,-6608.0,19.658231019973755
-9395.0,-7771.0,-7494.0,19.693015098571777
-9132.0,-8535.0,-6286.0,19.857141971588135
-9245.0,-6899.0,-8393.0,19.887099981307983
-9297.0,-8162.0,-7113.0,19.916521072387695
-9216.0,-6870.0,-8582.0,20.020140886306763
-4986.0,-8177.0,-10776.0,20.044919967651367
-6579.0,-10659.0,-7635.0,20.083354949951172
-9389.0,-7924.0,-7338.0,20.13864302635193
-5219.0,-7855.0,-10882.0,20.185297966003418
-9114.0,-8557.0,-6270.0,20.22977900505066
-6596.0,-10638.0,-7619.0,20.250771045684814
-6727.0,-6358.0,-10648.0,20.276500940322876
-6939.0,-10466.0,-7299.0,20.303956985473633
-6734.0,-6434.0,-10634.0,20.41662096977234
-9385.0,-7882.0,-7509.0,20.469664096832275
-6013.0,-10499.0,-8629.0,20.546823024749756
-5435.0,-10400.0,-9118.0,20.629369020462036
-9366.0,-7536.0,-7933.0,20.69039011001587
-6887.0,-10457.0,-7310.0,20.749191999435425
-9237.0,-6914.0,-8318.0,20.778115034103394
-9410.0,-7469.0,-7752.0,20.805984020233154
-9309.0,-7226.0,-8179.0,20.832556009292603
-6473.0,-10547.0,-8036.0,20.939352989196777
-9181.0,-6567.0,-8668.0,20.962414026260376
-6780.0,-10513.0,-7584.0,20.987377882003784
-6093.0,-10507.0,-8313.0,21.021416902542114
-6845.0,-10457.0,-7501.0,21.08388590812683
-9233.0,-7487.0,-8345.0,21.138150930404663
-9296.0,-8177.0,-7103.0,21.163501024246216
-9236.0,-6929.0,-8308.0,21.195071935653687
-9379.0,-7541.0,-7752.0,21.245673894882202
-9287.0,-7302.0,-8188.0,21.27214002609253
-9391.0,-7740.0,-7621.0,21.449968099594116
-5704.0,-8149.0,-10783.0,21.507410049438477
-9066.0,-8629.0,-6551.0,21.564228057861328
-6781.0,-10498.0,-7594.0,21.69113802909851
-9329.0,-7335.0,-7987.0,21.746417999267578
-9124.0,-6808.0,-8612.0,21.827980995178223
-6701.0,-10550.0,-7489.0,21.910303115844727
-6566.0,-10630.0,-7659.0,21.988559007644653
-6646.0,-10598.0,-7667.0,22.03934907913208
-9208.0,-7007.0,-8363.0,22.0660560131073
-9244.0,-8033.0,-7221.0,22.12614607810974
-9280.0,-8183.0,-7129.0,22.206053972244263
-9155.0,-8283.0,-6882.0,22.29959201812744
-6870.0,-10444.0,-7324.0,22.350434064865112
-9267.0,-8220.0,-6905.0,22.43156409263611
-9151.0,-8286.0,-6986.0,22.50602102279663
-6101.0,-10504.0,-8266.0,22.56658697128296
-9138.0,-8304.0,-6898.0,22.61506199836731
-9206.0,-6981.0,-8597.0,22.696630001068115
-6906.0,-10420.0,-7336.0,22.80794405937195
-6485.0,-10498.0,-8188.0,22.83784794807434
-9307.0,-7411.0,-7996.0,22.868364095687866
-5288.0,-10387.0,-9222.0,22.89069104194641
-9290.0,-8072.0,-7114.0,22.929390907287598
-7362.0,-5893.0,-10409.0,22.99430203437805
-6651.0,-10475.0,-7689.0,23.03828501701355
-6516.0,-10528.0,-7796.0,23.204894065856934
-9128.0,-8353.0,-7110.0,23.30837106704712
-6888.0,-10442.0,-7320.0,23.335854053497314
-5946.0,-7768.0,-10814.0,23.361597061157227
-8973.0,-8745.0,-6264.0,23.429627895355225
-6716.0,-10470.0,-7740.0,23.680871963500977
-9243.0,-8048.0,-7211.0,23.72678303718567
-9317.0,-7561.0,-7745.0,23.819721937179565
-6527.0,-10509.0,-8065.0,23.845596075057983
-6102.0,-10489.0,-8276.0,23.876265048980713
-4958.0,-10282.0,-9322.0,23.903104066848755
-9279.0,-7317.0,-8113.0,23.93377709388733
-6519.0,-10475.0,-8327.0,23.965598106384277
-9284.0,-7663.0,-7693.0,24.04812788963318
-9372.0,-7945.0,-7354.0,24.11746096611023
-9316.0,-7640.0,-7759.0,24.15134906768799
-5293.0,-8186.0,-10746.0,24.221638917922974
-9231.0,-8150.0,-7253.0,24.267827033996582
-7509.0,-10230.0,-6632.0,24.299474000930786
-9278.0,-7332.0,-8103.0,24.333476066589355
-9255.0,-7551.0,-7778.0,24.420833110809326
-9287.0,-7779.0,-7527.0,24.50949001312256
-5882.0,-8302.0,-10710.0,24.577855110168457
-9299.0,-7978.0,-7396.0,24.62608289718628
-9282.0,-7674.0,-7677.0,24.671221017837524
-9243.0,-8003.0,-7278.0,24.785279989242554
-6733.0,-10526.0,-7640.0,24.8147029876709
-5264.0,-8041.0,-10803.0,24.83826494216919
-9251.0,-7571.0,-7840.0,25.014564990997314
-9274.0,-7774.0,-7708.0,25.14653706550598
-6541.0,-10508.0,-7924.0,25.320338010787964
-6681.0,-10483.0,-7649.0,25.350954055786133
-9123.0,-8449.0,-6691.0,25.37942910194397
-9241.0,-8039.0,-7238.0,25.45615005493164
-9115.0,-8442.0,-6748.0,25.51598811149597
-6704.0,-10467.0,-7823.0,25.54969811439514
-6014.0,-10484.0,-8639.0,25.60967993736267
-9198.0,-7118.0,-8378.0,25.643256902694702
-7440.0,-10208.0,-6657.0,25.732836961746216
-9286.0,-7794.0,-7517.0,25.784251928329468
-5515.0,-7964.0,-10803.0,25.835613012313843
-9111.0,-8356.0,-7331.0,25.87419295310974
-9268.0,-7433.0,-7951.0,25.945696115493774
-6542.0,-10493.0,-7934.0,25.977207899093628
-6558.0,-10487.0,-7908.0,26.04111409187317
-9098.0,-8461.0,-7658.0,26.080941915512085
-9250.0,-7652.0,-7820.0,26.128751039505005
-9110.0,-8405.0,-6800.0,26.170016050338745
-9273.0,-7849.0,-7520.0,26.22337508201599
-5680.0,-10438.0,-8676.0,26.254194021224976
-5301.0,-8783.0,-10519.0,26.330143928527832
-6815.0,-10449.0,-7541.0,26.367727994918823
-9260.0,-7872.0,-7643.0,26.42173409461975
-5850.0,-10424.0,-8648.0,26.483418941497803
-9243.0,-7982.0,-7459.0,26.599756002426147
-9340.0,-7953.0,-7352.0,26.64582109451294
-9181.0,-6986.0,-8535.0,26.67840003967285
-9176.0,-7194.0,-8387.0,26.78744602203369
-7427.0,-10179.0,-6681.0,26.86357593536377
-6836.0,-7271.0,-10623.0,26.909437894821167
-6090.0,-10486.0,-8359.0,26.936884880065918
-9093.0,-8503.0,-6824.0,26.97824001312256
-5711.0,-10408.0,-8705.0,27.013576984405518
-9217.0,-8081.0,-7404.0,27.1826388835907
-6559.0,-10472.0,-7918.0,27.21482801437378
-7368.0,-6878.0,-10381.0,27.329020023345947
-9266.0,-7435.0,-7940.0,27.41521906852722
-9160.0,-7124.0,-8421.0,27.489667892456055
-6515.0,-10506.0,-8148.0,27.67547106742859
-7457.0,-10187.0,-6641.0,27.70617699623108
-9241.0,-7993.0,-7443.0,27.757967948913574
-7416.0,-5750.0,-10378.0,27.785248041152954
-9040.0,-8633.0,-6714.0,27.813069105148315
-9225.0,-7999.0,-7469.0,27.902968883514404
-7477.0,-10177.0,-7682.0,27.975117921829224
-9039.0,-8648.0,-6704.0,28.00824999809265
-9050.0,-8522.0,-6699.0,28.238456964492798
-9241.0,-7682.0,-7855.0,28.338598012924194
-5241.0,-10386.0,-9258.0,28.446799993515015
-9198.0,-8202.0,-7204.0,28.491027116775513
-9104.0,-7196.0,-8638.0,28.562927961349487
-5858.0,-8016.0,-10788.0,28.626615047454834
-9136.0,-8294.0,-7063.0,28.67964196205139
-9103.0,-8392.0,-6809.0,28.791116952896118
-9049.0,-8537.0,-6689.0,28.82750701904297
-5861.0,-10405.0,-8917.0,28.944992065429688
-9023.0,-8654.0,-6730.0,29.028949975967407
-6750.0,-10505.0,-7624.0,29.06033706665039
-7570.0,-10107.0,-7553.0,29.29148006439209
-9235.0,-7541.0,-7864.0,29.334256887435913
-9133.0,-6993.0,-8455.0,29.374547004699707
-8991.0,-8662.0,-6728.0,29.442519903182983
-9228.0,-7735.0,-7910.0,29.565372943878174
-6060.0,-10478.0,-8399.0,29.762927055358887
-6565.0,-10466.0,-8196.0,29.79158592224121
-9181.0,-8223.0,-7220.0,29.979273080825806
-9226.0,-7919.0,-7627.0,30.029102087020874
-4450.0,-8844.0,-10506.0,30.137850046157837
-5622.0,-10279.0,-9281.0,30.167150020599365
-8964.0,-8669.0,-6422.0,30.302179098129272
-6608.0,-10451.0,-8015.0,30.335728883743286
-7479.0,-10157.0,-6675.0,30.54091191291809
-8923.0,-6215.0,-9169.0,30.565133094787598
-9272.0,-7864.0,-7510.0,30.6723370552063
-9240.0,-7763.0,-7835.0,30.72173500061035
-7483.0,-10150.0,-7673.0,30.752574920654297
-6105.0,-10458.0,-8465.0,30.864468097686768
-5344.0,-10272.0,-9388.0,31.100433111190796
-5242.0,-10371.0,-9268.0,31.1269690990448
-8916.0,-6801.0,-9106.0,31.178311109542847
-7523.0,-10142.0,-7980.0,31.208590030670166
-9244.0,-7511.0,-7949.0,31.24517297744751
-6406.0,-10535.0,-8093.0,31.274489879608154
-9149.0,-8231.0,-7218.0,31.39414405822754
-6173.0,-10455.0,-8418.0,31.497178077697754
-7532.0,-10121.0,-7659.0,31.65372395515442
-7261.0,-7291.0,-10412.0,31.719479084014893
-9138.0,-8242.0,-7095.0,31.847798109054565
-9221.0,-7573.0,-8047.0,31.892086029052734
-9243.0,-7526.0,-7939.0,31.928226947784424
-6045.0,-10462.0,-8482.0,31.95502996444702
-6436.0,-10543.0,-8053.0,32.07222104072571
-9216.0,-8096.0,-7394.0,32.1762170791626
-8973.0,-6979.0,-9029.0,32.28036904335022
-9137.0,-8279.0,-7073.0,32.4528329372406
-9226.0,-7835.0,-7661.0,32.51145696640015
-9224.0,-7930.0,-7611.0,32.57533407211304
-6623.0,-10435.0,-7884.0,32.603113889694214
-9185.0,-8140.0,-7540.0,32.84276795387268
-9216.0,-8030.0,-7642.0,32.96475005149841
-9218.0,-7846.0,-7925.0,33.02184796333313
-6639.0,-10429.0,-7858.0,33.055264949798584
-6528.0,-10479.0,-7948.0,33.13662910461426
-9049.0,-8525.0,-7135.0,33.44180703163147
-8923.0,-6634.0,-9036.0,33.575984954833984
-9219.0,-7590.0,-8048.0,33.67649006843567
-4281.0,-8851.0,-10494.0,33.702176094055176
-6657.0,-10422.0,-8001.0,33.75928211212158
-8953.0,-8685.0,-6797.0,33.82229709625244
-6483.0,-7544.0,-10791.0,33.84826898574829
-4285.0,-8990.0,-10456.0,33.89605402946472
-9124.0,-8334.0,-7169.0,33.94991493225098
-9168.0,-8194.0,-7244.0,34.011462926864624
-6181.0,-10452.0,-8371.0,34.088051080703735
-6028.0,-10483.0,-8498.0,34.14298605918884
-9044.0,-8532.0,-6838.0,34.17823505401611
-6227.0,-10417.0,-8447.0,34.36754488945007
-6671.0,-10421.0,-7860.0,34.43055295944214
-6106.0,-10443.0,-8475.0,34.55270004272461
-6136.0,-10428.0,-8494.0,34.62755107879639
-8913.0,-6326.0,-9184.0,34.649949073791504
-9164.0,-8160.0,-7388.0,34.710932970047
-9070.0,-6878.0,-8734.0,34.73908090591431
-6015.0,-10454.0,-8522.0,34.776540994644165
-5922.0,-10371.0,-8899.0,34.813190937042236
-6265.0,-10374.0,-8578.0,34.85992908477783
-9194.0,-8032.0,-7961.0,34.980417013168335
-5436.0,-10385.0,-9128.0,35.003868103027344
-9047.0,-7018.0,-8715.0,35.0942120552063
-9211.0,-8041.0,-7445.0,35.16638207435608
-6136.0,-10451.0,-8435.0,35.2547869682312
-9162.0,-7205.0,-8348.0,35.29562592506409
-8906.0,-6912.0,-9121.0,35.360105991363525
-9125.0,-7594.0,-8382.0,35.424938917160034
-5714.0,-10392.0,-9021.0,35.44953107833862
-9033.0,-8543.0,-6715.0,35.4908230304718
-9132.0,-8168.0,-7386.0,35.562602043151855
-9030.0,-8574.0,-6814.0,35.59736490249634
-5539.0,-10310.0,-9222.0,35.62230110168457
-9063.0,-8495.0,-6864.0,35.76396703720093
-8939.0,-8715.0,-7068.0,35.7983500957489
-9186.0,-8088.0,-7434.0,35.83817911148071
-4992.0,-10244.0,-9481.0,35.93925905227661
-9202.0,-7527.0,-8216.0,35.97101306915283
-9120.0,-8248.0,-7752.0,36.03493309020996
-5934.0,-10322.0,-9051.0,36.08587193489075
-8856.0,-6567.0,-9128.0,36.346816062927246
-9189.0,-7711.0,-8096.0,36.666167974472046
-9061.0,-7405.0,-8399.0,37.016546964645386
-9201.0,-7542.0,-8206.0,37.14775490760803
-8930.0,-8823.0,-6647.0,37.21797800064087
-6052.0,-10335.0,-8648.0,37.310165882110596
-5000.0,-10241.0,-9434.0,37.33387589454651
-9027.0,-6909.0,-8907.0,37.4509699344635
-9058.0,-7428.0,-8434.0,37.49181795120239
-5964.0,-10330.0,-9011.0,37.638636112213135
-5001.0,-10226.0,-9444.0,37.66294503211975
-5083.0,-10210.0,-9493.0,37.691540002822876
-6516.0,-10491.0,-8158.0,37.75360703468323
-6308.0,-10359.0,-8397.0,37.8594229221344
-6566.0,-10451.0,-8206.0,37.8852379322052
-6580.0,-10450.0,-8065.0,37.93783092498779
-9022.0,-8585.0,-6872.0,37.9665949344635
-5509.0,-10302.0,-9262.0,38.01266002655029
-6050.0,-10366.0,-8592.0,38.04556393623352
-9044.0,-6972.0,-8739.0,38.07263994216919
-6597.0,-10429.0,-8049.0,38.14932990074158
-9006.0,-8591.0,-6898.0,38.189306020736694
-9023.0,-8570.0,-6882.0,38.251238107681274
-9005.0,-8606.0,-6888.0,38.3389310836792
-9036.0,-7504.0,-8443.0,38.38895010948181
-6022.0,-10327.0,-8688.0,38.5789909362793
-9026.0,-7615.0,-8458.0,38.658528089523315
-4908.0,-10128.0,-9694.0,38.682892084121704
-4823.0,-8904.0,-10451.0,38.737080097198486
-9152.0,-7629.0,-8166.0,38.77607607841492
-9154.0,-8147.0,-7570.0,38.831969022750854
-6478.0,-10340.0,-8447.0,38.89057207107544
-8990.0,-8632.0,-7454.0,38.94992804527283
-6266.0,-10359.0,-8588.0,38.980489015579224
-9134.0,-8152.0,-7428.0,39.08372497558594
-6567.0,-10421.0,-8089.0,39.111886978149414
-9015.0,-7792.0,-8575.0,39.16132688522339
-9156.0,-8041.0,-7637.0,39.25348210334778
-8819.0,-8957.0,-6508.0,39.340461015701294
-6053.0,-10320.0,-8658.0,39.457468032836914
-6135.0,-10304.0,-8707.0,39.51949095726013
-9037.0,-7129.0,-8730.0,39.57721495628357
-9155.0,-8132.0,-7580.0,39.67871689796448
-5332.0,-10163.0,-9471.0,39.7056679725647
-9017.0,-7020.0,-8922.0,39.7406690120697
-7212.0,-10411.0,-8120.0,39.77020788192749
-9019.0,-8539.0,-6896.0,39.835911989212036
-8973.0,-8653.0,-7470.0,39.99285101890564
-5968.0,-10299.0,-9190.0,40.01963806152344
-5965.0,-10315.0,-9021.0,40.047410011291504
-4909.0,-10113.0,-9704.0,40.07256603240967
-4910.0,-10107.0,-9549.0,40.131612062454224
-4922.0,-10058.0,-9701.0,40.15774202346802
-9018.0,-8543.0,-7043.0,40.196799993515015
-7605.0,-6096.0,-10178.0,40.226468086242676
-7612.0,-6172.0,-10164.0,40.26121997833252
-6717.0,-7764.0,-10749.0,40.42071294784546
-5285.0,-10162.0,-9507.0,40.47891807556152
-4953.0,-10051.0,-9671.0,40.53519606590271
-9017.0,-8584.0,-7271.0,40.57544302940369
-9171.0,-7735.0,-7967.0,40.65375089645386
-5044.0,-8819.0,-10491.0,40.689176082611084
-7678.0,-6897.0,-10161.0,40.753021001815796
-9167.0,-7721.0,-8052.0,40.800379037857056
-6091.0,-10277.0,-8789.0,40.892395973205566
-6582.0,-10376.0,-8320.0,41.09959697723389
-6667.0,-7419.0,-10756.0,41.12746500968933
-5635.0,-10041.0,-9626.0,41.162806034088135
-9164.0,-8024.0,-8001.0,41.20949697494507
-9145.0,-7703.0,-8190.0,41.252492904663086
-5889.0,-8009.0,-10758.0,41.28030300140381
-9137.0,-7518.0,-8253.0,41.323259115219116
-8927.0,-8777.0,-6671.0,41.414021015167236
-9031.0,-6988.0,-8739.0,41.50737190246582
-5068.0,-9105.0,-10413.0,41.579363107681274
-9108.0,-8350.0,-7643.0,41.61988401412964
-8916.0,-8848.0,-7245.0,41.6451530456543
-5216.0,-8927.0,-10417.0,41.67578101158142
-6700.0,-10366.0,-8123.0,41.707690954208374
-6474.0,-10338.0,-8466.0,41.74564003944397
-6764.0,-10316.0,-8274.0,41.79043006896973
-8926.0,-8737.0,-7230.0,41.97080993652344
-6153.0,-10291.0,-8686.0,42.18820405006409
-5074.0,-8827.0,-10451.0,42.22030210494995
-9157.0,-7832.0,-8067.0,42.30098009109497
-6193.0,-7906.0,-10749.0,42.3287889957428
-8779.0,-6777.0,-9231.0,42.35926699638367
-6516.0,-10297.0,-8578.0,42.40208411216736
-8805.0,-9015.0,-6459.0,42.50766205787659
-8866.0,-8854.0,-6540.0,42.56843304634094
-6486.0,-10289.0,-8618.0,42.69667410850525
-9005.0,-7143.0,-8806.0,42.86099910736084
-5479.0,-10176.0,-9367.0,42.9233078956604
-9006.0,-7301.0,-8644.0,43.0245680809021
-9014.0,-7486.0,-8581.0,43.05575609207153
-8334.0,-6648.0,-9634.0,43.08792304992676
-7714.0,-7009.0,-10153.0,43.116981983184814
-8814.0,-8907.0,-6880.0,43.27733302116394
-9060.0,-7420.0,-8389.0,43.308796882629395
-6520.0,-10266.0,-8757.0,43.34947395324707
-9078.0,-7876.0,-8204.0,43.392760038375854
-6057.0,-10275.0,-8878.0,43.428694009780884
-8998.0,-7729.0,-8743.0,43.56397199630737
-9144.0,-7783.0,-8150.0,43.62736797332764
-9068.0,-7987.0,-8219.0,43.84023094177246
-9032.0,-8462.0,-7303.0,43.88916993141174
-9031.0,-8477.0,-7293.0,43.97986197471619
-9056.0,-7613.0,-8251.0,44.15193009376526
-7150.0,-10306.0,-8340.0,44.184953927993774
-8708.0,-9042.0,-7460.0,44.33442997932434
-9046.0,-7724.0,-8266.0,44.4285728931427
-5888.0,-8024.0,-10748.0,44.48779296875
-7366.0,-10342.0,-7790.0,44.55603790283203
-8995.0,-7254.0,-8821.0,44.63391900062561
-9088.0,-8241.0,-7835.0,44.74709606170654
-6475.0,-8145.0,-10718.0,44.81908702850342
-8789.0,-8919.0,-7847.0,44.87408900260925
-8993.0,-7088.0,-8837.0,45.06593203544617
-9035.0,-7733.0,-8294.0,45.132627964019775
-4923.0,-10043.0,-9711.0,45.15825700759888
-5380.0,-10149.0,-9447.0,45.224425077438354
-8758.0,-8925.0,-6804.0,45.25316500663757
-6559.0,-10282.0,-8397.0,45.2858190536499
-9092.0,-7794.0,-8102.0,45.33099293708801
-6174.0,-10246.0,-8848.0,45.43701505661011
-6061.0,-10269.0,-8829.0,45.50299692153931
-8743.0,-8954.0,-7549.0,45.5627601146698
-8872.0,-7025.0,-8857.0,45.59306502342224
-8775.0,-9007.0,-6499.0,45.662863969802856
-9082.0,-7803.0,-8143.0,45.7655611038208
-8871.0,-7106.0,-8957.0,45.83423089981079
-6691.0,-10243.0,-8943.0,45.87167406082153
-5528.0,-10147.0,-9353.0,45.93415188789368
-9033.0,-7675.0,-8349.0,46.04162311553955
-9081.0,-7818.0,-8133.0,46.08737802505493
-5381.0,-10134.0,-9457.0,46.202752113342285
-5582.0,-10101.0,-9461.0,46.230995893478394
-5630.0,-10276.0,-9234.0,46.46360802650452
-8735.0,-8990.0,-7027.0,46.498944997787476
-6776.0,-10267.0,-8426.0,46.56447196006775
-5044.0,-10017.0,-9683.0,46.59345293045044
-5757.0,-10183.0,-9260.0,46.696752071380615
-5055.0,-9996.0,-9648.0,46.763099908828735
-5454.0,-8518.0,-10547.0,46.793461084365845
-9078.0,-8352.0,-7850.0,46.85272192955017
-6517.0,-10282.0,-8588.0,46.91497492790222
-6555.0,-10268.0,-8482.0,46.95046305656433
-5093.0,-9988.0,-9669.0,47.0141179561615
-6106.0,-10246.0,-8864.0,47.11053109169006
-9015.0,-8483.0,-7319.0,47.15407395362854
-9051.0,-8036.0,-7915.0,47.21478509902954
-5334.0,-10133.0,-9493.0,47.250871896743774
-9009.0,-8413.0,-7860.0,47.3614559173584
-8865.0,-7179.0,-8827.0,47.432212114334106
-9000.0,-8521.0,-7439.0,47.476069927215576
-9030.0,-7629.0,-8373.0,47.51228404045105
-8863.0,-7121.0,-8882.0,47.65203809738159
-9009.0,-8074.0,-7898.0,47.80405592918396
-6661.0,-10235.0,-8983.0,48.03179097175598
-4670.0,-9665.0,-9974.0,48.063745975494385
-5655.0,-8346.0,-10642.0,48.09586191177368
-8766.0,-7222.0,-9177.0,48.23781490325928
-5649.0,-9971.0,-9633.0,48.26946806907654
-8862.0,-7136.0,-8872.0,48.379462003707886
-5348.0,-10063.0,-9500.0,48.45250606536865
-8795.0,-7046.0,-8982.0,48.52687907218933
-5583.0,-10086.0,-9471.0,48.56008505821228
-5762.0,-9948.0,-9652.0,48.65588307380676
-5679.0,-9817.0,-9875.0,48.69667291641235
-5424.0,-9925.0,-9696.0,48.77115297317505
-5939.0,-10087.0,-9443.0,48.87042188644409
-8833.0,-7145.0,-8957.0,48.90303301811218
-5455.0,-8650.0,-10524.0,48.93446588516235
-5601.0,-10064.0,-9487.0,48.97287893295288
-8730.0,-7488.0,-9259.0,49.216996908187866
-9007.0,-8098.0,-7948.0,49.2923378944397
-8814.0,-7150.0,-8896.0,49.32604002952576
-7398.0,-10334.0,-7792.0,49.354137897491455
-8999.0,-8524.0,-7875.0,49.42917203903198
-8813.0,-7165.0,-8886.0,49.53099703788757
-5073.0,-9549.0,-10002.0,49.563616037368774
-6777.0,-10252.0,-8436.0,49.763866901397705
-8786.0,-7331.0,-8985.0,49.799360036849976
-4845.0,-9558.0,-9976.0,49.83184790611267
-6098.0,-10212.0,-9126.0,49.99176502227783
-5389.0,-9888.0,-9707.0,50.13586497306824
-5191.0,-9534.0,-10122.0,50.200932025909424
-8988.0,-7840.0,-8758.0,50.22874999046326
-6563.0,-10251.0,-8576.0,50.265564918518066
-5722.0,-8386.0,-10597.0,50.35384011268616
-4718.0,-9651.0,-9950.0,50.69249391555786
-8605.0,-6769.0,-9383.0,50.765196084976196
-8897.0,-7439.0,-8786.0,50.79740810394287
-4719.0,-9636.0,-9960.0,50.884942054748535
-6242.0,-7877.0,-10735.0,51.0577449798584
-8977.0,-8133.0,-8034.0,51.12926888465881
-5806.0,-10154.0,-9246.0,51.27125906944275
-4852.0,-9634.0,-9962.0,51.43015503883362
-4733.0,-9566.0,-9967.0,51.46356391906738
-8832.0,-7401.0,-8821.0,51.56316804885864
-4671.0,-9461.0,-10187.0,51.648601055145264
-5502.0,-8456.0,-10567.0,51.67723798751831
-6725.0,-7641.0,-10590.0,51.74949407577515
-8971.0,-8016.0,-8326.0,51.80378007888794
-6908.0,-7564.0,-10580.0,51.96411395072937
-8976.0,-8227.0,-7881.0,52.0512170791626
-6599.0,-10130.0,-9203.0,52.10873794555664
-8987.0,-7855.0,-8748.0,52.144843101501465
-8967.0,-8244.0,-8049.0,52.23301291465759
-5752.0,-8394.0,-10557.0,52.26233696937561
-7163.0,-7406.0,-10504.0,52.327977895736694
-8105.0,-9668.0,-6695.0,52.418883085250854
-5543.0,-8402.0,-10550.0,52.447652101516724
-6008.0,-10106.0,-9260.0,52.48620891571045
-6048.0,-8493.0,-10532.0,52.68568396568298
-7925.0,-9877.0,-7548.0,52.78308701515198
-8946.0,-8329.0,-8231.0,52.84478807449341
-8180.0,-9642.0,-7543.0,52.87310290336609
-8604.0,-6784.0,-9373.0,52.90218806266785
-8471.0,-6709.0,-9517.0,52.9721999168396
-6496.0,-10205.0,-9109.0,53.05872893333435
-8597.0,-7370.0,-9310.0,53.08937191963196
-8130.0,-9660.0,-6543.0,53.184082984924316
-8893.0,-8661.0,-7561.0,53.21509909629822
-8340.0,-9426.0,-6297.0,53.24462389945984
-8184.0,-9585.0,-6548.0,53.30221199989319
-7385.0,-10305.0,-7816.0,53.32654905319214
-5501.0,-8471.0,-10557.0,53.35450005531311
-8879.0,-8766.0,-7315.0,53.42471098899841
-6807.0,-10260.0,-8396.0,53.48110294342041
-8191.0,-9537.0,-7464.0,53.52061605453491
-7243.0,-10210.0,-8510.0,53.590389013290405
-8606.0,-9156.0,-6625.0,53.62054991722107
-8211.0,-9537.0,-6365.0,53.6513888835907
-6130.0,-8154.0,-10582.0,53.687206983566284
-6241.0,-7892.0,-10725.0,53.7133629322052
-8194.0,-9531.0,-7447.0,53.75111389160156
-8570.0,-9224.0,-7504.0,53.81772208213806
-8983.0,-8542.0,-7455.0,53.84972310066223
-8271.0,-9501.0,-7289.0,53.92195701599121
-5045.0,-9813.0,-9896.0,53.94978404045105
-6031.0,-10200.0,-9183.0,54.02053689956665
-7639.0,-10065.0,-7385.0,54.05137896537781
-7316.0,-10283.0,-7841.0,54.08026194572449
-6129.0,-8169.0,-10572.0,54.116039991378784
-5103.0,-9557.0,-9962.0,54.18140888214111
-8556.0,-6798.0,-9397.0,54.20829510688782
-8761.0,-7336.0,-8923.0,54.32345390319824
-7639.0,-10063.0,-8306.0,54.38752007484436
-8960.0,-8624.0,-7494.0,54.47808790206909
-5631.0,-10072.0,-9447.0,54.53794002532959
-5828.0,-8563.0,-10502.0,54.56872797012329
-8756.0,-7406.0,-8830.0,54.62213110923767
-5165.0,-8793.0,-10463.0,54.68299388885498
-6935.0,-7459.0,-10519.0,54.77872705459595
-6136.0,-8245.0,-10558.0,54.814197063446045
-8735.0,-7430.0,-8928.0,54.86965489387512
-5061.0,-9556.0,-9968.0,54.9392728805542
-5753.0,-8379.0,-10567.0,55.01244306564331
-7328.0,-10234.0,-7993.0,55.04073095321655
-5015.0,-9805.0,-9936.0,55.06954002380371
-8582.0,-6817.0,-9318.0,55.09966993331909
-8902.0,-8553.0,-7982.0,55.17226195335388
-5632.0,-10057.0,-9457.0,55.23701810836792
-8968.0,-7871.0,-8392.0,55.45481204986572
-8866.0,-8709.0,-7744.0,55.488632917404175
-8751.0,-7469.0,-8806.0,55.661941051483154
-8548.0,-7399.0,-9324.0,55.72639989852905
-8837.0,-7449.0,-8777.0,55.76185488700867
-8498.0,-7054.0,-9331.0,55.9353449344635
-6099.0,-10003.0,-9556.0,56.008780002593994
-8470.0,-6789.0,-9477.0,56.08488392829895
-8954.0,-7953.0,-8494.0,56.118030071258545
-8481.0,-6892.0,-9332.0,56.19578289985657
-8474.0,-6816.0,-9346.0,56.236790895462036
-6815.0,-10209.0,-8567.0,56.30210590362549
-8406.0,-6941.0,-9591.0,56.42615103721619
-5483.0,-8663.0,-10490.0,56.500158071517944
-5046.0,-9798.0,-9906.0,56.52690005302429
-8731.0,-7360.0,-8998.0,56.561522006988525
-5099.0,-9772.0,-9897.0,56.63426995277405
-4775.0,-9225.0,-10229.0,56.7864511013031
-8469.0,-6804.0,-9467.0,56.82395005226135
-8465.0,-7014.0,-9492.0,56.861095905303955
-7466.0,-10171.0,-7689.0,56.926717042922974
-6072.0,-8779.0,-10454.0,56.95681810379028
-8285.0,-9476.0,-6691.0,57.225663900375366
-5368.0,-9673.0,-9913.0,57.35291504859924
-4762.0,-9427.0,-10199.0,57.38337707519531
-5486.0,-8643.0,-10494.0,57.41585302352905
-8728.0,-7587.0,-8919.0,57.471693992614746
-7359.0,-10227.0,-7963.0,57.54059290885925
-8835.0,-8716.0,-7774.0,57.57949900627136
-8817.0,-8738.0,-7758.0,57.86045789718628
-8334.0,-9413.0,-6601.0,58.07027888298035
-5983.0,-9863.0,-9692.0,58.09929800033569
-5148.0,-9743.0,-9883.0,58.13068604469299
-6815.0,-10166.0,-8653.0,58.204931020736694
-5827.0,-8578.0,-10492.0,58.24007296562195
-6012.0,-10075.0,-9439.0,58.301862955093384
-8944.0,-8064.0,-8509.0,58.33992910385132
-6057.0,-10077.0,-9246.0,58.370018005371094
-8876.0,-8598.0,-7729.0,58.40390706062317
-5514.0,-9740.0,-9893.0,58.50775599479675
-7397.0,-10213.0,-7857.0,58.60100793838501
-8920.0,-8374.0,-7978.0,58.755698919296265
-5350.0,-9695.0,-9897.0,58.81929898262024
-7283.0,-7044.0,-10322.0,58.88848400115967
-6483.0,-8022.0,-10559.0,59.14923691749573
-8361.0,-6739.0,-9621.0,59.178014039993286
-8997.0,-7744.0,-8733.0,59.20244908332825
-6828.0,-7872.0,-10550.0,59.259891986846924
-5263.0,-8826.0,-10388.0,59.32165193557739
-8433.0,-9387.0,-7913.0,59.380300998687744
-7329.0,-10219.0,-8003.0,59.40604209899902
-5013.0,-9381.0,-10195.0,59.434776067733765
-5675.0,-9848.0,-9696.0,59.463990926742554
-8455.0,-7125.0,-9507.0,59.495543003082275
-7361.0,-7282.0,-10321.0,59.53063201904297
-6060.0,-10061.0,-9415.0,59.56836199760437
-6061.0,-10046.0,-9425.0,59.72967290878296
-5355.0,-9270.0,-10207.0,59.76097893714905
-6062.0,-10040.0,-9270.0,59.79578399658203
-7285.0,-10210.0,-8319.0,59.82425308227539
-6309.0,-10014.0,-9393.0,59.86054801940918
-8929.0,-8266.0,-8399.0,59.95742392539978
-8875.0,-8601.0,-8165.0,59.98853802680969
-7529.0,-10072.0,-7682.0,60.17906308174133
-8919.0,-8389.0,-7968.0,60.271512031555176
-7213.0,-10202.0,-8550.0,60.30586910247803
-8722.0,-8089.0,-9186.0,60.40983200073242
-5845.0,-8823.0,-10386.0,60.49923491477966
-8303.0,-6576.0,-9688.0,60.59875011444092
-6847.0,-10158.0,-8655.0,60.665919065475464
-8918.0,-8392.0,-8404.0,60.8061089515686
-6715.0,-10147.0,-8656.0,60.846627950668335
-6834.0,-10129.0,-8679.0,60.91911792755127
-5594.0,-8900.0,-10386.0,60.97853994369507
-8910.0,-8485.0,-7993.0,61.007699966430664
-5485.0,-8658.0,-10484.0,61.037375926971436
-5252.0,-8980.0,-10378.0,61.09949803352356
-8924.0,-7945.0,-8534.0,61.16131091117859
-7286.0,-10195.0,-8329.0,61.192872047424316
-7334.0,-10181.0,-8305.0,61.22438097000122
-6383.0,-8383.0,-10493.0,61.346786975860596
-6765.0,-10107.0,-8704.0,61.47317099571228
-8919.0,-8377.0,-8414.0,61.53327488899231
-7335.0,-10166.0,-8315.0,61.63030004501343
-5194.0,-9523.0,-9974.0,61.69563889503479
-8914.0,-8056.0,-8549.0,61.721741914749146
-5263.0,-9508.0,-9982.0,61.75939893722534
-7545.0,-7157.0,-10286.0,61.82193303108215
-7367.0,-10133.0,-8220.0,61.85121703147888
-6079.0,-8486.0,-10502.0,61.88045907020569
-7151.0,-10097.0,-8770.0,61.92235994338989
-8463.0,-7310.0,-9444.0,61.956186056137085
-8887.0,-7863.0,-8604.0,61.991323947906494
-6966.0,-7452.0,-10489.0,62.051198959350586
-8725.0,-7541.0,-8943.0,62.087197065353394
-8296.0,-7162.0,-9625.0,62.12190890312195
-8295.0,-9418.0,-7334.0,62.15916395187378
-6879.0,-10153.0,-8556.0,62.199259996414185
-8877.0,-7974.0,-8619.0,62.2350549697876
-6518.0,-8059.0,-10548.0,62.42421507835388
-6864.0,-10137.0,-8639.0,62.45837903022766
-8221.0,-7101.0,-9737.0,62.59328508377075
-6965.0,-7467.0,-10479.0,62.65259790420532
-5424.0,-9212.0,-10228.0,62.68459606170654
-8525.0,-9259.0,-7779.0,62.78706693649292
-8293.0,-6687.0,-9703.0,62.90240693092346
-7399.0,-10125.0,-8222.0,62.92937207221985
-6951.0,-7478.0,-10410.0,62.95996403694153
-7058.0,-7421.0,-10386.0,63.00046396255493
-6013.0,-9871.0,-9652.0,63.074039936065674
-5606.0,-9502.0,-10118.0,63.11174297332764
-8286.0,-7273.0,-9640.0,63.14742994308472
-8309.0,-9393.0,-6736.0,63.19638800621033
-6958.0,-7554.0,-10396.0,63.22774696350098
-6618.0,-7926.0,-10538.0,63.28966307640076
-6908.0,-7708.0,-10423.0,63.32296705245972
-8301.0,-6937.0,-9610.0,63.42417597770691
-8215.0,-7141.0,-9760.0,63.45380711555481
-6973.0,-7445.0,-10352.0,63.49141311645508
-6980.0,-7521.0,-10338.0,63.66247892379761
-7752.0,-9983.0,-7852.0,63.709254026412964
-8885.0,-8490.0,-8150.0,63.7413809299469
-8909.0,-8500.0,-7983.0,63.80923795700073
-8236.0,-6928.0,-9647.0,63.84395790100098
-7078.0,-7480.0,-10330.0,63.97336792945862
-6777.0,-10058.0,-8856.0,64.00517702102661
-8803.0,-8221.0,-8657.0,64.04280805587769
-7442.0,-10110.0,-8041.0,64.13861203193665
-8165.0,-6796.0,-9767.0,64.38780903816223
-8845.0,-8605.0,-7759.0,64.49340391159058
-6078.0,-8501.0,-10492.0,64.523677110672
-8836.0,-8701.0,-7784.0,64.6026930809021
-5839.0,-8511.0,-10471.0,64.70200490951538
-8895.0,-8093.0,-8523.0,64.73435807228088
-5838.0,-8526.0,-10461.0,64.96961307525635
-6625.0,-8002.0,-10524.0,65.02830910682678
-5202.0,-9380.0,-10132.0,65.06342101097107
-5525.0,-9518.0,-9898.0,65.12851405143738
-8833.0,-8695.0,-8096.0,65.27442288398743
-5024.0,-9329.0,-10164.0,65.33402991294861
-6915.0,-8118.0,-10334.0,65.40185189247131
-7458.0,-10104.0,-8015.0,65.43300890922546
-6983.0,-7515.0,-10321.0,65.50777292251587
-7416.0,-10104.0,-8206.0,65.7080750465393
-7000.0,-7677.0,-10320.0,65.74848890304565
-6950.0,-8155.0,-10323.0,65.78183102607727
-6143.0,-9779.0,-9805.0,65.85106706619263
-8353.0,-7340.0,-9548.0,65.88331007957458
-7106.0,-7407.0,-10362.0,65.91753101348877
-8928.0,-8281.0,-8389.0,65.9815239906311
-7207.0,-7597.0,-10313.0,66.01427602767944
-7459.0,-10089.0,-8025.0,66.0424599647522
-7046.0,-7567.0,-10320.0,66.14450192451477
-6753.0,-9997.0,-9208.0,66.23045706748962
-6358.0,-9985.0,-9379.0,66.35817694664001
-6667.0,-7897.0,-10524.0,66.38450407981873
-6845.0,-10055.0,-8809.0,66.44493293762207
-6778.0,-10043.0,-8866.0,66.47939705848694
-7928.0,-9780.0,-7875.0,66.63795804977417
-6328.0,-9977.0,-9419.0,66.66860795021057
-7987.0,-9772.0,-7701.0,66.78949999809265
-8879.0,-8492.0,-8023.0,66.81841707229614
-6734.0,-10034.0,-9182.0,66.88896894454956
-6674.0,-7973.0,-10510.0,67.00533699989319
-8326.0,-7249.0,-9561.0,67.03641605377197
-6314.0,-8398.0,-10485.0,67.06784510612488
-6567.0,-8258.0,-10458.0,67.10059094429016
-7253.0,-7678.0,-10307.0,67.21100902557373
-6643.0,-9906.0,-9452.0,67.28535103797913
-6836.0,-7749.0,-10391.0,67.32079601287842
-5578.0,-9087.0,-10313.0,67.35212707519531
-7050.0,-8022.0,-10313.0,67.38668704032898
-6808.0,-10051.0,-8826.0,67.42002892494202
-7812.0,-9957.0,-8002.0,67.51049399375916
-6881.0,-7730.0,-10362.0,67.58666801452637
-6181.0,-8431.0,-10479.0,67.61727809906006
-6361.0,-9974.0,-9237.0,67.66692399978638
-6799.0,-8692.0,-10386.0,67.7880380153656
-6432.0,-8354.0,-10479.0,67.90410494804382
-6735.0,-10019.0,-9192.0,67.9839859008789
-7595.0,-7502.0,-10279.0,68.03883790969849
-6783.0,-10005.0,-9168.0,68.08535408973694
-6410.0,-9515.0,-9878.0,68.2390730381012
-8855.0,-8482.0,-8190.0,68.27290511131287
-6784.0,-9990.0,-9178.0,68.3098509311676
-7304.0,-10173.0,-8345.0,68.34231090545654
-6861.0,-9981.0,-8960.0,68.4063560962677
-7386.0,-10096.0,-8246.0,68.47776508331299
-6848.0,-7981.0,-10358.0,68.51026010513306
-6889.0,-9993.0,-8776.0,68.5407600402832
-6859.0,-9985.0,-8816.0,68.6095519065857
-6104.0,-9837.0,-9664.0,68.6489999294281
-6616.0,-8229.0,-10444.0,68.9306800365448
-7286.0,-10001.0,-8749.0,69.11691689491272
-6865.0,-7773.0,-10341.0,69.15511393547058
-6087.0,-8442.0,-10417.0,69.21940207481384
-8019.0,-9764.0,-7703.0,69.3093318939209
-8845.0,-8593.0,-8205.0,69.33834600448608
-5442.0,-9457.0,-10122.0,69.39314889907837
-6117.0,-8472.0,-10396.0,69.45427107810974
-6907.0,-9971.0,-8792.0,69.56854391098022
-8813.0,-8586.0,-8288.0,69.74181890487671
-5265.0,-9281.0,-10125.0,69.77720904350281
-6673.0,-7988.0,-10500.0,69.80796194076538
-8706.0,-8250.0,-8764.0,69.86727809906006
-6972.0,-9966.0,-8843.0,69.94411301612854
-5741.0,-9733.0,-9858.0,69.99846291542053
-6401.0,-9776.0,-9618.0,70.087886095047
-6009.0,-8868.0,-10382.0,70.16933393478394
-8462.0,-7390.0,-9404.0,70.19860696792603
-7335.0,-9972.0,-8735.0,70.34505105018616
-7863.0,-9849.0,-7991.0,70.43658709526062
-8036.0,-9743.0,-7687.0,70.58343195915222
-8690.0,-8982.0,-8064.0,70.60884404182434
-6624.0,-8048.0,-10388.0,70.64252305030823
-7287.0,-9986.0,-8759.0,70.68637490272522
-8413.0,-7495.0,-9345.0,70.7185800075531
-8769.0,-8810.0,-8039.0,70.75022888183594
-8482.0,-7499.0,-9212.0,70.94096088409424
-7904.0,-9829.0,-7868.0,70.96713590621948
-5727.0,-9470.0,-9912.0,71.0456531047821
-8702.0,-8478.0,-8487.0,71.09480309486389
-7912.0,-9786.0,-7901.0,71.16304802894592
-8742.0,-8929.0,-7724.0,71.18812799453735
-7378.0,-9957.0,-8554.0,71.25174903869629
-8420.0,-7519.0,-9205.0,71.31095910072327
-8681.0,-9090.0,-7643.0,71.5709080696106
-6910.0,-9952.0,-8946.0,71.59951210021973
-8417.0,-7490.0,-9249.0,71.64245891571045
-5772.0,-9726.0,-9828.0,71.66932511329651
-8419.0,-7534.0,-9195.0,71.76682806015015
-8385.0,-7504.0,-9325.0,71.81435894966125
-5692.0,-8933.0,-10311.0,71.91489791870117
-8378.0,-8090.0,-9262.0,71.96314001083374
-5742.0,-9718.0,-9868.0,71.98990893363953
-7194.0,-10082.0,-8589.0,72.13304209709167
-5627.0,-9400.0,-9921.0,72.17553496360779
-8759.0,-8445.0,-8408.0,72.2168140411377
-8388.0,-7606.0,-9195.0,72.26936101913452
-5793.0,-9386.0,-9948.0,72.4036500453949
-6076.0,-9623.0,-9819.0,72.46829199790955
-6095.0,-9586.0,-9845.0,72.52354907989502
-7524.0,-9933.0,-8410.0,72.55805110931396
-6880.0,-9944.0,-8986.0,72.76932501792908
-7305.0,-9964.0,-8775.0,72.8411500453949
-8397.0,-7381.0,-9441.0,72.87890911102295
-7088.0,-9887.0,-9169.0,73.00541305541992
-8696.0,-8361.0,-8779.0,73.03754711151123
-7603.0,-7379.0,-10120.0,73.09335207939148
-8373.0,-7449.0,-9356.0,73.20474791526794
-7755.0,-9886.0,-8179.0,73.26567602157593
-7708.0,-7064.0,-10111.0,73.29224300384521
-6168.0,-9385.0,-10044.0,73.35641288757324
-8305.0,-7391.0,-9388.0,73.41879606246948
-8297.0,-8069.0,-9397.0,73.45596408843994
-5819.0,-9232.0,-10137.0,73.49071907997131
-8375.0,-7615.0,-9340.0,73.56464791297913
-5691.0,-8948.0,-10301.0,73.59272003173828
-8734.0,-8758.0,-8313.0,73.62592101097107
-7099.0,-7993.0,-10299.0,73.65607810020447
-5775.0,-9456.0,-9888.0,73.69426393508911
-8826.0,-8630.0,-8179.0,73.72245001792908
-5776.0,-9441.0,-9898.0,73.95244598388672
-5733.0,-8879.0,-10294.0,73.97863101959229
-5931.0,-8955.0,-10290.0,74.00794005393982
-5645.0,-9127.0,-10268.0,74.15702700614929
-5823.0,-9394.0,-9908.0,74.19444799423218
-8725.0,-8866.0,-7892.0,74.22190403938293
-7786.0,-7302.0,-10110.0,74.38674402236938
-8278.0,-7515.0,-9439.0,74.41907906532288
-8230.0,-7433.0,-9484.0,74.53092408180237
-6431.0,-8369.0,-10469.0,74.73417806625366
-7275.0,-7645.0,-10249.0,74.86792302131653
-7232.0,-8111.0,-10248.0,74.99571800231934
-7443.0,-9901.0,-8471.0,75.02598905563354
-8260.0,-9493.0,-8217.0,75.16370797157288
-8664.0,-9111.0,-7659.0,75.25053095817566
-8653.0,-8626.0,-8842.0,75.28205299377441
-7929.0,-9765.0,-7885.0,75.33785390853882
-6402.0,-9761.0,-9628.0,75.41056203842163
-7930.0,-9759.0,-7730.0,75.43589210510254
-8007.0,-9748.0,-7847.0,75.4628279209137
-5500.0,-9201.0,-10188.0,75.49309992790222
-8708.0,-8887.0,-7908.0,75.5214569568634
-7353.0,-7883.0,-10248.0,75.69136691093445
-6366.0,-9739.0,-9629.0,75.7643210887909
-8146.0,-7583.0,-9696.0,75.79344391822815
-8651.0,-9082.0,-7683.0,75.82182192802429
-6167.0,-9738.0,-9657.0,75.84948897361755
-8043.0,-9681.0,-7748.0,75.87968707084656
-5676.0,-9120.0,-10238.0,75.93205094337463
-8180.0,-7482.0,-9514.0,76.0089499950409
-8679.0,-8298.0,-8947.0,76.03836798667908
-6656.0,-9804.0,-9231.0,76.10631990432739
-8632.0,-9119.0,-7657.0,76.17210102081299
-5425.0,-9197.0,-10238.0,76.22431111335754
-8060.0,-9660.0,-7732.0,76.28233098983765
-7195.0,-9873.0,-9019.0,76.31646394729614
-8150.0,-7597.0,-9611.0,76.35058689117432
-8724.0,-8881.0,-7882.0,76.5056619644165
-6827.0,-9781.0,-9417.0,76.54610705375671
-8618.0,-9006.0,-8014.0,76.57593107223511
-6520.0,-9606.0,-9634.0,76.60638403892517
-8368.0,-8201.0,-9277.0,76.63963103294373
-6169.0,-9370.0,-10054.0,76.6696879863739
-5980.0,-9017.0,-10229.0,76.76391506195068
-7640.0,-9854.0,-8736.0,76.86307501792908
-8099.0,-9610.0,-7604.0,76.89512491226196
-5675.0,-9135.0,-10228.0,76.9234790802002
-7756.0,-9871.0,-8189.0,76.94939398765564
-5666.0,-9342.0,-10062.0,77.0167338848114
-8110.0,-7849.0,-9778.0,77.0454170703888
-7757.0,-9865.0,-8034.0,77.07225608825684
-8129.0,-9618.0,-7564.0,77.10147404670715
-7833.0,-9841.0,-8031.0,77.13260006904602
-8172.0,-7350.0,-9521.0,77.18291091918945
-6565.0,-9668.0,-9453.0,77.2421350479126
-8355.0,-7751.0,-9279.0,77.28095197677612
-6409.0,-9653.0,-9459.0,77.31513905525208
-8535.0,-9148.0,-7764.0,77.34644103050232
-7810.0,-7136.0,-9972.0,77.3751289844513
-8306.0,-7780.0,-9293.0,77.46670293807983
-8213.0,-7506.0,-9476.0,77.54219794273376
-6501.0,-9643.0,-9608.0,77.73905491828918
-7459.0,-9895.0,-8445.0,77.82203102111816
-7880.0,-9794.0,-7899.0,77.91848993301392
-8617.0,-9021.0,-8004.0,77.98018002510071
-5502.0,-9138.0,-10161.0,78.02058911323547
-7989.0,-7144.0,-9817.0,78.27853107452393
-6115.0,-8693.0,-10284.0,78.31189203262329
-6077.0,-8705.0,-10279.0,78.34548211097717
-7776.0,-9828.0,-8060.0,78.40570902824402
-7336.0,-9957.0,-8745.0,78.43219304084778
-7374.0,-9943.0,-8639.0,78.49080991744995
-7460.0,-9880.0,-8455.0,78.52680993080139
-8144.0,-9572.0,-7891.0,78.67108607292175
-6127.0,-8731.0,-10276.0,78.7040159702301
-8569.0,-9035.0,-8028.0,78.78069591522217
-7731.0,-9825.0,-8531.0,78.82026696205139
-8277.0,-7530.0,-9429.0,78.95533394813538
-7887.0,-9766.0,-8036.0,79.04824709892273
-7383.0,-7574.0,-10185.0,79.07624506950378
-8661.0,-8797.0,-8253.0,79.13892006874084
-8011.0,-9689.0,-7746.0,79.3918399810791
-7818.0,-9787.0,-8172.0,79.50720405578613
-8221.0,-7691.0,-9413.0,79.60815095901489
-8284.0,-9412.0,-7341.0,79.79208898544312
-7985.0,-7130.0,-9902.0,79.92125105857849
-7926.0,-9716.0,-7908.0,79.98956298828125
-8170.0,-7911.0,-9425.0,80.03925204277039
-5778.0,-9065.0,-10215.0,80.06667399406433
-6372.0,-9040.0,-10200.0,80.13843297958374
-6029.0,-8988.0,-10215.0,80.24979209899902
-8166.0,-7692.0,-9504.0,80.29586505889893
-7956.0,-9724.0,-7868.0,80.32583594322205
-6453.0,-8716.0,-10240.0,80.36038208007812
-7405.0,-7541.0,-10127.0,80.38978004455566
-7906.0,-9640.0,-8230.0,80.47698307037354
-7849.0,-9780.0,-8142.0,80.6025960445404
-8022.0,-9674.0,-7838.0,80.65220093727112
-8160.0,-9533.0,-7735.0,80.68386602401733
-8627.0,-8898.0,-8435.0,80.80955505371094
-7261.0,-9781.0,-8865.0,80.8383719921112
-7942.0,-9710.0,-7882.0,80.86770391464233
-6755.0,-9629.0,-9605.0,80.99883103370667
-7987.0,-9639.0,-8039.0,81.03448796272278
-7408.0,-7535.0,-10110.0,81.06410002708435
-7706.0,-7610.0,-10080.0,81.15306091308594
-7943.0,-9695.0,-7892.0,81.22386908531189
-8030.0,-9652.0,-7772.0,81.26132202148438
-7974.0,-9702.0,-7884.0,81.29045796394348
-7973.0,-9703.0,-7852.0,81.38537693023682
-7975.0,-9687.0,-7894.0,81.51269388198853
-7356.0,-7586.0,-10100.0,81.57537007331848
-6841.0,-9749.0,-9234.0,81.6428279876709
-8045.0,-9635.0,-8108.0,81.748300075531
-8644.0,-8734.0,-8421.0,81.7761549949646
-7361.0,-7760.0,-10089.0,81.81287908554077
-6808.0,-8403.0,-10282.0,81.87429904937744
-7984.0,-7145.0,-9892.0,82.20420908927917
-6953.0,-9743.0,-9185.0,82.24164009094238
-7977.0,-7731.0,-9829.0,82.27102994918823
-6857.0,-8374.0,-10268.0,82.29930996894836
-8005.0,-9695.0,-7854.0,82.35557103157043
-7936.0,-7159.0,-9916.0,82.38880705833435
-8517.0,-9088.0,-8368.0,82.419930934906
-5917.0,-9106.0,-10157.0,82.44875597953796
-7991.0,-9681.0,-7868.0,82.60202503204346
-8630.0,-8327.0,-8961.0,82.63026690483093
-7813.0,-9748.0,-8432.0,82.70951890945435
-7857.0,-9758.0,-8076.0,82.73973202705383
-6954.0,-9728.0,-9195.0,82.78222990036011
-7992.0,-9666.0,-7878.0,82.811842918396
-8481.0,-8148.0,-9018.0,82.86832308769226
-7872.0,-9741.0,-8412.0,82.90240907669067
-7819.0,-9772.0,-8182.0,82.9672749042511
-6918.0,-9706.0,-9196.0,83.00600504875183
-7180.0,-9649.0,-9394.0,83.05367398262024
-7496.0,-7664.0,-10068.0,83.0929229259491
-7320.0,-9774.0,-8845.0,83.3414409160614
-7224.0,-8712.0,-10175.0,83.73432207107544
-6502.0,-9628.0,-9618.0,83.78903603553772
-7379.0,-9748.0,-8984.0,83.87676906585693
-5839.0,-9193.0,-10065.0,83.91978001594543
-6402.0,-9048.0,-10160.0,83.98312306404114
-8678.0,-8313.0,-8937.0,84.03784608840942
-6546.0,-9145.0,-10069.0,84.08885407447815
-8508.0,-9196.0,-7947.0,84.21007800102234
-7928.0,-7760.0,-9843.0,84.29129099845886
-7503.0,-7740.0,-10054.0,84.53578591346741
-8395.0,-8153.0,-9094.0,84.62696409225464
-8601.0,-8943.0,-8182.0,84.64931607246399
-8637.0,-8787.0,-8420.0,84.67308592796326
-8480.0,-8228.0,-8978.0,84.72578692436218
-7878.0,-7415.0,-9850.0,84.77695798873901
-6453.0,-9429.0,-9708.0,84.83968496322632
-7868.0,-7374.0,-9905.0,84.86915397644043
-7204.0,-9710.0,-9042.0,84.90071988105774
-8610.0,-8835.0,-8603.0,84.99042201042175
-8450.0,-8220.0,-9018.0,85.04229092597961
-8128.0,-7831.0,-9510.0,85.12781310081482
-8150.0,-7798.0,-9452.0,85.21009111404419
-8111.0,-7721.0,-9517.0,85.2690179347992
-7205.0,-9695.0,-9052.0,85.32498502731323
-7393.0,-9716.0,-8801.0,85.429044008255
-7714.0,-7487.0,-9921.0,85.46830797195435
-8063.0,-9540.0,-7952.0,85.49690198898315
-6594.0,-9390.0,-9843.0,85.54905390739441
-8600.0,-8958.0,-8172.0,85.63905000686646
-7732.0,-9616.0,-8961.0,85.68604302406311
-7907.0,-9625.0,-8240.0,85.85280990600586
-7955.0,-9611.0,-8216.0,85.88074707984924
-8387.0,-8319.0,-9025.0,85.93561291694641
-8079.0,-9534.0,-7926.0,85.96085405349731
-6328.0,-9264.0,-9951.0,85.98929500579834
-8551.0,-8987.0,-8186.0,86.01267504692078
-7435.0,-7955.0,-10043.0,86.04277992248535
-8552.0,-8972.0,-8196.0,86.07352495193481
-8383.0,-8189.0,-9026.0,86.10602498054504
-5941.0,-9075.0,-10088.0,86.22629499435425
-8367.0,-8410.0,-8847.0,86.25976705551147
-8377.0,-8105.0,-9252.0,86.36846494674683
-8338.0,-8328.0,-8928.0,86.43283104896545
-8329.0,-8424.0,-8953.0,86.47015810012817
-6028.0,-9003.0,-10205.0,86.52983498573303
-8081.0,-9532.0,-8056.0,86.55774188041687
-8449.0,-8235.0,-9008.0,86.58505296707153
-8099.0,-9510.0,-8072.0,86.64471697807312
-8369.0,-8120.0,-9177.0,86.7633171081543
-6885.0,-9525.0,-9483.0,86.7916750907898
-7286.0,-9637.0,-9002.0,87.03125309944153
-7545.0,-7635.0,-10054.0,87.05690097808838
-8570.0,-8950.0,-8212.0,87.08006310462952
-8130.0,-9503.0,-8042.0,87.23526501655579
-7267.0,-9611.0,-9035.0,87.28883099555969
-7759.0,-7468.0,-9892.0,87.31851506233215
-7956.0,-9596.0,-8226.0,87.36613011360168
-8367.0,-8216.0,-9267.0,87.39591407775879
-7994.0,-9582.0,-8120.0,87.42422604560852
-7552.0,-7711.0,-10040.0,87.45169997215271
-8489.0,-9092.0,-8033.0,87.57293391227722
-7972.0,-9556.0,-8124.0,87.71883392333984
-8478.0,-9188.0,-7987.0,87.7489058971405
-7979.0,-9528.0,-8261.0,87.8264229297638
-8324.0,-8425.0,-9028.0,87.860426902771
-7905.0,-9620.0,-8298.0,87.88449096679688
-8312.0,-8361.0,-9121.0,87.94640803337097
-7307.0,-9596.0,-9172.0,87.98043203353882
-6755.0,-8916.0,-10137.0,88.02382588386536
-7261.0,-8121.0,-10023.0,88.0533800125122
-6691.0,-9368.0,-9757.0,88.08565497398376
-7888.0,-9557.0,-8466.0,88.31926393508911
-7450.0,-7806.0,-10018.0,88.35577702522278
-6643.0,-9193.0,-9984.0,88.42440700531006
-7556.0,-7725.0,-9955.0,88.48068308830261
-7677.0,-8430.0,-9916.0,88.56619906425476
-7925.0,-9603.0,-8256.0,88.59270596504211
-7980.0,-9513.0,-8271.0,88.62144994735718
-8121.0,-8417.0,-9447.0,88.75731205940247
-6823.0,-9466.0,-9502.0,88.78701591491699
-7480.0,-7814.0,-9978.0,88.83107709884644
-8441.0,-9106.0,-8057.0,88.86029195785522
-7788.0,-7682.0,-9875.0,88.92610692977905
-8561.0,-8864.0,-8617.0,88.98048210144043
-7310.0,-8092.0,-10009.0,89.01133394241333
-8328.0,-8439.0,-8943.0,89.10646510124207
-7858.0,-9549.0,-8506.0,89.17415499687195
-7298.0,-9604.0,-9005.0,89.2225968837738
-8326.0,-8430.0,-8970.0,89.25129389762878
-7335.0,-9608.0,-8988.0,89.30689191818237
-8352.0,-9255.0,-8442.0,89.33962893486023
-8051.0,-9524.0,-8096.0,89.42336988449097
-8314.0,-8726.0,-8682.0,89.47339200973511
-6998.0,-9359.0,-9504.0,89.50681710243225
-6783.0,-9351.0,-9518.0,89.57975602149963
-7930.0,-9557.0,-8275.0,89.63068795204163
-7892.0,-9571.0,-8381.0,89.65816688537598
-6305.0,-9170.0,-10028.0,89.68944597244263
-8325.0,-8445.0,-8960.0,89.81231808662415
-7941.0,-9542.0,-8367.0,89.86993908882141
-7551.0,-7726.0,-10030.0,89.89846706390381
-6962.0,-9482.0,-9445.0,89.93178796768188
-7494.0,-7967.0,-9974.0,89.97466993331909
-8282.0,-8519.0,-8959.0,90.03539991378784
-7793.0,-7856.0,-9864.0,90.09469604492188
-7365.0,-9341.0,-9524.0,90.12819290161133
-7726.0,-7719.0,-9888.0,90.16807508468628
-8105.0,-7902.0,-9462.0,90.21577191352844
-8100.0,-9495.0,-8082.0,90.2864499092102
-6988.0,-9307.0,-9711.0,90.41069102287292
-7321.0,-9565.0,-9275.0,90.43982291221619
-7530.0,-8159.0,-9971.0,90.48228693008423
-7445.0,-7996.0,-9988.0,90.60703206062317
-7893.0,-9556.0,-8391.0,90.68351697921753
-6999.0,-9344.0,-9514.0,90.71980309486389
-7916.0,-9517.0,-8661.0,90.82085490226746
-8102.0,-8450.0,-9705.0,90.93685388565063
-7848.0,-9633.0,-8414.0,91.00278401374817
-7364.0,-9550.0,-9094.0,91.07479000091553
-7862.0,-9563.0,-8421.0,91.14334893226624
-6872.0,-9437.0,-9488.0,91.20341491699219
-8281.0,-8368.0,-9151.0,91.33295202255249
-6886.0,-9367.0,-9495.0,91.42232489585876
-6720.0,-9352.0,-9611.0,91.44953203201294
-7942.0,-9527.0,-8377.0,91.4982180595398
-7949.0,-9520.0,-8301.0,91.6166820526123
-6721.0,-9337.0,-9621.0,91.68055009841919
-8151.0,-8302.0,-9350.0,91.77607107162476
-8312.0,-8672.0,-8709.0,91.82049894332886
-8017.0,-9485.0,-8281.0,91.8485209941864
-6916.0,-9375.0,-9455.0,91.93832206726074
-8609.0,-8850.0,-8593.0,92.0208261013031
-7964.0,-9503.0,-8637.0,92.09055089950562
-7412.0,-9536.0,-9070.0,92.11712002754211
-8232.0,-8525.0,-9248.0,92.32910299301147
-8282.0,-8654.0,-8721.0,92.5287230014801
-7965.0,-9488.0,-8647.0,92.60266494750977
-7911.0,-9534.0,-8407.0,92.70518803596497
-6885.0,-9382.0,-9485.0,92.73393607139587
-8268.0,-8585.0,-8872.0,92.79237699508667
-8257.0,-8631.0,-8763.0,92.91019010543823
-7989.0,-9419.0,-8316.0,92.97131109237671
-8255.0,-8640.0,-8744.0,93.01138305664062
-8061.0,-9423.0,-8248.0,93.08328294754028
-8311.0,-8376.0,-9111.0,93.17438101768494
-7413.0,-9521.0,-9080.0,93.22635197639465
-8284.0,-8919.0,-8443.0,93.27211403846741
-7437.0,-9492.0,-9050.0,93.30272197723389
-8274.0,-9030.0,-8458.0,93.34709405899048
-8238.0,-8743.0,-8710.0,93.38470196723938
-8257.0,-8967.0,-8626.0,93.42805910110474
-8254.0,-8655.0,-8734.0,93.49278211593628
-8298.0,-8431.0,-8983.0,93.52262997627258
-8295.0,-8437.0,-9000.0,93.55165600776672
-8251.0,-8661.0,-8751.0,93.69813299179077
-8243.0,-8742.0,-8635.0,93.73952293395996
-8267.0,-9265.0,-7993.0,93.77329897880554
-8275.0,-8454.0,-9042.0,93.85872006416321
-7146.0,-9357.0,-9410.0,93.88798904418945
-8294.0,-8417.0,-9068.0,93.92284107208252
-8260.0,-8546.0,-8913.0,93.95365405082703
-8252.0,-8646.0,-8761.0,94.02870988845825
-8236.0,-8677.0,-8718.0,94.15207099914551
-7309.0,-8107.0,-9999.0,94.20918202400208
-8031.0,-9415.0,-8288.0,94.27485704421997
-6705.0,-9298.0,-9764.0,94.31929898262024
-8089.0,-9411.0,-8357.0,94.43478393554688
-8233.0,-8683.0,-8735.0,94.59043097496033
-7494.0,-9459.0,-8971.0,94.73922991752625
-8252.0,-8634.0,-9056.0,94.8158929347992
-8226.0,-8974.0,-8656.0,94.98925709724426
-8251.0,-8649.0,-9046.0,95.12479305267334
-7356.0,-9449.0,-9103.0,95.15508699417114
-7443.0,-9406.0,-8983.0,95.19878792762756
-8208.0,-8858.0,-8807.0,95.30223989486694
-7481.0,-9358.0,-8977.0,95.42052388191223
-7374.0,-9427.0,-9119.0,95.47744297981262
-7442.0,-8407.0,-9945.0,95.52001404762268
-7499.0,-9336.0,-8993.0,95.563796043396
-8262.0,-8410.0,-9151.0,95.66371703147888
-7999.0,-9387.0,-8465.0,95.787348985672
-8212.0,-8749.0,-8665.0,95.85970401763916
-7709.0,-9317.0,-9080.0,95.89995002746582
-6735.0,-9306.0,-9724.0,95.92473101615906
-7378.0,-9399.0,-9227.0,95.9495759010315
-7770.0,-9450.0,-8681.0,96.06448292732239
-7248.0,-9486.0,-9291.0,96.30374693870544
-6652.0,-9134.0,-9909.0,96.33414602279663
-7405.0,-9420.0,-9089.0,96.38396191596985
-7032.0,-9083.0,-9960.0,96.49998593330383
-8110.0,-9394.0,-8234.0,96.51996207237244
-7796.0,-9444.0,-8726.0,96.54380989074707
-6753.0,-9284.0,-9740.0,96.68898510932922
-7428.0,-9352.0,-9124.0,96.78093910217285
-7379.0,-9381.0,-9138.0,96.87616801261902
-7390.0,-9366.0,-9230.0,96.8999719619751
-7530.0,-9329.0,-8963.0,96.92918801307678
-8188.0,-8749.0,-8999.0,96.96423292160034
-8111.0,-9314.0,-8274.0,97.01808309555054
-8023.0,-9304.0,-8510.0,97.04861187934875
-6754.0,-9269.0,-9750.0,97.14844298362732
-7429.0,-9337.0,-9134.0,97.20000910758972
-8173.0,-9294.0,-8281.0,97.32481789588928
-6794.0,-9254.0,-9755.0,97.36847305297852
-6824.0,-9262.0,-9715.0,97.40993309020996
-6788.0,-9126.0,-9761.0,97.46921110153198
-7950.0,-9311.0,-8731.0,97.5192449092865
-8120.0,-9282.0,-8424.0,97.54941511154175
-7800.0,-9288.0,-8875.0,97.6570930480957
-8256.0,-8982.0,-8616.0,97.71320605278015
-7456.0,-9312.0,-9319.0,97.74664902687073
-7931.0,-9348.0,-8705.0,97.77666807174683
-7391.0,-9351.0,-9240.0,97.79822587966919
-8143.0,-9286.0,-8321.0,97.82590198516846
-7398.0,-9344.0,-9164.0,97.85206699371338
-7031.0,-9292.0,-9530.0,97.90332388877869
-7297.0,-9457.0,-9277.0,97.92291188240051
-7311.0,-9387.0,-9284.0,97.9506471157074
-7219.0,-9274.0,-9544.0,98.02299904823303
-8213.0,-9056.0,-8615.0,98.09773397445679
-7997.0,-9382.0,-8523.0,98.1272280216217
-7413.0,-9327.0,-9500.0,98.15428590774536
-6915.0,-9228.0,-9727.0,98.235102891922
-7088.0,-9174.0,-9701.0,98.28828811645508
-7466.0,-9309.0,-9144.0,98.32837700843811
-7341.0,-9395.0,-9244.0,98.34977293014526
-6885.0,-8812.0,-10015.0,98.37994003295898
-7457.0,-9103.0,-9749.0,98.48298597335815
-7583.0,-9259.0,-9097.0,98.52749609947205
-7932.0,-9333.0,-8715.0,98.56174802780151
-8181.0,-9283.0,-8223.0,98.65994501113892
-7797.0,-7870.0,-9779.0,98.75054788589478
-7342.0,-9380.0,-9254.0,98.77400803565979
-8193.0,-8947.0,-8807.0,98.85350108146667
-8174.0,-9279.0,-8291.0,98.87858200073242
-7510.0,-9247.0,-9111.0,99.04123210906982
-7998.0,-9367.0,-8533.0,99.06991791725159
-7360.0,-9358.0,-9270.0,99.16162991523743
-8273.0,-9045.0,-8448.0,99.22381806373596
-8231.0,-8540.0,-9238.0,99.3824999332428
-8029.0,-9195.0,-8499.0,99.41801905632019
-8169.0,-9280.0,-8366.0,99.44707894325256
-7480.0,-9239.0,-9151.0,99.48247909545898
-7995.0,-9373.0,-8550.0,99.50768303871155
-8178.0,-8850.0,-8847.0,99.54630589485168
-8008.0,-9279.0,-8886.0,99.57015299797058
-6797.0,-9060.0,-9989.0,99.61885499954224
-8153.0,-9185.0,-8473.0,99.66123390197754
-7735.0,-8112.0,-9798.0,99.69848704338074
-8183.0,-8582.0,-9176.0,99.8560209274292
-7538.0,-9235.0,-9220.0,99.89607810974121
-8155.0,-9090.0,-8523.0,99.96319198608398
-7980.0,-9319.0,-8691.0,100.04883003234863
-7686.0,-8141.0,-9812.0,100.078125
-8030.0,-9180.0,-8509.0,100.24698495864868
-8123.0,-9177.0,-8513.0,100.30898809432983
-8144.0,-8805.0,-8852.0,100.45975995063782
-8149.0,-9171.0,-8558.0,100.54062104225159
-7985.0,-9318.0,-8616.0,100.56321096420288
-8139.0,-8806.0,-8927.0,100.59580898284912
-8110.0,-8621.0,-9116.0,100.83362007141113
-8154.0,-9170.0,-8483.0,100.89646697044373
-7560.0,-9138.0,-9137.0,100.95082688331604
-6978.0,-9129.0,-9720.0,100.97645807266235
-7834.0,-9226.0,-8954.0,101.02650308609009
-8120.0,-8432.0,-9437.0,101.04931092262268
-8158.0,-8741.0,-9039.0,101.12763810157776
-8083.0,-9050.0,-8619.0,101.24300909042358
-8041.0,-9158.0,-8772.0,101.27017998695374
-8072.0,-9107.0,-8651.0,101.30270791053772
-8073.0,-8971.0,-8748.0,101.34684801101685
-7573.0,-9120.0,-9202.0,101.38302707672119
-7683.0,-9126.0,-9087.0,101.56753706932068
-7288.0,-8540.0,-9940.0,101.59751892089844
-7472.0,-9128.0,-9373.0,101.67471408843994
-8101.0,-8659.0,-9275.0,101.70165705680847
-7622.0,-9118.0,-9144.0,101.73935198783875
-8127.0,-8826.0,-8868.0,101.83794808387756
-7981.0,-9304.0,-8701.0,101.85707807540894
-8053.0,-9042.0,-8659.0,102.00163388252258
-8159.0,-8887.0,-8821.0,102.09874296188354
-8139.0,-8778.0,-9013.0,102.13113808631897
-7569.0,-9106.0,-9287.0,102.1591489315033
-8051.0,-9047.0,-8757.0,102.23834300041199
-7840.0,-9220.0,-8975.0,102.27109503746033
-8113.0,-8812.0,-8882.0,102.33725190162659
-8077.0,-8742.0,-9230.0,102.36315393447876
-8126.0,-8841.0,-8858.0,102.43243908882141
-8075.0,-8931.0,-8868.0,102.47957801818848
-8082.0,-8839.0,-9006.0,102.52056407928467
-7731.0,-9112.0,-9063.0,102.59913802146912
-8093.0,-8558.0,-9284.0,102.61804294586182
-8076.0,-8722.0,-9298.0,102.76192808151245
-7623.0,-9103.0,-9154.0,102.81165504455566
-7801.0,-9079.0,-9305.0,102.84352803230286
-7592.0,-9110.0,-9184.0,102.91946601867676
-7414.0,-9312.0,-9510.0,102.99083304405212
-7448.0,-9211.0,-9328.0,103.01267290115356
-7732.0,-9097.0,-9073.0,103.05606293678284
-8063.0,-8673.0,-9381.0,103.14696097373962
-8058.0,-8868.0,-9036.0,103.17596411705017
-7434.0,-9142.0,-9479.0,103.21751809120178
-7465.0,-8502.0,-9822.0,103.55783104896545
-8057.0,-8883.0,-9026.0,103.68528008460999
-7896.0,-9142.0,-8937.0,103.702388048172
-8034.0,-8951.0,-8991.0,103.7247850894928
-8033.0,-8966.0,-8981.0,103.74670100212097
-8043.0,-9062.0,-8682.0,103.77138209342957
-7602.0,-9009.0,-9336.0,103.82818102836609
-8042.0,-9077.0,-8672.0,103.88478207588196
-8050.0,-8767.0,-9045.0,103.9855260848999
-8024.0,-9095.0,-8940.0,104.01078605651855
-8020.0,-8882.0,-9142.0,104.06422710418701
-7132.0,-8950.0,-9950.0,104.09038305282593
-7572.0,-9001.0,-9376.0,104.27506804466248
-7835.0,-9022.0,-9167.0,104.30221390724182
-7273.0,-8564.0,-9820.0,104.34291410446167
-7897.0,-9127.0,-8947.0,104.40547895431519
-8059.0,-8659.0,-9466.0,104.42032504081726
-8086.0,-8611.0,-9283.0,104.43452000617981
-7926.0,-8988.0,-9179.0,104.46344208717346
-7927.0,-9135.0,-8907.0,104.50422811508179
-7501.0,-8968.0,-9390.0,104.54536294937134
-7506.0,-8955.0,-9394.0,104.70405006408691
-7521.0,-8931.0,-9514.0,104.7477331161499
-7989.0,-8889.0,-9172.0,104.96908211708069
-7180.0,-8936.0,-9926.0,105.00433588027954
-7604.0,-8914.0,-9386.0,105.02792096138
-8019.0,-8897.0,-9132.0,105.04609107971191
-8010.0,-8688.0,-9480.0,105.06105899810791
-7181.0,-8921.0,-9936.0,105.07311606407166
-7628.0,-8875.0,-9416.0,105.1029748916626
-7603.0,-8994.0,-9346.0,105.12131190299988
-7985.0,-8980.0,-9005.0,105.17433404922485
-7775.0,-8888.0,-9312.0,105.19564199447632
-7781.0,-8765.0,-9491.0,105.25226593017578
-7966.0,-8912.0,-9231.0,105.27140593528748
-7763.0,-8550.0,-9545.0,105.41604709625244
-7971.0,-8911.0,-9156.0,105.43265891075134
-7530.0,-8872.0,-9439.0,105.48136401176453
-7487.0,-8469.0,-9764.0,105.5139479637146
-7215.0,-8820.0,-9754.0,105.52866411209106
-7970.0,-8926.0,-9146.0,105.5474169254303
-7723.0,-8854.0,-9321.0,105.59698295593262
-7705.0,-8806.0,-9479.0,105.6605019569397
-7879.0,-8798.0,-9416.0,105.7023389339447
-7878.0,-8813.0,-9406.0,105.75488090515137
-7928.0,-8967.0,-9034.0,105.77512693405151
-7490.0,-8463.0,-9747.0,105.84221196174622
-8058.0,-8674.0,-9456.0,105.8734200000763
-7491.0,-8901.0,-9535.0,105.95853996276855
-7489.0,-8478.0,-9737.0,106.04787492752075
-7638.0,-8653.0,-9592.0,106.08326292037964
-7633.0,-8654.0,-9667.0,106.12223410606384
-7805.0,-9014.0,-9207.0,106.19838094711304
-7461.0,-8893.0,-9575.0,106.2169098854065
-7492.0,-8886.0,-9545.0,106.26280903816223
-7675.0,-8798.0,-9519.0,106.3581850528717
-7940.0,-8918.0,-9186.0,106.44179892539978
-7637.0,-8668.0,-9582.0,106.47278904914856
-7607.0,-8660.0,-9622.0,106.7549090385437
-7706.0,-8791.0,-9489.0,106.9879949092865
