z1,z2,z3
-7364.0,-8264.0,-11020.0
-8006.0,-13205.0,-5282.0
-13787.0,-9016.0,-4875.0
-7376.0,-8247.0,-11015.0
-7506.0,-7880.0,-11007.0
-7819.0,-7908.0,-10996.0
-7910.0,-8029.0,-10992.0
-8107.0,-7868.0,-10965.0
-8199.0,-7548.0,-10950.0
-8280.0,-7524.0,-10931.0
-8596.0,-7980.0,-10880.0
-8263.0,-13124.0,-5369.0
-8275.0,-13104.0,-5389.0
-8792.0,-13045.0,-5116.0
-8609.0,-8941.0,-10873.0
-8692.0,-8865.0,-10852.0
-8805.0,-7761.0,-10802.0
-8809.0,-9000.0,-10758.0
-8878.0,-8001.0,-10742.0
-8882.0,-9206.0,-10729.0
-8961.0,-7925.0,-10721.0
-8974.0,-8886.0,-10714.0
-9087.0,-7984.0,-10714.0
-8804.0,-13028.0,-5111.0
-9332.0,-13018.0,-5605.0
-9183.0,-8869.0,-10686.0
-9214.0,-9050.0,-10606.0
-9300.0,-9004.0,-10592.0
-9393.0,-8029.0,-10587.0
-9489.0,-8914.0,-10559.0
-9530.0,-8226.0,-10527.0
-9606.0,-9049.0,-10465.0
-9873.0,-12922.0,-5347.0
-9669.0,-9272.0,-10439.0
-9758.0,-7974.0,-10428.0
-7344.0,-8350.0,-10967.0
-9804.0,-8210.0,-10412.0
-7133.0,-8535.0,-10965.0
-13763.0,-8661.0,-5083.0
-9895.0,-8171.0,-10368.0
-9941.0,-8907.0,-10360.0
-10110.0,-8255.0,-10285.0
-7916.0,-9273.0,-10930.0
-13682.0,-8685.0,-5102.0
-13629.0,-7534.0,-5538.0
-7589.0,-13153.0,-5501.0
-10169.0,-8155.0,-10253.0
-10130.0,-12841.0,-5434.0
-10247.0,-8952.0,-10233.0
-10269.0,-7255.0,-10160.0
-10271.0,-7203.0,-10158.0
-10278.0,-9133.0,-10153.0
-10333.0,-8584.0,-10139.0
-7489.0,-13102.0,-6188.0
-10367.0,-7335.0,-10134.0
-10475.0,-8200.0,-10126.0
-10142.0,-12821.0,-5454.0
-10170.0,-12785.0,-5676.0
-10229.0,-12721.0,-4617.0
-13588.0,-8644.0,-5624.0
-10312.0,-12715.0,-4740.0
-10504.0,-8032.0,-10082.0
-10681.0,-8596.0,-10081.0
-13548.0,-8222.0,-5783.0
-10524.0,-12700.0,-5127.0
-10712.0,-8777.0,-10001.0
-13541.0,-8289.0,-5832.0
-10856.0,-8313.0,-9939.0
-7947.0,-9454.0,-10850.0
-10528.0,-12630.0,-5596.0
-13502.0,-8312.0,-5904.0
-10581.0,-12614.0,-4847.0
-13692.0,-9369.0,-4338.0
-11065.0,-12604.0,-4869.0
-13447.0,-8335.0,-5948.0
-10915.0,-8213.0,-9907.0
-13409.0,-9856.0,-5965.0
-13403.0,-8319.0,-5981.0
-13382.0,-8410.0,-6090.0
-8139.0,-9602.0,-10784.0
-10995.0,-9359.0,-9851.0
-11079.0,-8642.0,-9793.0
-13350.0,-7543.0,-6195.0
-8779.0,-13019.0,-6448.0
-7863.0,-9628.0,-10766.0
-11221.0,-8258.0,-9780.0
-8021.0,-9726.0,-10706.0
-13338.0,-9665.0,-6211.0
-13325.0,-8413.0,-6277.0
-13689.0,-9468.0,-4865.0
-8055.0,-9776.0,-10700.0
-13318.0,-8690.0,-6340.0
-11252.0,-8439.0,-9700.0
-8853.0,-10142.0,-10671.0
-13665.0,-9626.0,-4244.0
-11287.0,-8748.0,-9633.0
-13294.0,-8335.0,-6548.0
-8212.0,-12962.0,-6863.0
-11101.0,-12500.0,-4932.0
-11359.0,-8228.0,-9631.0
-11113.0,-12479.0,-4948.0
-11153.0,-12429.0,-4604.0
-11379.0,-8428.0,-9618.0
-11330.0,-12414.0,-5071.0
-11395.0,-8910.0,-9571.0
-13594.0,-9821.0,-4328.0
-11434.0,-8477.0,-9528.0
-11527.0,-8459.0,-9490.0
-13284.0,-9053.0,-6556.0
-13239.0,-8081.0,-6557.0
-13213.0,-8359.0,-6567.0
-13193.0,-8243.0,-6632.0
-11558.0,-8640.0,-9410.0
-11422.0,-12328.0,-4711.0
-13187.0,-9484.0,-6714.0
-11577.0,-8948.0,-9399.0
-11609.0,-8739.0,-9336.0
-13527.0,-9925.0,-4405.0
-8896.0,-10404.0,-10497.0
-11716.0,-8536.0,-9300.0
-11503.0,-12304.0,-4692.0
-13173.0,-7937.0,-6726.0
-13166.0,-9575.0,-6823.0
-13512.0,-10029.0,-4324.0
-8234.0,-12895.0,-6936.0
-11713.0,-12259.0,-4931.0
-11740.0,-8678.0,-9238.0
-11747.0,-8717.0,-9220.0
-13142.0,-9220.0,-7031.0
-11812.0,-8515.0,-9188.0
-8663.0,-12851.0,-6983.0
-13443.0,-10032.0,-4359.0
-13440.0,-10104.0,-5340.0
-11854.0,-8506.0,-9151.0
-8131.0,-12825.0,-7385.0
-11874.0,-8706.0,-9138.0
-13417.0,-10156.0,-4278.0
-11885.0,-8687.0,-9071.0
-9169.0,-10410.0,-10449.0
-8958.0,-10595.0,-10447.0
-11929.0,-8755.0,-9048.0
-11720.0,-12239.0,-4815.0
-13371.0,-10206.0,-5241.0
-11756.0,-12135.0,-4878.0
-11950.0,-8485.0,-9039.0
-11768.0,-12114.0,-4894.0
-11966.0,-9047.0,-9005.0
-13077.0,-9316.0,-7032.0
-13061.0,-9244.0,-7050.0
-13345.0,-10457.0,-4803.0
-11924.0,-12074.0,-4933.0
-12012.0,-8676.0,-8989.0
-13037.0,-9099.0,-7272.0
-12067.0,-8725.0,-8899.0
-12104.0,-9017.0,-8856.0
-8507.0,-10706.0,-10327.0
-12148.0,-7662.0,-8768.0
-11980.0,-12025.0,-5075.0
-12190.0,-8010.0,-8683.0
-12016.0,-11921.0,-5138.0
-8906.0,-10830.0,-10272.0
-12195.0,-8123.0,-8591.0
-12940.0,-9530.0,-7430.0
-12260.0,-7921.0,-8559.0
-13287.0,-10466.0,-5334.0
-12078.0,-11911.0,-5834.0
-13286.0,-10487.0,-5166.0
-8118.0,-12727.0,-7471.0
-13224.0,-10510.0,-5238.0
-13193.0,-10693.0,-4602.0
-12276.0,-8403.0,-8512.0
-12090.0,-11891.0,-5854.0
-12131.0,-11887.0,-5044.0
-12322.0,-8112.0,-8509.0
-8550.0,-10968.0,-10153.0
-7869.0,-12641.0,-7563.0
-12189.0,-11884.0,-5135.0
-12366.0,-9884.0,-8395.0
-12827.0,-9292.0,-7471.0
-12382.0,-9023.0,-8296.0
-12282.0,-11785.0,-5050.0
-12412.0,-8690.0,-8268.0
-12825.0,-7891.0,-7526.0
-8046.0,-12640.0,-7685.0
-12489.0,-8812.0,-8227.0
-13126.0,-10755.0,-5562.0
-8736.0,-11047.0,-10071.0
-12814.0,-9290.0,-7766.0
-12286.0,-11716.0,-4974.0
-12396.0,-11697.0,-5246.0
-13109.0,-10822.0,-5116.0
-12546.0,-7900.0,-8183.0
-8741.0,-11071.0,-10013.0
-7779.0,-12569.0,-7688.0
-7889.0,-12544.0,-7737.0
-12564.0,-9061.0,-8124.0
-8285.0,-11158.0,-9951.0
-13044.0,-10963.0,-5558.0
-12586.0,-8322.0,-8024.0
-12512.0,-11628.0,-5978.0
-8281.0,-12521.0,-7832.0
-12601.0,-9071.0,-8018.0
-12657.0,-9016.0,-8013.0
-8290.0,-11182.0,-9893.0
-12702.0,-9031.0,-7975.0
-8476.0,-11261.0,-9811.0
-7807.0,-12504.0,-7855.0
-12524.0,-11475.0,-5991.0
-12774.0,-8868.0,-7925.0
-12902.0,-11009.0,-5005.0
-12536.0,-11454.0,-6007.0
-8099.0,-12483.0,-8004.0
-12599.0,-11367.0,-5288.0
-12894.0,-11041.0,-5602.0
-8874.0,-11289.0,-9683.0
-12853.0,-11059.0,-5106.0
-12640.0,-11343.0,-6129.0
-9167.0,-11344.0,-9650.0
-12834.0,-11129.0,-6211.0
-12689.0,-11293.0,-6028.0
-9060.0,-11368.0,-9601.0
-9353.0,-11423.0,-9568.0
-12796.0,-11171.0,-4802.0
-8307.0,-12478.0,-8018.0
-12792.0,-11240.0,-4878.0
-7972.0,-12395.0,-8094.0
-12793.0,-11219.0,-5046.0
-7167.0,-11433.0,-9538.0
-9358.0,-11447.0,-9510.0
-7460.0,-11488.0,-9505.0
-7979.0,-12323.0,-8112.0
-8033.0,-12311.0,-8201.0
-8902.0,-11534.0,-9448.0
-8907.0,-11558.0,-9390.0
-7134.0,-11579.0,-9376.0
-7608.0,-12292.0,-8384.0
-7127.0,-11651.0,-9358.0
-7420.0,-11706.0,-9325.0
-7824.0,-11727.0,-9197.0
-7486.0,-11835.0,-9073.0
-7315.0,-12237.0,-8417.0
-8554.0,-12194.0,-8538.0
-7479.0,-11907.0,-9055.0
-8402.0,-12125.0,-8555.0
-7772.0,-11962.0,-9022.0
-8397.0,-12098.0,-8590.0
-9005.0,-12083.0,-8658.0
-8814.0,-11980.0,-8798.0
-8819.0,-12004.0,-8740.0
-8148.0,-12048.0,-8727.0
-7445.0,-8240.0,-11001.0
-7538.0,-8052.0,-10983.0
-7488.0,-8116.0,-10981.0
-7569.0,-8092.0,-10962.0
-7145.0,-8518.0,-10960.0
-8138.0,-7908.0,-10944.0
-7913.0,-8166.0,-10949.0
-7702.0,-8351.0,-10947.0
-7280.0,-8438.0,-10936.0
-8157.0,-7995.0,-10923.0
-8278.0,-7692.0,-10901.0
-7292.0,-8421.0,-10931.0
-8057.0,-7932.0,-10963.0
-8196.0,-7900.0,-10897.0
-7995.0,-7958.0,-10953.0
-8266.0,-7713.0,-10885.0
-7714.0,-8334.0,-10942.0
-8037.0,-8018.0,-10910.0
-8078.0,-8804.0,-10907.0
-8159.0,-8780.0,-10888.0
-8184.0,-7921.0,-10881.0
-8199.0,-9007.0,-10878.0
-8723.0,-7969.0,-10798.0
-8793.0,-7781.0,-10782.0
-8782.0,-8738.0,-10780.0
-7736.0,-13056.0,-5472.0
-7517.0,-13066.0,-5715.0
-8018.0,-13023.0,-5935.0
-7805.0,-13053.0,-5437.0
-7817.0,-13032.0,-5453.0
-8804.0,-13025.0,-5136.0
-8040.0,-9125.0,-10891.0
-9075.0,-8004.0,-10694.0
-8123.0,-9049.0,-10870.0
-8071.0,-9306.0,-10811.0
-8268.0,-9004.0,-10843.0
-8187.0,-9028.0,-10862.0
-8230.0,-9188.0,-10798.0
-9381.0,-8049.0,-10567.0
-8270.0,-8952.0,-10841.0
-8640.0,-9122.0,-10793.0
-8154.0,-9230.0,-10790.0
-8726.0,-9076.0,-10779.0
-8268.0,-9145.0,-10784.0
-8218.0,-9209.0,-10782.0
-8763.0,-9273.0,-10762.0
-8281.0,-9218.0,-10771.0
-8194.0,-9457.0,-10780.0
-10261.0,-9000.0,-10157.0
-8299.0,-9185.0,-10763.0
-13625.0,-8691.0,-5232.0
-8313.0,-9390.0,-10747.0
-9520.0,-9095.0,-10479.0
-13596.0,-8425.0,-5336.0
-8422.0,-9336.0,-10732.0
-7875.0,-9611.0,-10761.0
-8263.0,-9454.0,-10745.0
-8151.0,-9585.0,-10779.0
-8866.0,-13015.0,-5832.0
-8972.0,-9054.0,-10684.0
-8410.0,-9357.0,-10716.0
-8197.0,-9594.0,-10737.0
-8797.0,-9020.0,-10738.0
-8266.0,-9591.0,-10702.0
-8460.0,-9293.0,-10718.0
-8321.0,-9446.0,-10698.0
-8348.0,-9383.0,-10706.0
-9722.0,-8418.0,-10408.0
-8556.0,-9296.0,-10709.0
-8491.0,-9333.0,-10697.0
-8360.0,-9366.0,-10701.0
-8402.0,-9422.0,-10679.0
-9053.0,-9030.0,-10665.0
-9026.0,-12973.0,-5732.0
-8510.0,-9420.0,-10676.0
-8278.0,-9574.0,-10697.0
-8067.0,-9759.0,-10695.0
-9792.0,-8230.0,-10392.0
-9732.0,-8924.0,-10388.0
-9753.0,-8555.0,-10381.0
-9069.0,-9318.0,-10635.0
-8745.0,-9277.0,-10679.0
-9086.0,-8951.0,-10623.0
-9091.0,-9021.0,-10620.0
-8890.0,-9262.0,-10680.0
-8971.0,-9238.0,-10661.0
-9123.0,-12934.0,-5919.0
-9146.0,-12939.0,-5687.0
-9567.0,-12877.0,-5474.0
-9041.0,-9051.0,-10649.0
-8832.0,-9270.0,-10727.0
-9320.0,-12923.0,-6190.0
-8836.0,-12933.0,-6168.0
-9089.0,-9189.0,-10590.0
-10028.0,-8463.0,-10281.0
-9456.0,-12870.0,-5566.0
-9170.0,-9165.0,-10571.0
-8880.0,-9408.0,-10668.0
-8913.0,-9387.0,-10649.0
-9367.0,-8979.0,-10547.0
-8959.0,-9259.0,-10645.0
-9288.0,-9024.0,-10572.0
-9278.0,-9099.0,-10557.0
-10098.0,-8275.0,-10265.0
-9687.0,-12843.0,-5429.0
-9461.0,-12865.0,-5961.0
-10087.0,-8363.0,-10249.0
-8586.0,-12960.0,-6646.0
-9438.0,-8923.0,-10506.0
-9355.0,-8999.0,-10527.0
-9524.0,-12857.0,-5714.0
-9372.0,-8946.0,-10496.0
-9122.0,-9168.0,-10571.0
-9196.0,-9307.0,-10553.0
-9158.0,-9186.0,-10555.0
-9331.0,-9185.0,-10512.0
-9084.0,-9211.0,-10585.0
-8999.0,-9341.0,-10635.0
-9088.0,-9373.0,-10567.0
-10108.0,-8515.0,-10247.0
-9235.0,-9149.0,-10528.0
-9072.0,-9232.0,-10569.0
-8949.0,-9405.0,-10633.0
-9577.0,-12842.0,-6277.0
-8868.0,-9428.0,-10648.0
-9664.0,-12838.0,-5661.0
-8987.0,-9361.0,-10615.0
-9972.0,-9088.0,-10280.0
-8937.0,-9425.0,-10613.0
-8921.0,-9443.0,-10600.0
-9007.0,-9397.0,-10586.0
-9030.0,-9522.0,-10555.0
-10027.0,-8539.0,-10266.0
-9230.0,-9330.0,-10509.0
-9002.0,-9419.0,-10581.0
-13737.0,-8734.0,-5012.0
-8990.0,-9440.0,-10565.0
-9398.0,-9160.0,-10467.0
-9319.0,-9205.0,-10492.0
-9186.0,-9453.0,-10541.0
-9040.0,-9376.0,-10567.0
-8877.0,-12883.0,-6344.0
-9682.0,-12819.0,-5487.0
-9309.0,-9280.0,-10477.0
-10046.0,-9062.0,-10246.0
-9076.0,-9394.0,-10551.0
-9824.0,-12796.0,-5561.0
-8875.0,-9532.0,-10553.0
-9676.0,-12818.0,-5681.0
-8865.0,-9579.0,-10549.0
-13665.0,-9113.0,-5073.0
-9494.0,-10045.0,-10439.0
-9018.0,-9542.0,-10535.0
-10393.0,-8408.0,-10122.0
-9395.0,-9234.0,-10463.0
-8280.0,-12915.0,-6773.0
-9038.0,-9578.0,-10506.0
-8903.0,-12871.0,-6409.0
-9473.0,-12845.0,-5981.0
-8987.0,-9659.0,-10505.0
-9239.0,-9303.0,-10477.0
-9251.0,-9356.0,-10463.0
-9174.0,-9473.0,-10521.0
-9201.0,-9346.0,-10491.0
-8908.0,-12866.0,-6804.0
-9594.0,-9069.0,-10445.0
-10463.0,-8220.0,-10106.0
-9288.0,-9322.0,-10462.0
-9127.0,-12864.0,-6388.0
-9313.0,-9442.0,-10459.0
-8349.0,-12912.0,-6738.0
-9383.0,-9254.0,-10443.0
-9720.0,-8944.0,-10368.0
-9227.0,-9488.0,-10473.0
-9189.0,-9367.0,-10475.0
-10415.0,-9330.0,-10093.0
-8598.0,-12943.0,-6641.0
-9148.0,-9538.0,-10505.0
-9597.0,-12828.0,-5807.0
-9730.0,-9092.0,-10358.0
-9929.0,-8927.0,-10340.0
-10234.0,-12680.0,-5138.0
-13339.0,-9280.0,-6099.0
-8361.0,-12895.0,-6733.0
-9617.0,-12786.0,-6519.0
-10334.0,-12660.0,-5563.0
-9811.0,-9068.0,-10339.0
-8937.0,-9723.0,-10503.0
-13603.0,-9208.0,-5099.0
-9912.0,-12754.0,-6081.0
-9119.0,-9554.0,-10487.0
-9026.0,-9598.0,-10486.0
-13599.0,-8764.0,-5161.0
-9107.0,-9575.0,-10471.0
-8292.0,-12898.0,-6768.0
-8992.0,-9667.0,-10459.0
-9251.0,-10202.0,-10453.0
-8361.0,-12891.0,-6754.0
-13610.0,-9577.0,-4334.0
-9157.0,-9511.0,-10473.0
-10352.0,-9107.0,-10119.0
-8946.0,-9696.0,-10471.0
-9827.0,-9356.0,-10309.0
-10560.0,-12610.0,-5420.0
-10381.0,-8428.0,-10102.0
-9931.0,-9276.0,-10304.0
-13580.0,-8766.0,-5214.0
-9589.0,-12822.0,-6297.0
-8925.0,-10229.0,-10457.0
-13579.0,-8853.0,-5307.0
-9718.0,-9112.0,-10338.0
-9592.0,-12804.0,-5865.0
-9134.0,-12844.0,-6272.0
-9729.0,-9276.0,-10335.0
-10775.0,-12584.0,-4880.0
-13587.0,-9549.0,-4977.0
-9521.0,-9311.0,-10436.0
-9774.0,-9427.0,-10325.0
-10564.0,-12558.0,-5578.0
-10648.0,-12552.0,-5088.0
-10395.0,-12651.0,-5636.0
-8920.0,-12846.0,-6824.0
-9657.0,-9292.0,-10419.0
-8931.0,-12835.0,-6631.0
-13533.0,-8595.0,-5714.0
-9044.0,-12829.0,-6650.0
-9509.0,-9331.0,-10416.0
-9799.0,-9089.0,-10323.0
-9590.0,-9308.0,-10401.0
-13564.0,-9207.0,-5369.0
-9578.0,-9328.0,-10381.0
-13578.0,-8855.0,-5270.0
-9611.0,-10180.0,-10345.0
-10516.0,-12650.0,-5576.0
-8162.0,-12808.0,-7150.0
-13551.0,-9751.0,-4434.0
-10785.0,-12549.0,-5683.0
-9129.0,-12820.0,-6330.0
-9648.0,-9300.0,-10354.0
-8685.0,-12784.0,-7056.0
-13540.0,-8852.0,-5577.0
-13502.0,-8384.0,-5858.0
-9636.0,-9320.0,-10334.0
-9975.0,-12746.0,-5834.0
-13522.0,-9896.0,-5344.0
-10235.0,-8972.0,-10213.0
-10470.0,-8781.0,-10079.0
-8477.0,-12772.0,-7065.0
-10048.0,-9411.0,-10210.0
-10059.0,-9097.0,-10183.0
-10115.0,-12727.0,-5781.0
-8311.0,-12757.0,-7075.0
-9960.0,-9108.0,-10260.0
-13500.0,-8430.0,-5736.0
-10237.0,-9321.0,-10177.0
-8472.0,-12748.0,-7123.0
-10774.0,-8521.0,-9935.0
-10036.0,-9137.0,-10231.0
-10872.0,-12545.0,-5067.0
-13476.0,-8385.0,-5833.0
-13466.0,-8430.0,-5779.0
-13490.0,-8780.0,-5728.0
-9954.0,-9345.0,-10227.0
-13464.0,-8598.0,-5749.0
-9626.0,-9466.0,-10322.0
-13454.0,-8592.0,-5811.0
-9359.0,-12755.0,-6924.0
-10887.0,-8494.0,-9859.0
-8233.0,-12744.0,-7273.0
-10024.0,-9157.0,-10211.0
-9659.0,-9445.0,-10303.0
-10833.0,-8421.0,-9903.0
-8143.0,-12808.0,-7380.0
-9924.0,-12734.0,-6101.0
-9849.0,-9484.0,-10300.0
-13577.0,-9209.0,-5074.0
-13539.0,-9772.0,-4418.0
-13563.0,-9228.0,-5201.0
-13435.0,-8731.0,-5818.0
-9987.0,-12726.0,-5854.0
-13421.0,-8336.0,-5923.0
-10879.0,-12525.0,-4951.0
-8800.0,-12801.0,-6858.0
-13539.0,-8873.0,-5409.0
-9675.0,-12706.0,-6173.0
-13420.0,-8592.0,-5854.0
-13526.0,-8667.0,-5696.0
-10127.0,-12707.0,-5801.0
-11032.0,-12503.0,-4967.0
-8943.0,-12815.0,-6651.0
-13531.0,-9298.0,-5027.0
-9039.0,-12805.0,-6708.0
-9638.0,-9669.0,-10298.0
-8672.0,-12729.0,-7127.0
-13532.0,-8945.0,-5391.0
-10014.0,-12673.0,-5969.0
-13506.0,-8852.0,-5620.0
-8245.0,-12727.0,-7268.0
-10854.0,-8573.0,-9901.0
-10390.0,-12627.0,-5694.0
-10407.0,-12631.0,-5656.0
-8499.0,-12705.0,-7138.0
-9719.0,-9645.0,-10279.0
-13498.0,-9541.0,-5552.0
-8792.0,-12698.0,-7339.0
-10384.0,-12626.0,-5888.0
-10026.0,-12653.0,-5989.0
-10425.0,-8925.0,-10006.0
-9687.0,-12686.0,-6193.0
-10501.0,-8962.0,-9999.0
-9726.0,-12675.0,-6163.0
-9022.0,-12765.0,-6712.0
-9618.0,-12689.0,-6228.0
-9892.0,-10105.0,-10221.0
-10874.0,-12501.0,-5009.0
-11011.0,-12499.0,-5540.0
-10789.0,-12510.0,-5329.0
-9738.0,-12655.0,-6183.0
-9842.0,-12652.0,-6479.0
-10773.0,-8597.0,-9920.0
-13450.0,-8674.0,-5773.0
-8812.0,-12784.0,-6853.0
-9803.0,-9573.0,-10253.0
-10561.0,-8786.0,-9982.0
-9371.0,-12735.0,-6944.0
-10689.0,-9314.0,-9978.0
-10116.0,-12573.0,-6210.0
-10007.0,-12611.0,-6263.0
-10772.0,-8781.0,-9897.0
-13463.0,-9926.0,-5707.0
-13373.0,-9280.0,-6056.0
-13478.0,-8947.0,-5603.0
-9966.0,-9619.0,-10206.0
-9854.0,-12632.0,-6499.0
-10794.0,-9469.0,-9864.0
-9707.0,-9666.0,-10263.0
-8804.0,-12678.0,-7359.0
-10266.0,-9153.0,-10133.0
-10419.0,-9170.0,-9995.0
-10805.0,-8702.0,-9855.0
-10443.0,-9038.0,-9985.0
-10198.0,-12547.0,-5970.0
-11139.0,-8466.0,-9776.0
-9461.0,-12674.0,-6812.0
-10155.0,-9529.0,-10173.0
-8832.0,-12687.0,-7027.0
-8215.0,-12651.0,-7469.0
-10460.0,-9171.0,-9981.0
-10036.0,-9431.0,-10190.0
-13447.0,-9026.0,-5720.0
-10402.0,-12607.0,-5714.0
-8901.0,-12684.0,-6992.0
-8296.0,-12643.0,-7422.0
-10479.0,-12504.0,-5810.0
-11154.0,-8359.0,-9726.0
-10319.0,-12546.0,-5910.0
-8183.0,-12590.0,-7560.0
-9473.0,-12654.0,-6832.0
-11206.0,-8631.0,-9711.0
-9311.0,-10206.0,-10349.0
-10193.0,-12523.0,-6028.0
-10691.0,-8805.0,-9916.0
-9500.0,-12651.0,-6613.0
-11325.0,-12390.0,-5129.0
-9173.0,-12676.0,-7006.0
-10458.0,-12500.0,-6383.0
-13381.0,-10134.0,-5703.0
-11366.0,-12310.0,-5134.0
-10216.0,-9349.0,-10092.0
-9512.0,-12631.0,-6633.0
-8913.0,-12663.0,-7008.0
-9185.0,-12656.0,-7026.0
-9168.0,-12652.0,-7064.0
-9837.0,-12628.0,-6537.0
-8342.0,-12640.0,-7387.0
-10354.0,-9456.0,-10083.0
-10548.0,-12501.0,-5775.0
-8265.0,-12630.0,-7442.0
-9598.0,-12624.0,-6687.0
-11086.0,-12386.0,-5279.0
-10009.0,-10240.0,-10127.0
-11428.0,-12300.0,-5830.0
-10011.0,-12559.0,-6421.0
-8354.0,-12623.0,-7382.0
-8334.0,-12627.0,-7407.0
-8929.0,-12648.0,-7214.0
-8325.0,-12611.0,-7467.0
-8422.0,-12594.0,-7410.0
-9954.0,-9639.0,-10186.0
-8195.0,-12589.0,-7610.0
-10038.0,-9561.0,-10110.0
-8553.0,-12562.0,-7509.0
-8346.0,-12606.0,-7423.0
-11137.0,-8634.0,-9746.0
-9230.0,-10230.0,-10368.0
-9944.0,-9714.0,-10171.0
-13322.0,-8765.0,-6224.0
-11440.0,-12280.0,-5850.0
-10650.0,-12490.0,-5800.0
-10043.0,-9535.0,-10095.0
-10046.0,-9686.0,-10094.0
-10272.0,-9664.0,-10079.0
-9849.0,-12608.0,-6557.0
-8848.0,-12578.0,-7417.0
-11171.0,-12381.0,-5743.0
-9261.0,-10411.0,-10288.0
-8337.0,-12594.0,-7462.0
-10101.0,-12536.0,-6507.0
-8565.0,-12542.0,-7529.0
-7958.0,-12541.0,-7702.0
-9610.0,-12604.0,-6707.0
-10630.0,-12477.0,-6001.0
-9749.0,-12580.0,-6668.0
-9180.0,-12632.0,-7084.0
-8968.0,-10491.0,-10283.0
-8666.0,-12540.0,-7589.0
-10997.0,-8850.0,-9789.0
-11012.0,-8743.0,-9739.0
-9108.0,-10466.0,-10236.0
-9342.0,-10387.0,-10269.0
-9908.0,-9728.0,-10139.0
-11100.0,-9514.0,-9737.0
-8941.0,-12628.0,-7234.0
-9599.0,-10200.0,-10325.0
-7970.0,-12524.0,-7697.0
-9031.0,-12567.0,-7102.0
-9559.0,-12538.0,-6708.0
-10414.0,-9460.0,-9979.0
-10825.0,-12420.0,-5622.0
-9556.0,-12521.0,-6866.0
-10668.0,-12414.0,-5777.0
-11175.0,-12374.0,-5427.0
-9043.0,-12547.0,-7122.0
-11184.0,-12338.0,-5184.0
-10113.0,-12516.0,-6527.0
-10945.0,-12403.0,-6275.0
-9215.0,-12610.0,-6964.0
-9537.0,-10307.0,-10265.0
-9241.0,-10497.0,-10235.0
-8972.0,-12539.0,-7249.0
-10883.0,-12413.0,-5579.0
-10607.0,-9522.0,-9974.0
-10036.0,-9729.0,-10080.0
-10342.0,-9476.0,-10063.0
-9254.0,-12600.0,-7038.0
-10061.0,-9849.0,-10077.0
-8984.0,-12522.0,-7244.0
-9030.0,-10682.0,-10233.0
-11170.0,-8647.0,-9696.0
-9571.0,-12518.0,-6728.0
-10333.0,-9484.0,-9998.0
-9761.0,-12560.0,-6688.0
-10260.0,-9684.0,-10059.0
-8995.0,-12516.0,-7232.0
-11298.0,-8972.0,-9578.0
-7819.0,-12487.0,-7850.0
-9068.0,-12521.0,-7120.0
-11168.0,-8815.0,-9666.0
-10328.0,-9506.0,-9993.0
-9818.0,-12500.0,-6619.0
-9195.0,-12512.0,-7126.0
-9633.0,-12508.0,-7424.0
-9270.0,-12571.0,-6952.0
-9377.0,-12511.0,-7124.0
-8565.0,-12545.0,-7504.0
-10105.0,-9726.0,-10045.0
-9282.0,-12551.0,-6972.0
-9756.0,-12514.0,-6706.0
-8687.0,-12543.0,-7453.0
-8402.0,-12502.0,-7804.0
-8800.0,-11582.0,-9341.0
-10396.0,-9707.0,-9972.0
-11534.0,-12249.0,-5189.0
-9599.0,-10498.0,-10215.0
-9177.0,-10585.0,-10204.0
-9851.0,-12499.0,-6556.0
-9919.0,-12498.0,-6679.0
-9182.0,-12523.0,-7083.0
-10155.0,-9696.0,-10016.0
-10625.0,-12453.0,-6059.0
-9696.0,-12500.0,-7177.0
-11171.0,-8983.0,-9660.0
-10077.0,-9867.0,-10014.0
-10143.0,-9716.0,-9996.0
-10078.0,-9878.0,-9997.0
-10153.0,-9864.0,-9986.0
-9810.0,-10313.0,-10217.0
-10957.0,-12383.0,-6295.0
-13291.0,-9836.0,-6319.0
-7472.0,-11471.0,-9500.0
-8609.0,-11479.0,-9481.0
-10046.0,-12487.0,-6597.0
-9768.0,-12494.0,-6726.0
-8405.0,-12482.0,-7664.0
-8793.0,-12529.0,-7507.0
-8417.0,-12465.0,-7659.0
-10342.0,-9774.0,-9953.0
-8480.0,-12461.0,-7671.0
-10320.0,-12471.0,-6482.0
-10014.0,-12486.0,-7091.0
-10049.0,-9869.0,-10057.0
-11632.0,-12174.0,-5046.0
-10677.0,-9334.0,-9958.0
-9716.0,-10633.0,-10121.0
-11471.0,-8769.0,-9485.0
-10595.0,-9542.0,-9954.0
-9401.0,-10521.0,-10203.0
-10023.0,-9934.0,-10041.0
-11237.0,-8812.0,-9631.0
-10623.0,-9802.0,-9877.0
-9366.0,-10742.0,-10061.0
-8539.0,-12452.0,-7679.0
-10477.0,-9683.0,-9953.0
-10036.0,-10055.0,-10038.0
-9055.0,-11085.0,-9859.0
-9258.0,-10561.0,-10185.0
-10222.0,-9861.0,-9951.0
-10065.0,-9887.0,-9994.0
-8805.0,-12512.0,-7502.0
-8808.0,-11134.0,-9857.0
-9304.0,-10673.0,-10114.0
-10071.0,-10072.0,-9982.0
-8785.0,-12516.0,-7527.0
-8765.0,-10872.0,-10031.0
-8976.0,-12454.0,-7491.0
-8599.0,-12437.0,-7609.0
-10141.0,-9884.0,-9966.0
-10077.0,-12478.0,-6844.0
-11179.0,-8888.0,-9617.0
-8475.0,-12437.0,-7729.0
-10116.0,-12405.0,-6979.0
-10078.0,-9983.0,-9951.0
-9289.0,-10844.0,-9995.0
-10392.0,-12404.0,-7118.0
-9246.0,-10582.0,-10169.0
-8778.0,-12456.0,-7529.0
-9659.0,-10797.0,-10028.0
-11715.0,-12215.0,-4873.0
-8822.0,-12425.0,-7574.0
-10260.0,-9982.0,-9949.0
-8551.0,-12435.0,-7674.0
-11627.0,-12150.0,-5104.0
-11682.0,-12114.0,-4971.0
-10561.0,-9611.0,-9927.0
-8602.0,-12426.0,-7647.0
-9093.0,-11637.0,-9308.0
-9282.0,-10916.0,-9977.0
-12109.0,-7893.0,-8761.0
-9335.0,-10561.0,-10141.0
-8614.0,-12409.0,-7642.0
-11482.0,-12178.0,-5272.0
-9171.0,-12405.0,-7836.0
-13345.0,-10279.0,-5170.0
-11688.0,-12086.0,-6090.0
-11166.0,-12357.0,-5801.0
-10264.0,-9814.0,-9904.0
-10339.0,-9871.0,-9879.0
-8409.0,-12430.0,-7822.0
-10384.0,-9727.0,-9952.0
-11577.0,-12125.0,-5136.0
-9654.0,-10442.0,-10171.0
-8421.0,-12413.0,-7817.0
-9447.0,-12429.0,-7506.0
-8594.0,-12413.0,-7667.0
-11751.0,-12111.0,-4936.0
-11763.0,-12090.0,-4952.0
-11184.0,-9095.0,-9569.0
-10712.0,-9677.0,-9860.0
-11526.0,-12104.0,-5229.0
-10401.0,-12447.0,-6463.0
-10465.0,-9704.0,-9937.0
-10549.0,-9631.0,-9907.0
-11572.0,-12101.0,-5194.0
-9575.0,-10971.0,-9944.0
-11700.0,-12066.0,-6110.0
-8943.0,-12406.0,-7546.0
-7531.0,-11672.0,-9230.0
-10453.0,-9724.0,-9917.0
-10140.0,-10069.0,-9947.0
-11047.0,-12322.0,-6163.0
-11741.0,-12062.0,-5300.0
-9927.0,-10448.0,-10123.0
-11477.0,-12154.0,-5330.0
-9470.0,-10518.0,-10168.0
-10618.0,-12382.0,-6586.0
-8626.0,-12281.0,-8324.0
-7984.0,-12378.0,-8089.0
-8409.0,-12397.0,-7906.0
-10013.0,-10080.0,-10029.0
-13306.0,-10302.0,-5242.0
-10913.0,-9567.0,-9847.0
-9442.0,-12405.0,-7564.0
-11210.0,-9069.0,-9537.0
-10059.0,-10092.0,-9962.0
-10359.0,-9803.0,-9873.0
-10459.0,-9909.0,-9859.0
-10404.0,-12384.0,-7138.0
-10425.0,-9825.0,-9865.0
-8762.0,-11030.0,-9892.0
-8813.0,-11158.0,-9799.0
-10153.0,-10190.0,-9944.0
-8068.0,-12302.0,-8084.0
-11329.0,-9153.0,-9498.0
-10182.0,-10022.0,-9900.0
-11102.0,-9303.0,-9565.0
-11419.0,-8850.0,-9459.0
-11117.0,-9841.0,-9547.0
-9704.0,-10653.0,-10101.0
-8518.0,-12293.0,-8020.0
-9241.0,-11164.0,-9777.0
-11059.0,-12302.0,-6183.0
-10377.0,-10117.0,-9855.0
-11205.0,-9967.0,-9513.0
-11634.0,-8744.0,-9296.0
-9193.0,-12338.0,-7909.0
-9246.0,-11188.0,-9719.0
-10195.0,-10118.0,-9857.0
-9642.0,-10462.0,-10151.0
-9373.0,-10670.0,-10079.0
-8985.0,-12326.0,-7918.0
-13137.0,-10544.0,-5378.0
-11639.0,-8718.0,-9281.0
-11649.0,-8637.0,-9246.0
-8980.0,-12302.0,-7976.0
-8497.0,-11220.0,-9690.0
-11353.0,-9021.0,-9488.0
-10983.0,-9379.0,-9831.0
-11423.0,-12276.0,-5888.0
-11865.0,-12023.0,-5132.0
-9997.0,-10260.0,-10107.0
-10901.0,-9587.0,-9827.0
-13136.0,-10565.0,-5210.0
-10501.0,-9862.0,-9858.0
-11392.0,-9201.0,-9409.0
-7498.0,-11818.0,-9068.0
-10639.0,-12358.0,-6402.0
-9431.0,-10662.0,-10032.0
-7791.0,-11737.0,-9053.0
-10141.0,-10210.0,-9924.0
-9989.0,-10323.0,-9959.0
-10796.0,-9599.0,-9784.0
-13267.0,-9481.0,-6527.0
-10651.0,-12338.0,-6422.0
-13133.0,-10648.0,-5145.0
-10702.0,-9752.0,-9845.0
-7784.0,-11809.0,-9035.0
-11435.0,-12256.0,-5908.0
-10719.0,-9781.0,-9765.0
-7943.0,-12239.0,-8326.0
-10044.0,-10267.0,-9915.0
-10759.0,-12324.0,-6357.0
-9281.0,-12223.0,-8367.0
-10784.0,-9619.0,-9764.0
-10072.0,-12454.0,-6902.0
-10447.0,-9929.0,-9839.0
-12140.0,-8074.0,-8681.0
-10611.0,-9822.0,-9857.0
-10009.0,-12462.0,-7149.0
-11862.0,-12017.0,-5974.0
-11122.0,-12255.0,-5957.0
-9915.0,-10468.0,-10103.0
-10728.0,-9957.0,-9763.0
-10654.0,-9983.0,-9797.0
-10183.0,-10138.0,-9837.0
-10582.0,-9838.0,-9839.0
-10106.0,-10458.0,-9865.0
-10794.0,-9767.0,-9754.0
-11782.0,-9026.0,-9153.0
-12253.0,-8115.0,-8544.0
-9724.0,-10595.0,-9996.0
-10570.0,-9859.0,-9823.0
-11271.0,-9229.0,-9484.0
-11490.0,-9637.0,-9371.0
-9749.0,-10494.0,-9989.0
-10030.0,-10314.0,-9911.0
-12161.0,-8294.0,-8618.0
-10183.0,-10331.0,-9773.0
-11608.0,-9129.0,-9319.0
-13314.0,-10209.0,-5428.0
-10365.0,-10137.0,-9835.0
-8948.0,-11109.0,-9810.0
-9718.0,-12433.0,-7250.0
-12138.0,-8433.0,-8661.0
-11134.0,-12235.0,-5977.0
-11701.0,-8909.0,-9231.0
-10771.0,-12304.0,-6377.0
-11018.0,-9722.0,-9733.0
-9868.0,-10578.0,-9950.0
-10690.0,-9772.0,-9825.0
-13313.0,-10230.0,-5260.0
-7963.0,-11662.0,-9120.0
-10492.0,-12359.0,-6704.0
-10253.0,-10143.0,-9757.0
-11117.0,-12231.0,-6015.0
-10212.0,-10156.0,-9733.0
-10032.0,-10287.0,-9895.0
-10456.0,-10006.0,-9785.0
-10875.0,-12301.0,-6673.0
-10121.0,-10245.0,-9777.0
-11632.0,-8912.0,-9266.0
-11203.0,-12231.0,-5938.0
-9823.0,-12383.0,-7231.0
-10225.0,-10277.0,-9730.0
-11892.0,-11960.0,-5306.0
-9308.0,-11006.0,-9827.0
-10444.0,-10026.0,-9765.0
-7880.0,-11716.0,-9025.0
-11276.0,-9436.0,-9436.0
-11210.0,-12213.0,-6477.0
-10320.0,-10153.0,-9726.0
-11714.0,-9030.0,-9228.0
-10501.0,-10038.0,-9745.0
-10570.0,-10157.0,-9713.0
-10372.0,-10180.0,-9701.0
-10413.0,-10143.0,-9735.0
-9658.0,-12381.0,-7266.0
-9736.0,-12358.0,-7628.0
-9124.0,-11082.0,-9824.0
-8991.0,-11691.0,-9017.0
-11511.0,-9191.0,-9326.0
-10613.0,-12358.0,-6644.0
-10642.0,-10003.0,-9777.0
-10238.0,-10380.0,-9683.0
-11384.0,-9202.0,-9408.0
-11342.0,-9265.0,-9407.0
-11215.0,-12211.0,-5958.0
-12168.0,-8241.0,-8574.0
-10094.0,-10478.0,-9845.0
-11237.0,-12197.0,-5970.0
-10318.0,-10247.0,-9682.0
-8929.0,-11657.0,-9072.0
-9786.0,-10786.0,-9946.0
-12192.0,-8475.0,-8538.0
-10489.0,-10058.0,-9725.0
-7796.0,-11792.0,-9030.0
-10032.0,-10585.0,-9785.0
-8473.0,-11744.0,-9010.0
-13408.0,-9877.0,-5797.0
-9825.0,-12347.0,-7533.0
-10731.0,-9870.0,-9738.0
-10117.0,-12336.0,-7295.0
-10782.0,-9787.0,-9734.0
-11249.0,-12177.0,-5990.0
-9552.0,-12383.0,-7503.0
-8492.0,-11660.0,-9071.0
-12230.0,-8432.0,-8524.0
-10517.0,-12328.0,-6774.0
-9296.0,-11026.0,-9807.0
-10807.0,-9907.0,-9731.0
-13202.0,-9577.0,-6528.0
-13197.0,-9356.0,-6535.0
-13306.0,-9958.0,-5909.0
-11431.0,-12167.0,-6003.0
-8984.0,-11763.0,-8999.0
-11100.0,-9812.0,-9627.0
-10863.0,-9764.0,-9719.0
-10893.0,-12282.0,-6499.0
-13232.0,-10417.0,-5424.0
-10109.0,-10466.0,-9760.0
-13232.0,-10239.0,-5791.0
-10171.0,-10351.0,-9753.0
-11302.0,-9410.0,-9404.0
-11222.0,-12193.0,-6497.0
-9841.0,-10835.0,-9856.0
-10213.0,-10297.0,-9710.0
-7896.0,-11814.0,-8983.0
-9547.0,-11209.0,-9650.0
-9200.0,-12325.0,-7633.0
-11793.0,-9250.0,-9098.0
-10360.0,-10200.0,-9681.0
-9430.0,-12313.0,-7755.0
-10444.0,-10324.0,-9655.0
-10149.0,-10720.0,-9691.0
-9007.0,-12259.0,-7991.0
-11803.0,-8895.0,-9067.0
-10851.0,-9784.0,-9699.0
-11872.0,-9200.0,-9066.0
-10558.0,-10177.0,-9693.0
-10901.0,-9754.0,-9670.0
-9300.0,-12252.0,-8192.0
-11312.0,-12132.0,-6365.0
-10887.0,-12281.0,-6693.0
-10494.0,-12323.0,-7006.0
-10824.0,-9936.0,-9651.0
-9911.0,-10840.0,-9776.0
-10794.0,-10093.0,-9712.0
-12149.0,-8315.0,-8602.0
-13299.0,-10087.0,-5838.0
-9547.0,-12359.0,-7561.0
-7911.0,-11897.0,-8945.0
-10870.0,-12277.0,-6731.0
-12279.0,-8590.0,-8405.0
-10899.0,-9922.0,-9640.0
-8478.0,-11768.0,-8952.0
-9536.0,-10993.0,-9805.0
-10906.0,-9728.0,-9655.0
-10712.0,-9975.0,-9750.0
-10236.0,-10455.0,-9678.0
-9829.0,-11048.0,-9772.0
-11222.0,-9996.0,-9433.0
-9177.0,-11770.0,-8935.0
-9170.0,-11842.0,-8917.0
-10700.0,-9995.0,-9730.0
-10781.0,-9972.0,-9715.0
-10275.0,-10332.0,-9612.0
-13217.0,-10295.0,-5834.0
-10882.0,-12257.0,-6751.0
-11289.0,-9747.0,-9384.0
-10268.0,-10404.0,-9594.0
-11576.0,-9222.0,-9261.0
-9494.0,-11085.0,-9745.0
-11632.0,-9238.0,-9224.0
-10530.0,-10278.0,-9641.0
-10829.0,-12235.0,-6810.0
-9837.0,-12327.0,-7553.0
-10512.0,-12304.0,-6832.0
-11324.0,-12112.0,-6385.0
-10291.0,-10504.0,-9588.0
-12138.0,-8916.0,-8653.0
-9898.0,-12318.0,-7626.0
-13256.0,-9873.0,-6207.0
-11663.0,-9093.0,-9186.0
-12519.0,-9046.0,-8162.0
-10344.0,-10329.0,-9577.0
-10782.0,-10113.0,-9692.0
-10360.0,-10376.0,-9568.0
-9310.0,-11161.0,-9742.0
-13244.0,-10038.0,-5928.0
-13216.0,-10316.0,-5666.0
-11018.0,-10020.0,-9623.0
-9867.0,-12309.0,-7777.0
-10202.0,-10844.0,-9596.0
-10759.0,-10138.0,-9683.0
-11595.0,-9792.0,-9257.0
-12113.0,-11868.0,-5837.0
-11666.0,-9261.0,-9180.0
-13198.0,-10041.0,-5963.0
-11732.0,-9090.0,-9151.0
-12520.0,-8993.0,-8147.0
-10522.0,-12227.0,-6822.0
-10112.0,-12312.0,-7353.0
-13170.0,-10319.0,-5701.0
-10903.0,-12205.0,-6489.0
-13148.0,-10397.0,-5735.0
-10506.0,-12303.0,-7026.0
-10817.0,-10130.0,-9636.0
-10841.0,-12215.0,-6830.0
-10206.0,-12325.0,-7200.0
-8664.0,-11847.0,-8870.0
-9879.0,-12289.0,-7797.0
-10606.0,-10193.0,-9631.0
-10657.0,-12214.0,-7320.0
-8038.0,-11886.0,-8863.0
-12184.0,-11860.0,-5193.0
-10561.0,-10459.0,-9561.0
-10836.0,-10021.0,-9625.0
-11205.0,-12189.0,-6535.0
-12180.0,-8496.0,-8522.0
-13193.0,-9940.0,-6042.0
-9361.0,-11130.0,-9732.0
-12227.0,-11736.0,-5140.0
-10697.0,-10245.0,-9623.0
-11326.0,-12068.0,-6327.0
-12183.0,-8611.0,-8517.0
-11985.0,-8933.0,-8895.0
-10518.0,-10298.0,-9621.0
-12207.0,-8753.0,-8455.0
-11745.0,-9211.0,-9148.0
-10898.0,-12181.0,-6547.0
-11382.0,-12041.0,-6217.0
-12214.0,-8792.0,-8437.0
-12122.0,-11803.0,-6234.0
-11217.0,-12169.0,-6555.0
-9961.0,-12310.0,-7379.0
-12254.0,-8520.0,-8430.0
-10513.0,-10321.0,-9620.0
-9482.0,-11105.0,-9725.0
-9552.0,-11233.0,-9592.0
-9315.0,-11185.0,-9684.0
-12132.0,-11789.0,-5276.0
-13200.0,-9695.0,-6360.0
-10904.0,-12168.0,-6604.0
-10218.0,-12305.0,-7220.0
-13199.0,-10096.0,-5875.0
-9965.0,-10796.0,-9688.0
-10301.0,-10665.0,-9520.0
-10563.0,-10257.0,-9622.0
-9378.0,-11159.0,-9652.0
-11088.0,-9832.0,-9607.0
-10973.0,-12165.0,-6569.0
-9499.0,-11109.0,-9687.0
-12274.0,-8720.0,-8417.0
-10274.0,-12272.0,-7351.0
-13185.0,-10068.0,-6291.0
-9956.0,-12286.0,-7437.0
-9487.0,-11129.0,-9667.0
-10201.0,-12301.0,-7258.0
-10599.0,-10275.0,-9606.0
-9175.0,-11866.0,-8859.0
-9564.0,-11238.0,-9570.0
-10916.0,-12148.0,-6624.0
-10549.0,-10479.0,-9541.0
-10675.0,-10312.0,-9599.0
-10824.0,-10041.0,-9605.0
-9340.0,-12241.0,-7880.0
-13190.0,-9790.0,-6444.0
-13197.0,-10168.0,-5950.0
-11481.0,-12039.0,-6307.0
-10985.0,-12145.0,-6589.0
-9312.0,-12232.0,-8212.0
-9983.0,-12243.0,-7452.0
-11105.0,-9861.0,-9527.0
-11006.0,-10040.0,-9603.0
-10137.0,-10740.0,-9671.0
-10719.0,-10188.0,-9608.0
-8050.0,-11869.0,-8858.0
-10429.0,-10495.0,-9536.0
-12195.0,-11692.0,-5766.0
-8657.0,-11884.0,-8850.0
-11663.0,-9419.0,-9144.0
-10886.0,-10127.0,-9601.0
-10276.0,-12236.0,-7653.0
-10968.0,-12141.0,-6627.0
-12147.0,-8731.0,-8499.0
-10213.0,-12281.0,-7278.0
-10287.0,-12249.0,-7232.0
-10571.0,-10313.0,-9573.0
-10899.0,-10248.0,-9598.0
-10899.0,-12144.0,-6662.0
-9681.0,-12230.0,-7859.0
-12162.0,-8738.0,-8493.0
-10669.0,-12194.0,-7340.0
-10685.0,-10265.0,-9603.0
-10303.0,-12220.0,-7146.0
-10219.0,-10873.0,-9516.0
-10308.0,-10533.0,-9508.0
-10696.0,-12178.0,-6833.0
-10911.0,-12124.0,-6682.0
-10288.0,-12216.0,-7673.0
-10878.0,-12168.0,-6846.0
-10477.0,-10511.0,-9474.0
-12183.0,-9612.0,-8483.0
-11019.0,-12110.0,-6617.0
-10980.0,-12121.0,-6647.0
-10759.0,-12133.0,-7208.0
-10452.0,-10543.0,-9464.0
-11408.0,-9845.0,-9367.0
-9651.0,-11054.0,-9516.0
-10750.0,-10369.0,-9528.0
-10008.0,-11058.0,-9514.0
-10914.0,-12096.0,-6828.0
-13171.0,-10298.0,-5869.0
-13186.0,-9505.0,-6546.0
-11135.0,-12087.0,-6933.0
-9569.0,-11262.0,-9512.0
-11705.0,-9347.0,-9057.0
-13154.0,-9785.0,-6481.0
-9622.0,-11142.0,-9444.0
-11031.0,-12090.0,-6637.0
-12391.0,-11673.0,-5304.0
-13102.0,-10400.0,-5770.0
-10556.0,-10583.0,-9446.0
-10941.0,-10176.0,-9511.0
-13090.0,-10421.0,-5754.0
-13178.0,-10140.0,-6273.0
-11600.0,-12038.0,-6221.0
-9421.0,-12217.0,-7861.0
-13054.0,-10773.0,-5206.0
-9436.0,-12215.0,-8038.0
-11307.0,-12108.0,-6423.0
-11914.0,-9128.0,-8979.0
-13083.0,-10493.0,-5736.0
-13120.0,-9785.0,-6524.0
-11824.0,-9431.0,-9018.0
-9875.0,-11063.0,-9412.0
-13116.0,-10249.0,-5959.0
-12142.0,-9957.0,-8484.0
-11123.0,-10175.0,-9509.0
-9691.0,-11139.0,-9409.0
-10680.0,-10392.0,-9528.0
-11391.0,-11967.0,-6432.0
-12267.0,-11671.0,-5397.0
-10546.0,-10630.0,-9442.0
-13115.0,-10376.0,-5946.0
-10777.0,-12114.0,-7034.0
-11293.0,-12103.0,-6536.0
-10630.0,-10456.0,-9526.0
-11927.0,-9249.0,-8976.0
-10241.0,-10728.0,-9462.0
-13099.0,-9808.0,-6525.0
-11616.0,-9644.0,-9102.0
-13088.0,-9641.0,-6650.0
-13118.0,-9903.0,-6356.0
-9399.0,-11318.0,-9311.0
-11944.0,-9278.0,-8896.0
-10812.0,-10254.0,-9521.0
-10246.0,-10675.0,-9384.0
-10836.0,-10323.0,-9514.0
-13083.0,-10149.0,-6403.0
-9693.0,-12210.0,-7879.0
-11478.0,-9657.0,-9351.0
-10368.0,-10683.0,-9365.0
-9077.0,-12170.0,-8444.0
-9578.0,-11171.0,-9396.0
-11617.0,-9529.0,-9047.0
-12006.0,-9469.0,-8846.0
-9863.0,-11083.0,-9392.0
-13050.0,-10201.0,-5963.0
-10465.0,-10531.0,-9454.0
-10534.0,-10650.0,-9422.0
-9928.0,-11187.0,-9317.0
-11319.0,-12088.0,-6443.0
-13044.0,-10255.0,-6144.0
-11147.0,-12067.0,-6953.0
-11857.0,-11993.0,-6032.0
-11663.0,-9552.0,-9018.0
-13071.0,-10706.0,-5652.0
-10673.0,-10718.0,-9352.0
-11848.0,-9299.0,-9008.0
-11523.0,-11947.0,-6367.0
-9411.0,-11301.0,-9306.0
-9146.0,-11487.0,-9125.0
-11287.0,-10100.0,-9358.0
-13109.0,-9798.0,-6491.0
-11322.0,-11970.0,-6467.0
-11231.0,-12040.0,-6574.0
-9676.0,-12206.0,-7917.0
-11612.0,-12018.0,-6241.0
-9458.0,-11265.0,-9298.0
-10380.0,-10663.0,-9385.0
-9441.0,-11346.0,-9268.0
-12276.0,-11668.0,-5747.0
-10802.0,-10400.0,-9509.0
-10618.0,-10476.0,-9506.0
-10184.0,-10892.0,-9369.0
-13065.0,-9529.0,-6948.0
-13114.0,-10397.0,-5778.0
-13057.0,-9645.0,-6693.0
-11309.0,-12018.0,-6817.0
-11595.0,-12014.0,-6279.0
-12341.0,-11648.0,-5336.0
-10668.0,-10412.0,-9508.0
-12204.0,-10148.0,-8434.0
-13049.0,-9664.0,-6722.0
-12025.0,-10138.0,-8692.0
-10229.0,-10748.0,-9442.0
-11714.0,-11937.0,-6129.0
-11011.0,-10181.0,-9431.0
-9748.0,-11272.0,-9254.0
-10360.0,-10736.0,-9341.0
-11899.0,-11901.0,-6092.0
-10929.0,-10389.0,-9427.0
-10688.0,-10448.0,-9479.0
-9743.0,-11248.0,-9312.0
-9283.0,-11512.0,-9115.0
-10350.0,-12206.0,-7332.0
-10045.0,-10953.0,-9331.0
-9893.0,-12294.0,-7684.0
-10636.0,-10488.0,-9444.0
-11766.0,-9507.0,-9004.0
-9656.0,-11324.0,-9236.0
-13045.0,-9666.0,-6677.0
-12112.0,-9807.0,-8567.0
-10661.0,-10738.0,-9332.0
-13043.0,-9727.0,-6562.0
-12049.0,-9731.0,-8672.0
-10262.0,-10766.0,-9324.0
-11702.0,-11957.0,-6109.0
-10879.0,-10283.0,-9451.0
-11697.0,-11933.0,-6167.0
-13116.0,-10071.0,-6326.0
-9662.0,-12201.0,-8034.0
-11337.0,-11922.0,-6633.0
-11219.0,-12060.0,-6554.0
-10867.0,-10504.0,-9434.0
-12137.0,-8937.0,-8485.0
-11535.0,-11927.0,-6387.0
-12897.0,-10980.0,-5944.0
-11197.0,-10030.0,-9365.0
-11607.0,-11994.0,-6299.0
-10652.0,-12190.0,-7378.0
-13068.0,-10400.0,-5813.0
-11737.0,-11914.0,-6112.0
-13022.0,-9267.0,-7122.0
-11396.0,-9865.0,-9347.0
-10932.0,-10302.0,-9402.0
-13081.0,-10000.0,-6485.0
-13028.0,-10444.0,-5826.0
-11558.0,-11913.0,-6738.0
-11879.0,-9480.0,-8928.0
-10966.0,-10325.0,-9358.0
-10928.0,-12040.0,-7150.0
-10065.0,-10920.0,-9304.0
-9734.0,-11401.0,-9235.0
-10642.0,-10537.0,-9432.0
-10338.0,-10803.0,-9317.0
-10648.0,-10468.0,-9464.0
-12050.0,-9616.0,-8617.0
-11518.0,-11923.0,-6425.0
-13020.0,-10608.0,-5766.0
-10769.0,-10424.0,-9460.0
-10348.0,-10756.0,-9321.0
-10448.0,-10657.0,-9368.0
-9229.0,-11535.0,-9110.0
-13038.0,-9738.0,-6659.0
-11289.0,-10073.0,-9342.0
-11709.0,-11913.0,-6187.0
-13043.0,-10276.0,-5976.0
-10877.0,-10358.0,-9446.0
-11513.0,-10000.0,-9253.0
-10112.0,-10913.0,-9298.0
-9095.0,-12144.0,-8449.0
-11845.0,-9457.0,-8972.0
-10676.0,-10468.0,-9459.0
-9969.0,-12228.0,-7665.0
-11911.0,-11881.0,-6112.0
-8703.0,-12143.0,-8463.0
-10824.0,-10343.0,-9494.0
-11076.0,-10285.0,-9356.0
-10757.0,-10445.0,-9444.0
-10100.0,-11066.0,-9285.0
-11616.0,-11856.0,-6219.0
-10345.0,-12182.0,-7390.0
-13018.0,-10496.0,-6770.0
-9757.0,-12192.0,-7904.0
-10630.0,-10557.0,-9412.0
-9431.0,-12191.0,-8096.0
-11746.0,-11849.0,-6509.0
-11775.0,-9627.0,-8987.0
-9222.0,-11607.0,-9092.0
-9090.0,-12120.0,-8507.0
-13035.0,-10257.0,-6006.0
-10234.0,-10804.0,-9291.0
-10311.0,-10881.0,-9287.0
-13026.0,-9951.0,-6575.0
-9981.0,-12208.0,-7685.0
-10664.0,-12170.0,-7398.0
-10001.0,-12168.0,-7830.0
-10224.0,-10950.0,-9279.0
-10357.0,-12162.0,-7410.0
-10683.0,-10572.0,-9364.0
-11732.0,-11890.0,-6170.0
-10771.0,-12113.0,-7228.0
-9526.0,-11406.0,-9221.0
-10304.0,-12140.0,-7469.0
-13004.0,-9250.0,-7180.0
-9306.0,-11452.0,-9092.0
-13073.0,-9809.0,-6500.0
-9433.0,-11422.0,-9094.0
-10855.0,-10524.0,-9414.0
-9323.0,-11456.0,-9054.0
-10562.0,-10739.0,-9316.0
-10433.0,-10787.0,-9290.0
-13028.0,-9605.0,-6972.0
-9470.0,-11502.0,-9036.0
-10377.0,-12122.0,-7555.0
-11560.0,-11869.0,-6680.0
-11740.0,-11858.0,-6126.0
-13032.0,-10229.0,-6270.0
-12396.0,-8830.0,-8265.0
-11275.0,-10120.0,-9338.0
-9477.0,-11430.0,-9054.0
-9003.0,-11674.0,-9012.0
-11752.0,-11838.0,-6146.0
-8891.0,-12091.0,-8526.0
-11693.0,-9835.0,-8983.0
-12995.0,-9524.0,-7028.0
-9708.0,-11444.0,-9049.0
-11878.0,-11827.0,-6308.0
-9945.0,-11216.0,-9237.0
-13016.0,-10533.0,-5882.0
-9458.0,-12148.0,-8111.0
-10212.0,-10970.0,-9259.0
-11140.0,-10194.0,-9272.0
-9234.0,-11559.0,-9052.0
-9469.0,-11591.0,-9033.0
-10553.0,-10812.0,-9254.0
-10030.0,-11106.0,-9205.0
-12963.0,-9380.0,-7154.0
-11093.0,-10314.0,-9276.0
-9762.0,-12154.0,-7891.0
-9657.0,-12177.0,-8092.0
-11226.0,-10148.0,-9258.0
-9996.0,-12144.0,-7888.0
-9751.0,-12141.0,-8312.0
-13008.0,-10629.0,-5750.0
-10413.0,-10860.0,-9246.0
-10466.0,-12111.0,-7460.0
-11797.0,-9688.0,-8924.0
-12960.0,-9182.0,-7203.0
-10090.0,-12157.0,-7735.0
-10884.0,-10533.0,-9354.0
-9227.0,-11631.0,-9034.0
-10239.0,-11001.0,-9208.0
-11047.0,-12039.0,-7064.0
-10343.0,-10883.0,-9246.0
-10994.0,-10493.0,-9352.0
-10293.0,-10947.0,-9244.0
-9904.0,-11219.0,-9180.0
-10872.0,-10553.0,-9334.0
-10932.0,-10407.0,-9356.0
-9892.0,-11239.0,-9160.0
-12991.0,-10753.0,-6676.0
-11302.0,-10185.0,-9251.0
-9688.0,-12186.0,-7937.0
-10622.0,-10756.0,-9266.0
-13001.0,-10701.0,-5732.0
-11836.0,-9512.0,-8924.0
-11192.0,-10225.0,-9253.0
-12841.0,-11057.0,-6229.0
-9752.0,-12168.0,-7962.0
-11401.0,-10006.0,-9175.0
-11064.0,-10305.0,-9336.0
-11531.0,-9824.0,-9012.0
-12967.0,-9981.0,-6938.0
-10738.0,-10621.0,-9274.0
-8726.0,-11881.0,-8815.0
-11319.0,-10214.0,-9171.0
-10209.0,-11121.0,-9160.0
-13020.0,-10250.0,-6254.0
-9836.0,-11320.0,-9123.0
-10140.0,-11002.0,-9192.0
-10115.0,-11034.0,-9182.0
-10676.0,-10644.0,-9346.0
-12136.0,-11674.0,-6253.0
-11322.0,-10127.0,-9146.0
-11806.0,-9808.0,-8907.0
-10128.0,-11022.0,-9172.0
-11708.0,-9728.0,-8933.0
-10197.0,-11141.0,-9140.0
-11394.0,-10526.0,-9118.0
-10219.0,-11074.0,-9164.0
-11289.0,-10371.0,-9232.0
-10996.0,-10316.0,-9265.0
-11049.0,-10542.0,-9262.0
-11871.0,-9606.0,-8875.0
-10465.0,-10891.0,-9227.0
-10754.0,-12109.0,-7266.0
-11304.0,-11994.0,-6875.0
-12190.0,-11668.0,-5824.0
-9763.0,-12121.0,-8332.0
-9764.0,-12120.0,-7922.0
-10132.0,-12119.0,-7979.0
-10478.0,-12091.0,-7480.0
-11075.0,-12016.0,-7183.0
-11586.0,-9873.0,-8922.0
-10281.0,-10967.0,-9224.0
-10331.0,-10903.0,-9226.0
-10102.0,-12137.0,-7755.0
-9763.0,-11557.0,-9003.0
-12391.0,-9264.0,-8217.0
-12472.0,-9240.0,-8198.0
-10213.0,-11157.0,-9129.0
-12913.0,-10756.0,-5704.0
-12906.0,-10828.0,-5686.0
-10414.0,-10871.0,-9229.0
-9261.0,-11596.0,-9019.0
-10800.0,-10707.0,-9270.0
-12784.0,-11177.0,-5298.0
-10499.0,-10814.0,-9232.0
-10552.0,-12059.0,-7434.0
-10366.0,-10930.0,-9197.0
-9474.0,-11615.0,-8975.0
-10547.0,-12035.0,-7492.0
-9189.0,-11753.0,-8930.0
-10506.0,-11212.0,-9096.0
-11933.0,-9797.0,-8825.0
-10085.0,-12133.0,-7793.0
-10391.0,-11993.0,-7574.0
-9243.0,-11671.0,-8918.0
-12573.0,-11362.0,-5296.0
-10766.0,-12089.0,-7286.0
-10838.0,-11968.0,-7275.0
-9847.0,-11383.0,-9087.0
-10144.0,-12099.0,-7999.0
-11627.0,-10078.0,-8910.0
-11081.0,-10334.0,-9256.0
-9266.0,-11620.0,-8961.0
-11059.0,-12019.0,-7084.0
-12271.0,-11644.0,-5805.0
-10299.0,-10979.0,-9162.0
-10610.0,-11992.0,-7592.0
-9877.0,-11242.0,-9038.0
-10351.0,-10939.0,-9197.0
-10171.0,-12081.0,-7767.0
-10096.0,-11278.0,-9008.0
-11466.0,-10110.0,-9100.0
-11149.0,-11958.0,-6952.0
-9829.0,-11392.0,-9105.0
-11709.0,-9870.0,-8914.0
-10311.0,-10959.0,-9182.0
-11161.0,-11938.0,-6972.0
-10678.0,-12041.0,-7417.0
-10530.0,-10995.0,-9152.0
-9940.0,-11222.0,-9053.0
-9301.0,-11622.0,-8896.0
-10487.0,-10834.0,-9212.0
-10324.0,-11229.0,-9050.0
-9312.0,-11668.0,-8883.0
-10432.0,-10915.0,-9178.0
-10769.0,-11971.0,-7310.0
-10875.0,-10571.0,-9256.0
-10305.0,-11028.0,-9150.0
-11177.0,-11935.0,-7071.0
-11346.0,-11902.0,-6935.0
-10234.0,-12038.0,-7867.0
-10793.0,-10779.0,-9252.0
-10339.0,-10959.0,-9177.0
-10322.0,-11979.0,-7773.0
-9062.0,-11875.0,-8742.0
-10982.0,-10513.0,-9332.0
-11867.0,-9693.0,-8844.0
-10739.0,-10891.0,-9172.0
-11860.0,-11824.0,-6481.0
-11184.0,-11915.0,-6955.0
-11988.0,-9846.0,-8735.0
-9294.0,-11694.0,-8878.0
-10863.0,-10591.0,-9236.0
-11741.0,-11825.0,-6567.0
-8963.0,-11929.0,-8723.0
-10420.0,-10936.0,-9162.0
-10858.0,-11928.0,-7420.0
-12984.0,-9537.0,-6995.0
-9871.0,-11311.0,-9006.0
-10970.0,-11948.0,-7210.0
-9224.0,-12073.0,-8415.0
-10781.0,-10799.0,-9232.0
-10293.0,-11048.0,-9130.0
-11277.0,-10391.0,-9212.0
-10622.0,-11972.0,-7612.0
-11553.0,-11889.0,-6796.0
-9443.0,-11634.0,-8847.0
-12939.0,-9551.0,-7262.0
-10855.0,-10756.0,-9180.0
-10666.0,-12061.0,-7397.0
-9974.0,-11372.0,-9005.0
-9194.0,-11777.0,-8872.0
-11500.0,-10089.0,-8992.0
-12927.0,-9559.0,-7097.0
-9429.0,-11750.0,-8836.0
-11066.0,-10571.0,-9182.0
-10354.0,-11143.0,-9113.0
-11037.0,-10562.0,-9242.0
-10252.0,-12019.0,-7693.0
-10889.0,-11937.0,-7265.0
-10386.0,-11969.0,-7632.0
-12924.0,-9719.0,-7112.0
-10518.0,-11015.0,-9132.0
-10127.0,-12095.0,-8037.0
-9728.0,-11411.0,-9022.0
-11108.0,-10399.0,-9169.0
-11054.0,-10591.0,-9162.0
-11569.0,-11804.0,-7077.0
-11101.0,-10471.0,-9151.0
-9775.0,-11404.0,-9016.0
-10246.0,-12018.0,-7887.0
-11885.0,-11755.0,-6326.0
-10477.0,-11950.0,-7753.0
-11724.0,-10016.0,-8903.0
-11509.0,-10372.0,-8926.0
-11358.0,-11882.0,-6955.0
-9564.0,-11582.0,-8903.0
-11656.0,-11777.0,-6634.0
-11962.0,-11743.0,-6369.0
-11060.0,-10650.0,-9112.0
-11454.0,-10130.0,-9080.0
-10626.0,-11932.0,-7514.0
-9560.0,-12038.0,-8452.0
-8848.0,-11987.0,-8710.0
-11179.0,-11891.0,-7013.0
-11329.0,-11873.0,-7015.0
-10784.0,-11923.0,-7476.0
-10982.0,-11928.0,-7230.0
-11479.0,-11846.0,-6814.0
-9952.0,-11428.0,-8928.0
-11439.0,-10367.0,-9006.0
-10139.0,-12075.0,-8057.0
-9496.0,-11592.0,-8886.0
-12143.0,-11595.0,-6072.0
-9355.0,-11930.0,-8709.0
-9182.0,-11794.0,-8877.0
-8917.0,-11984.0,-8675.0
-11735.0,-9820.0,-8813.0
-9293.0,-12070.0,-8380.0
-11193.0,-11850.0,-7352.0
-10965.0,-11924.0,-7268.0
-12206.0,-11583.0,-6105.0
-11465.0,-11841.0,-6927.0
-9434.0,-11774.0,-8778.0
-10072.0,-11304.0,-8991.0
-9484.0,-11612.0,-8866.0
-9565.0,-12062.0,-8394.0
-11872.0,-11804.0,-6501.0
-11739.0,-10011.0,-8743.0
-9569.0,-11606.0,-8845.0
-11752.0,-10132.0,-8740.0
-10017.0,-11634.0,-8831.0
-10744.0,-10915.0,-9114.0
-9941.0,-12016.0,-8119.0
-10953.0,-11919.0,-7290.0
-9546.0,-12033.0,-8569.0
-9902.0,-11492.0,-8926.0
-9682.0,-11671.0,-8804.0
-12779.0,-11153.0,-5356.0
-11651.0,-11753.0,-6692.0
-9206.0,-11797.0,-8758.0
-9724.0,-11579.0,-8864.0
-11048.0,-10670.0,-9092.0
-10067.0,-11310.0,-8963.0
-9305.0,-12049.0,-8396.0
-11341.0,-11853.0,-7035.0
-10884.0,-11913.0,-7323.0
-9577.0,-12042.0,-8414.0
-10853.0,-11904.0,-7478.0
-10547.0,-11024.0,-9072.0
-10779.0,-11899.0,-7534.0
-9367.0,-11777.0,-8722.0
-10077.0,-11328.0,-8933.0
-11974.0,-11723.0,-6389.0
-10285.0,-11247.0,-8984.0
-8929.0,-11967.0,-8670.0
-11513.0,-10201.0,-8901.0
-9735.0,-11795.0,-8709.0
-11783.0,-11733.0,-6627.0
-12906.0,-10237.0,-6979.0
-11574.0,-10361.0,-8848.0
-10866.0,-10864.0,-9030.0
-8968.0,-11953.0,-8665.0
-10657.0,-10984.0,-9070.0
-11997.0,-11700.0,-6372.0
-10403.0,-11945.0,-7809.0
-11906.0,-10054.0,-8731.0
-10965.0,-11899.0,-7310.0
-10979.0,-10717.0,-9012.0
-10029.0,-11421.0,-8915.0
-10522.0,-11944.0,-7723.0
-10216.0,-11303.0,-8972.0
-12219.0,-11573.0,-6011.0
-10977.0,-11904.0,-7288.0
-11307.0,-11825.0,-7324.0
-9498.0,-11747.0,-8801.0
-10870.0,-11908.0,-7440.0
-12881.0,-9721.0,-7172.0
-11948.0,-11738.0,-6482.0
-9248.0,-11954.0,-8660.0
-10948.0,-11895.0,-7348.0
-12387.0,-11525.0,-6116.0
-11769.0,-11728.0,-6740.0
-11121.0,-10535.0,-9049.0
-10843.0,-10776.0,-9160.0
-9953.0,-11996.0,-8139.0
-12886.0,-9989.0,-6985.0
-11109.0,-10555.0,-9029.0
-12005.0,-11668.0,-6328.0
-11491.0,-11826.0,-6834.0
-12869.0,-10117.0,-7042.0
-10931.0,-11871.0,-7599.0
-9878.0,-11518.0,-8909.0
-11682.0,-10127.0,-8820.0
-10252.0,-11882.0,-7865.0
-10548.0,-11929.0,-7630.0
-12131.0,-11650.0,-6311.0
-10327.0,-11878.0,-7821.0
-12173.0,-11558.0,-6371.0
-10089.0,-11333.0,-8911.0
-10229.0,-12014.0,-7925.0
-11943.0,-11714.0,-6540.0
-10960.0,-11875.0,-7368.0
-9154.0,-12032.0,-8583.0
-10947.0,-10840.0,-9011.0
-10402.0,-11382.0,-8890.0
-12503.0,-9421.0,-8118.0
-9922.0,-11987.0,-8294.0
-10113.0,-11307.0,-8928.0
-11183.0,-10604.0,-8996.0
-10291.0,-11871.0,-7835.0
-10109.0,-11327.0,-8923.0
-10534.0,-11924.0,-7743.0
-9549.0,-11716.0,-8791.0
-10586.0,-11887.0,-7743.0
-10029.0,-11481.0,-8844.0
-9541.0,-12009.0,-8627.0
-12916.0,-10577.0,-6882.0
-11597.0,-11708.0,-6893.0
-10970.0,-11861.0,-7297.0
-10645.0,-11004.0,-9050.0
-9883.0,-11542.0,-8851.0
-10264.0,-11861.0,-7881.0
-12862.0,-9634.0,-7193.0
-11190.0,-10532.0,-9014.0
-10535.0,-11044.0,-9052.0
-10339.0,-11858.0,-7841.0
-12185.0,-11538.0,-6391.0
-11795.0,-11713.0,-6647.0
-10694.0,-10919.0,-9043.0
-12518.0,-9150.0,-8077.0
-9794.0,-11566.0,-8848.0
-10712.0,-11033.0,-8980.0
-10445.0,-11853.0,-7869.0
-10241.0,-11994.0,-7945.0
-10943.0,-11851.0,-7619.0
-11640.0,-10190.0,-8819.0
-11764.0,-11704.0,-6798.0
-12855.0,-9808.0,-7065.0
-12017.0,-11648.0,-6348.0
-12831.0,-9594.0,-7214.0
-11922.0,-11641.0,-6546.0
-11055.0,-10774.0,-8997.0
-10456.0,-11270.0,-8970.0
-10017.0,-11978.0,-8164.0
-9670.0,-11691.0,-8784.0
-11171.0,-10624.0,-8976.0
-10489.0,-11930.0,-7773.0
-10926.0,-11847.0,-7657.0
-10538.0,-11062.0,-8974.0
-11959.0,-11629.0,-6821.0
-10854.0,-10884.0,-9010.0
-12208.0,-11524.0,-6742.0
-12046.0,-11602.0,-6378.0
-12371.0,-9421.0,-8182.0
-10624.0,-11863.0,-7611.0
-10071.0,-11399.0,-8868.0
-10865.0,-11884.0,-7498.0
-12559.0,-9468.0,-8003.0
-9503.0,-11771.0,-8743.0
-11319.0,-11805.0,-7344.0
-12377.0,-9430.0,-8175.0
-10153.0,-11946.0,-8076.0
-9740.0,-11819.0,-8651.0
-12401.0,-9298.0,-8165.0
-10700.0,-11053.0,-8960.0
-12826.0,-9855.0,-7216.0
-12855.0,-9722.0,-7147.0
-12758.0,-9492.0,-7602.0
-12812.0,-9562.0,-7344.0
-11977.0,-11605.0,-6413.0
-10404.0,-11849.0,-7915.0
-11091.0,-10628.0,-8918.0
-10212.0,-11842.0,-7949.0
-9566.0,-11745.0,-8711.0
-10526.0,-11082.0,-8954.0
-10517.0,-11920.0,-7781.0
-9687.0,-11695.0,-8746.0
-10772.0,-10945.0,-8976.0
-10444.0,-11290.0,-8950.0
-11129.0,-10716.0,-8916.0
-12422.0,-9445.0,-8137.0
-10236.0,-11841.0,-8000.0
-12041.0,-11578.0,-6436.0
-12800.0,-10409.0,-7417.0
-9675.0,-11715.0,-8726.0
-10059.0,-11419.0,-8848.0
-12250.0,-11518.0,-6385.0
-10962.0,-11841.0,-7468.0
-10529.0,-11900.0,-7801.0
-11188.0,-11826.0,-7410.0
-11245.0,-10581.0,-8924.0
-10729.0,-11062.0,-8900.0
-10578.0,-11299.0,-8882.0
-11972.0,-11581.0,-6471.0
-10099.0,-11426.0,-8835.0
-10619.0,-11839.0,-7669.0
-10518.0,-11247.0,-8898.0
-9553.0,-11856.0,-8640.0
-10027.0,-11964.0,-8093.0
-10919.0,-10988.0,-8935.0
-11667.0,-11668.0,-6973.0
-9980.0,-11645.0,-8766.0
-9646.0,-11986.0,-8426.0
-11605.0,-10542.0,-8768.0
-12572.0,-9192.0,-7954.0
-10333.0,-11833.0,-8079.0
-10938.0,-11827.0,-7677.0
-12505.0,-9164.0,-8028.0
-11427.0,-10387.0,-8986.0
-11670.0,-10340.0,-8736.0
-10064.0,-11443.0,-8790.0
-10760.0,-10965.0,-8956.0
-10407.0,-11406.0,-8832.0
-9968.0,-11665.0,-8746.0
-12043.0,-9810.0,-8602.0
-10631.0,-11819.0,-7689.0
-11409.0,-11744.0,-7212.0
-12632.0,-9252.0,-7938.0
-11772.0,-11645.0,-6772.0
-12400.0,-11514.0,-6159.0
-10141.0,-11966.0,-8056.0
-12019.0,-11536.0,-6492.0
-10089.0,-11857.0,-8153.0
-10722.0,-11800.0,-7810.0
-10972.0,-10789.0,-8994.0
-10935.0,-10860.0,-8991.0
-11427.0,-10580.0,-8922.0
-10717.0,-11082.0,-8880.0
-10191.0,-11460.0,-8768.0
-11172.0,-10909.0,-8903.0
-11233.0,-10601.0,-8904.0
-10531.0,-11838.0,-7833.0
-11695.0,-10239.0,-8729.0
-10022.0,-11940.0,-8151.0
-12079.0,-11541.0,-6408.0
-10117.0,-11411.0,-8801.0
-10581.0,-11863.0,-7801.0
-11103.0,-11778.0,-7477.0
-10024.0,-11906.0,-8182.0
-10960.0,-10809.0,-8974.0
-11497.0,-10392.0,-8906.0
-11264.0,-11250.0,-8770.0
-11000.0,-10964.0,-8916.0
-10952.0,-10862.0,-8950.0
-10084.0,-11530.0,-8754.0
-9797.0,-11884.0,-8432.0
-11147.0,-11115.0,-8864.0
-12656.0,-9120.0,-7928.0
-12299.0,-11468.0,-6284.0
-12455.0,-11478.0,-6026.0
-11987.0,-11533.0,-6637.0
-11583.0,-11675.0,-7096.0
-11762.0,-11659.0,-6843.0
-11814.0,-10323.0,-8690.0
-9950.0,-11863.0,-8196.0
-10765.0,-10989.0,-8898.0
-10457.0,-11833.0,-7889.0
-10101.0,-11837.0,-8173.0
-10854.0,-11060.0,-8897.0
-9985.0,-11669.0,-8708.0
-10440.0,-11829.0,-7927.0
-11415.0,-10600.0,-8902.0
-12676.0,-9320.0,-7915.0
-9973.0,-11689.0,-8688.0
-10526.0,-11814.0,-7891.0
-12030.0,-10015.0,-8563.0
-10345.0,-11813.0,-8099.0
-10725.0,-11202.0,-8853.0
-9936.0,-11858.0,-8313.0
-12043.0,-10136.0,-8560.0
-9572.0,-12018.0,-8472.0
-10399.0,-11825.0,-7973.0
-10179.0,-11480.0,-8748.0
-9952.0,-11855.0,-8412.0
-9962.0,-11843.0,-8216.0
-11098.0,-11754.0,-7535.0
-11421.0,-11724.0,-7232.0
-10940.0,-10882.0,-8930.0
-12060.0,-9839.0,-8522.0
-12687.0,-9301.0,-7848.0
-12407.0,-11473.0,-6092.0
-9964.0,-11835.0,-8432.0
-10084.0,-11833.0,-8211.0
-11730.0,-11651.0,-7129.0
-11444.0,-11701.0,-7215.0
-9874.0,-11730.0,-8632.0
-10328.0,-11809.0,-8137.0
-12345.0,-11465.0,-6249.0
-10203.0,-11412.0,-8728.0
-12395.0,-9549.0,-8115.0
-10196.0,-11484.0,-8710.0
-10651.0,-11779.0,-7834.0
-10184.0,-11504.0,-8690.0
-10253.0,-11437.0,-8696.0
-9708.0,-11879.0,-8486.0
-10142.0,-11596.0,-8630.0
-11433.0,-10603.0,-8729.0
-10740.0,-11768.0,-7739.0
-11310.0,-10618.0,-8675.0
-10452.0,-11809.0,-7947.0
-9752.0,-11824.0,-8629.0
-12757.0,-10147.0,-7591.0
-9971.0,-11815.0,-8316.0
-10668.0,-11755.0,-8011.0
-10816.0,-11758.0,-7694.0
-9558.0,-11880.0,-8582.0
-12461.0,-9604.0,-8107.0
-10428.0,-11824.0,-7949.0
-11270.0,-10638.0,-8660.0
-10498.0,-11784.0,-8029.0
-10096.0,-11813.0,-8231.0
-9757.0,-11848.0,-8571.0
-11452.0,-11669.0,-7171.0
-12727.0,-9311.0,-7682.0
-11394.0,-10620.0,-8646.0
-11489.0,-10674.0,-8630.0
-10241.0,-11457.0,-8676.0
-10423.0,-11800.0,-8007.0
-12584.0,-9640.0,-7930.0
-10133.0,-11802.0,-8296.0
-11024.0,-11319.0,-8708.0
-11044.0,-11709.0,-7736.0
-12396.0,-11460.0,-6513.0
-10752.0,-11748.0,-7759.0
-10435.0,-11436.0,-8694.0
-11230.0,-11734.0,-7470.0
-12695.0,-9956.0,-7641.0
-11769.0,-11587.0,-6861.0
-10440.0,-11804.0,-7969.0
-9879.0,-11754.0,-8574.0
-10874.0,-11738.0,-7754.0
-11349.0,-11673.0,-7462.0
-10258.0,-11461.0,-8638.0
-9720.0,-11859.0,-8506.0
-11767.0,-11621.0,-6830.0
-11732.0,-10531.0,-8686.0
-10340.0,-11789.0,-8157.0
-10830.0,-11533.0,-8626.0
-10510.0,-11764.0,-8049.0
-11964.0,-10186.0,-8592.0
-12834.0,-10785.0,-6878.0
-11832.0,-11570.0,-7017.0
-10718.0,-11274.0,-8835.0
-10423.0,-11456.0,-8674.0
-11578.0,-11651.0,-7154.0
-12419.0,-11339.0,-6744.0
-12503.0,-9523.0,-8008.0
-11383.0,-11647.0,-7276.0
-11437.0,-10706.0,-8585.0
-10511.0,-11361.0,-8641.0
-9778.0,-11756.0,-8514.0
-10406.0,-11776.0,-8258.0
-10100.0,-11630.0,-8614.0
-9766.0,-11776.0,-8494.0
-11242.0,-11714.0,-7490.0
-10806.0,-11178.0,-8834.0
-12461.0,-11333.0,-6387.0
-10056.0,-11768.0,-8460.0
-10001.0,-11719.0,-8550.0
-11464.0,-11649.0,-7191.0
-10782.0,-11730.0,-7983.0
-12659.0,-10283.0,-7695.0
-12784.0,-10940.0,-6565.0
-11160.0,-10929.0,-8883.0
-11539.0,-10610.0,-8632.0
-10440.0,-11460.0,-8636.0
-10231.0,-11601.0,-8576.0
-11725.0,-11627.0,-7187.0
-10088.0,-11650.0,-8594.0
-11840.0,-10273.0,-8589.0
-11395.0,-11627.0,-7296.0
-11317.0,-10722.0,-8580.0
-12060.0,-10165.0,-8480.0
-12608.0,-9768.0,-7863.0
-11424.0,-11606.0,-7256.0
-11493.0,-11603.0,-7221.0
-11369.0,-11642.0,-7389.0
-11285.0,-11668.0,-7887.0
-11834.0,-11526.0,-6959.0
-11048.0,-11669.0,-7638.0
-12839.0,-10486.0,-7028.0
-11847.0,-11515.0,-7002.0
-10061.0,-11792.0,-8402.0
-10006.0,-11743.0,-8492.0
-12426.0,-9730.0,-8035.0
-11311.0,-10761.0,-8568.0
-11909.0,-10270.0,-8554.0
-10886.0,-11718.0,-7774.0
-12085.0,-10064.0,-8473.0
-12510.0,-11283.0,-6286.0
-11488.0,-11579.0,-7279.0
-12029.0,-11514.0,-7000.0
-11419.0,-11582.0,-7314.0
-12643.0,-9383.0,-7708.0
-10635.0,-11280.0,-8712.0
-10196.0,-11644.0,-8573.0
-10971.0,-11195.0,-8803.0
-12467.0,-9539.0,-7993.0
-11787.0,-10580.0,-8596.0
-11340.0,-10732.0,-8566.0
-10794.0,-11710.0,-8003.0
-11653.0,-11560.0,-7275.0
-12496.0,-9595.0,-7990.0
-10493.0,-11760.0,-8087.0
-11310.0,-10794.0,-8562.0
-10368.0,-11551.0,-8451.0
-10959.0,-11215.0,-8783.0
-10227.0,-11653.0,-8418.0
-11508.0,-11539.0,-7424.0
-11345.0,-10824.0,-8550.0
-10163.0,-11670.0,-8414.0
-11499.0,-10775.0,-8532.0
-12572.0,-11252.0,-6550.0
-11995.0,-10367.0,-8512.0
-12465.0,-9707.0,-7963.0
-10361.0,-11623.0,-8433.0
-10175.0,-11650.0,-8434.0
-10116.0,-11773.0,-8376.0
-10418.0,-11756.0,-8278.0
-12936.0,-10704.0,-6766.0
-10215.0,-11673.0,-8398.0
-10663.0,-11731.0,-8069.0
-12306.0,-11388.0,-6638.0
-12230.0,-10098.0,-8333.0
-11794.0,-10362.0,-8542.0
-11827.0,-11546.0,-7075.0
-11510.0,-10694.0,-8583.0
-10437.0,-11746.0,-8127.0
-10219.0,-11621.0,-8556.0
-10401.0,-11752.0,-8316.0
-11252.0,-11270.0,-8750.0
-11638.0,-10596.0,-8572.0
-11295.0,-10888.0,-8548.0
-11626.0,-10616.0,-8552.0
-10505.0,-11740.0,-8107.0
-12247.0,-10410.0,-8260.0
-11364.0,-11618.0,-7447.0
-12397.0,-10406.0,-8034.0
-12674.0,-11171.0,-6438.0
-12035.0,-11451.0,-6773.0
-11556.0,-10639.0,-8552.0
-12182.0,-11427.0,-6806.0
-10413.0,-11732.0,-8336.0
-11847.0,-10377.0,-8494.0
-12292.0,-10251.0,-8148.0
-11506.0,-10703.0,-8550.0
-11352.0,-11075.0,-8505.0
-11314.0,-11593.0,-7479.0
-12772.0,-11060.0,-6264.0
-10512.0,-11668.0,-8125.0
-12122.0,-10356.0,-8430.0
-11365.0,-10843.0,-8472.0
-11835.0,-10397.0,-8474.0
-12534.0,-9704.0,-7928.0
-11648.0,-11536.0,-7333.0
-11616.0,-10663.0,-8548.0
-10477.0,-11652.0,-8151.0
-11806.0,-11473.0,-7081.0
-12527.0,-9776.0,-7910.0
-11422.0,-10877.0,-8466.0
-11309.0,-11569.0,-7537.0
-10349.0,-11643.0,-8413.0
-10544.0,-11648.0,-8081.0
-11746.0,-11469.0,-7127.0
-10518.0,-11550.0,-8355.0
-11434.0,-11534.0,-7480.0
-11825.0,-10543.0,-8462.0
-12735.0,-10990.0,-6666.0
-10705.0,-11639.0,-8129.0
-11524.0,-10715.0,-8488.0
-11792.0,-11466.0,-7092.0
-10476.0,-11584.0,-8339.0
-10469.0,-11628.0,-8261.0
-11383.0,-11532.0,-7783.0
-11870.0,-11471.0,-7034.0
-10896.0,-11629.0,-7891.0
-12091.0,-11389.0,-6836.0
-12342.0,-10357.0,-8124.0
-10806.0,-11626.0,-7894.0
-11288.0,-10960.0,-8530.0
-11580.0,-10767.0,-8485.0
-11843.0,-11461.0,-7356.0
-10979.0,-11623.0,-8014.0
-11882.0,-10527.0,-8460.0
-12578.0,-10137.0,-7849.0
-12444.0,-11304.0,-6467.0
-10539.0,-11624.0,-8139.0
-12284.0,-11346.0,-6694.0
-11520.0,-11519.0,-7444.0
-11743.0,-10751.0,-8458.0
-11477.0,-10926.0,-8376.0
-12043.0,-11385.0,-7019.0
-10717.0,-11619.0,-8149.0
-11543.0,-11496.0,-7427.0
-11297.0,-11564.0,-7559.0
-10481.0,-11608.0,-8281.0
-11861.0,-11454.0,-7055.0
-12717.0,-11096.0,-6397.0
-12127.0,-11378.0,-6896.0
-10551.0,-11604.0,-8159.0
-11911.0,-10541.0,-8428.0
-11912.0,-11379.0,-7094.0
-10546.0,-11596.0,-8163.0
-11292.0,-11540.0,-7617.0
-10537.0,-11579.0,-8184.0
-11498.0,-11477.0,-7500.0
-11415.0,-10949.0,-8448.0
-11486.0,-11497.0,-7480.0
-12177.0,-10405.0,-8340.0
-11952.0,-10532.0,-8380.0
-10464.0,-11604.0,-8319.0
-11681.0,-10813.0,-8360.0
-10721.0,-11579.0,-8051.0
-11629.0,-11428.0,-7649.0
-10766.0,-11552.0,-8017.0
-10523.0,-11574.0,-8297.0
-11394.0,-11459.0,-7505.0
-10554.0,-11576.0,-8185.0
-12422.0,-11256.0,-6776.0
-11522.0,-10770.0,-8394.0
-12778.0,-10534.0,-6928.0
-11431.0,-11448.0,-7570.0
-12038.0,-11361.0,-7077.0
-12196.0,-11298.0,-6825.0
-11871.0,-11365.0,-7172.0
-12111.0,-11306.0,-7004.0
-10549.0,-11559.0,-8204.0
-10558.0,-11576.0,-8183.0
-10849.0,-11324.0,-8391.0
-11531.0,-10768.0,-8367.0
-10981.0,-11365.0,-8311.0
-12229.0,-11297.0,-6784.0
-11510.0,-10983.0,-8310.0
-12136.0,-11294.0,-6871.0
-10948.0,-11551.0,-8015.0
-11820.0,-10634.0,-8400.0
-11924.0,-11359.0,-7114.0
-12191.0,-11274.0,-6883.0
-12184.0,-10187.0,-8286.0
-12718.0,-10617.0,-7413.0
-12260.0,-11296.0,-6778.0
-11941.0,-11325.0,-7252.0
-11655.0,-10875.0,-8297.0
-11470.0,-10998.0,-8358.0
-12251.0,-11279.0,-6799.0
-12028.0,-10421.0,-8316.0
-11077.0,-11487.0,-7910.0
-10969.0,-11385.0,-8291.0
-12007.0,-10581.0,-8290.0
-11753.0,-11389.0,-7481.0
-12302.0,-11204.0,-6838.0
-12471.0,-11206.0,-6675.0
-12018.0,-10467.0,-8308.0
-12165.0,-11262.0,-6916.0
-10960.0,-11531.0,-8035.0
-12041.0,-11301.0,-7084.0
-11808.0,-10654.0,-8380.0
-11253.0,-11474.0,-7924.0
-10927.0,-11477.0,-8231.0
-11957.0,-11284.0,-7129.0
-12136.0,-11225.0,-6973.0
-12725.0,-10889.0,-6764.0
-12314.0,-11184.0,-6858.0
-11248.0,-11450.0,-7982.0
-10932.0,-11501.0,-8173.0
-12662.0,-11047.0,-6487.0
-11925.0,-10789.0,-8286.0
-11795.0,-10673.0,-8290.0
-11515.0,-11007.0,-8252.0
-12041.0,-11278.0,-7109.0
-11267.0,-11126.0,-8254.0
-12046.0,-11302.0,-7051.0
-11364.0,-11083.0,-8224.0
-12048.0,-11229.0,-7102.0
-11376.0,-11063.0,-8244.0
-12090.0,-11228.0,-7008.0
-12172.0,-11190.0,-6934.0
-11043.0,-11342.0,-8239.0
-12006.0,-10488.0,-8292.0
-12303.0,-11171.0,-7279.0
-12125.0,-11177.0,-7023.0
-12694.0,-10642.0,-7181.0
-11616.0,-10892.0,-8214.0
-11272.0,-11150.0,-8196.0
-12517.0,-11203.0,-6640.0
-12174.0,-11188.0,-6945.0
-11275.0,-11104.0,-8189.0
-11582.0,-11112.0,-8177.0
-12019.0,-11253.0,-7393.0
-12573.0,-11125.0,-6563.0
-12619.0,-11122.0,-6528.0
-11078.0,-11418.0,-8226.0
-12121.0,-11172.0,-7281.0
-12165.0,-10618.0,-8256.0
-11604.0,-10912.0,-8194.0
-12630.0,-10659.0,-6893.0
-11447.0,-11390.0,-7821.0
-11394.0,-11115.0,-8172.0
-11594.0,-10959.0,-8190.0
-12628.0,-10671.0,-7026.0
-11387.0,-11187.0,-8154.0
-11855.0,-11308.0,-7369.0
-11180.0,-11337.0,-8114.0
-10983.0,-11444.0,-8083.0
-12345.0,-11165.0,-6922.0
-11071.0,-11436.0,-8096.0
-12524.0,-11175.0,-6664.0
-11891.0,-11305.0,-7310.0
-12601.0,-10928.0,-6932.0
-11762.0,-11315.0,-7510.0
-12599.0,-10995.0,-6644.0
-11751.0,-10818.0,-8280.0
-12623.0,-10970.0,-6876.0
-12495.0,-11161.0,-6696.0
-11690.0,-10866.0,-8180.0
-12525.0,-11106.0,-6980.0
-12535.0,-11058.0,-6569.0
-11731.0,-11347.0,-7537.0
-12730.0,-10404.0,-7497.0
-12394.0,-11115.0,-6821.0
-12280.0,-10271.0,-8128.0
-12718.0,-10961.0,-6746.0
-11805.0,-11269.0,-7907.0
-12501.0,-11131.0,-6748.0
-11574.0,-11379.0,-7739.0
-11308.0,-11455.0,-7898.0
-10995.0,-11424.0,-8103.0
-11637.0,-10884.0,-8149.0
-11731.0,-10901.0,-8112.0
-11743.0,-10881.0,-8132.0
-12580.0,-10708.0,-7050.0
-11372.0,-11411.0,-7814.0
-11721.0,-11047.0,-8100.0
-11392.0,-11211.0,-8096.0
-11193.0,-11401.0,-8072.0
-11937.0,-10667.0,-8214.0
-11198.0,-11425.0,-8014.0
-12517.0,-10185.0,-7749.0
-11860.0,-10823.0,-8102.0
-11261.0,-11313.0,-8095.0
-11999.0,-10644.0,-8142.0
-11643.0,-11299.0,-7668.0
-11499.0,-11224.0,-8034.0
-11399.0,-11139.0,-8114.0
-12546.0,-10879.0,-7022.0
-11676.0,-11298.0,-7627.0
-11817.0,-11249.0,-7927.0
-11449.0,-11164.0,-8082.0
-11318.0,-11366.0,-8015.0
-12210.0,-10459.0,-8144.0
-11798.0,-10930.0,-8042.0
-11322.0,-11326.0,-7917.0
-11987.0,-10664.0,-8122.0
-11837.0,-11215.0,-7565.0
-12675.0,-10355.0,-7587.0
-12049.0,-10750.0,-8118.0
-11698.0,-11280.0,-7642.0
-11918.0,-11207.0,-7518.0
-11512.0,-11293.0,-7743.0
-11524.0,-11273.0,-7763.0
-12558.0,-10666.0,-7106.0
-11511.0,-11204.0,-8054.0
-12315.0,-10614.0,-8030.0
-12198.0,-10479.0,-8124.0
-11342.0,-11235.0,-7935.0
-11930.0,-10828.0,-8022.0
-11848.0,-11036.0,-8018.0
-12546.0,-10674.0,-7055.0
-12526.0,-10752.0,-7138.0
-11638.0,-11275.0,-7726.0
-12456.0,-11084.0,-7085.0
-11330.0,-11255.0,-7915.0
-12042.0,-10822.0,-8100.0
-12144.0,-11128.0,-7313.0
-12104.0,-10799.0,-8028.0
-11700.0,-11114.0,-8021.0
-11786.0,-10950.0,-8022.0
-11615.0,-11166.0,-7981.0
-11964.0,-11204.0,-7483.0
-11905.0,-10832.0,-7996.0
-11891.0,-10961.0,-7977.0
-12450.0,-10286.0,-7695.0
-12577.0,-10491.0,-7691.0
-12020.0,-11126.0,-7406.0
-12066.0,-11123.0,-7371.0
-12483.0,-10827.0,-7179.0
-12536.0,-10618.0,-7415.0
-12474.0,-10641.0,-7487.0
-12141.0,-10643.0,-8024.0
-12340.0,-10579.0,-7753.0
-11903.0,-11085.0,-7928.0
-11947.0,-11175.0,-7563.0
-11603.0,-11186.0,-7961.0
-12049.0,-11094.0,-7451.0
-11993.0,-10880.0,-7865.0
-12456.0,-10747.0,-7218.0
-12135.0,-11111.0,-7334.0
-12187.0,-10666.0,-7947.0
-12363.0,-10578.0,-7725.0
-12401.0,-11035.0,-7175.0
-11524.0,-11194.0,-7960.0
-11830.0,-11142.0,-7749.0
-11512.0,-11214.0,-7940.0
-12186.0,-11036.0,-7373.0
-12264.0,-10757.0,-7801.0
-11925.0,-11133.0,-7619.0
-12482.0,-10844.0,-7154.0
-12438.0,-10754.0,-7519.0
-11994.0,-11029.0,-7470.0
-12056.0,-11022.0,-7469.0
-12048.0,-10929.0,-7775.0
-12092.0,-11019.0,-7410.0
-11954.0,-11103.0,-7581.0
-12023.0,-10997.0,-7515.0
-12198.0,-11016.0,-7393.0
-12481.0,-10569.0,-7505.0
-12158.0,-10990.0,-7565.0
-11841.0,-11116.0,-7664.0
-12220.0,-10967.0,-7493.0
-12385.0,-10963.0,-7283.0
-12041.0,-10957.0,-7751.0
-12453.0,-10807.0,-7211.0
-12084.0,-10816.0,-7743.0
-12444.0,-10960.0,-7134.0
-12366.0,-10676.0,-7689.0
-12465.0,-10497.0,-7613.0
-12046.0,-10996.0,-7487.0
-12281.0,-10786.0,-7721.0
-12383.0,-10705.0,-7609.0
-12315.0,-10958.0,-7363.0
-12070.0,-10971.0,-7719.0
-12464.0,-10540.0,-7585.0
-11932.0,-11061.0,-7637.0
-12143.0,-10876.0,-7639.0
-12413.0,-10822.0,-7259.0
-12146.0,-10793.0,-7671.0
-12412.0,-10572.0,-7540.0
-12172.0,-10890.0,-7607.0
-12231.0,-10941.0,-7408.0
-12096.0,-10921.0,-7618.0
-12260.0,-10909.0,-7453.0
-12234.0,-10812.0,-7517.0
-12358.0,-10773.0,-7349.0
-12322.0,-10886.0,-7381.0
-12329.0,-10805.0,-7304.0
-12198.0,-10840.0,-7506.0
-12165.0,-10962.0,-7589.0
-12267.0,-10837.0,-7471.0
-12303.0,-10834.0,-7412.0
-12279.0,-10816.0,-7487.0
-12304.0,-10817.0,-7437.0
-12263.0,-10826.0,-7485.0
-12312.0,-10776.0,-7384.0
