z1,z2,z3,time
-5382.0,-5412.0,-12961.0,0.004055023193359375
-10638.0,-7133.0,-5027.0,0.009752988815307617
-5801.0,-11353.0,-5875.0,0.014120101928710938
-10611.0,-7190.0,-5271.0,0.019773006439208984
-10591.0,-7655.0,-6064.0,0.02557206153869629
-4865.0,-6182.0,-12787.0,0.02975606918334961
-5097.0,-11290.0,-6284.0,0.03580498695373535
-10564.0,-7712.0,-6308.0,0.041123151779174805
-4872.0,-6328.0,-12655.0,0.05338716506958008
-10528.0,-7318.0,-6555.0,0.059084177017211914
-6071.0,-6452.0,-12637.0,0.06522297859191895
-5600.0,-11218.0,-6582.0,0.07164216041564941
-6026.0,-6568.0,-12582.0,0.07661700248718262
-4775.0,-6583.0,-12535.0,0.08103394508361816
-10523.0,-7356.0,-6787.0,0.08568215370178223
-4838.0,-6920.0,-12488.0,0.09083104133605957
-5679.0,-11193.0,-7055.0,0.09618210792541504
-10501.0,-7375.0,-6799.0,0.09984302520751953
-10496.0,-7413.0,-7031.0,0.10341596603393555
-5439.0,-7020.0,-12465.0,0.10833597183227539
-5189.0,-7278.0,-12350.0,0.1190640926361084
-10441.0,-6698.0,-7169.0,0.1242821216583252
-5597.0,-5826.0,-12658.0,0.1340341567993164
-10419.0,-6717.0,-7181.0,0.13820910453796387
-10414.0,-6755.0,-7413.0,0.14234113693237305
-4306.0,-11087.0,-7370.0,0.14882898330688477
-5999.0,-7306.0,-12283.0,0.15790510177612305
-5406.0,-7323.0,-12194.0,0.16986298561096191
-5151.0,-7540.0,-12163.0,0.19324612617492676
-10340.0,-6798.0,-7584.0,0.1980760097503662
-5478.0,-11058.0,-7762.0,0.20545411109924316
-5820.0,-11327.0,-5416.0,0.20983195304870605
-10582.0,-7957.0,-4461.0,0.21476101875305176
-5521.0,-7678.0,-12083.0,0.21939802169799805
-6631.0,-11309.0,-4930.0,0.22378110885620117
-10283.0,-6465.0,-7635.0,0.22804999351501465
-10261.0,-6819.0,-7652.0,0.2322380542755127
-5254.0,-7688.0,-11989.0,0.24078917503356934
-10250.0,-6986.0,-7715.0,0.2467479705810547
-5479.0,-7731.0,-11973.0,0.25194716453552246
-5271.0,-7936.0,-11968.0,0.2567579746246338
-10239.0,-6928.0,-7759.0,0.2626311779022217
-10209.0,-6508.0,-7806.0,0.2682349681854248
-6203.0,-5241.0,-12567.0,0.2724881172180176
-10173.0,-6290.0,-7865.0,0.2779531478881836
-10546.0,-8012.0,-5642.0,0.28240013122558594
-10168.0,-6328.0,-8097.0,0.28751516342163086
-10535.0,-8479.0,-5498.0,0.2919731140136719
-5921.0,-11002.0,-8079.0,0.29959917068481445
-5147.0,-7966.0,-11887.0,0.3043961524963379
-6436.0,-6331.0,-12290.0,0.31048107147216797
-5233.0,-8198.0,-11781.0,0.31708312034606934
-10020.0,-6331.0,-8336.0,0.32537412643432617
-6581.0,-6685.0,-12285.0,0.3298201560974121
-5109.0,-8228.0,-11700.0,0.3373241424560547
-5336.0,-8346.0,-11607.0,0.34797096252441406
-6017.0,-10910.0,-8136.0,0.3525421619415283
-4776.0,-10853.0,-8256.0,0.35867905616760254
-6584.0,-6821.0,-12208.0,0.36345696449279785
-6847.0,-6397.0,-12188.0,0.36852002143859863
-5561.0,-8389.0,-11591.0,0.3732290267944336
-10439.0,-8571.0,-5441.0,0.3780250549316406
-10009.0,-6498.0,-8399.0,0.3842630386352539
-6843.0,-11219.0,-4870.0,0.38901615142822266
-4859.0,-8486.0,-11585.0,0.3937041759490967
-4600.0,-10843.0,-8490.0,0.3980600833892822
-10007.0,-7242.0,-8411.0,0.40632009506225586
-9980.0,-7299.0,-8655.0,0.41182899475097656
-10434.0,-8609.0,-5673.0,0.41656017303466797
-5465.0,-8502.0,-11517.0,0.42137813568115234
-5185.0,-8598.0,-11496.0,0.4266350269317627
-10401.0,-8773.0,-5157.0,0.4323420524597168
-6969.0,-5339.0,-12026.0,0.4409770965576172
-7165.0,-11216.0,-4548.0,0.44541311264038086
-4962.0,-8634.0,-11411.0,0.4510061740875244
-5793.0,-8693.0,-11327.0,0.4567999839782715
-4779.0,-10787.0,-8507.0,0.4642679691314697
-4696.0,-10751.0,-8547.0,0.4718291759490967
-10357.0,-8812.0,-5196.0,0.4765770435333252
-5091.0,-8790.0,-11321.0,0.481748104095459
-4875.0,-10695.0,-8564.0,0.4881429672241211
-9927.0,-5840.0,-8781.0,0.49334096908569336
-10308.0,-8987.0,-5302.0,0.502208948135376
-6992.0,-6493.0,-11942.0,0.510045051574707
-6293.0,-10645.0,-8657.0,0.5173590183258057
-7063.0,-6522.0,-11923.0,0.5258100032806396
-4924.0,-8896.0,-11224.0,0.5328121185302734
-7081.0,-5626.0,-11803.0,0.541107177734375
-5351.0,-10605.0,-8804.0,0.5487301349639893
-7392.0,-6667.0,-11799.0,0.5573689937591553
-9835.0,-7203.0,-8901.0,0.5665290355682373
-10264.0,-9026.0,-5341.0,0.571800947189331
-5053.0,-9052.0,-11134.0,0.5783970355987549
-7377.0,-11126.0,-4488.0,0.5839190483093262
-10212.0,-9079.0,-5245.0,0.5893349647521973
-9774.0,-5904.0,-9020.0,0.5954780578613281
-5530.0,-10549.0,-8821.0,0.6051850318908691
-4868.0,-10526.0,-8904.0,0.612429141998291
-10207.0,-9117.0,-5477.0,0.6192951202392578
-10130.0,-9320.0,-5000.0,0.62489914894104
-5156.0,-9200.0,-10960.0,0.6313700675964355
-5634.0,-10486.0,-9193.0,0.6394741535186768
-9742.0,-7417.0,-9046.0,0.6461391448974609
-9742.0,-7124.0,-9222.0,0.6536691188812256
-7446.0,-11010.0,-5951.0,0.6621620655059814
-7416.0,-6517.0,-11748.0,0.6684730052947998
-7439.0,-6695.0,-11609.0,0.675835132598877
-7509.0,-6303.0,-11603.0,0.6834590435028076
-5394.0,-9276.0,-10787.0,0.6901710033416748
-7512.0,-11009.0,-4726.0,0.7023751735687256
-9939.0,-9479.0,-4898.0,0.710319995880127
-7513.0,-6702.0,-11520.0,0.7189500331878662
-7658.0,-6324.0,-11479.0,0.7284600734710693
-7529.0,-11002.0,-4686.0,0.7351419925689697
-5630.0,-9281.0,-10722.0,0.7444291114807129
-9660.0,-6466.0,-9604.0,0.7507059574127197
-5712.0,-9315.0,-10659.0,0.7605259418487549
-7641.0,-10994.0,-5258.0,0.7675600051879883
-5401.0,-9422.0,-10655.0,0.7769081592559814
-5326.0,-10480.0,-9277.0,0.7830679416656494
-9902.0,-9551.0,-5322.0,0.792302131652832
-7678.0,-10991.0,-4938.0,0.79917311668396
-7696.0,-6312.0,-11452.0,0.806394100189209
-5504.0,-9570.0,-10481.0,0.8163440227508545
-5505.0,-10424.0,-9294.0,0.8235421180725098
-7683.0,-10953.0,-4706.0,0.8310830593109131
-5627.0,-10340.0,-9325.0,0.8384170532226562
-7975.0,-10941.0,-4480.0,0.846682071685791
-7751.0,-6110.0,-11334.0,0.855471134185791
-9733.0,-9552.0,-4895.0,0.8651840686798096
-9732.0,-9796.0,-4739.0,0.8780231475830078
-5223.0,-10332.0,-9451.0,0.8857641220092773
-7833.0,-7053.0,-11323.0,0.89400315284729
-4895.0,-9663.0,-10414.0,0.9053361415863037
-7929.0,-6886.0,-11319.0,0.9136471748352051
-5402.0,-10276.0,-9468.0,0.9251589775085449
-4486.0,-10222.0,-9523.0,0.9360179901123047
-5761.0,-9701.0,-10288.0,0.9444489479064941
-9355.0,-6453.0,-9655.0,0.9546539783477783
-5094.0,-10176.0,-9541.0,0.9680089950561523
-7934.0,-6231.0,-11228.0,0.9777159690856934
-5594.0,-10163.0,-9691.0,0.9910171031951904
-8030.0,-6064.0,-11224.0,1.0002460479736328
-5133.0,-9739.0,-10241.0,1.0090360641479492
-9639.0,-10010.0,-4884.0,1.0205810070037842
-9332.0,-6985.0,-9743.0,1.0303699970245361
-5281.0,-9771.0,-10122.0,1.0418579578399658
-8135.0,-10844.0,-3978.0,1.0516550540924072
-5451.0,-9778.0,-10113.0,1.0655391216278076
-5236.0,-9887.0,-10067.0,1.0759201049804688
-8143.0,-5304.0,-11083.0,1.0869271755218506
-9332.0,-6275.0,-9794.0,1.0970640182495117
-5677.0,-10064.0,-9701.0,1.1073410511016846
-5667.0,-10057.0,-9741.0,1.1190221309661865
-9324.0,-6920.0,-9911.0,1.1292531490325928
-5554.0,-9926.0,-9939.0,1.1453931331634521
-5243.0,-10033.0,-9935.0,1.1566641330718994
-8333.0,-10838.0,-4332.0,1.166234016418457
-8158.0,-6710.0,-11035.0,1.1784920692443848
-8169.0,-6599.0,-11016.0,1.1911401748657227
-9365.0,-10020.0,-5205.0,1.218945026397705
-8424.0,-6422.0,-10938.0,1.2309620380401611
-9360.0,-10058.0,-5437.0,1.2452960014343262
-9294.0,-10189.0,-4875.0,1.2576091289520264
-9187.0,-6179.0,-10040.0,1.268768072128296
-8406.0,-10700.0,-4272.0,1.2808451652526855
-9117.0,-6571.0,-10046.0,1.2909390926361084
-9228.0,-10202.0,-3433.0,1.3030030727386475
-9094.0,-6393.0,-10185.0,1.3132531642913818
-9160.0,-10483.0,-4534.0,1.3284971714019775
-8424.0,-10698.0,-5676.0,1.340127944946289
-8425.0,-6732.0,-10867.0,1.3502581119537354
-8447.0,-6600.0,-10799.0,1.3604669570922852
-8429.0,-10660.0,-5444.0,1.3716390132904053
-8546.0,-10652.0,-5429.0,1.3838269710540771
-8543.0,-6433.0,-10795.0,1.3945300579071045
-8998.0,-6560.0,-10189.0,1.4081151485443115
-8990.0,-6495.0,-10357.0,1.4187860488891602
-8564.0,-6236.0,-10603.0,1.4334900379180908
-8561.0,-10607.0,-4010.0,1.4445221424102783
-8665.0,-6445.0,-10564.0,1.4572851657867432
-8638.0,-10581.0,-4695.0,1.4699900150299072
-8773.0,-10517.0,-3950.0,1.4874069690704346
-8643.0,-10547.0,-5528.0,1.5004551410675049
-8783.0,-6146.0,-10492.0,1.5269291400909424
-8758.0,-6847.0,-10492.0,1.5389420986175537
-5344.0,-5674.0,-12774.0,1.5500869750976562
-4983.0,-5883.0,-12715.0,1.5611259937286377
-5292.0,-5813.0,-12709.0,1.5874149799346924
-10562.0,-7741.0,-5797.0,1.5990550518035889
-5362.0,-6131.0,-12652.0,1.6332640647888184
-6467.0,-11304.0,-4943.0,1.7065939903259277
-5908.0,-11272.0,-5798.0,1.719088077545166
-6288.0,-11235.0,-6259.0,1.7367510795593262
-6186.0,-11271.0,-5241.0,1.7493231296539307
-5776.0,-6826.0,-12467.0,1.790781021118164
-6335.0,-11260.0,-5493.0,1.8042631149291992
-5806.0,-11315.0,-5643.0,1.8192510604858398
-6158.0,-5357.0,-12512.0,1.8449780941009521
-5580.0,-11059.0,-7257.0,1.8887081146240234
-6161.0,-5493.0,-12435.0,1.9041121006011963
-6165.0,-5503.0,-12380.0,1.9341440200805664
-6171.0,-6664.0,-12336.0,1.949660062789917
-6323.0,-11255.0,-5714.0,1.9980130195617676
-6354.0,-11234.0,-5034.0,2.027498960494995
-6456.0,-11200.0,-5269.0,2.043084144592285
-6148.0,-5510.0,-12420.0,2.056525945663452
-6116.0,-5609.0,-12380.0,2.072723150253296
-6340.0,-11222.0,-5261.0,2.1094839572906494
-10510.0,-7794.0,-5701.0,2.140942096710205
-6152.0,-5943.0,-12361.0,2.1560821533203125
-10505.0,-7832.0,-5933.0,2.250826120376587
-6622.0,-11182.0,-5481.0,2.2694251537323
-6159.0,-11250.0,-5727.0,2.3168091773986816
-10502.0,-8051.0,-5681.0,2.3530659675598145
-10472.0,-8142.0,-5989.0,2.3841731548309326
-6679.0,-11214.0,-4883.0,2.4851419925689697
-6989.0,-11206.0,-4782.0,2.5151569843292236
-6708.0,-11173.0,-5080.0,2.536100149154663
-10495.0,-7747.0,-6007.0,2.5693559646606445
-10494.0,-7442.0,-6520.0,2.6400880813598633
-10490.0,-7785.0,-6239.0,2.6699681282043457
-10478.0,-7713.0,-6365.0,2.7089080810546875
-10365.0,-7123.0,-7253.0,2.7414700984954834
-6857.0,-11162.0,-5332.0,2.7601449489593506
-10467.0,-8180.0,-6221.0,2.7936720848083496
-5747.0,-11182.0,-6773.0,2.8116390705108643
-10477.0,-7513.0,-6395.0,2.8451650142669678
-10468.0,-7910.0,-5993.0,2.862416982650757
-10468.0,-7804.0,-6251.0,2.8834240436553955
-6430.0,-11174.0,-5637.0,2.904428005218506
-10463.0,-7842.0,-6483.0,2.921549081802368
-7201.0,-11116.0,-4722.0,3.0427310466766357
-5825.0,-11180.0,-6967.0,3.085728168487549
-6862.0,-11124.0,-5100.0,3.1397361755371094
-7154.0,-11112.0,-4874.0,3.158982992172241
-10450.0,-7570.0,-6639.0,3.178704023361206
-5496.0,-6922.0,-12446.0,3.2141900062561035
-6558.0,-11164.0,-6287.0,3.234060049057007
-6990.0,-11107.0,-4887.0,3.3223531246185303
-6978.0,-11102.0,-5108.0,3.383610963821411
-6293.0,-11197.0,-6027.0,3.4100069999694824
-6043.0,-11162.0,-6899.0,3.430267095565796
-10421.0,-8337.0,-5829.0,3.494009017944336
-5981.0,-6853.0,-12385.0,3.5326480865478516
-5936.0,-6969.0,-12330.0,3.5788209438323975
-10318.0,-6847.0,-7356.0,3.5970590114593506
-10427.0,-7448.0,-6730.0,3.6403019428253174
-6810.0,-11137.0,-6098.0,3.665271043777466
-6033.0,-6714.0,-12450.0,3.6860461235046387
-10419.0,-7616.0,-6554.0,3.7251501083374023
-10375.0,-8699.0,-5538.0,3.7640020847320557
-10420.0,-7485.0,-6691.0,3.802126169204712
-10311.0,-6884.0,-7317.0,3.848849058151245
-7256.0,-11076.0,-5892.0,3.871696949005127
-10362.0,-7707.0,-6690.0,3.920254945755005
-10404.0,-7932.0,-6348.0,3.94201397895813
-10400.0,-7505.0,-6974.0,3.964621067047119
-10255.0,-6948.0,-7483.0,3.9880380630493164
-10363.0,-7576.0,-6827.0,4.016386985778809
-7156.0,-11089.0,-5099.0,4.062611103057861
-10336.0,-7633.0,-7071.0,4.134469032287598
-10371.0,-8272.0,-6164.0,4.181910037994385
-10393.0,-7542.0,-6935.0,4.205353021621704
-5517.0,-7469.0,-12160.0,4.307796955108643
-7107.0,-11087.0,-5640.0,4.3596110343933105
-10324.0,-7156.0,-7161.0,4.426305055618286
-7261.0,-11038.0,-5660.0,4.453304052352905
-10390.0,-8383.0,-5744.0,4.499346017837524
-7264.0,-11033.0,-5651.0,4.523075103759766
-7277.0,-11029.0,-4875.0,4.569103002548218
-10254.0,-6975.0,-7453.0,4.595278978347778
-10150.0,-7585.0,-8014.0,4.647459983825684
-10326.0,-7830.0,-6699.0,4.700451135635376
-6945.0,-6821.0,-11995.0,4.725368022918701
-10360.0,-7971.0,-6387.0,4.753561019897461
-10292.0,-7672.0,-7110.0,4.7814600467681885
-10331.0,-8738.0,-5577.0,4.827975034713745
-10248.0,-7104.0,-7284.0,4.880784034729004
-6277.0,-11131.0,-6585.0,5.010272026062012
-10333.0,-8474.0,-5880.0,5.034723997116089
-10364.0,-8309.0,-6125.0,5.059420108795166
-10269.0,-7215.0,-7196.0,5.115201950073242
-10330.0,-8005.0,-6279.0,5.144694089889526
-10221.0,-7072.0,-7448.0,5.176162958145142
-10336.0,-7890.0,-6443.0,5.204339027404785
-10341.0,-7595.0,-6839.0,5.231945991516113
-6815.0,-11099.0,-5866.0,5.399500131607056
-10308.0,-8024.0,-6291.0,5.4552061557769775
-6818.0,-11094.0,-5857.0,5.5648980140686035
-10218.0,-7884.0,-7291.0,5.625463962554932
-5858.0,-7484.0,-12085.0,5.707775115966797
-10262.0,-7252.0,-7157.0,5.737317085266113
-10153.0,-6986.0,-7788.0,5.763189077377319
-10307.0,-8400.0,-6261.0,5.796957015991211
-10303.0,-8062.0,-6523.0,5.827574968338013
-10312.0,-8362.0,-6029.0,6.005092144012451
-10318.0,-7746.0,-6729.0,6.035761117935181
-10261.0,-7376.0,-7128.0,6.207931995391846
-10297.0,-8597.0,-5889.0,6.235742092132568
-10213.0,-7922.0,-7523.0,6.300734043121338
-10300.0,-8903.0,-5332.0,6.327095985412598
-10297.0,-7634.0,-6878.0,6.41978907585144
-10296.0,-7864.0,-6591.0,6.58050799369812
-10279.0,-8791.0,-5481.0,6.607275009155273
-10263.0,-8439.0,-6300.0,6.638211011886597
-10269.0,-7921.0,-6835.0,6.785400152206421
-10274.0,-7883.0,-6603.0,6.821779012680054
-10274.0,-8829.0,-5713.0,6.892644166946411
-10262.0,-8109.0,-6426.0,6.957957029342651
-10072.0,-6420.0,-8040.0,7.051370143890381
-6136.0,-6862.0,-12276.0,7.125782012939453
-10289.0,-8513.0,-5919.0,7.269329071044922
-10015.0,-7787.0,-8118.0,7.460163116455078
-7144.0,-11084.0,-5320.0,7.488306045532227
-10268.0,-8401.0,-6068.0,7.552483081817627
-5722.0,-11057.0,-7246.0,7.609501123428345
-10230.0,-7922.0,-6642.0,7.645988941192627
-10225.0,-7960.0,-6874.0,7.6820831298828125
-10232.0,-8143.0,-6318.0,7.722131967544556
-5786.0,-11112.0,-6978.0,7.752551078796387
-6423.0,-11118.0,-6497.0,7.81520414352417
-10210.0,-8162.0,-6330.0,7.916265964508057
-6095.0,-11109.0,-6995.0,8.008268117904663
-5826.0,-7399.0,-12154.0,8.10154414176941
-10205.0,-8200.0,-6562.0,8.146437168121338
-10266.0,-7673.0,-6842.0,8.179955959320068
-10240.0,-7725.0,-7014.0,8.248906135559082
-6271.0,-11119.0,-6761.0,8.279138088226318
-10198.0,-7039.0,-7619.0,8.318850040435791
-10022.0,-7217.0,-8037.0,8.419854164123535
-10240.0,-8688.0,-6025.0,8.536255121231079
-10245.0,-8650.0,-5793.0,8.618894100189209
-10223.0,-8078.0,-6443.0,8.746448993682861
-10015.0,-6392.0,-8336.0,8.779963970184326
-6943.0,-11082.0,-5653.0,8.812000036239624
-10199.0,-7961.0,-6606.0,8.864957094192505
-10176.0,-8074.0,-6590.0,8.933336019515991
-6172.0,-6974.0,-12265.0,9.022835969924927
-10154.0,-7078.0,-7658.0,9.13028597831726
-5727.0,-11019.0,-7014.0,9.17089295387268
-6024.0,-11014.0,-7064.0,9.297494173049927
-5546.0,-11047.0,-7480.0,9.330111980438232
-6076.0,-7141.0,-12269.0,9.394392967224121
-10178.0,-8244.0,-6351.0,9.525509119033813
-10173.0,-8013.0,-6778.0,9.589393138885498
-10104.0,-9246.0,-5381.0,9.621274948120117
-6186.0,-6919.0,-12232.0,9.835355043411255
-10221.0,-7753.0,-6905.0,9.943449974060059
-10014.0,-6460.0,-8167.0,10.05079197883606
-10211.0,-8492.0,-6204.0,10.086060047149658
-10194.0,-8845.0,-5633.0,10.119837999343872
-10166.0,-8201.0,-6369.0,10.324501991271973
-10161.0,-8239.0,-6601.0,10.383737087249756
-6110.0,-11008.0,-7069.0,10.420942068099976
-10163.0,-8891.0,-5548.0,10.496395111083984
-10158.0,-8276.0,-6328.0,10.621329069137573
-10201.0,-8689.0,-5832.0,10.69380807876587
-10196.0,-8727.0,-6064.0,10.730419158935547
-10166.0,-8050.0,-6739.0,10.78345799446106
-6615.0,-11073.0,-6151.0,10.818367958068848
-6445.0,-11094.0,-6378.0,11.0242280960083
-10134.0,-8283.0,-6390.0,11.113700151443481
-10125.0,-8414.0,-6359.0,11.6549551486969
-6848.0,-11072.0,-6421.0,11.691735029220581
-6431.0,-11082.0,-6605.0,11.88852596282959
-10144.0,-8780.0,-5968.0,11.924559116363525
-10129.0,-9043.0,-5518.0,11.962680101394653
-10119.0,-8930.0,-5587.0,12.04367995262146
-5722.0,-7496.0,-12078.0,12.076130151748657
-10136.0,-8125.0,-7046.0,12.133749961853027
-5427.0,-7870.0,-11908.0,12.167690992355347
-10008.0,-6548.0,-8137.0,12.210685014724731
-5578.0,-7580.0,-12064.0,12.246876001358032
-10162.0,-8614.0,-6066.0,12.334594011306763
-10109.0,-8292.0,-6505.0,12.395645141601562
-10129.0,-8752.0,-6097.0,12.453516960144043
-10111.0,-8865.0,-5755.0,12.621987104415894
-6201.0,-11095.0,-6894.0,12.781605005264282
-10085.0,-8791.0,-6136.0,12.868468046188354
-10102.0,-8329.0,-6466.0,13.082818031311035
-6194.0,-6842.0,-12197.0,13.120422124862671
-10062.0,-9021.0,-5723.0,13.201632022857666
-10137.0,-8817.0,-5929.0,13.281209945678711
-7811.0,-10936.0,-4493.0,13.316771984100342
-6309.0,-7044.0,-12195.0,13.397012948989868
-10036.0,-9257.0,-5663.0,13.436750173568726
-7786.0,-10935.0,-5490.0,13.472923994064331
-10158.0,-7985.0,-6907.0,13.63255000114441
-5677.0,-7612.0,-12023.0,13.6702561378479
-9862.0,-7146.0,-8657.0,13.709375143051147
-6153.0,-7110.0,-12255.0,13.7861909866333
-10069.0,-8828.0,-6211.0,13.854843139648438
-10096.0,-9181.0,-5549.0,14.002503156661987
-10084.0,-8178.0,-6950.0,14.127015113830566
-10065.0,-8490.0,-6473.0,14.199280023574829
-6533.0,-11039.0,-6760.0,14.280457019805908
-10069.0,-8413.0,-6810.0,14.40152096748352
-6577.0,-11069.0,-6517.0,14.44412612915039
-6617.0,-6630.0,-12185.0,14.73002004623413
-5483.0,-11020.0,-7530.0,14.769474983215332
-7092.0,-11071.0,-5905.0,14.808037996292114
-10101.0,-8297.0,-6522.0,14.972068071365356
-7080.0,-11066.0,-6126.0,15.01399302482605
-4644.0,-10804.0,-8451.0,15.08978009223938
-5788.0,-7661.0,-11967.0,15.1322660446167
-10091.0,-8254.0,-6533.0,15.333178043365479
-10093.0,-8856.0,-5968.0,15.37863302230835
-10079.0,-8216.0,-7182.0,15.438101053237915
-10061.0,-8744.0,-6241.0,15.49780797958374
-6837.0,-6550.0,-12096.0,15.609178066253662
-6076.0,-10996.0,-7292.0,15.892203092575073
-6108.0,-7226.0,-12200.0,15.97360110282898
-6318.0,-10770.0,-8184.0,16.124951124191284
-6255.0,-11072.0,-6839.0,16.167906045913696
-5582.0,-7879.0,-11799.0,16.21066403388977
-5523.0,-7703.0,-11904.0,16.255738973617554
-5820.0,-7746.0,-11898.0,16.391788005828857
-5599.0,-8127.0,-11778.0,16.47820210456848
-6115.0,-7372.0,-12068.0,16.521435976028442
-6139.0,-11070.0,-6956.0,16.565863132476807
-10041.0,-8909.0,-5872.0,16.653892040252686
-10028.0,-8882.0,-6272.0,16.71743607521057
-5734.0,-7514.0,-12004.0,16.759369134902954
-5849.0,-7869.0,-11893.0,16.801509141921997
-6693.0,-11047.0,-6525.0,16.891595125198364
-6571.0,-6838.0,-12193.0,17.096224069595337
-10026.0,-8509.0,-7057.0,17.531378984451294
-6405.0,-6877.0,-12191.0,17.571392059326172
-4988.0,-10763.0,-8196.0,17.740540981292725
-7799.0,-10931.0,-4714.0,17.781959056854248
-6357.0,-11029.0,-6994.0,17.88750410079956
-10024.0,-8559.0,-6274.0,18.11185908317566
-10000.0,-8553.0,-6484.0,18.242741107940674
-4872.0,-10761.0,-8313.0,18.289387941360474
-10036.0,-8947.0,-6104.0,18.336414098739624
-6264.0,-7160.0,-12140.0,18.3786780834198
-7911.0,-10923.0,-5286.0,18.467453956604004
-5952.0,-7389.0,-12036.0,18.60881996154785
-6015.0,-7276.0,-12071.0,18.69877815246582
-6331.0,-6943.0,-12170.0,18.740275144577026
-6014.0,-7418.0,-12025.0,18.921415090560913
-6539.0,-6937.0,-12153.0,19.01446509361267
-10018.0,-9079.0,-5900.0,19.199047088623047
-5796.0,-7521.0,-11909.0,19.251511096954346
-9983.0,-8591.0,-6437.0,19.32894802093506
-9728.0,-9590.0,-5127.0,19.37576913833618
-6175.0,-7419.0,-11934.0,19.505401134490967
-5995.0,-7651.0,-11895.0,19.55671000480652
-6244.0,-10959.0,-7085.0,19.608744144439697
-6805.0,-6649.0,-12056.0,19.70785117149353
-10117.0,-8014.0,-7466.0,19.90633797645569
-6500.0,-7165.0,-12075.0,20.009639024734497
-6360.0,-6993.0,-12136.0,20.177858114242554
-6289.0,-7195.0,-12038.0,20.225829124450684
-6793.0,-11021.0,-6600.0,20.32507300376892
-5656.0,-10756.0,-8255.0,20.465626001358032
-9968.0,-8958.0,-6386.0,20.66008996963501
-6102.0,-10961.0,-7096.0,20.70894503593445
-6916.0,-11061.0,-6139.0,20.754755973815918
-6595.0,-6688.0,-12142.0,20.846083164215088
-6362.0,-10991.0,-6762.0,20.900639057159424
-9720.0,-9651.0,-5025.0,20.948501110076904
-6869.0,-11057.0,-6291.0,21.001973152160645
-6616.0,-10940.0,-6770.0,21.06135106086731
-6271.0,-7306.0,-12008.0,21.115857124328613
-6597.0,-6655.0,-12073.0,21.21133303642273
-6519.0,-10940.0,-7609.0,21.431947946548462
-9884.0,-9373.0,-5559.0,21.481202125549316
-7465.0,-10984.0,-5492.0,21.574618101119995
-6080.0,-10954.0,-7098.0,21.63133406639099
-6230.0,-10947.0,-7312.0,21.744529008865356
-6374.0,-6938.0,-12103.0,22.005210161209106
-6726.0,-6781.0,-12039.0,22.052485942840576
-6953.0,-10984.0,-6444.0,22.162496089935303
-4812.0,-10753.0,-8430.0,22.306139945983887
-8201.0,-10831.0,-5420.0,22.404844999313354
-6105.0,-10956.0,-7087.0,22.45932698249817
-7614.0,-10973.0,-5744.0,22.619791984558105
-6070.0,-10984.0,-7468.0,22.770605087280273
-5348.0,-10750.0,-8339.0,22.818870067596436
-6629.0,-11016.0,-6613.0,22.869251012802124
-10043.0,-8339.0,-7191.0,23.049172163009644
-10086.0,-8060.0,-7381.0,23.102067947387695
-9951.0,-9085.0,-5795.0,23.15490698814392
-6590.0,-10948.0,-6624.0,23.262009143829346
-9935.0,-9122.0,-5870.0,23.361576080322266
-6799.0,-11033.0,-6424.0,23.4658260345459
-5389.0,-8132.0,-11721.0,23.51110601425171
-5350.0,-8147.0,-11628.0,23.778812170028687
-7145.0,-11022.0,-5963.0,23.881237030029297
-9968.0,-8543.0,-6985.0,23.97292709350586
-9654.0,-9694.0,-5090.0,24.072788953781128
-10078.0,-8124.0,-7627.0,24.1394259929657
-4856.0,-10714.0,-8391.0,24.254372119903564
-9956.0,-8592.0,-6523.0,24.329162120819092
-9949.0,-8712.0,-6580.0,24.402201175689697
-6218.0,-7520.0,-11894.0,24.764897108078003
-9967.0,-8982.0,-5936.0,24.936352014541626
-10083.0,-8086.0,-7395.0,25.007056951522827
-6322.0,-7328.0,-11978.0,25.059080123901367
-9891.0,-9161.0,-5909.0,25.116425037384033
-7081.0,-10967.0,-6231.0,25.230858087539673
-4991.0,-10697.0,-8447.0,25.49686312675476
-7137.0,-10975.0,-5990.0,25.55473494529724
-6618.0,-6866.0,-12003.0,25.607763051986694
-6546.0,-7083.0,-12021.0,25.66136407852173
-6864.0,-10991.0,-6505.0,25.819448947906494
-9882.0,-9000.0,-6344.0,26.006772994995117
-5632.0,-7936.0,-11755.0,26.387866973876953
-7098.0,-10960.0,-6191.0,26.6132071018219
-6668.0,-10922.0,-6998.0,26.6740779876709
-6916.0,-10938.0,-6601.0,26.735063076019287
-6891.0,-10936.0,-6612.0,26.922300100326538
-9838.0,-9410.0,-6590.0,26.980000972747803
-6293.0,-7205.0,-11983.0,27.04368495941162
-9858.0,-9299.0,-5940.0,27.10199999809265
-6766.0,-6877.0,-11978.0,27.208632946014404
-9877.0,-9038.0,-6576.0,27.335509061813354
-7391.0,-10959.0,-6130.0,27.750216960906982
-6692.0,-6943.0,-11957.0,27.80907917022705
-5945.0,-7702.0,-11889.0,27.91414499282837
-6514.0,-7110.0,-12042.0,27.96859097480774
-5664.0,-7909.0,-11734.0,28.13792610168457
-5772.0,-8146.0,-11613.0,28.24191117286682
-9973.0,-8920.0,-6154.0,28.365278959274292
-5537.0,-8164.0,-11602.0,28.55388116836548
-10068.0,-7826.0,-7769.0,28.66817307472229
-6021.0,-7564.0,-11893.0,28.782528162002563
-6409.0,-7256.0,-11894.0,28.90388798713684
-7092.0,-10948.0,-6367.0,29.36034607887268
-9759.0,-9425.0,-5372.0,29.475518941879272
-9945.0,-8858.0,-6760.0,29.571885108947754
-6700.0,-10899.0,-6626.0,29.638797998428345
-5923.0,-7894.0,-11724.0,29.750745058059692
-9663.0,-9623.0,-5321.0,29.804423093795776
-5431.0,-8131.0,-11688.0,29.853835105895996
-5711.0,-8035.0,-11709.0,29.90776014328003
-6315.0,-7591.0,-11873.0,30.08434510231018
-6747.0,-10897.0,-7471.0,30.26687216758728
-9727.0,-9439.0,-5375.0,30.33465814590454
-5891.0,-7809.0,-11793.0,30.388261079788208
-6550.0,-6973.0,-11945.0,30.742603063583374
-9852.0,-9072.0,-6905.0,30.809952974319458
-6006.0,-7661.0,-11879.0,30.86376714706421
-6684.0,-7033.0,-11907.0,30.92440700531006
-5787.0,-7906.0,-11717.0,31.035807132720947
-9699.0,-9561.0,-5208.0,31.147715091705322
-9702.0,-9516.0,-5508.0,31.21579909324646
-5527.0,-10685.0,-8368.0,31.529951095581055
-9625.0,-9719.0,-5031.0,31.584059953689575
-9672.0,-9581.0,-5432.0,31.758650064468384
-5760.0,-8128.0,-11687.0,31.811316967010498
-7055.0,-10941.0,-6599.0,31.875653982162476
-4945.0,-10664.0,-8499.0,32.15554094314575
-5966.0,-7735.0,-11735.0,32.22571897506714
-6101.0,-7636.0,-11829.0,32.340091943740845
-6376.0,-7413.0,-11842.0,32.54547309875488
-5035.0,-10658.0,-8408.0,32.60574817657471
-5976.0,-7680.0,-11838.0,32.6652991771698
-9593.0,-9733.0,-5034.0,32.718995094299316
-6905.0,-10957.0,-6465.0,32.78300595283508
-6649.0,-7231.0,-11847.0,32.9070360660553
-7227.0,-10954.0,-6143.0,32.96842312812805
-6020.0,-7965.0,-11703.0,33.03124403953552
-6944.0,-10887.0,-6670.0,33.12346315383911
-7252.0,-10911.0,-6211.0,33.25890898704529
-6030.0,-7838.0,-11731.0,33.31984901428223
-9567.0,-9776.0,-5070.0,33.38205599784851
-9619.0,-9662.0,-5360.0,33.63462996482849
-6993.0,-6803.0,-11871.0,33.69459509849548
-10035.0,-8255.0,-7221.0,33.76275897026062
-6347.0,-7676.0,-11804.0,33.840198040008545
-6820.0,-7135.0,-11889.0,33.90843415260315
-5035.0,-10649.0,-8420.0,34.407259941101074
-6470.0,-7287.0,-11830.0,35.04963397979736
-9993.0,-8274.0,-7526.0,35.28680205345154
-7382.0,-10869.0,-7219.0,35.56499695777893
-7193.0,-10893.0,-6430.0,35.63998508453369
-9673.0,-9487.0,-5589.0,35.69702696800232
-8269.0,-10820.0,-5138.0,35.74780511856079
-9576.0,-9673.0,-5375.0,36.04632902145386
-9536.0,-9862.0,-5058.0,36.15521001815796
-9571.0,-9711.0,-5607.0,36.213274002075195
-9944.0,-8750.0,-6812.0,36.34412598609924
-6396.0,-7353.0,-11809.0,36.40920400619507
-7054.0,-6972.0,-11849.0,36.46554112434387
-6124.0,-7712.0,-11719.0,36.923805952072144
-6699.0,-7288.0,-11803.0,37.098654985427856
-6433.0,-7292.0,-11801.0,37.1608829498291
-6424.0,-7511.0,-11790.0,37.276540994644165
-7667.0,-10924.0,-5802.0,37.466943979263306
-5813.0,-8156.0,-11527.0,37.52289295196533
-6052.0,-8050.0,-11634.0,37.57611298561096
-5666.0,-8320.0,-11512.0,37.631991147994995
-7619.0,-10935.0,-5512.0,37.682934045791626
-9567.0,-9715.0,-5264.0,37.73525404930115
-9909.0,-8633.0,-6850.0,37.805623054504395
-9670.0,-9411.0,-5671.0,37.873361110687256
-9991.0,-8392.0,-7095.0,37.93103909492493
-6471.0,-7251.0,-11808.0,38.00070595741272
-9562.0,-9753.0,-5496.0,38.05416011810303
-9665.0,-9422.0,-5757.0,38.116158962249756
-7622.0,-10930.0,-5503.0,38.242753982543945
-6116.0,-7798.0,-11699.0,38.3031280040741
-7679.0,-10929.0,-5581.0,38.35566210746765
-6374.0,-7454.0,-11834.0,38.416152000427246
-6520.0,-7344.0,-11786.0,38.482176065444946
-9978.0,-7328.0,-8144.0,38.53858804702759
-9628.0,-9620.0,-5471.0,38.70828294754028
-9670.0,-9530.0,-5511.0,38.768908977508545
-6434.0,-7291.0,-11792.0,38.83387207984924
-6897.0,-6970.0,-11875.0,38.89282298088074
-6390.0,-7358.0,-11809.0,38.96189594268799
-10060.0,-7986.0,-7762.0,39.09188103675842
-9629.0,-9465.0,-5732.0,39.15890908241272
-5341.0,-8532.0,-11436.0,39.27833294868469
-7076.0,-10901.0,-6445.0,39.5962450504303
-7503.0,-10919.0,-5815.0,39.78045415878296
-9894.0,-8586.0,-7156.0,39.91692399978638
-9986.0,-8430.0,-7327.0,40.04261803627014
-9637.0,-9530.0,-5564.0,40.2392680644989
-9925.0,-7483.0,-8166.0,40.2997031211853
-7690.0,-10886.0,-5897.0,40.51661801338196
-6455.0,-10909.0,-7697.0,40.580904960632324
-5664.0,-8537.0,-11417.0,40.777780055999756
-9524.0,-9868.0,-5344.0,40.8394501209259
-6446.0,-7410.0,-11765.0,41.1017210483551
-7514.0,-10876.0,-6131.0,41.2230019569397
-9906.0,-7792.0,-8293.0,41.3683979511261
-9595.0,-9634.0,-5603.0,41.43233108520508
-6174.0,-7769.0,-11675.0,41.62260103225708
-5959.0,-10740.0,-8266.0,42.0615611076355
-9617.0,-9496.0,-6739.0,42.202418088912964
-9494.0,-9914.0,-5130.0,42.259674072265625
-5916.0,-8062.0,-11627.0,42.37836313247681
-6130.0,-10686.0,-8278.0,42.440601110458374
-7735.0,-10913.0,-5520.0,42.56901717185974
-6581.0,-7513.0,-11764.0,42.70068597793579
-9871.0,-8981.0,-7138.0,42.775060176849365
-7398.0,-10898.0,-6123.0,42.836101055145264
-6097.0,-7934.0,-11689.0,42.961004972457886
-9613.0,-9502.0,-5807.0,43.16310405731201
-6059.0,-8196.0,-11502.0,43.52056813240051
-9947.0,-8431.0,-7134.0,43.74271106719971
-9942.0,-8469.0,-7366.0,43.88747501373291
-5928.0,-8080.0,-11553.0,43.956753969192505
-6650.0,-7195.0,-11825.0,44.34856104850769
-5587.0,-8814.0,-11137.0,44.541749000549316
-6331.0,-7771.0,-11649.0,44.68462896347046
-7695.0,-10848.0,-5665.0,44.755030155181885
-9911.0,-8515.0,-7281.0,44.89965295791626
-9975.0,-8040.0,-7914.0,44.96262502670288
-5992.0,-8100.0,-11544.0,45.034116983413696
-7715.0,-10843.0,-5569.0,45.16934895515442
-9622.0,-9458.0,-6507.0,45.39369297027588
-9587.0,-9550.0,-5633.0,45.469088077545166
-6571.0,-10887.0,-7705.0,45.536259174346924
-9485.0,-9956.0,-5019.0,45.802273988723755
-6503.0,-7610.0,-11744.0,45.87017011642456
-6022.0,-10872.0,-7904.0,46.00609803199768
-6088.0,-8319.0,-11497.0,46.071763038635254
-6725.0,-10838.0,-7725.0,46.41562008857727
-5513.0,-8789.0,-11306.0,46.47809314727783
-7360.0,-6766.0,-11759.0,46.747249126434326
-6191.0,-7839.0,-11640.0,46.81710195541382
-6929.0,-7055.0,-11806.0,46.879836082458496
-7774.0,-10813.0,-6050.0,46.95176815986633
-9573.0,-9553.0,-6263.0,47.16026997566223
-5522.0,-8404.0,-11498.0,47.219879150390625
-6778.0,-7387.0,-11757.0,47.503759145736694
-6266.0,-10823.0,-8088.0,47.636537075042725
-7902.0,-10796.0,-5837.0,47.705219984054565
-5621.0,-8436.0,-11457.0,47.76514911651611
-6677.0,-7346.0,-11760.0,47.96759915351868
-9980.0,-8002.0,-7682.0,48.10838198661804
-7603.0,-10869.0,-6070.0,48.54148602485657
-9417.0,-9967.0,-5301.0,48.61046504974365
-6253.0,-7868.0,-11629.0,48.830459117889404
-9539.0,-9610.0,-6452.0,48.911280155181885
-9898.0,-7540.0,-8410.0,48.97893309593201
-7614.0,-10850.0,-6206.0,49.38696312904358
-9982.0,-8216.0,-7570.0,49.453871965408325
-9926.0,-8280.0,-7421.0,49.52310109138489
-6887.0,-7123.0,-11783.0,49.65184497833252
-8549.0,-10596.0,-5258.0,49.78064703941345
-5678.0,-8338.0,-11438.0,49.847371101379395
-6129.0,-7885.0,-11620.0,49.9213011264801
-9903.0,-8450.0,-7449.0,50.06311106681824
-6528.0,-7645.0,-11642.0,50.215651988983154
-9951.0,-8066.0,-7845.0,50.475221157073975
-9461.0,-9928.0,-5262.0,50.539756059646606
-7085.0,-6989.0,-11746.0,50.60188102722168
-6208.0,-7984.0,-11574.0,50.75761914253235
-6878.0,-7164.0,-11755.0,50.965357065200806
-5451.0,-8826.0,-11130.0,51.036288022994995
-9494.0,-9764.0,-5778.0,51.30047607421875
-5752.0,-10664.0,-8312.0,51.36786508560181
-9927.0,-8157.0,-7704.0,51.522773027420044
-6404.0,-7662.0,-11633.0,51.66810917854309
-5149.0,-8885.0,-11130.0,51.73466610908508
-6599.0,-7443.0,-11740.0,51.80868697166443
-9915.0,-7890.0,-8008.0,51.879754066467285
-7181.0,-6822.0,-11742.0,52.01474714279175
-9495.0,-9649.0,-6491.0,52.10037016868591
-9471.0,-9792.0,-5530.0,52.24045395851135
-9083.0,-10226.0,-5146.0,52.322674036026
-6855.0,-7222.0,-11743.0,52.467934131622314
-6190.0,-10497.0,-8831.0,52.53989005088806
-6349.0,-7701.0,-11625.0,52.62214708328247
-5730.0,-8356.0,-11374.0,52.76779508590698
-7450.0,-10845.0,-6219.0,53.000489950180054
-9605.0,-9498.0,-5871.0,53.07840895652771
-6390.0,-7834.0,-11602.0,53.161548137664795
-9890.0,-8522.0,-7270.0,53.235438108444214
-6612.0,-7530.0,-11661.0,53.469858169555664
-8062.0,-6638.0,-11046.0,53.608330965042114
-6951.0,-7055.0,-11739.0,53.67541813850403
-5396.0,-10489.0,-8859.0,53.742578983306885
-9877.0,-8559.0,-7483.0,53.97479510307312
-7387.0,-10831.0,-6987.0,54.05167508125305
-6055.0,-10648.0,-8323.0,54.12871313095093
-9900.0,-8214.0,-7948.0,54.206454038619995
-7414.0,-10807.0,-6281.0,54.2876341342926
-6444.0,-7989.0,-11509.0,54.361871004104614
-7012.0,-7224.0,-11717.0,54.43817496299744
-6631.0,-7585.0,-11641.0,54.51674008369446
-9885.0,-8441.0,-7662.0,54.75879502296448
-7620.0,-10862.0,-6030.0,54.979125022888184
-5939.0,-8475.0,-11329.0,55.14748501777649
-6138.0,-7994.0,-11498.0,55.31306314468384
-9459.0,-9882.0,-5400.0,55.38549304008484
-8648.0,-10509.0,-5296.0,55.531907081604004
-9499.0,-9726.0,-5546.0,55.85311317443848
-8212.0,-10788.0,-5736.0,55.929861068725586
-7108.0,-7057.0,-11713.0,56.07800316810608
-6634.0,-7429.0,-11636.0,56.15600800514221
-6515.0,-7662.0,-11627.0,56.41011595726013
-7027.0,-7479.0,-11613.0,56.489206075668335
-6425.0,-7676.0,-11600.0,56.64360213279724
-9813.0,-8006.0,-8438.0,56.71542000770569
-9057.0,-10335.0,-4708.0,56.78692412376404
-9257.0,-10187.0,-5341.0,57.0098831653595
-7478.0,-10794.0,-6288.0,57.104856967926025
-6833.0,-7280.0,-11700.0,57.17872405052185
-9867.0,-8643.0,-7400.0,57.404834032058716
-5162.0,-8972.0,-11051.0,57.476070165634155
-9923.0,-8093.0,-7818.0,57.72811412811279
-6483.0,-7761.0,-11587.0,57.888509035110474
-6294.0,-7926.0,-11545.0,58.037397146224976
-6136.0,-8031.0,-11488.0,58.128499031066895
-7321.0,-6994.0,-11681.0,58.35990810394287
-5207.0,-8856.0,-11106.0,58.521037101745605
-9435.0,-9854.0,-5643.0,58.92112994194031
-7916.0,-10776.0,-6837.0,59.01335906982422
-9810.0,-7423.0,-8499.0,59.245795011520386
-9840.0,-7949.0,-8194.0,59.83941316604614
-6293.0,-8033.0,-11462.0,60.08152413368225
-6887.0,-7307.0,-11674.0,60.16066813468933
-6215.0,-8130.0,-11442.0,60.39832901954651
-5484.0,-8875.0,-11039.0,60.95141005516052
-6774.0,-7601.0,-11575.0,61.040590047836304
-6211.0,-7930.0,-11523.0,61.12527108192444
-9391.0,-9893.0,-5682.0,61.29126310348511
-9845.0,-7911.0,-7962.0,61.642778158187866
-6645.0,-7530.0,-11608.0,61.72106194496155
-9810.0,-8664.0,-7594.0,61.88684296607971
-9775.0,-9073.0,-7081.0,61.965044021606445
-6551.0,-10817.0,-7754.0,62.19483709335327
-9770.0,-9111.0,-7313.0,62.27685499191284
-7645.0,-6341.0,-11464.0,62.35615515708923
-6544.0,-7638.0,-11574.0,62.44757604598999
-5204.0,-8965.0,-10971.0,62.686628103256226
-6492.0,-7772.0,-11558.0,62.85575795173645
-6762.0,-7482.0,-11602.0,62.938486099243164
-6848.0,-7535.0,-11596.0,63.26762104034424
-9805.0,-7754.0,-8555.0,63.43039011955261
-7517.0,-6368.0,-11435.0,63.51275396347046
-9846.0,-7593.0,-8314.0,63.58866906166077
-6592.0,-7681.0,-11504.0,63.7610809803009
-7567.0,-6857.0,-11427.0,63.84484505653381
-9789.0,-8735.0,-7396.0,63.932069063186646
-6499.0,-7754.0,-11519.0,64.19473600387573
-6752.0,-10859.0,-7239.0,64.35348296165466
-6494.0,-10780.0,-7950.0,64.51068997383118
-7053.0,-10847.0,-7227.0,64.68597197532654
-7726.0,-10786.0,-6071.0,64.7701370716095
-7075.0,-7142.0,-11654.0,64.94141101837158
-9881.0,-8305.0,-7715.0,65.09050107002258
-7269.0,-10799.0,-7310.0,65.34883999824524
-9818.0,-7556.0,-8330.0,65.42634510993958
-9045.0,-10277.0,-5401.0,65.58144617080688
-7043.0,-7241.0,-11614.0,65.73725199699402
-5570.0,-8894.0,-10968.0,65.90301513671875
-9756.0,-9164.0,-6848.0,66.07264494895935
-9472.0,-9683.0,-6438.0,66.1619610786438
-6670.0,-7698.0,-11499.0,66.37042307853699
-9822.0,-8104.0,-8153.0,66.61819005012512
-9814.0,-8039.0,-8321.0,66.69613814353943
-5892.0,-10658.0,-8290.0,67.09986400604248
-6648.0,-7706.0,-11498.0,67.37049508094788
-5689.0,-8902.0,-10957.0,67.45671510696411
-9832.0,-7697.0,-8311.0,67.53914308547974
-6576.0,-10849.0,-7473.0,67.80623817443848
-6266.0,-8152.0,-11412.0,67.89524698257446
-6598.0,-7793.0,-11481.0,68.0127580165863
-6615.0,-10848.0,-7666.0,68.09100294113159
-5252.0,-9033.0,-10956.0,68.26710104942322
-9805.0,-7461.0,-8731.0,68.3491530418396
-8980.0,-10355.0,-5050.0,68.50834608078003
-7613.0,-6440.0,-11424.0,68.69235014915466
-7122.0,-7002.0,-11680.0,68.93758416175842
-9877.0,-8376.0,-7830.0,69.02914905548096
-9443.0,-9702.0,-6395.0,69.12541794776917
-9427.0,-9770.0,-5673.0,69.21729803085327
-7110.0,-7024.0,-11644.0,69.29865002632141
-6095.0,-8248.0,-11370.0,69.39159202575684
-7139.0,-7074.0,-11610.0,69.47664904594421
-6458.0,-7934.0,-11476.0,69.57922005653381
-9784.0,-8773.0,-7628.0,69.6652090549469
-9397.0,-9787.0,-6530.0,69.7585780620575
-7374.0,-6769.0,-11616.0,69.83935904502869
-6340.0,-8086.0,-11433.0,69.93843197822571
-9833.0,-8494.0,-7566.0,70.02390909194946
-9816.0,-7294.0,-8668.0,70.10691714286804
-6162.0,-8344.0,-11328.0,70.20364308357239
-9088.0,-10188.0,-4914.0,70.30010795593262
-5887.0,-10603.0,-8714.0,70.57224607467651
-9339.0,-9946.0,-5586.0,70.83573698997498
-8912.0,-10366.0,-5332.0,70.9201180934906
-9751.0,-9202.0,-7080.0,71.00708103179932
-6769.0,-10799.0,-7686.0,71.17993903160095
-7137.0,-7866.0,-11467.0,71.76131415367126
-9438.0,-9740.0,-6627.0,71.9490180015564
-5477.0,-9076.0,-10940.0,72.20514512062073
-5731.0,-8730.0,-11151.0,72.45837712287903
-7076.0,-7241.0,-11561.0,72.54954195022583
-8217.0,-10750.0,-5504.0,72.63770699501038
-7100.0,-7177.0,-11552.0,72.82530808448792
-8860.0,-10419.0,-5236.0,73.00319409370422
-7279.0,-7246.0,-11549.0,73.10003805160522
-9578.0,-6707.0,-9359.0,73.46965312957764
-7105.0,-10794.0,-7323.0,73.5570981502533
-6519.0,-8030.0,-11450.0,73.65761017799377
-7350.0,-6919.0,-11667.0,73.74412608146667
-7676.0,-6358.0,-11361.0,73.92518305778503
-5889.0,-8526.0,-11323.0,74.29169011116028
-7129.0,-10752.0,-7698.0,74.38236117362976
-5966.0,-8361.0,-11309.0,74.4848780632019
-7505.0,-6862.0,-11513.0,74.58142495155334
-8048.0,-10783.0,-5749.0,74.85642194747925
-9334.0,-9984.0,-5818.0,74.95760703086853
-9818.0,-7968.0,-8206.0,75.04648900032043
-7686.0,-6465.0,-11360.0,75.13586711883545
-6678.0,-7623.0,-11475.0,75.24292707443237
-9717.0,-9258.0,-6616.0,75.33319115638733
-7582.0,-7522.0,-11387.0,75.9915680885315
-6224.0,-8404.0,-11280.0,76.29891204833984
-9844.0,-8988.0,-6935.0,76.56276512145996
-6239.0,-8179.0,-11314.0,76.66518902778625
-6105.0,-10561.0,-8751.0,76.7557110786438
-9673.0,-9316.0,-6793.0,77.41567802429199
-8012.0,-10745.0,-5811.0,77.8958830833435
-7598.0,-6648.0,-11368.0,78.07425117492676
-6490.0,-7907.0,-11455.0,78.36046600341797
-9769.0,-7360.0,-8802.0,78.44480800628662
-6396.0,-8181.0,-11288.0,78.9035050868988
-5528.0,-8818.0,-11043.0,78.99134516716003
-5827.0,-8563.0,-11147.0,79.19568800926208
-8855.0,-10457.0,-5468.0,79.2801251411438
-9826.0,-8287.0,-7879.0,79.4566011428833
-9825.0,-8429.0,-7734.0,79.74785804748535
-9789.0,-8533.0,-7605.0,80.0273699760437
-9799.0,-8344.0,-8123.0,80.11706304550171
-6045.0,-8460.0,-11263.0,80.21341109275818
-7205.0,-7312.0,-11528.0,80.77829098701477
-9707.0,-9259.0,-6604.0,80.9593620300293
-9674.0,-9405.0,-6603.0,81.0455310344696
-7685.0,-6558.0,-11355.0,81.13523316383362
-6375.0,-8072.0,-11329.0,81.4502501487732
-9768.0,-7491.0,-8665.0,81.61710500717163
-7921.0,-10738.0,-6605.0,81.70976305007935
-5938.0,-8789.0,-11081.0,81.79597306251526
-9237.0,-10007.0,-6570.0,81.88761806488037
-6052.0,-8606.0,-11131.0,82.07940697669983
-6923.0,-7483.0,-11511.0,82.2683379650116
-5265.0,-9120.0,-10877.0,82.43792796134949
-7948.0,-10714.0,-5899.0,82.53536796569824
-6742.0,-10831.0,-7685.0,82.72628116607666
-5944.0,-8500.0,-11259.0,82.91821813583374
-9781.0,-8468.0,-7773.0,83.20752501487732
-6553.0,-7909.0,-11426.0,83.42234802246094
-9804.0,-8306.0,-7891.0,83.51096296310425
-9709.0,-7553.0,-8674.0,83.59689211845398
-7397.0,-6947.0,-11477.0,83.77261304855347
-9314.0,-9804.0,-7047.0,83.8792040348053
-8652.0,-10467.0,-5354.0,83.9654631614685
-9141.0,-10099.0,-6513.0,84.22501516342163
-6320.0,-8237.0,-11276.0,84.32538914680481
-6560.0,-8055.0,-11294.0,84.52273297309875
-9193.0,-10046.0,-6609.0,84.6198000907898
-6546.0,-10762.0,-8178.0,84.98645997047424
-6353.0,-8080.0,-11328.0,85.08414816856384
-9776.0,-8521.0,-7745.0,85.36251211166382
-7959.0,-10671.0,-6215.0,85.74453115463257
-9797.0,-8392.0,-7750.0,86.03325295448303
-7040.0,-7313.0,-11478.0,86.42307710647583
-9301.0,-9879.0,-6473.0,86.53128004074097
-6820.0,-7963.0,-11368.0,86.95034694671631
-8017.0,-10646.0,-6662.0,87.0514280796051
-5439.0,-9160.0,-10842.0,87.13616299629211
-7323.0,-7013.0,-11456.0,87.23074197769165
-5838.0,-8689.0,-11088.0,87.32626008987427
-8626.0,-10576.0,-4916.0,87.52116203308105
-5793.0,-8805.0,-11033.0,88.01481604576111
-6821.0,-10746.0,-7782.0,88.20603799819946
-7471.0,-7024.0,-11431.0,88.39029908180237
-9054.0,-10197.0,-5227.0,88.4818480014801
-7614.0,-6750.0,-11353.0,88.57807397842407
-9485.0,-6921.0,-9504.0,88.6667001247406
-9707.0,-8793.0,-7498.0,88.85582613945007
-6856.0,-8185.0,-11264.0,89.5632791519165
-9687.0,-7601.0,-8557.0,89.83875298500061
-5969.0,-8806.0,-10978.0,89.93005013465881
-7292.0,-7080.0,-11414.0,90.03183197975159
-6059.0,-8405.0,-11230.0,90.22110605239868
-9780.0,-8435.0,-7890.0,90.31561303138733
-8109.0,-10640.0,-5910.0,90.41634511947632
-9686.0,-7948.0,-8656.0,90.50660300254822
-6088.0,-8431.0,-11203.0,90.60204195976257
-9136.0,-10137.0,-6745.0,90.89835596084595
-6318.0,-8278.0,-11268.0,90.99884414672852
-5480.0,-9011.0,-10923.0,91.28026604652405
-5491.0,-9021.0,-10907.0,91.47580194473267
-9698.0,-8803.0,-7371.0,91.57277202606201
-9724.0,-8574.0,-7649.0,91.76985907554626
-7316.0,-7071.0,-11404.0,91.9700779914856
-7998.0,-6163.0,-11184.0,92.05868005752563
-9665.0,-9232.0,-6823.0,92.14980912208557
-9570.0,-7347.0,-9227.0,92.77827095985413
-5800.0,-8951.0,-10901.0,92.87647199630737
-5524.0,-10192.0,-9499.0,93.05871605873108
-9688.0,-8865.0,-7571.0,93.15473699569702
-9570.0,-6867.0,-9352.0,93.33131909370422
-6245.0,-8433.0,-11177.0,93.43823003768921
-9696.0,-8522.0,-7925.0,93.95599603652954
-6551.0,-10724.0,-7946.0,94.04648208618164
-9680.0,-8613.0,-7688.0,94.14659309387207
-6055.0,-8541.0,-11114.0,94.34620594978333
-6622.0,-10690.0,-7899.0,94.43881297111511
-9749.0,-8285.0,-8165.0,94.52843594551086
-6276.0,-8450.0,-11074.0,94.64399814605713
-7589.0,-6725.0,-11359.0,94.83140516281128
-9572.0,-9446.0,-6968.0,94.9224750995636
-8956.0,-10327.0,-5293.0,95.22082495689392
-9679.0,-7536.0,-8725.0,95.60978198051453
-6576.0,-8281.0,-11243.0,95.70848894119263
-6378.0,-8208.0,-11252.0,95.83028602600098
-6368.0,-8335.0,-11224.0,96.03701305389404
-9717.0,-8098.0,-8381.0,96.39796805381775
-9057.0,-10152.0,-5527.0,96.58856296539307
-6340.0,-8470.0,-11065.0,96.70793509483337
-5983.0,-10511.0,-8771.0,96.79762697219849
-9753.0,-7807.0,-8459.0,96.89036917686462
-9765.0,-8505.0,-7848.0,97.08546900749207
-9296.0,-9917.0,-6705.0,97.36882615089417
-9660.0,-7658.0,-8801.0,97.46037006378174
-9665.0,-8568.0,-7840.0,97.86971497535706
-6593.0,-8055.0,-11281.0,98.09129500389099
-5631.0,-8966.0,-10869.0,98.18516206741333
-6161.0,-8526.0,-11048.0,98.49044704437256
-9740.0,-8345.0,-7908.0,98.76637816429138
-9709.0,-7846.0,-8498.0,98.96181297302246
-7495.0,-7015.0,-11421.0,99.15028405189514
-7151.0,-7811.0,-11434.0,99.34979701042175
-9650.0,-8884.0,-7634.0,99.43983817100525
-5586.0,-8996.0,-10857.0,99.53449010848999
-8022.0,-6672.0,-11174.0,99.62883496284485
-5750.0,-8894.0,-10945.0,99.72560095787048
-7483.0,-10739.0,-7044.0,99.82479095458984
-9606.0,-9389.0,-6779.0,100.32110905647278
-6525.0,-8337.0,-11198.0,100.42234706878662
-9682.0,-7716.0,-8660.0,101.29880809783936
-9713.0,-8184.0,-8236.0,101.39361310005188
-6151.0,-8656.0,-11006.0,101.60597515106201
-9639.0,-8960.0,-7327.0,101.80590796470642
-6735.0,-10685.0,-7817.0,101.90093612670898
-8144.0,-10605.0,-6861.0,102.00230312347412
-8949.0,-10338.0,-5153.0,102.28589105606079
-9479.0,-9527.0,-6637.0,102.38403010368347
-9613.0,-8621.0,-7744.0,102.69856095314026
-9653.0,-8377.0,-8108.0,102.79913306236267
-9615.0,-8579.0,-7824.0,102.90486311912537
-9030.0,-10169.0,-5470.0,103.006019115448
-8090.0,-10628.0,-6916.0,103.22370505332947
-9606.0,-8923.0,-7673.0,103.33299708366394
-9611.0,-8885.0,-7441.0,103.43578314781189
-5856.0,-9030.0,-10836.0,103.62986397743225
-6556.0,-8354.0,-11095.0,103.98220705986023
-8023.0,-6203.0,-11132.0,104.57028603553772
-6068.0,-8582.0,-11046.0,104.9836859703064
-9015.0,-10237.0,-5428.0,105.47507405281067
-6575.0,-8409.0,-11075.0,105.60040497779846
-6684.0,-10663.0,-7847.0,105.69975805282593
-9652.0,-7593.0,-8969.0,105.7956600189209
-5885.0,-8871.0,-10935.0,106.00125312805176
-6190.0,-8556.0,-11017.0,106.12578201293945
-9644.0,-8456.0,-7989.0,106.22961497306824
-5576.0,-9126.0,-10815.0,106.43890810012817
-9472.0,-9564.0,-6598.0,106.54025101661682
-6653.0,-10646.0,-7950.0,106.64505505561829
-8261.0,-10597.0,-6846.0,106.75562810897827
-9554.0,-9159.0,-7230.0,106.89586210250854
-9490.0,-6883.0,-9272.0,106.99878406524658
-9579.0,-8702.0,-7833.0,107.21259212493896
-8986.0,-10208.0,-5509.0,107.43567299842834
-9578.0,-7412.0,-9059.0,107.53415417671204
-9549.0,-9361.0,-7075.0,107.63282608985901
-9605.0,-9017.0,-7516.0,107.7392041683197
-9425.0,-6771.0,-9598.0,107.8406720161438
-8989.0,-10163.0,-5809.0,108.0480170249939
-6666.0,-10651.0,-7860.0,108.3545401096344
-6443.0,-10614.0,-8352.0,108.4531819820404
-6369.0,-8500.0,-11034.0,109.07611799240112
-9627.0,-8106.0,-8391.0,109.1788580417633
-9604.0,-8189.0,-8411.0,109.69298815727234
-6026.0,-8708.0,-10959.0,110.30893111228943
-9639.0,-8494.0,-8221.0,110.61817502975464
-9606.0,-9106.0,-7326.0,110.81550908088684
-6660.0,-10635.0,-8090.0,110.91177415847778
-5701.0,-8954.0,-10840.0,111.22956609725952
-8260.0,-10693.0,-5689.0,111.42736315727234
-9464.0,-6943.0,-9311.0,111.52211117744446
-9633.0,-7684.0,-8736.0,111.72141313552856
-6836.0,-10645.0,-7856.0,111.82865810394287
-7568.0,-10726.0,-7077.0,111.92760515213013
-6192.0,-8515.0,-11031.0,112.04688715934753
-9541.0,-9296.0,-7243.0,112.34356904029846
-8937.0,-10216.0,-5713.0,112.45967507362366
-8929.0,-10299.0,-5645.0,112.6687240600586
-9587.0,-8547.0,-8125.0,112.88575196266174
-7375.0,-10723.0,-7351.0,113.08039498329163
-9447.0,-7122.0,-9281.0,113.68703413009644
-5580.0,-9224.0,-10766.0,113.77911496162415
-5532.0,-9156.0,-10781.0,113.87483215332031
-6828.0,-10598.0,-7883.0,113.98543810844421
-7016.0,-10682.0,-7789.0,114.61551094055176
-9608.0,-7711.0,-8705.0,114.95149898529053
-9464.0,-9499.0,-6766.0,115.05474305152893
-6852.0,-10677.0,-7802.0,115.1555449962616
-8934.0,-10261.0,-5413.0,115.35428094863892
-9415.0,-9655.0,-6734.0,115.46353101730347
-5669.0,-9053.0,-10800.0,115.6754720211029
-6838.0,-10739.0,-7742.0,115.87497997283936
-5652.0,-10465.0,-8852.0,116.07215595245361
-6244.0,-8583.0,-10991.0,116.20138716697693
-9578.0,-8594.0,-7885.0,116.31524705886841
-9578.0,-7969.0,-8535.0,116.42994117736816
-6155.0,-8754.0,-10957.0,116.54546809196472
-9549.0,-8736.0,-7725.0,116.87738704681396
-6718.0,-10598.0,-7956.0,117.112802028656
-9619.0,-8022.0,-8421.0,117.68248701095581
-7134.0,-10714.0,-7466.0,117.88927412033081
-9552.0,-8242.0,-8315.0,118.12422108650208
-5880.0,-10457.0,-8846.0,118.34633708000183
-6916.0,-10708.0,-7714.0,118.56501698493958
-9586.0,-7750.0,-8870.0,118.89064717292786
-7166.0,-10651.0,-7484.0,119.11198902130127
-5760.0,-9122.0,-10779.0,119.65220999717712
-6002.0,-10413.0,-8925.0,119.75826907157898
-9553.0,-7987.0,-8619.0,119.87438917160034
-5817.0,-8877.0,-10854.0,119.98761296272278
-8266.0,-10559.0,-6614.0,120.63662815093994
-9509.0,-9109.0,-7459.0,120.85384202003479
-6205.0,-8811.0,-10913.0,121.1859941482544
-8321.0,-10550.0,-5850.0,121.50513005256653
-5981.0,-8824.0,-10904.0,121.61575102806091
-9453.0,-9453.0,-7018.0,121.72876906394958
-9534.0,-8008.0,-8574.0,122.27116012573242
-9527.0,-8755.0,-7737.0,122.38333916664124
-9571.0,-8618.0,-7863.0,122.69597911834717
-9526.0,-8236.0,-8566.0,122.79918217658997
-9543.0,-8586.0,-8164.0,122.90476298332214
-5353.0,-9582.0,-10357.0,123.10920405387878
-9439.0,-7057.0,-9449.0,123.21653413772583
-9541.0,-8114.0,-8417.0,123.32232117652893
-9428.0,-9458.0,-7162.0,123.57160711288452
-6952.0,-8018.0,-11260.0,123.70190715789795
-9564.0,-7769.0,-8882.0,123.8138861656189
-6158.0,-8689.0,-10940.0,124.05402517318726
-6288.0,-8502.0,-10957.0,124.19556307792664
-6472.0,-8419.0,-11052.0,124.43669605255127
-7403.0,-7578.0,-11370.0,124.5490300655365
-6287.0,-8845.0,-10850.0,124.66977906227112
-7323.0,-10776.0,-7255.0,124.77346205711365
-6443.0,-8578.0,-10953.0,125.02440595626831
-6163.0,-8674.0,-10932.0,125.15922594070435
-9407.0,-9590.0,-6902.0,125.27240109443665
-7372.0,-10646.0,-7360.0,125.49741196632385
-7392.0,-10716.0,-7311.0,125.82965517044067
-5459.0,-9262.0,-10731.0,125.93467903137207
-6256.0,-8601.0,-10917.0,126.18542194366455
-5004.0,-9583.0,-10331.0,126.29450106620789
-9472.0,-9217.0,-7332.0,126.4170310497284
-9522.0,-8793.0,-7969.0,126.53847098350525
-5178.0,-9623.0,-10296.0,126.65153312683105
-7265.0,-10634.0,-7629.0,126.91952204704285
-6822.0,-8290.0,-11127.0,127.29065608978271
-9524.0,-8754.0,-7809.0,127.41754198074341
-9559.0,-7807.0,-9114.0,127.64617896080017
-9538.0,-8346.0,-8312.0,127.76819801330566
-6925.0,-10595.0,-7964.0,127.88625597953796
-7727.0,-10690.0,-7228.0,128.12624406814575
-5952.0,-8863.0,-10832.0,128.48987817764282
-6007.0,-8941.0,-10829.0,128.61801600456238
-6749.0,-10585.0,-8198.0,128.85051894187927
-8481.0,-10607.0,-5540.0,129.235778093338
-7276.0,-10738.0,-7303.0,129.6792221069336
-6512.0,-8455.0,-11009.0,130.05364203453064
-9567.0,-7579.0,-9122.0,130.2722671031952
-6597.0,-10565.0,-8372.0,130.7770481109619
-9554.0,-8976.0,-7577.0,130.8929660320282
-9490.0,-7842.0,-8813.0,131.32907009124756
-9497.0,-9003.0,-7756.0,131.44657516479492
-7329.0,-7644.0,-11349.0,131.5576159954071
-5583.0,-9159.0,-10749.0,131.66476202011108
-5730.0,-10394.0,-9250.0,131.78166604042053
-6298.0,-10607.0,-8425.0,132.01180601119995
-5594.0,-9169.0,-10733.0,132.12278413772583
-9497.0,-9414.0,-6979.0,132.36905312538147
-9531.0,-8198.0,-8334.0,132.4892771244049
-8382.0,-10524.0,-5904.0,132.60944509506226
-7122.0,-10606.0,-7830.0,132.95088005065918
-6334.0,-8618.0,-10912.0,133.7695870399475
-8913.0,-10270.0,-6489.0,134.54757404327393
-9471.0,-9311.0,-7175.0,134.65861296653748
-6488.0,-8462.0,-11008.0,134.8795030117035
-6863.0,-8813.0,-10871.0,134.99943494796753
-6014.0,-8824.0,-10851.0,135.12153100967407
-8826.0,-10428.0,-5549.0,135.35683608055115
-6400.0,-10529.0,-8429.0,135.46439409255981
-9414.0,-7226.0,-9236.0,135.83208203315735
-9463.0,-7899.0,-9057.0,136.31226015090942
-7081.0,-8690.0,-10901.0,136.45742511749268
-7654.0,-7109.0,-11306.0,136.80364108085632
-9409.0,-9190.0,-7382.0,136.91866517066956
-9387.0,-7257.0,-9420.0,137.24983096122742
-9445.0,-9388.0,-7186.0,137.59948301315308
-9395.0,-7322.0,-9252.0,137.70453810691833
-5689.0,-9144.0,-10683.0,138.2612431049347
-9486.0,-9024.0,-7566.0,138.37278008460999
-7287.0,-7896.0,-11217.0,138.59380412101746
-8525.0,-10568.0,-5501.0,138.69289112091064
-8497.0,-10560.0,-5616.0,138.79954409599304
-5988.0,-8970.0,-10772.0,139.01603603363037
-9516.0,-8365.0,-8324.0,139.46141910552979
-9404.0,-9228.0,-7614.0,139.6801781654358
-7251.0,-7674.0,-11321.0,140.35358810424805
-5804.0,-9083.0,-10740.0,140.56378602981567
-9515.0,-8257.0,-8376.0,140.6746461391449
-9478.0,-8832.0,-8008.0,140.88746094703674
-6651.0,-8363.0,-11069.0,141.0271291732788
-9371.0,-9713.0,-6911.0,141.1319191455841
-5779.0,-9347.0,-10494.0,141.24020504951477
-9530.0,-8574.0,-8304.0,141.3612961769104
-7315.0,-10609.0,-7556.0,141.78336596488953
-5676.0,-9199.0,-10668.0,141.8915150165558
-9350.0,-6994.0,-9530.0,142.00319910049438
-9363.0,-9629.0,-6941.0,142.23357510566711
-6891.0,-10583.0,-8187.0,142.34806609153748
-7108.0,-7952.0,-11200.0,142.57435703277588
-9483.0,-8794.0,-7776.0,142.69947409629822
-9404.0,-9265.0,-7321.0,143.03923916816711
-9482.0,-8010.0,-8637.0,143.40427708625793
-6039.0,-8992.0,-10742.0,143.64583802223206
-7823.0,-7206.0,-11231.0,143.7713279724121
-6407.0,-10518.0,-8569.0,143.88577508926392
-9511.0,-8403.0,-8556.0,144.12362504005432
-6292.0,-8870.0,-10780.0,144.36244702339172
-9440.0,-8001.0,-8771.0,144.4865381717682
-8791.0,-10316.0,-6736.0,144.61491203308105
-7153.0,-7836.0,-11255.0,144.7490360736847
-6382.0,-10393.0,-9042.0,144.87070417404175
-6956.0,-8048.0,-11151.0,145.15571999549866
-8482.0,-10511.0,-6697.0,145.27867698669434
-9448.0,-8066.0,-8603.0,145.67363715171814
-7419.0,-10684.0,-7312.0,145.90351915359497
-9347.0,-9666.0,-7016.0,146.0367021560669
-6042.0,-9128.0,-10665.0,146.15494513511658
-5903.0,-9099.0,-10727.0,146.394464969635
-9437.0,-8799.0,-8162.0,146.52048110961914
-9319.0,-9766.0,-6815.0,146.63633799552917
-9395.0,-7802.0,-9127.0,146.76609802246094
-8450.0,-10513.0,-5622.0,147.23464608192444
-6614.0,-8522.0,-10933.0,147.4096601009369
-7070.0,-10659.0,-7734.0,147.52279806137085
-5806.0,-10284.0,-9342.0,147.882817029953
-6276.0,-8725.0,-10892.0,148.01457405090332
-9377.0,-7664.0,-9262.0,148.14237809181213
-8739.0,-10369.0,-6640.0,148.38858604431152
-6113.0,-8926.0,-10763.0,148.99215698242188
-8835.0,-10277.0,-6697.0,149.24388313293457
-7280.0,-8209.0,-11070.0,149.53759598731995
-9426.0,-8885.0,-7912.0,149.77148294448853
-9427.0,-9350.0,-7214.0,149.88055801391602
-6539.0,-8411.0,-10949.0,150.03386306762695
-8796.0,-10278.0,-6504.0,150.99594497680664
-5808.0,-9148.0,-10655.0,151.109521150589
-7420.0,-10607.0,-7406.0,151.33597898483276
-9408.0,-6992.0,-9492.0,151.5791301727295
-7436.0,-10677.0,-7272.0,151.90606212615967
-7007.0,-7992.0,-11196.0,152.27043294906616
-6934.0,-10522.0,-7924.0,152.37887597084045
-9377.0,-9291.0,-7256.0,152.61300206184387
-9425.0,-8101.0,-8773.0,152.74187016487122
-6635.0,-10510.0,-8563.0,153.0543041229248
-6583.0,-8369.0,-10988.0,153.3111550807953
-6520.0,-9105.0,-10677.0,153.42250204086304
-6993.0,-10521.0,-8139.0,153.74890804290771
-6971.0,-8303.0,-11047.0,153.8722951412201
-8614.0,-10518.0,-5609.0,154.08839511871338
-7932.0,-6873.0,-11092.0,154.7352421283722
-9363.0,-9297.0,-7415.0,154.84721112251282
-9352.0,-9318.0,-7225.0,155.2094750404358
-7958.0,-7695.0,-11073.0,155.69626307487488
-7546.0,-10667.0,-7331.0,155.7961230278015
-5863.0,-9184.0,-10648.0,156.1304521560669
-6659.0,-10538.0,-8320.0,156.23238801956177
-6792.0,-8359.0,-11030.0,156.68012404441833
-9329.0,-9488.0,-7253.0,156.78924798965454
-7732.0,-10652.0,-6996.0,156.88841700553894
-7139.0,-10599.0,-7790.0,157.76780605316162
-7644.0,-7262.0,-11214.0,157.8801200389862
-7320.0,-10602.0,-7504.0,158.3540210723877
-7450.0,-10615.0,-7332.0,158.55454897880554
-6904.0,-8948.0,-10745.0,159.31991505622864
-9353.0,-9014.0,-7836.0,159.4493010044098
-7367.0,-10591.0,-7784.0,159.65686511993408
-9418.0,-8890.0,-7929.0,159.9653820991516
-6622.0,-8447.0,-10909.0,160.23387002944946
-9320.0,-9443.0,-7288.0,160.4454309940338
-8001.0,-6708.0,-11061.0,160.63620495796204
-9376.0,-8899.0,-7826.0,160.74686908721924
-9403.0,-8653.0,-8788.0,160.87213110923767
-8662.0,-10423.0,-5562.0,161.17650198936462
-6633.0,-8386.0,-10905.0,161.34735298156738
-8584.0,-10478.0,-5636.0,161.46607613563538
-9344.0,-9126.0,-7667.0,161.5802710056305
-9335.0,-7310.0,-9324.0,161.7883701324463
-7019.0,-7966.0,-11088.0,161.91710305213928
-9312.0,-6995.0,-9456.0,162.0167281627655
-9309.0,-7000.0,-9465.0,162.11617612838745
-5875.0,-9194.0,-10630.0,162.2157051563263
-6004.0,-9390.0,-10478.0,162.54629015922546
-9303.0,-7071.0,-9476.0,162.65298509597778
-8626.0,-10393.0,-5735.0,162.75948095321655
-7876.0,-7122.0,-11103.0,163.54961013793945
-7360.0,-7594.0,-11238.0,163.64880108833313
-8506.0,-10457.0,-5921.0,163.76323914527893
-5997.0,-9244.0,-10610.0,164.1318039894104
-7012.0,-10517.0,-8108.0,164.4905321598053
-9459.0,-8456.0,-8460.0,165.07575011253357
-7966.0,-6805.0,-11050.0,165.2755000591278
-9308.0,-9376.0,-7402.0,165.75813603401184
-7383.0,-7729.0,-11213.0,165.87764811515808
-9404.0,-7900.0,-8842.0,165.9826421737671
-6729.0,-10515.0,-8247.0,166.21521615982056
-6029.0,-9145.0,-10650.0,166.44089913368225
-7583.0,-7311.0,-11208.0,166.55044412612915
-7612.0,-7361.0,-11174.0,166.780179977417
-9287.0,-7309.0,-9475.0,167.00605297088623
-6230.0,-10308.0,-9148.0,167.30583095550537
-9295.0,-7006.0,-9644.0,167.51895999908447
-7992.0,-6749.0,-11033.0,167.61977410316467
-7642.0,-10575.0,-7388.0,167.83391094207764
-6724.0,-10460.0,-8671.0,167.93548607826233
-9270.0,-9843.0,-7086.0,168.14619994163513
-7137.0,-10505.0,-7904.0,168.2574679851532
-7382.0,-10575.0,-7452.0,168.36146903038025
-6660.0,-8964.0,-10682.0,168.490247964859
-9389.0,-7931.0,-8958.0,168.8298110961914
-7813.0,-10628.0,-7011.0,168.93397307395935
-9269.0,-7130.0,-9482.0,169.03901505470276
-8558.0,-10404.0,-6017.0,169.26088500022888
-7410.0,-7666.0,-11115.0,169.39902710914612
-9310.0,-7328.0,-9408.0,169.52552914619446
-6059.0,-10401.0,-8863.0,169.6287820339203
-9344.0,-9056.0,-7725.0,169.74761295318604
-6278.0,-10447.0,-8682.0,170.179044008255
-9261.0,-7065.0,-9650.0,170.28706312179565
-7751.0,-7294.0,-11078.0,170.52315306663513
-9434.0,-8666.0,-8247.0,170.7847969532013
-5600.0,-9403.0,-10477.0,170.88667607307434
-7385.0,-10570.0,-7443.0,170.99659204483032
-9303.0,-9414.0,-7634.0,171.11032795906067
-7158.0,-7899.0,-11179.0,171.3664071559906
-7652.0,-10555.0,-7642.0,171.68571305274963
-7169.0,-7915.0,-11076.0,171.83641004562378
-9307.0,-7346.0,-9319.0,172.20471215248108
-6232.0,-10424.0,-8723.0,172.3090159893036
-7916.0,-6992.0,-11086.0,172.52846217155457
-7979.0,-6766.0,-11018.0,172.7633969783783
-8189.0,-6727.0,-10932.0,172.8668291568756
-8030.0,-6737.0,-11006.0,172.9728081226349
-9352.0,-8907.0,-8002.0,173.41864609718323
-5818.0,-9300.0,-10593.0,173.52558016777039
-9233.0,-9580.0,-7196.0,173.65894103050232
-5825.0,-9446.0,-10461.0,173.7686550617218
-9381.0,-8140.0,-8812.0,173.90332102775574
-6703.0,-10499.0,-8281.0,174.7585051059723
-9415.0,-8495.0,-8499.0,174.88791704177856
-9291.0,-7349.0,-9363.0,175.15112113952637
-7982.0,-6902.0,-10941.0,175.26766300201416
-9275.0,-7386.0,-9438.0,175.51255917549133
-8071.0,-6935.0,-10932.0,176.203439950943
-9343.0,-9037.0,-7857.0,176.32660913467407
-7663.0,-10659.0,-7316.0,176.5461781024933
-8245.0,-6478.0,-10921.0,176.99580597877502
-9300.0,-9184.0,-7844.0,177.23846006393433
-5723.0,-10248.0,-9382.0,177.345064163208
-9396.0,-8868.0,-7963.0,177.706876039505
-6845.0,-10493.0,-8255.0,177.81874895095825
-9331.0,-8081.0,-8854.0,177.94088506698608
-9257.0,-7262.0,-9523.0,178.418869972229
-7961.0,-6810.0,-10945.0,178.66084599494934
-7294.0,-7743.0,-11101.0,178.79144096374512
-6406.0,-10421.0,-8799.0,178.90056014060974
-7021.0,-10503.0,-8021.0,179.6935920715332
-9322.0,-8982.0,-7872.0,179.8286349773407
-6693.0,-10473.0,-8429.0,179.94076800346375
-7336.0,-7732.0,-11094.0,180.07070398330688
-7310.0,-7736.0,-11033.0,180.31533694267273
-9268.0,-7744.0,-9345.0,180.82411813735962
-7711.0,-7920.0,-11023.0,181.08409905433655
-7374.0,-7738.0,-11032.0,181.93381810188293
-7784.0,-10599.0,-7092.0,182.0388491153717
-7114.0,-10474.0,-8263.0,182.3079080581665
-7166.0,-10567.0,-7791.0,182.41429805755615
-7252.0,-10561.0,-7796.0,182.633465051651
-6107.0,-9538.0,-10304.0,182.84624695777893
-9300.0,-8960.0,-7906.0,183.09356713294983
-6393.0,-8830.0,-10784.0,184.26652312278748
-8251.0,-6496.0,-10890.0,185.03064608573914
-9275.0,-9805.0,-6854.0,185.22786808013916
-9341.0,-8891.0,-8105.0,185.35701608657837
-7195.0,-10503.0,-7902.0,186.10679817199707
-7926.0,-10623.0,-6929.0,186.19967603683472
-5902.0,-10192.0,-9399.0,186.2958710193634
-9321.0,-7995.0,-9170.0,186.40745615959167
-9377.0,-8697.0,-8215.0,186.94630312919617
-8213.0,-6577.0,-10881.0,187.04138612747192
-9257.0,-7208.0,-9675.0,187.13737416267395
-7828.0,-10560.0,-7053.0,187.23243713378906
-9230.0,-8914.0,-8056.0,187.87983298301697
-6755.0,-10446.0,-8377.0,188.1006360054016
-9251.0,-9467.0,-7538.0,188.20269012451172
-9225.0,-9005.0,-8624.0,188.54296708106995
-9207.0,-9506.0,-7577.0,188.65031909942627
-7614.0,-10620.0,-7319.0,188.84693694114685
-8196.0,-10552.0,-6957.0,189.21644401550293
-8329.0,-6899.0,-10871.0,189.39227199554443
-9299.0,-9076.0,-7896.0,189.85756015777588
-9333.0,-8755.0,-8392.0,190.06490898132324
-9226.0,-9617.0,-7157.0,190.27158117294312
-5671.0,-10301.0,-9286.0,190.35991096496582
-8087.0,-7037.0,-10917.0,190.4596791267395
-7737.0,-10537.0,-7320.0,190.83121609687805
-9218.0,-9896.0,-6990.0,190.92505812644958
-9169.0,-9708.0,-7293.0,191.02714800834656
-6999.0,-10444.0,-8275.0,191.1251950263977
-7913.0,-10547.0,-7086.0,191.61943411827087
-7847.0,-7127.0,-11074.0,191.81800413131714
-7764.0,-10529.0,-7141.0,191.91020011901855
-6788.0,-10435.0,-8361.0,192.2663049697876
-8117.0,-6744.0,-10885.0,192.4721701145172
-9320.0,-8065.0,-8957.0,192.87919402122498
-7447.0,-10497.0,-7803.0,192.97740411758423
-9184.0,-9276.0,-7765.0,193.10365915298462
-7485.0,-8236.0,-10988.0,193.50520706176758
-9264.0,-7512.0,-9349.0,193.5988790988922
-7283.0,-10492.0,-7816.0,193.6948561668396
-9206.0,-7403.0,-9515.0,193.889573097229
-6091.0,-9118.0,-10598.0,193.99219012260437
-8101.0,-6982.0,-10884.0,194.0906810760498
-7129.0,-10458.0,-7931.0,194.18687510490417
-6184.0,-9146.0,-10585.0,194.29238414764404
-6622.0,-9226.0,-10495.0,194.62288117408752
-6054.0,-10266.0,-9272.0,195.09035110473633
-7247.0,-10450.0,-7998.0,195.39296007156372
-7720.0,-10544.0,-7360.0,195.66520404815674
-9205.0,-7407.0,-9392.0,196.1776840686798
-7837.0,-10511.0,-7395.0,196.35189008712769
-9291.0,-8832.0,-8147.0,196.45634412765503
-9189.0,-7645.0,-9391.0,196.76408004760742
-7132.0,-10453.0,-7922.0,196.93803906440735
-6942.0,-10386.0,-8381.0,197.11461806297302
-7411.0,-8302.0,-10967.0,197.21045017242432
-9303.0,-8108.0,-8827.0,197.58205795288086
-9080.0,-6592.0,-9947.0,197.83078813552856
-9273.0,-8794.0,-8175.0,198.0171890258789
-9220.0,-9043.0,-8856.0,198.7231149673462
-9276.0,-7809.0,-9177.0,198.8105230331421
-9259.0,-8828.0,-8323.0,199.17372703552246
-9259.0,-8147.0,-8866.0,199.37390303611755
-9072.0,-7153.0,-9975.0,199.54103302955627
-6450.0,-10382.0,-8760.0,199.71331405639648
-9271.0,-7740.0,-9221.0,199.88474202156067
-9237.0,-8847.0,-8335.0,200.19911313056946
-6060.0,-10189.0,-9408.0,200.27867603302002
-7664.0,-8180.0,-11005.0,200.61442613601685
-9219.0,-7209.0,-9601.0,200.7012481689453
-9125.0,-9747.0,-7332.0,200.89356303215027
-9216.0,-7214.0,-9610.0,200.98214507102966
-9226.0,-7061.0,-9702.0,201.06624817848206
-6936.0,-10370.0,-8611.0,201.26078295707703
-9235.0,-8173.0,-8797.0,201.39192914962769
-9195.0,-7222.0,-9551.0,201.4792721271515
-9155.0,-9088.0,-8090.0,201.91773796081543
-7264.0,-10443.0,-7958.0,202.01006603240967
-9004.0,-6569.0,-10108.0,202.08909106254578
-9175.0,-7449.0,-9430.0,202.18834400177002
-9219.0,-8210.0,-8872.0,202.52277398109436
-9232.0,-8885.0,-8567.0,202.6217291355133
-9168.0,-7279.0,-9795.0,202.70653414726257
-9007.0,-9981.0,-6835.0,203.10187411308289
-9207.0,-8081.0,-8930.0,203.38944602012634
-7962.0,-7120.0,-10874.0,203.6481330394745
-9209.0,-9073.0,-7902.0,203.75688099861145
-9125.0,-9122.0,-7982.0,203.87151503562927
-5663.0,-9813.0,-10014.0,203.95660996437073
-8521.0,-10387.0,-6708.0,204.14004802703857
-8029.0,-7058.0,-10864.0,204.24643802642822
-7918.0,-10540.0,-7034.0,204.33363795280457
-9199.0,-9049.0,-8051.0,204.447988986969
-7553.0,-10421.0,-7844.0,204.65207695960999
-6820.0,-10368.0,-8728.0,204.89940214157104
-9202.0,-8119.0,-9162.0,205.12915706634521
-9176.0,-7051.0,-9803.0,205.21368408203125
-7970.0,-10487.0,-7130.0,205.30171012878418
-9067.0,-9573.0,-8201.0,205.5188751220703
-7119.0,-10436.0,-8031.0,205.80918502807617
-6336.0,-9231.0,-10479.0,206.0008909702301
-9142.0,-9361.0,-7666.0,206.10097217559814
-7184.0,-10391.0,-8128.0,206.43572616577148
-7891.0,-10488.0,-7340.0,206.6144630908966
-8021.0,-7218.0,-10857.0,206.74262499809265
-9288.0,-8061.0,-9133.0,206.9396209716797
-9139.0,-7588.0,-9435.0,207.0415120124817
-6136.0,-9339.0,-10465.0,207.2301549911499
-9154.0,-7337.0,-9579.0,207.33364605903625
-8999.0,-6870.0,-10118.0,207.52386903762817
-7291.0,-10411.0,-7959.0,207.61880111694336
-9140.0,-9315.0,-7804.0,207.94718217849731
-7657.0,-10517.0,-7410.0,208.12421202659607
-9124.0,-9135.0,-8799.0,208.2346031665802
-9135.0,-7490.0,-9484.0,208.33397698402405
-9175.0,-7969.0,-9203.0,208.43430304527283
-9130.0,-9709.0,-7100.0,208.69391107559204
-5484.0,-9869.0,-9997.0,208.86525416374207
-6696.0,-10141.0,-9511.0,208.95612215995789
-5882.0,-9434.0,-10399.0,209.30404615402222
-9179.0,-8134.0,-8884.0,209.43231797218323
-8541.0,-10373.0,-6966.0,209.53250002861023
-7450.0,-10492.0,-7794.0,209.6319420337677
-9120.0,-9141.0,-7867.0,209.75144815444946
-7464.0,-10471.0,-7736.0,209.95484805107117
-9116.0,-9287.0,-8047.0,210.41338205337524
-9157.0,-8706.0,-9347.0,210.65044903755188
-6502.0,-10329.0,-8856.0,210.75746703147888
-7543.0,-10405.0,-7860.0,210.98481011390686
-8150.0,-6955.0,-10854.0,211.0817630290985
-9005.0,-10013.0,-6865.0,211.17199897766113
-9160.0,-7765.0,-9224.0,211.52496600151062
-6532.0,-10362.0,-8737.0,211.6276650428772
-9121.0,-9249.0,-7815.0,211.76045298576355
-7591.0,-10459.0,-7669.0,211.95628094673157
-9325.0,-8671.0,-8422.0,212.14949202537537
-5850.0,-10245.0,-9303.0,212.25277495384216
-7673.0,-10506.0,-7408.0,212.35238313674927
-7987.0,-10480.0,-7090.0,212.6692671775818
-7379.0,-10400.0,-7873.0,212.7861340045929
-9149.0,-7375.0,-9811.0,212.89624905586243
-7759.0,-10474.0,-7565.0,213.33506894111633
-8108.0,-7725.0,-10823.0,214.1322841644287
-5736.0,-9707.0,-10064.0,214.4088020324707
-7418.0,-10394.0,-7978.0,214.65103697776794
-9088.0,-9368.0,-7708.0,214.86943411827087
-7204.0,-10365.0,-8075.0,214.98096203804016
-9106.0,-9838.0,-7099.0,215.18174815177917
-9000.0,-9914.0,-7058.0,215.27378106117249
-9006.0,-9609.0,-7463.0,215.483234167099
-5602.0,-9733.0,-10059.0,215.94181203842163
-8041.0,-10457.0,-7035.0,216.04751205444336
-9144.0,-6966.0,-9872.0,216.24770617485046
-5963.0,-9396.0,-10347.0,216.34320712089539
-9120.0,-7461.0,-9544.0,216.4572970867157
-8904.0,-10143.0,-7040.0,216.55710005760193
-7004.0,-10359.0,-8329.0,216.7763831615448
-9073.0,-9800.0,-7236.0,216.87873005867004
-8892.0,-10186.0,-6561.0,217.1960310935974
-7221.0,-10358.0,-8035.0,217.9223771095276
-9139.0,-9409.0,-7647.0,218.0190510749817
-8969.0,-9983.0,-7038.0,218.1073009967804
-9086.0,-7520.0,-9550.0,218.31760096549988
-8204.0,-7558.0,-10819.0,218.71168994903564
-7235.0,-8494.0,-10873.0,219.01862812042236
-9068.0,-9505.0,-7632.0,219.11396408081055
-7943.0,-10435.0,-7436.0,219.20262217521667
-5529.0,-9753.0,-10052.0,219.47805094718933
-9078.0,-9352.0,-7724.0,219.6831181049347
-9054.0,-9891.0,-7003.0,219.7739520072937
-6621.0,-10312.0,-8845.0,219.86863708496094
-7338.0,-10342.0,-8148.0,219.99835205078125
-8997.0,-9699.0,-7370.0,220.39667510986328
-7120.0,-10360.0,-8216.0,220.67423796653748
-6534.0,-10230.0,-8896.0,220.99467206001282
-9075.0,-8048.0,-9729.0,221.0959050655365
-8972.0,-10132.0,-6758.0,221.18611907958984
-7211.0,-10354.0,-8215.0,221.64704608917236
-9099.0,-7389.0,-9555.0,221.74606204032898
-9082.0,-8183.0,-9348.0,221.94068908691406
-9082.0,-7717.0,-9423.0,222.383887052536
-6348.0,-9249.0,-10405.0,222.79278111457825
-7992.0,-7223.0,-10828.0,222.92327308654785
-6142.0,-9340.0,-10364.0,223.02624917030334
-6725.0,-9374.0,-10321.0,223.13486409187317
-5557.0,-9763.0,-10047.0,223.23464703559875
-8471.0,-6450.0,-10748.0,223.32853317260742
-8909.0,-10105.0,-6808.0,223.4247591495514
-5491.0,-10015.0,-9865.0,223.51961708068848
-7011.0,-10326.0,-8437.0,223.77382016181946
-7215.0,-10344.0,-8088.0,223.89987015724182
-6279.0,-10245.0,-9216.0,224.00263714790344
-6994.0,-10333.0,-8477.0,224.12094712257385
-9097.0,-7428.0,-9715.0,224.2342050075531
-7056.0,-10306.0,-8425.0,224.6787929534912
-5928.0,-9594.0,-10287.0,224.77442812919617
-8014.0,-10448.0,-7091.0,224.8803379535675
-8866.0,-10208.0,-6717.0,224.98118114471436
-8158.0,-10449.0,-7020.0,225.40867805480957
-8461.0,-6603.0,-10656.0,225.50552701950073
-8890.0,-9838.0,-7330.0,225.6121461391449
-8938.0,-9620.0,-7745.0,225.82481908798218
-5703.0,-10136.0,-9516.0,225.92201399803162
-5620.0,-10100.0,-9556.0,226.58370304107666
-8937.0,-9714.0,-7588.0,227.0305061340332
-7475.0,-10222.0,-8985.0,227.13810515403748
-8532.0,-7749.0,-10629.0,227.23903894424438
-8845.0,-9971.0,-7212.0,227.79940605163574
-8093.0,-10404.0,-7131.0,228.13034105300903
-8141.0,-10431.0,-7110.0,228.3302640914917
-7948.0,-10397.0,-7204.0,228.4379861354828
-7987.0,-10396.0,-7397.0,229.469064950943
-7712.0,-10412.0,-7793.0,229.6672580242157
-8343.0,-6902.0,-10728.0,229.8659119606018
-8349.0,-7409.0,-10667.0,230.1592230796814
-7977.0,-10426.0,-7123.0,230.61072611808777
-8982.0,-9581.0,-7706.0,230.8180730342865
-7121.0,-10292.0,-8369.0,231.03294205665588
-8911.0,-6783.0,-10253.0,231.33138513565063
-8975.0,-9592.0,-7566.0,231.6229751110077
-8909.0,-9795.0,-7249.0,232.07496094703674
-7649.0,-10329.0,-7901.0,232.1737780570984
-5785.0,-9729.0,-10045.0,232.61503100395203
-7162.0,-10323.0,-8246.0,232.7309651374817
-8353.0,-6749.0,-10820.0,232.8106369972229
-5856.0,-9638.0,-10125.0,232.8976650238037
-7861.0,-10396.0,-7569.0,233.1654829978943
-8899.0,-9779.0,-7265.0,233.25637412071228
-8972.0,-9597.0,-7575.0,233.35029101371765
-8318.0,-10506.0,-6710.0,233.64103412628174
-6150.0,-10174.0,-9329.0,234.02717113494873
-7340.0,-10303.0,-7988.0,234.2398920059204
-7514.0,-10302.0,-8035.0,234.45024800300598
-8961.0,-9742.0,-7345.0,234.5410339832306
-8473.0,-10384.0,-7248.0,234.63469409942627
-8435.0,-10449.0,-6925.0,234.80691814422607
-9100.0,-9140.0,-8066.0,234.90737104415894
-6617.0,-10266.0,-8856.0,235.00076413154602
-6326.0,-10216.0,-9205.0,235.09626698493958
-5799.0,-10044.0,-9573.0,235.18374705314636
-9098.0,-9179.0,-8226.0,235.29092597961426
-8445.0,-7242.0,-10663.0,235.69782710075378
-7124.0,-10288.0,-8443.0,236.88503098487854
-7390.0,-10289.0,-8244.0,237.17144298553467
-7916.0,-7947.0,-10941.0,237.251079082489
-7304.0,-10254.0,-8275.0,237.3696551322937
-8962.0,-6891.0,-10019.0,237.70611310005188
-8240.0,-10513.0,-6918.0,237.78390216827393
-8841.0,-9806.0,-7531.0,237.96950912475586
-8592.0,-6696.0,-10553.0,238.24423813819885
-5964.0,-9673.0,-10062.0,238.40733408927917
-6399.0,-10181.0,-9030.0,238.59548997879028
-6910.0,-8706.0,-10797.0,238.6843991279602
-7033.0,-9474.0,-10248.0,238.7780900001526
-8934.0,-6961.0,-10114.0,238.86705803871155
-7369.0,-8554.0,-10835.0,239.21427512168884
-9019.0,-7380.0,-9914.0,239.31042909622192
-6456.0,-10145.0,-9175.0,239.40621709823608
-7717.0,-10370.0,-7609.0,239.49599695205688
-7798.0,-10350.0,-7576.0,240.31739616394043
-6980.0,-10331.0,-8572.0,240.4267680644989
-8701.0,-10153.0,-6926.0,240.71653413772583
-7724.0,-10334.0,-7633.0,240.8078010082245
-5888.0,-9783.0,-9970.0,241.02162098884583
-8824.0,-9887.0,-7284.0,241.39452505111694
-7597.0,-10382.0,-7805.0,241.4964849948883
-5970.0,-9542.0,-10215.0,241.58899903297424
-7095.0,-8635.0,-10868.0,241.67840003967285
-7765.0,-10331.0,-7784.0,241.77856016159058
-5881.0,-9637.0,-10102.0,241.87406611442566
-5971.0,-9819.0,-9930.0,242.06933116912842
-5895.0,-10023.0,-9739.0,242.28658294677734
-7032.0,-10278.0,-8668.0,242.40219616889954
-6060.0,-9581.0,-10119.0,242.51309895515442
-8662.0,-10160.0,-6826.0,242.7409200668335
-7038.0,-10294.0,-8438.0,242.87769103050232
-7025.0,-10289.0,-8528.0,243.01842713356018
-5792.0,-9875.0,-9913.0,243.12447500228882
-6774.0,-9074.0,-10474.0,243.73573994636536
-8649.0,-10206.0,-6830.0,243.84159398078918
-7197.0,-8756.0,-10686.0,244.51496410369873
-8805.0,-9978.0,-7051.0,244.73172402381897
-8271.0,-10444.0,-6938.0,245.03526401519775
-8728.0,-9979.0,-7227.0,245.2439260482788
-8719.0,-10040.0,-7268.0,245.56544303894043
-8873.0,-6984.0,-10030.0,245.66736817359924
-8016.0,-10332.0,-7508.0,245.77876615524292
-6073.0,-9690.0,-10041.0,246.17749094963074
-8851.0,-6633.0,-10347.0,246.59032011032104
-5836.0,-10024.0,-9524.0,246.6854841709137
-7434.0,-10250.0,-8205.0,247.44602799415588
-8662.0,-7014.0,-10496.0,248.17443299293518
-7769.0,-10321.0,-7657.0,248.37592601776123
-8869.0,-7105.0,-10164.0,248.47819995880127
-6074.0,-9967.0,-9756.0,248.67082500457764
-7109.0,-10256.0,-8542.0,249.0302460193634
-6067.0,-9727.0,-9987.0,249.1230969429016
-7892.0,-10310.0,-7581.0,249.22453808784485
-7592.0,-10271.0,-8007.0,249.34357213974
-7802.0,-10303.0,-7605.0,249.53630113601685
-8752.0,-9902.0,-7237.0,249.72750401496887
-8716.0,-9866.0,-7517.0,249.84274196624756
-8726.0,-9833.0,-7343.0,249.93927717208862
-9072.0,-7446.0,-9799.0,250.0271601676941
-8886.0,-9673.0,-7649.0,250.12176203727722
-6828.0,-10246.0,-8678.0,250.22046995162964
-8083.0,-10314.0,-7434.0,250.31395316123962
-5991.0,-9931.0,-9796.0,250.49038004875183
-8642.0,-10243.0,-6791.0,250.88125610351562
-7190.0,-8610.0,-10818.0,250.967698097229
-8660.0,-10159.0,-6861.0,251.14417695999146
-8748.0,-9941.0,-7247.0,251.23856711387634
-5574.0,-9916.0,-9875.0,251.32375812530518
-7809.0,-10292.0,-7745.0,251.439857006073
-6951.0,-8816.0,-10630.0,251.54357409477234
-7847.0,-10325.0,-7575.0,251.74307894706726
-6854.0,-9530.0,-10231.0,252.30941605567932
-8614.0,-10235.0,-6906.0,252.48540711402893
-7539.0,-10240.0,-8179.0,252.7036521434784
-8675.0,-10079.0,-7307.0,252.90551114082336
-5660.0,-9911.0,-9873.0,252.9898021221161
-8971.0,-9191.0,-8293.0,253.55966114997864
-7840.0,-10287.0,-7610.0,253.8329770565033
-8680.0,-10041.0,-7075.0,254.0194079875946
-7465.0,-8387.0,-10831.0,254.1012761592865
-7755.0,-10315.0,-7800.0,254.29505896568298
-8893.0,-7209.0,-9958.0,254.39410495758057
-8640.0,-9900.0,-7417.0,254.58798003196716
-7716.0,-10300.0,-7815.0,254.69395804405212
-8832.0,-9696.0,-7704.0,254.78793501853943
-6068.0,-9548.0,-10065.0,255.05790901184082
-6593.0,-9993.0,-9685.0,255.24218201637268
-9053.0,-7467.0,-9754.0,255.43426513671875
-8627.0,-10311.0,-6749.0,255.5208899974823
-8699.0,-9762.0,-7686.0,255.63790702819824
-7842.0,-8013.0,-10920.0,255.90836715698242
-6834.0,-9580.0,-10061.0,256.1019620895386
-7300.0,-8904.0,-10512.0,256.31042194366455
-7653.0,-10253.0,-7857.0,256.61359095573425
-7335.0,-8659.0,-10698.0,256.70100116729736
-7376.0,-9182.0,-10442.0,256.8952090740204
-7813.0,-10282.0,-7618.0,256.9993109703064
-8598.0,-10282.0,-6830.0,257.20211005210876
-7861.0,-10239.0,-7841.0,257.3198320865631
-7854.0,-10250.0,-7701.0,257.5110020637512
-7666.0,-8205.0,-10826.0,257.604159116745
-8816.0,-7260.0,-10186.0,257.6924731731415
-9000.0,-7525.0,-9730.0,258.05152797698975
-8068.0,-10279.0,-7604.0,258.22783613204956
-7089.0,-8650.0,-10814.0,258.4025390148163
-8967.0,-7525.0,-9783.0,258.4849851131439
-8911.0,-9225.0,-8568.0,258.6790690422058
-8828.0,-6681.0,-10282.0,258.7577760219574
-8582.0,-10160.0,-7176.0,258.8396110534668
-7609.0,-10264.0,-7967.0,259.0348119735718
-8575.0,-10364.0,-6653.0,259.11446809768677
-6827.0,-8952.0,-10454.0,259.48322916030884
-8770.0,-9671.0,-7766.0,259.57823395729065
-8836.0,-7770.0,-9982.0,259.670303106308
-8198.0,-10260.0,-7337.0,259.93170499801636
-8574.0,-10254.0,-7073.0,260.0187740325928
-8726.0,-9710.0,-7805.0,260.5396161079407
-8993.0,-7441.0,-9871.0,260.72196412086487
-9043.0,-7451.0,-9770.0,260.80618500709534
-8546.0,-10335.0,-6734.0,260.88537311553955
-8861.0,-7308.0,-9918.0,260.9691791534424
-8620.0,-9958.0,-7460.0,261.0701711177826
-8623.0,-10132.0,-7211.0,261.31167697906494
-8821.0,-7184.0,-10001.0,261.4031591415405
-7696.0,-10230.0,-7864.0,261.61071610450745
-8538.0,-7028.0,-10518.0,261.6871521472931
-7526.0,-8346.0,-10821.0,261.9617440700531
-7763.0,-10215.0,-7987.0,262.0698390007019
-8732.0,-9643.0,-7793.0,262.6535451412201
-8815.0,-6950.0,-10257.0,263.09320998191833
-8916.0,-9187.0,-8336.0,263.3831160068512
-8875.0,-9283.0,-8236.0,263.89344596862793
-6199.0,-9676.0,-9974.0,263.979376077652
-7871.0,-10243.0,-7661.0,264.08211612701416
-7545.0,-10233.0,-8055.0,264.24208307266235
-8674.0,-9763.0,-7709.0,264.3305470943451
-8779.0,-6650.0,-10300.0,264.4025499820709
-8658.0,-9844.0,-7625.0,264.57603001594543
-7677.0,-8014.0,-10870.0,264.79710817337036
-7589.0,-10218.0,-8133.0,265.14540696144104
-7667.0,-8167.0,-10778.0,265.2179811000824
-8929.0,-7556.0,-9837.0,265.3060460090637
-8951.0,-7763.0,-9782.0,265.3840651512146
-7731.0,-8099.0,-10734.0,265.4621880054474
-7988.0,-10227.0,-7774.0,265.9824631214142
-9014.0,-8148.0,-9393.0,266.31849217414856
-8717.0,-9697.0,-7894.0,266.42412400245667
-7793.0,-8578.0,-10641.0,266.7879741191864
-7653.0,-8222.0,-10811.0,266.92377400398254
-8865.0,-9267.0,-8252.0,267.5770890712738
-5839.0,-9855.0,-9890.0,267.7104971408844
-7594.0,-10208.0,-8054.0,268.09562611579895
-7621.0,-8321.0,-10771.0,268.168820142746
-7929.0,-7781.0,-10806.0,268.2433400154114
-7597.0,-10203.0,-8045.0,268.4927279949188
-8112.0,-10240.0,-7565.0,268.57899808883667
-8583.0,-9991.0,-7553.0,269.1075429916382
-7659.0,-10176.0,-7993.0,269.1993420124054
-8859.0,-9278.0,-8472.0,269.2815971374512
-7053.0,-8937.0,-10448.0,269.4502511024475
-7691.0,-10175.0,-8288.0,269.5446209907532
-8098.0,-7878.0,-10731.0,269.88129901885986
-8815.0,-9317.0,-8511.0,269.96464800834656
-8897.0,-7608.0,-9875.0,270.0562119483948
-8985.0,-8449.0,-9477.0,270.5915541648865
-6328.0,-9872.0,-9822.0,270.6676199436188
-8675.0,-9734.0,-7929.0,270.8368511199951
-6103.0,-9768.0,-9917.0,271.09604811668396
-8370.0,-10236.0,-7422.0,271.19480204582214
-8101.0,-8038.0,-10676.0,271.27184295654297
-8631.0,-9773.0,-7968.0,271.36338114738464
-8545.0,-10017.0,-7321.0,271.69781398773193
-7372.0,-10074.0,-9159.0,272.11359906196594
-8593.0,-9838.0,-7645.0,272.23416113853455
-6170.0,-9875.0,-9813.0,272.31252217292786
-8524.0,-9992.0,-7338.0,272.4928741455078
-8809.0,-9440.0,-8270.0,272.5954439640045
-8513.0,-10031.0,-7324.0,272.8562171459198
-8480.0,-10031.0,-7377.0,273.0496139526367
-8778.0,-7696.0,-10070.0,273.1471221446991
-7775.0,-10178.0,-7876.0,273.3625819683075
-8538.0,-10199.0,-7215.0,273.6170971393585
-9096.0,-8806.0,-9011.0,273.86462116241455
-6484.0,-9605.0,-9925.0,274.10497212409973
-8581.0,-9787.0,-7712.0,274.2066490650177
-8569.0,-10155.0,-7266.0,274.36545395851135
-7815.0,-10162.0,-8083.0,274.5748760700226
-8573.0,-9880.0,-7573.0,274.677531003952
-8721.0,-7094.0,-10189.0,274.8838269710541
-8719.0,-7042.0,-10200.0,275.1492681503296
-8636.0,-9735.0,-7736.0,275.2317819595337
-8320.0,-7414.0,-10638.0,275.387992143631
-8252.0,-7493.0,-10634.0,275.53923201560974
-8579.0,-9826.0,-7872.0,275.6267771720886
-8732.0,-6848.0,-10286.0,275.7678470611572
-8685.0,-6955.0,-10360.0,275.8403060436249
-7774.0,-10174.0,-7886.0,276.14123010635376
-8541.0,-9852.0,-7640.0,276.233323097229
-8478.0,-10036.0,-7457.0,276.4015779495239
-6631.0,-9731.0,-9872.0,276.48528504371643
-8478.0,-10346.0,-7016.0,276.5594961643219
-8676.0,-7088.0,-10247.0,276.654039144516
-6494.0,-9622.0,-9874.0,276.73362708091736
-8424.0,-10059.0,-7512.0,276.82621002197266
-8506.0,-9955.0,-7796.0,277.2072639465332
-5939.0,-9984.0,-9700.0,277.58503007888794
-7635.0,-8266.0,-10738.0,277.65838098526
-7349.0,-8604.0,-10665.0,277.82564902305603
-8133.0,-10215.0,-7448.0,277.9825031757355
-7725.0,-10165.0,-8010.0,278.0934751033783
-8486.0,-10252.0,-7119.0,278.2398941516876
-7934.0,-10101.0,-7781.0,278.37161016464233
-8025.0,-10194.0,-7681.0,278.4592089653015
-8511.0,-9917.0,-7564.0,278.6648099422455
-8428.0,-10084.0,-7281.0,278.74788212776184
-7820.0,-10124.0,-7851.0,278.86327600479126
-7880.0,-10098.0,-7927.0,278.98230600357056
-8688.0,-9372.0,-8273.0,279.23679208755493
-8664.0,-9344.0,-8516.0,279.5887861251831
-8414.0,-10212.0,-7420.0,279.7400441169739
-8860.0,-8354.0,-9688.0,279.83157110214233
-8572.0,-9601.0,-8140.0,279.97925305366516
-7859.0,-10123.0,-8044.0,280.0946991443634
-8418.0,-10062.0,-7381.0,280.42070412635803
-8123.0,-10199.0,-7464.0,280.8139591217041
-8059.0,-8290.0,-10544.0,281.2285029888153
-8520.0,-9827.0,-7657.0,281.32045817375183
-7919.0,-7934.0,-10714.0,281.399295091629
-8250.0,-10207.0,-7433.0,281.5715579986572
-8227.0,-10085.0,-7833.0,281.909371137619
-7731.0,-8615.0,-10465.0,282.2341351509094
-8148.0,-10185.0,-7623.0,282.3081331253052
-7531.0,-10134.0,-8390.0,282.8408329486847
-8663.0,-9373.0,-8296.0,283.05983304977417
-8552.0,-9603.0,-8889.0,283.2884759902954
-8549.0,-9605.0,-8608.0,283.717581987381
-8532.0,-9608.0,-7979.0,283.8672740459442
-8151.0,-10180.0,-7614.0,284.0219271183014
-8523.0,-9649.0,-8035.0,284.27145195007324
-8238.0,-10170.0,-7544.0,284.3427040576935
-8848.0,-8888.0,-9059.0,284.42537808418274
-8470.0,-10009.0,-7477.0,284.5823450088501
-8720.0,-7352.0,-10129.0,284.8105239868164
-8657.0,-9355.0,-8376.0,285.1000759601593
-8069.0,-10155.0,-7642.0,285.18765807151794
-8795.0,-7792.0,-9734.0,285.2627501487732
-8121.0,-10102.0,-7738.0,285.57728004455566
-8768.0,-7849.0,-9978.0,285.6594409942627
-8653.0,-9473.0,-8714.0,285.75435996055603
-8654.0,-9360.0,-8385.0,285.9217941761017
-8456.0,-10003.0,-7620.0,285.99985909461975
-8633.0,-7100.0,-10229.0,286.0798370838165
-7930.0,-10085.0,-8148.0,286.2016451358795
-8556.0,-7090.0,-10455.0,286.4600281715393
-8713.0,-9532.0,-8213.0,286.5688350200653
-8468.0,-10020.0,-7473.0,286.7332670688629
-8617.0,-7338.0,-10228.0,286.905424118042
-7846.0,-10118.0,-8134.0,287.1628351211548
-8449.0,-10014.0,-7480.0,287.40533804893494
-8603.0,-7393.0,-10261.0,287.71153497695923
-7608.0,-9004.0,-10439.0,288.0045340061188
-7534.0,-10129.0,-8381.0,288.1829171180725
-8520.0,-9654.0,-8044.0,288.3533811569214
-8821.0,-9274.0,-8786.0,288.4249789714813
-7548.0,-10084.0,-8925.0,288.59717416763306
-8559.0,-7692.0,-10385.0,288.6689701080322
-8446.0,-9671.0,-8161.0,288.93559408187866
-8587.0,-7291.0,-10276.0,289.010409116745
-8413.0,-10100.0,-7613.0,289.1541759967804
-7977.0,-10073.0,-8698.0,289.7533359527588
-8502.0,-9617.0,-8058.0,289.9581961631775
-6757.0,-10031.0,-9219.0,290.2230951786041
-8419.0,-9863.0,-8028.0,290.3409881591797
-8650.0,-9475.0,-8433.0,290.40557312965393
-8614.0,-8407.0,-10247.0,290.47024607658386
-8648.0,-9511.0,-8946.0,290.5349831581116
-8125.0,-7821.0,-10487.0,290.6239290237427
-8556.0,-7152.0,-10433.0,290.68547105789185
-8747.0,-7857.0,-9919.0,290.9579200744629
-7731.0,-10088.0,-8146.0,291.16673517227173
-8634.0,-7410.0,-10158.0,291.24001002311707
-7998.0,-10074.0,-7866.0,291.3376290798187
-7515.0,-10133.0,-8412.0,291.4818961620331
-7871.0,-10086.0,-7933.0,291.5683591365814
-8831.0,-9121.0,-8878.0,291.7219491004944
-8740.0,-7862.0,-9925.0,291.82634711265564
-8677.0,-8744.0,-9756.0,292.1147389411926
-8192.0,-10146.0,-7584.0,292.3702471256256
-8495.0,-9859.0,-7858.0,292.66731095314026
-8410.0,-10047.0,-7739.0,292.75500106811523
-8547.0,-9806.0,-7954.0,292.9566011428833
-8190.0,-8383.0,-10441.0,293.03218603134155
-8374.0,-10219.0,-7259.0,293.0935649871826
-8702.0,-8965.0,-8968.0,293.2220890522003
-8257.0,-10166.0,-7513.0,293.28080797195435
-8311.0,-10143.0,-7458.0,293.43759512901306
-8645.0,-9513.0,-8665.0,293.7982351779938
-8642.0,-9518.0,-8674.0,294.14758801460266
-8651.0,-8024.0,-9923.0,294.4281210899353
-8244.0,-10093.0,-7680.0,294.8235740661621
-8402.0,-9710.0,-8200.0,294.98295497894287
-6868.0,-9979.0,-9426.0,295.41225814819336
-8758.0,-9289.0,-8807.0,295.93562602996826
-8360.0,-9864.0,-7813.0,296.16267013549805
-8330.0,-9913.0,-7920.0,296.2666709423065
-8195.0,-10141.0,-7575.0,296.32917499542236
-8675.0,-8773.0,-9245.0,296.617644071579
-8150.0,-10038.0,-7849.0,297.03474497795105
-7985.0,-10053.0,-8023.0,297.26181197166443
-8350.0,-9763.0,-8104.0,297.45293617248535
-7986.0,-10023.0,-7933.0,297.91855096817017
-8025.0,-10022.0,-7985.0,297.9946200847626
-8879.0,-8525.0,-9436.0,298.2515411376953
-8665.0,-8926.0,-9153.0,298.3258581161499
-8286.0,-8216.0,-10437.0,298.49237513542175
-8649.0,-9369.0,-8890.0,298.5737090110779
-6540.0,-9782.0,-9762.0,298.6350221633911
-7902.0,-8519.0,-10507.0,298.68208503723145
-8246.0,-9946.0,-7906.0,298.97282004356384
-8264.0,-9956.0,-7756.0,299.0386281013489
-8234.0,-10005.0,-7863.0,299.1266231536865
-8678.0,-8602.0,-9700.0,299.2109739780426
-8344.0,-9655.0,-8426.0,299.48148798942566
-8070.0,-9986.0,-8764.0,299.73239612579346
-8334.0,-9808.0,-8334.0,299.79794216156006
-7347.0,-9949.0,-9632.0,299.92874002456665
-8850.0,-8507.0,-9596.0,299.97407603263855
-8613.0,-8979.0,-9057.0,300.0363931655884
-8277.0,-9877.0,-7926.0,300.38771414756775
-8757.0,-8532.0,-9490.0,300.49252796173096
-8641.0,-8350.0,-10003.0,300.6368329524994
-8240.0,-9928.0,-7999.0,300.74368596076965
-8747.0,-8685.0,-9398.0,300.7921950817108
-7285.0,-9241.0,-10184.0,300.8405530452728
-8644.0,-8337.0,-9776.0,301.0828969478607
-8339.0,-9693.0,-8658.0,301.2790310382843
-8585.0,-9174.0,-9437.0,301.4987931251526
-8073.0,-9981.0,-8755.0,301.7027220726013
-8608.0,-8779.0,-9455.0,302.06498098373413
-8329.0,-9846.0,-8566.0,302.24686908721924
-7860.0,-8771.0,-10375.0,302.4221429824829
-7633.0,-9611.0,-9705.0,302.57806611061096
-8474.0,-8051.0,-10417.0,302.63684701919556
-8078.0,-9943.0,-8523.0,302.9708230495453
-8733.0,-8682.0,-9541.0,303.12214612960815
-8237.0,-9932.0,-7925.0,303.19217705726624
-8233.0,-9938.0,-8509.0,303.31639313697815
-7150.0,-9247.0,-10160.0,303.46339106559753
-7206.0,-9261.0,-10063.0,303.67428612709045
-8829.0,-8515.0,-9537.0,303.9132561683655
-7271.0,-9671.0,-9702.0,303.99630403518677
-7108.0,-9499.0,-10028.0,304.18726110458374
-8652.0,-9365.0,-8766.0,304.2813949584961
-7024.0,-9704.0,-9638.0,304.6412081718445
-8011.0,-8439.0,-10424.0,304.6729850769043
-8704.0,-8687.0,-9512.0,304.7146010398865
-8682.0,-8706.0,-9524.0,304.79728603363037
-7820.0,-8521.0,-10397.0,304.8301250934601
-7340.0,-9321.0,-10025.0,304.9096291065216
-7168.0,-9523.0,-9876.0,305.00548696517944
-7429.0,-9060.0,-10422.0,305.03566098213196
-6852.0,-9559.0,-9720.0,305.2713770866394
-7725.0,-8777.0,-10351.0,305.43066000938416
-7689.0,-8787.0,-10271.0,305.5527141094208
-7910.0,-8479.0,-10420.0,305.6789801120758
-7615.0,-8853.0,-10250.0,305.7779920101166
-8180.0,-8536.0,-10349.0,305.80835795402527
-7683.0,-9029.0,-10219.0,305.83966612815857
-8582.0,-9176.0,-9156.0,305.8748619556427
-8524.0,-9274.0,-9101.0,305.97844409942627
-7161.0,-9377.0,-10008.0,306.02326798439026
-7403.0,-9125.0,-10198.0,306.12330508232117
-8001.0,-8592.0,-10332.0,306.2379240989685
-7439.0,-9045.0,-10156.0,306.2849049568176
-7426.0,-9062.0,-10141.0,306.3262891769409
-7436.0,-9154.0,-10021.0,306.37824010849
-7299.0,-9186.0,-10151.0,306.41927695274353
-7443.0,-9055.0,-10101.0,306.4710421562195
-7592.0,-9088.0,-9961.0,306.5770721435547
-7906.0,-9981.0,-8777.0,306.6940801143646
-8176.0,-9910.0,-8805.0,306.9679811000824
-7856.0,-8915.0,-10150.0,307.05767917633057
-7675.0,-9359.0,-9837.0,307.16333508491516
-7394.0,-9161.0,-10101.0,307.3701100349426
-7969.0,-8691.0,-10292.0,307.40078616142273
-7517.0,-9970.0,-9117.0,307.4951071739197
-8442.0,-8150.0,-10377.0,307.5234570503235
-7777.0,-9825.0,-8867.0,307.62205505371094
-7401.0,-9307.0,-9969.0,307.73162508010864
-8397.0,-9602.0,-8954.0,307.8168330192566
-7723.0,-9210.0,-9957.0,307.8727149963379
-8303.0,-9306.0,-9193.0,307.92061400413513
-8581.0,-8836.0,-9699.0,307.9543170928955
-7504.0,-9455.0,-9795.0,307.9989550113678
-8204.0,-8386.0,-10298.0,308.1072289943695
-8503.0,-8516.0,-9819.0,308.3428189754486
-8432.0,-8303.0,-10285.0,308.3898561000824
-8276.0,-9356.0,-9149.0,308.4692759513855
-7689.0,-9808.0,-9032.0,308.54428815841675
-8399.0,-9214.0,-9250.0,308.61880803108215
-8218.0,-9658.0,-8937.0,308.6708960533142
-7887.0,-8714.0,-10131.0,308.70777201652527
-8522.0,-8837.0,-9484.0,308.78389406204224
-8413.0,-8917.0,-9567.0,308.84918117523193
-8246.0,-9744.0,-8595.0,308.8954451084137
-7518.0,-9864.0,-9052.0,308.945011138916
-8039.0,-8877.0,-10056.0,309.0430281162262
-7854.0,-9303.0,-9854.0,309.0894920825958
-7760.0,-9007.0,-10093.0,309.14301109313965
-8266.0,-9509.0,-9057.0,309.21594500541687
-7871.0,-8718.0,-10061.0,309.2720980644226
-8243.0,-9785.0,-8601.0,309.52367210388184
-8346.0,-8724.0,-9833.0,309.6864221096039
-7665.0,-9512.0,-9745.0,309.7535710334778
-8186.0,-9757.0,-8897.0,309.7959711551666
-7397.0,-9829.0,-9331.0,309.9210901260376
-8305.0,-8589.0,-9959.0,310.0105800628662
-8122.0,-8627.0,-10053.0,310.1897461414337
-8426.0,-8835.0,-9764.0,310.24443101882935
-7365.0,-9928.0,-9291.0,310.31462502479553
-7857.0,-8773.0,-10094.0,310.43531107902527
-7414.0,-9822.0,-9291.0,310.57223296165466
-8403.0,-9070.0,-9475.0,310.6514539718628
-7731.0,-9774.0,-9283.0,310.7873511314392
-8207.0,-8479.0,-10105.0,310.94396805763245
-8151.0,-9303.0,-9539.0,311.2266490459442
-8278.0,-8975.0,-9686.0,311.3365111351013
-8093.0,-9394.0,-9243.0,311.40193700790405
-8070.0,-8680.0,-9957.0,311.67235112190247
-8336.0,-8877.0,-9741.0,311.71464800834656
-8041.0,-9447.0,-9147.0,311.88796210289
-7977.0,-8914.0,-9880.0,312.0841820240021
-8295.0,-8742.0,-9867.0,312.1742150783539
-8257.0,-8983.0,-9627.0,312.23539113998413
-8057.0,-9601.0,-8987.0,312.27738094329834
-8215.0,-8990.0,-9707.0,312.3497631549835
-8205.0,-9143.0,-9615.0,312.4354519844055
-8164.0,-8620.0,-9871.0,312.5299391746521
-7948.0,-9729.0,-8909.0,312.5726110935211
-8106.0,-9070.0,-9790.0,312.63318705558777
-8010.0,-9644.0,-9246.0,312.87893295288086
-7775.0,-9691.0,-8999.0,312.98834705352783
-8072.0,-8805.0,-9866.0,313.1876599788666
-7410.0,-9812.0,-9346.0,313.2158761024475
-8006.0,-9306.0,-9508.0,313.48575496673584
-7576.0,-9773.0,-9348.0,313.5155940055847
-7827.0,-9682.0,-9340.0,313.6022880077362
-7407.0,-9676.0,-9423.0,313.67231702804565
-7982.0,-9344.0,-9256.0,313.7107400894165
-7972.0,-9359.0,-9522.0,313.8542821407318
-7948.0,-9681.0,-9070.0,314.1042490005493
-8175.0,-9153.0,-9488.0,314.1314649581909
-8066.0,-8820.0,-9812.0,314.29583501815796
-8247.0,-8891.0,-9747.0,314.38747811317444
-7940.0,-9458.0,-9482.0,314.45832896232605
-7690.0,-9639.0,-9409.0,314.5213601589203
-7586.0,-9620.0,-9440.0,314.63634514808655
-8161.0,-9150.0,-9631.0,314.7439110279083
-8096.0,-9223.0,-9698.0,314.801078081131
-7764.0,-9345.0,-9831.0,314.9428131580353
-8102.0,-9214.0,-9565.0,314.96307396888733
-7919.0,-9481.0,-9542.0,314.98372316360474
-7702.0,-9382.0,-9655.0,315.0445330142975
-7842.0,-9485.0,-9251.0,315.1713981628418
-8099.0,-9219.0,-9574.0,315.190407037735
-7828.0,-9540.0,-9284.0,315.2305340766907
-7929.0,-9328.0,-9634.0,315.42699813842773
-7786.0,-9547.0,-9466.0,315.54159712791443
-7660.0,-9554.0,-9461.0,315.65518403053284
