z1,z2,z3
-7794.0,-6883.0,-13534.0
-4556.0,-11780.0,-7633.0
-13505.0,-3814.0,-8737.0
-5369.0,-11712.0,-7965.0
-5432.0,-11662.0,-7909.0
-5557.0,-11661.0,-7530.0
-5686.0,-11565.0,-7754.0
-5812.0,-11516.0,-7979.0
-5842.0,-11495.0,-7597.0
-6207.0,-11489.0,-8514.0
-6569.0,-11419.0,-8137.0
-13431.0,-3979.0,-8643.0
-13306.0,-4782.0,-9170.0
-6763.0,-11373.0,-8247.0
-6855.0,-11342.0,-8114.0
-5368.0,-11623.0,-8055.0
-6887.0,-11203.0,-8424.0
-7101.0,-11199.0,-7765.0
-5498.0,-11616.0,-8189.0
-5394.0,-11612.0,-8340.0
-7211.0,-11151.0,-7847.0
-4501.0,-11602.0,-8583.0
-7234.0,-11062.0,-7708.0
-7244.0,-11046.0,-7471.0
-7437.0,-11044.0,-7496.0
-13257.0,-5011.0,-8808.0
-7490.0,-10994.0,-8013.0
-4694.0,-11507.0,-8748.0
-7612.0,-10981.0,-8077.0
-13147.0,-5021.0,-8059.0
-13083.0,-5189.0,-9333.0
-4754.0,-11489.0,-8870.0
-7723.0,-10967.0,-7473.0
-13045.0,-5522.0,-8484.0
-7787.0,-10896.0,-9165.0
-5227.0,-11483.0,-8890.0
-4528.0,-11467.0,-9208.0
-7898.0,-10882.0,-8561.0
-13369.0,-3628.0,-9277.0
-8073.0,-10819.0,-9142.0
-13022.0,-5824.0,-8586.0
-5517.0,-11397.0,-9573.0
-8299.0,-10712.0,-8791.0
-8080.0,-6806.0,-13511.0
-8346.0,-10619.0,-8647.0
-13363.0,-3268.0,-9392.0
-8350.0,-10574.0,-7425.0
-8385.0,-10560.0,-8768.0
-12948.0,-5989.0,-8492.0
-8163.0,-6421.0,-13501.0
-8452.0,-10539.0,-8736.0
-5403.0,-11260.0,-9574.0
-4510.0,-11237.0,-9787.0
-13326.0,-3730.0,-9437.0
-8449.0,-6344.0,-13478.0
-8637.0,-10538.0,-8309.0
-13284.0,-3405.0,-9887.0
-12793.0,-6061.0,-9854.0
-12770.0,-6139.0,-8206.0
-5425.0,-11192.0,-10127.0
-8655.0,-10521.0,-8524.0
-8747.0,-10490.0,-8391.0
-12755.0,-6204.0,-8015.0
-8921.0,-5636.0,-13441.0
-12717.0,-6223.0,-9659.0
-8941.0,-10444.0,-8501.0
-12704.0,-6317.0,-9902.0
-12687.0,-6361.0,-8044.0
-12655.0,-6501.0,-9665.0
-13271.0,-3063.0,-9946.0
-8964.0,-10355.0,-8362.0
-9044.0,-10316.0,-8772.0
-13172.0,-4252.0,-10174.0
-5186.0,-10997.0,-10203.0
-12635.0,-6507.0,-8481.0
-12603.0,-6617.0,-9183.0
-9320.0,-10164.0,-8095.0
-5144.0,-10956.0,-10317.0
-12581.0,-6666.0,-9571.0
-5454.0,-10940.0,-10337.0
-9112.0,-6647.0,-13353.0
-5813.0,-10898.0,-10465.0
-13159.0,-4208.0,-10414.0
-12491.0,-6683.0,-9356.0
-12480.0,-6776.0,-7862.0
-5742.0,-10887.0,-10504.0
-12468.0,-6985.0,-9458.0
-9329.0,-10150.0,-8839.0
-9338.0,-10115.0,-8359.0
-9404.0,-10074.0,-8843.0
-5621.0,-10862.0,-10594.0
-9134.0,-5714.0,-13332.0
-9317.0,-5715.0,-13299.0
-9418.0,-10040.0,-8681.0
-12993.0,-4168.0,-10874.0
-9423.0,-10036.0,-8366.0
-9591.0,-9962.0,-8314.0
-5696.0,-10786.0,-10598.0
-5555.0,-10783.0,-10660.0
-7795.0,-6972.0,-13444.0
-5728.0,-10714.0,-10815.0
-12394.0,-7150.0,-9364.0
-9591.0,-6613.0,-13230.0
-7720.0,-7048.0,-13440.0
-9709.0,-9959.0,-8343.0
-5357.0,-10647.0,-10845.0
-8437.0,-7319.0,-13432.0
-12313.0,-7254.0,-8839.0
-5682.0,-10613.0,-10909.0
-9724.0,-9821.0,-8653.0
-9730.0,-9806.0,-8466.0
-9783.0,-9794.0,-8437.0
-5486.0,-10551.0,-11069.0
-9810.0,-9659.0,-9062.0
-12201.0,-7365.0,-8887.0
-9847.0,-9632.0,-7932.0
-9640.0,-6174.0,-13128.0
-9914.0,-9616.0,-8391.0
-12780.0,-4521.0,-10924.0
-9753.0,-6579.0,-13120.0
-12123.0,-7376.0,-8970.0
-5561.0,-10475.0,-11073.0
-12112.0,-7392.0,-8811.0
-5440.0,-10450.0,-11163.0
-12779.0,-4432.0,-11014.0
-10084.0,-9615.0,-8099.0
-7498.0,-7384.0,-13429.0
-12066.0,-7464.0,-9077.0
-9936.0,-5718.0,-13108.0
-8152.0,-7485.0,-13365.0
-12057.0,-7468.0,-8788.0
-6362.0,-10433.0,-11345.0
-12716.0,-4389.0,-11079.0
-11999.0,-7513.0,-9033.0
-11992.0,-7629.0,-8983.0
-12715.0,-4300.0,-11169.0
-10109.0,-9526.0,-8060.0
-8077.0,-7561.0,-13361.0
-10111.0,-9480.0,-8724.0
-10197.0,-9458.0,-8502.0
-12617.0,-4423.0,-11208.0
-9962.0,-6170.0,-13089.0
-11925.0,-7678.0,-8939.0
-8078.0,-7650.0,-13271.0
-6436.0,-10268.0,-11439.0
-10248.0,-6093.0,-13066.0
-12581.0,-3924.0,-11230.0
-10314.0,-9449.0,-8363.0
-12571.0,-4322.0,-11302.0
-11884.0,-7741.0,-9206.0
-6988.0,-7975.0,-13271.0
-5503.0,-10242.0,-11506.0
-11879.0,-7786.0,-8580.0
-12553.0,-4357.0,-11380.0
-10321.0,-9338.0,-8271.0
-11851.0,-7790.0,-9007.0
-10410.0,-9311.0,-8347.0
-11805.0,-7898.0,-8648.0
-5578.0,-10166.0,-11510.0
-6750.0,-10139.0,-11683.0
-12493.0,-5396.0,-11413.0
-12447.0,-5295.0,-11507.0
-10444.0,-9186.0,-8245.0
-11720.0,-7902.0,-8645.0
-11691.0,-7956.0,-8729.0
-10484.0,-9146.0,-8441.0
-10305.0,-5687.0,-13028.0
-12342.0,-5219.0,-11517.0
-10570.0,-9119.0,-7981.0
-12336.0,-4580.0,-11575.0
-11639.0,-7978.0,-8796.0
-11604.0,-8036.0,-8620.0
-10351.0,-5788.0,-12934.0
-6825.0,-10063.0,-11687.0
-6704.0,-10038.0,-11777.0
-12180.0,-4258.0,-11605.0
-10518.0,-5765.0,-12919.0
-11556.0,-8055.0,-8919.0
-10692.0,-9106.0,-8081.0
-12178.0,-4701.0,-11624.0
-7644.0,-8129.0,-13174.0
-11547.0,-8059.0,-8630.0
-12174.0,-4637.0,-11786.0
-11523.0,-8157.0,-8558.0
-6848.0,-9885.0,-11831.0
-6777.0,-9874.0,-11870.0
-11482.0,-8220.0,-8825.0
-10714.0,-9016.0,-8080.0
-6778.0,-9873.0,-11871.0
-5895.0,-9861.0,-11887.0
-6776.0,-9785.0,-11960.0
-10766.0,-8994.0,-8013.0
-10577.0,-5650.0,-12875.0
-7569.0,-8205.0,-13170.0
-12114.0,-5676.0,-11819.0
-11449.0,-8269.0,-8626.0
-10785.0,-8967.0,-8103.0
-10815.0,-5206.0,-12827.0
-12071.0,-5550.0,-11841.0
-10837.0,-8890.0,-8698.0
-7021.0,-9733.0,-11965.0
-6885.0,-9708.0,-11970.0
-6623.0,-9693.0,-12031.0
-7796.0,-8296.0,-13102.0
-12068.0,-5575.0,-11913.0
-11417.0,-8322.0,-8748.0
-10889.0,-8868.0,-8631.0
-11311.0,-8345.0,-8347.0
-6730.0,-9684.0,-12054.0
-11920.0,-5373.0,-11945.0
-11295.0,-8376.0,-8261.0
-5843.0,-9642.0,-12084.0
-7949.0,-8388.0,-13031.0
-10898.0,-8810.0,-8506.0
-11015.0,-8801.0,-8367.0
-11863.0,-5113.0,-11946.0
-11787.0,-5956.0,-11984.0
-11291.0,-8389.0,-9012.0
-7165.0,-9580.0,-12208.0
-11289.0,-8435.0,-8348.0
-11768.0,-5032.0,-12084.0
-11237.0,-8457.0,-8415.0
-6554.0,-8507.0,-13012.0
-11212.0,-8546.0,-8454.0
-10946.0,-5619.0,-12795.0
-11089.0,-8636.0,-8461.0
-7240.0,-9504.0,-12212.0
-11692.0,-5830.0,-12247.0
-7152.0,-9494.0,-12251.0
-7119.0,-9479.0,-12302.0
-11094.0,-8627.0,-8462.0
-7576.0,-8654.0,-12965.0
-7011.0,-9399.0,-12369.0
-11017.0,-5629.0,-12703.0
-7118.0,-9390.0,-12392.0
-11536.0,-5508.0,-12277.0
-11040.0,-5656.0,-12622.0
-7193.0,-9314.0,-12396.0
-6965.0,-9298.0,-12463.0
-11041.0,-5745.0,-12532.0
-11508.0,-5129.0,-12301.0
-11171.0,-5595.0,-12521.0
-7622.0,-8755.0,-12871.0
-11490.0,-5407.0,-12371.0
-6185.0,-9247.0,-12516.0
-11441.0,-5267.0,-12374.0
-11392.0,-5287.0,-12418.0
-7540.0,-9200.0,-12589.0
-7515.0,-8920.0,-12772.0
-11346.0,-5186.0,-12512.0
-7494.0,-9099.0,-12683.0
-5202.0,-11583.0,-8515.0
-5556.0,-11572.0,-7620.0
-4787.0,-11525.0,-8560.0
-5582.0,-11561.0,-7905.0
-5654.0,-11546.0,-8032.0
-5277.0,-11507.0,-8519.0
-5395.0,-11488.0,-8680.0
-5393.0,-11523.0,-8430.0
-6041.0,-11449.0,-8974.0
-4591.0,-11417.0,-9152.0
-6493.0,-11412.0,-8491.0
-5591.0,-11232.0,-9667.0
-6269.0,-11405.0,-8706.0
-6103.0,-11365.0,-9166.0
-6498.0,-11408.0,-8176.0
-6929.0,-11177.0,-8208.0
-6969.0,-11170.0,-7897.0
-6555.0,-11328.0,-8683.0
-7267.0,-11041.0,-8006.0
-6403.0,-11379.0,-8597.0
-7314.0,-11023.0,-8118.0
-6680.0,-11327.0,-8304.0
-7123.0,-11131.0,-8318.0
-6935.0,-11159.0,-8225.0
-5879.0,-11327.0,-9196.0
-6950.0,-11153.0,-8368.0
-7428.0,-11016.0,-7818.0
-6228.0,-11364.0,-8787.0
-5808.0,-11316.0,-9235.0
-6596.0,-11284.0,-8762.0
-6784.0,-11331.0,-8153.0
-6332.0,-11368.0,-8636.0
-6809.0,-11231.0,-8528.0
-6679.0,-11238.0,-8394.0
-6296.0,-11270.0,-9331.0
-6783.0,-11242.0,-8243.0
-6837.0,-11208.0,-8341.0
-6743.0,-11277.0,-8248.0
-13343.0,-3871.0,-8948.0
-6115.0,-11284.0,-9068.0
-6227.0,-11275.0,-8877.0
-6291.0,-11314.0,-8731.0
-7126.0,-11099.0,-8140.0
-7151.0,-11079.0,-8585.0
-7204.0,-11071.0,-8036.0
-6400.0,-11274.0,-9180.0
-13312.0,-3934.0,-8694.0
-5861.0,-11202.0,-9420.0
-7619.0,-10898.0,-8237.0
-6606.0,-11216.0,-8538.0
-7330.0,-11007.0,-8438.0
-6762.0,-11204.0,-8803.0
-13339.0,-3774.0,-9197.0
-5641.0,-11187.0,-9785.0
-7160.0,-11044.0,-8105.0
-6525.0,-11273.0,-8801.0
-7172.0,-11037.0,-8491.0
-7196.0,-11026.0,-8089.0
-5689.0,-11183.0,-9551.0
-6421.0,-11269.0,-8952.0
-6846.0,-11149.0,-8519.0
-6484.0,-11219.0,-8896.0
-6912.0,-11103.0,-8799.0
-6952.0,-11093.0,-8495.0
-6295.0,-11181.0,-9421.0
-5877.0,-11155.0,-9644.0
-6881.0,-11118.0,-8829.0
-7190.0,-11020.0,-8706.0
-6783.0,-11199.0,-8575.0
-6886.0,-11114.0,-8514.0
-7238.0,-11016.0,-8472.0
-6658.0,-11200.0,-8954.0
-6789.0,-11149.0,-8962.0
-7402.0,-10984.0,-8052.0
-7243.0,-11012.0,-8157.0
-6401.0,-11207.0,-9045.0
-6587.0,-11189.0,-8993.0
-7390.0,-10980.0,-8199.0
-7419.0,-10983.0,-8052.0
-6129.0,-11141.0,-9881.0
-6621.0,-11184.0,-9137.0
-5428.0,-11160.0,-9949.0
-7508.0,-10977.0,-8228.0
-6968.0,-11077.0,-8815.0
-13264.0,-4457.0,-9620.0
-13295.0,-3793.0,-9183.0
-6429.0,-11155.0,-9312.0
-7080.0,-11068.0,-8624.0
-7333.0,-10975.0,-8260.0
-7425.0,-10966.0,-9542.0
-5905.0,-11103.0,-9911.0
-6550.0,-11173.0,-9176.0
-6971.0,-11045.0,-8637.0
-7536.0,-10952.0,-8938.0
-7068.0,-11033.0,-8642.0
-5834.0,-11092.0,-9950.0
-6657.0,-11111.0,-9044.0
-6974.0,-11025.0,-9048.0
-6980.0,-11023.0,-8681.0
-7600.0,-10946.0,-8095.0
-6997.0,-11022.0,-8681.0
-6810.0,-11107.0,-8868.0
-6706.0,-11103.0,-9019.0
-6864.0,-11073.0,-8966.0
-5596.0,-11045.0,-10051.0
-6254.0,-11140.0,-9502.0
-7226.0,-11003.0,-8589.0
-6463.0,-11123.0,-9237.0
-5887.0,-10978.0,-10135.0
-7257.0,-10968.0,-8614.0
-5414.0,-10959.0,-10179.0
-7030.0,-10993.0,-9007.0
-6358.0,-11144.0,-9351.0
-6720.0,-11074.0,-8974.0
-6474.0,-11109.0,-9274.0
-6743.0,-11048.0,-9056.0
-6581.0,-11104.0,-9398.0
-6956.0,-11042.0,-8833.0
-6943.0,-11034.0,-9021.0
-13214.0,-4577.0,-9724.0
-6760.0,-11032.0,-9251.0
-13196.0,-3139.0,-9942.0
-5746.0,-10944.0,-10236.0
-6370.0,-11105.0,-9425.0
-5817.0,-10955.0,-10197.0
-7084.0,-10989.0,-9421.0
-6249.0,-11080.0,-9515.0
-6308.0,-11069.0,-9734.0
-6317.0,-11090.0,-9446.0
-5536.0,-11018.0,-10059.0
-5573.0,-11013.0,-10081.0
-6491.0,-11071.0,-9504.0
-6083.0,-11040.0,-9975.0
-6781.0,-11027.0,-9023.0
-5617.0,-11040.0,-10012.0
-13203.0,-3588.0,-9737.0
-6872.0,-11023.0,-9060.0
-13185.0,-4203.0,-9806.0
-5859.0,-11002.0,-10005.0
-6835.0,-11007.0,-9243.0
-5788.0,-10991.0,-10044.0
-6656.0,-11028.0,-9402.0
-6329.0,-11064.0,-9506.0
-6420.0,-11060.0,-9543.0
-6670.0,-10999.0,-9357.0
-6383.0,-11044.0,-9726.0
-6535.0,-11003.0,-9492.0
-6204.0,-11065.0,-9885.0
-6566.0,-10995.0,-9508.0
-6495.0,-10984.0,-9547.0
-5702.0,-10917.0,-10305.0
-6529.0,-10979.0,-9691.0
-6788.0,-10980.0,-9518.0
-6353.0,-10964.0,-9914.0
-5921.0,-10959.0,-10046.0
-5979.0,-10938.0,-10005.0
-13165.0,-4806.0,-9362.0
-6684.0,-10976.0,-9669.0
-5985.0,-10920.0,-10022.0
-6203.0,-10976.0,-9975.0
-13134.0,-4869.0,-9108.0
-7259.0,-10926.0,-10002.0
-6458.0,-10968.0,-9730.0
-5962.0,-10902.0,-10139.0
-13215.0,-4686.0,-9258.0
-7035.0,-10888.0,-10032.0
-6569.0,-10938.0,-9777.0
-13108.0,-4874.0,-9716.0
-13034.0,-5418.0,-8971.0
-6157.0,-10875.0,-10069.0
-5841.0,-10877.0,-10229.0
-13091.0,-4971.0,-9268.0
-5966.0,-10854.0,-10226.0
-6095.0,-10872.0,-10104.0
-6613.0,-10965.0,-9708.0
-6073.0,-10825.0,-10111.0
-6104.0,-10817.0,-10127.0
-5816.0,-10866.0,-10287.0
-5895.0,-10843.0,-10265.0
-6411.0,-10811.0,-10425.0
-7827.0,-10871.0,-8600.0
-7446.0,-10919.0,-9044.0
-6311.0,-10834.0,-10085.0
-5961.0,-10813.0,-10229.0
-13026.0,-5495.0,-8750.0
-13121.0,-4825.0,-9348.0
-5767.0,-10797.0,-10559.0
-13140.0,-4742.0,-9630.0
-5891.0,-10786.0,-10533.0
-13123.0,-4481.0,-9812.0
-7711.0,-10889.0,-9519.0
-6443.0,-10798.0,-10046.0
-5913.0,-10740.0,-10428.0
-6481.0,-10790.0,-10063.0
-5809.0,-10736.0,-10579.0
-5948.0,-10729.0,-10450.0
-12980.0,-5499.0,-9036.0
-12972.0,-5509.0,-8725.0
-6696.0,-10775.0,-10072.0
-12960.0,-5583.0,-8877.0
-6584.0,-10725.0,-10458.0
-7277.0,-10774.0,-10087.0
-6101.0,-10712.0,-10521.0
-5803.0,-10638.0,-10819.0
-6592.0,-10771.0,-10223.0
-5765.0,-10709.0,-10648.0
-5845.0,-10685.0,-10627.0
-13110.0,-4437.0,-10052.0
-13029.0,-5203.0,-9308.0
-13009.0,-5354.0,-9239.0
-6943.0,-10683.0,-10586.0
-12947.0,-5632.0,-9245.0
-5874.0,-10649.0,-10780.0
-13059.0,-5103.0,-9354.0
-12906.0,-5664.0,-8942.0
-13034.0,-5039.0,-9622.0
-12736.0,-6177.0,-8281.0
-6169.0,-10648.0,-10679.0
-13102.0,-4514.0,-9831.0
-12893.0,-5745.0,-8662.0
-8533.0,-10534.0,-8460.0
-7017.0,-10763.0,-10256.0
-12721.0,-6193.0,-9914.0
-13041.0,-4864.0,-9783.0
-7621.0,-10856.0,-9625.0
-12986.0,-5372.0,-9558.0
-6521.0,-10760.0,-10262.0
-6471.0,-10746.0,-10313.0
-8091.0,-10667.0,-9227.0
-12738.0,-6063.0,-8504.0
-13036.0,-4602.0,-9958.0
-12888.0,-5715.0,-8937.0
-13049.0,-4646.0,-9718.0
-7937.0,-10782.0,-9168.0
-7814.0,-10761.0,-9790.0
-12871.0,-5839.0,-8925.0
-5714.0,-10513.0,-11045.0
-8216.0,-10666.0,-8848.0
-12819.0,-5910.0,-8568.0
-5938.0,-10640.0,-10803.0
-6621.0,-10737.0,-10413.0
-7443.0,-10814.0,-9627.0
-7473.0,-10784.0,-9669.0
-6379.0,-10574.0,-10856.0
-13029.0,-5158.0,-9433.0
-12980.0,-5387.0,-9071.0
-12736.0,-6132.0,-8406.0
-8128.0,-10656.0,-8887.0
-13098.0,-4417.0,-10080.0
-8462.0,-10523.0,-8499.0
-6729.0,-10595.0,-10712.0
-12812.0,-5898.0,-8598.0
-5802.0,-10549.0,-10909.0
-13029.0,-4620.0,-9902.0
-12796.0,-5915.0,-8921.0
-7925.0,-10747.0,-9186.0
-13085.0,-4373.0,-10320.0
-8147.0,-10654.0,-9236.0
-7402.0,-10773.0,-9708.0
-13010.0,-4892.0,-9791.0
-12998.0,-4966.0,-9943.0
-7854.0,-10736.0,-9225.0
-6450.0,-10585.0,-10817.0
-8180.0,-10579.0,-9107.0
-12676.0,-6341.0,-8510.0
-12993.0,-4751.0,-10280.0
-13015.0,-5107.0,-9454.0
-8489.0,-10507.0,-8529.0
-8471.0,-10498.0,-8769.0
-8279.0,-10616.0,-8792.0
-8297.0,-10559.0,-8861.0
-12988.0,-5085.0,-9496.0
-8215.0,-10577.0,-8938.0
-8643.0,-10486.0,-8542.0
-6697.0,-10734.0,-10402.0
-6599.0,-10620.0,-10670.0
-7924.0,-10658.0,-9276.0
-8489.0,-10481.0,-8984.0
-5696.0,-10477.0,-11057.0
-12725.0,-6112.0,-8872.0
-6966.0,-10505.0,-10919.0
-5892.0,-10539.0,-10897.0
-8572.0,-10475.0,-8581.0
-13001.0,-4897.0,-9670.0
-6084.0,-10492.0,-10936.0
-8373.0,-10547.0,-8885.0
-8281.0,-10556.0,-8919.0
-7831.0,-10656.0,-9396.0
-5826.0,-10460.0,-10963.0
-6702.0,-10709.0,-10292.0
-8659.0,-10470.0,-8862.0
-7853.0,-10647.0,-9315.0
-12893.0,-5646.0,-9220.0
-7333.0,-10761.0,-10096.0
-8297.0,-10540.0,-9239.0
-12871.0,-5794.0,-9050.0
-7981.0,-10614.0,-9696.0
-5860.0,-10448.0,-11010.0
-6800.0,-10606.0,-10673.0
-12967.0,-5029.0,-9689.0
-12942.0,-5417.0,-9582.0
-8011.0,-10617.0,-9262.0
-8378.0,-10521.0,-9133.0
-7379.0,-10693.0,-9879.0
-12941.0,-5328.0,-9672.0
-5924.0,-10439.0,-11033.0
-12937.0,-5486.0,-9299.0
-7619.0,-10684.0,-10073.0
-7053.0,-10736.0,-10117.0
-12944.0,-4980.0,-9918.0
-8664.0,-10444.0,-9110.0
-13010.0,-4309.0,-10385.0
-5789.0,-10437.0,-11049.0
-8753.0,-10397.0,-9110.0
-12936.0,-5057.0,-9697.0
-12845.0,-5686.0,-9283.0
-7109.0,-10723.0,-10126.0
-12924.0,-5449.0,-10245.0
-8099.0,-10595.0,-9857.0
-7115.0,-10705.0,-10143.0
-12920.0,-5610.0,-9287.0
-7103.0,-10670.0,-10161.0
-5970.0,-10434.0,-11011.0
-12818.0,-5722.0,-9216.0
-9113.0,-10155.0,-9181.0
-12919.0,-5521.0,-9377.0
-7032.0,-10659.0,-10200.0
-12988.0,-4820.0,-9997.0
-12946.0,-4561.0,-10464.0
-7186.0,-10716.0,-10104.0
-7225.0,-10657.0,-10225.0
-12992.0,-4662.0,-10370.0
-8774.0,-10355.0,-9016.0
-6946.0,-10651.0,-10408.0
-7647.0,-10632.0,-10340.0
-8108.0,-10560.0,-9377.0
-12893.0,-5601.0,-9345.0
-8938.0,-10323.0,-8596.0
-12970.0,-4855.0,-10075.0
-12946.0,-4177.0,-10540.0
-12971.0,-4944.0,-9985.0
-8123.0,-10528.0,-9348.0
-7059.0,-10643.0,-10230.0
-9118.0,-10151.0,-8866.0
-12944.0,-4397.0,-10512.0
-12892.0,-5512.0,-9435.0
-8174.0,-10519.0,-9861.0
-8408.0,-10457.0,-9039.0
-6357.0,-10457.0,-10924.0
-6558.0,-10443.0,-10927.0
-12853.0,-5609.0,-9504.0
-7395.0,-10646.0,-10103.0
-8477.0,-10446.0,-9002.0
-12928.0,-4530.0,-10525.0
-8302.0,-10514.0,-9487.0
-12867.0,-5493.0,-9578.0
-7035.0,-10611.0,-10341.0
-7091.0,-10598.0,-10350.0
-12818.0,-5677.0,-9341.0
-12944.0,-4935.0,-10043.0
-12889.0,-4268.0,-10552.0
-6685.0,-10568.0,-10781.0
-12943.0,-4846.0,-10133.0
-8830.0,-10323.0,-8786.0
-7232.0,-10574.0,-10385.0
-7813.0,-10672.0,-9880.0
-8325.0,-10488.0,-9506.0
-12882.0,-4429.0,-10619.0
-8395.0,-10435.0,-9447.0
-7029.0,-10559.0,-10395.0
-6958.0,-10548.0,-10434.0
-8926.0,-10319.0,-8743.0
-12942.0,-4834.0,-10176.0
-7132.0,-10545.0,-10459.0
-6736.0,-10508.0,-10794.0
-8400.0,-10431.0,-9132.0
-8479.0,-10404.0,-9361.0
-7832.0,-10609.0,-9875.0
-6728.0,-10506.0,-10802.0
-12826.0,-4622.0,-10830.0
-12807.0,-5508.0,-9598.0
-8400.0,-10412.0,-9510.0
-7888.0,-10596.0,-9884.0
-7114.0,-10536.0,-10510.0
-7767.0,-10571.0,-9974.0
-12877.0,-4997.0,-10345.0
-6885.0,-10543.0,-10647.0
-12929.0,-4619.0,-10435.0
-8496.0,-10398.0,-9144.0
-8796.0,-10306.0,-9191.0
-6487.0,-10432.0,-10966.0
-7010.0,-10532.0,-10661.0
-12918.0,-4827.0,-10276.0
-6939.0,-10521.0,-10700.0
-8564.0,-10389.0,-9120.0
-6799.0,-10517.0,-10763.0
-8834.0,-10319.0,-8747.0
-8682.0,-10386.0,-9149.0
-8807.0,-10291.0,-8816.0
-8851.0,-10318.0,-8747.0
-5828.0,-10156.0,-11501.0
-12871.0,-4637.0,-10460.0
-7601.0,-10531.0,-10434.0
-8510.0,-10383.0,-9214.0
-8843.0,-10273.0,-8800.0
-12872.0,-4726.0,-10370.0
-12854.0,-4695.0,-10431.0
-8944.0,-10271.0,-8829.0
-7722.0,-10556.0,-10344.0
-6768.0,-10369.0,-11104.0
-6961.0,-10531.0,-10671.0
-8836.0,-10271.0,-9019.0
-8516.0,-10372.0,-9154.0
-7091.0,-10504.0,-10540.0
-7850.0,-10551.0,-9970.0
-8516.0,-10362.0,-9225.0
-8670.0,-10351.0,-9167.0
-8212.0,-10481.0,-9593.0
-12878.0,-5086.0,-10255.0
-7135.0,-10531.0,-10471.0
-8582.0,-10341.0,-9206.0
-7405.0,-10469.0,-10594.0
-8510.0,-10364.0,-9592.0
-12814.0,-4954.0,-10410.0
-12820.0,-4704.0,-10433.0
-7118.0,-10532.0,-10471.0
-8873.0,-10260.0,-8868.0
-8242.0,-10442.0,-9563.0
-12804.0,-4815.0,-10535.0
-7838.0,-10516.0,-9988.0
-8626.0,-10324.0,-9236.0
-7767.0,-10505.0,-10027.0
-8515.0,-10338.0,-9840.0
-8917.0,-10243.0,-8898.0
-8279.0,-10387.0,-9600.0
-8053.0,-10494.0,-9951.0
-8555.0,-10313.0,-9275.0
-8599.0,-10340.0,-9206.0
-8405.0,-10386.0,-9758.0
-6664.0,-10408.0,-10923.0
-7085.0,-10440.0,-10740.0
-8175.0,-10389.0,-9633.0
-8434.0,-10376.0,-9568.0
-8218.0,-10388.0,-9650.0
-8961.0,-10270.0,-8829.0
-8849.0,-10239.0,-9055.0
-8234.0,-10391.0,-9592.0
-7790.0,-10479.0,-10046.0
-7780.0,-10492.0,-10013.0
-8967.0,-10220.0,-9216.0
-9043.0,-10227.0,-8862.0
-8689.0,-10303.0,-9309.0
-7871.0,-10455.0,-10373.0
-7009.0,-10443.0,-10751.0
-7866.0,-10479.0,-9952.0
-7872.0,-10461.0,-9969.0
-12777.0,-4806.0,-10593.0
-6680.0,-10359.0,-11143.0
-8583.0,-10297.0,-9427.0
-7159.0,-10431.0,-10690.0
-7906.0,-10444.0,-9969.0
-8799.0,-10255.0,-9391.0
-12772.0,-5527.0,-10612.0
-8815.0,-10249.0,-9092.0
-12860.0,-5055.0,-10316.0
-12777.0,-4851.0,-10468.0
-8508.0,-6660.0,-13387.0
-7911.0,-10418.0,-10028.0
-6572.0,-10359.0,-11333.0
-7987.0,-10415.0,-10017.0
-8738.0,-10279.0,-9204.0
-7172.0,-10399.0,-10726.0
-8827.0,-10232.0,-9204.0
-7480.0,-10393.0,-10598.0
-8596.0,-10260.0,-9477.0
-6972.0,-10431.0,-10796.0
-12767.0,-4676.0,-10646.0
-7218.0,-10373.0,-10615.0
-7014.0,-10429.0,-10779.0
-8642.0,-6387.0,-13378.0
-12803.0,-5162.0,-10251.0
-12755.0,-5651.0,-10600.0
-8117.0,-10443.0,-9942.0
-7982.0,-10413.0,-10051.0
-9450.0,-9901.0,-8991.0
-7359.0,-10368.0,-10688.0
-7418.0,-10468.0,-10436.0
-8189.0,-10381.0,-10171.0
-7535.0,-10452.0,-10500.0
-7040.0,-10393.0,-10851.0
-7040.0,-10340.0,-11013.0
-9419.0,-9972.0,-8528.0
-7088.0,-10420.0,-10729.0
-8571.0,-10265.0,-9434.0
-6988.0,-10415.0,-10918.0
-7874.0,-10406.0,-10073.0
-8192.0,-10367.0,-9946.0
-12757.0,-4625.0,-10719.0
-7916.0,-10404.0,-10056.0
-8305.0,-10341.0,-9815.0
-12755.0,-5606.0,-10725.0
-8007.0,-10390.0,-10411.0
-9535.0,-9896.0,-8797.0
-12758.0,-4714.0,-10629.0
-7084.0,-10367.0,-10755.0
-7224.0,-10355.0,-10767.0
-8173.0,-10430.0,-9951.0
-7295.0,-10366.0,-10728.0
-7160.0,-10364.0,-10744.0
-7047.0,-10355.0,-10800.0
-8685.0,-10246.0,-9577.0
-8537.0,-10248.0,-9839.0
-7089.0,-10353.0,-10783.0
-7464.0,-10441.0,-10539.0
-8197.0,-10341.0,-10005.0
-7665.0,-10480.0,-10425.0
-7087.0,-10331.0,-10819.0
-9283.0,-10049.0,-8933.0
-9813.0,-9618.0,-8362.0
-7137.0,-10314.0,-10947.0
-8877.0,-10187.0,-9322.0
-12711.0,-4957.0,-10805.0
-12752.0,-5943.0,-10042.0
-8234.0,-10330.0,-9854.0
-9116.0,-10072.0,-8948.0
-6724.0,-10342.0,-11173.0
-7117.0,-10301.0,-11050.0
-7619.0,-10379.0,-10519.0
-7045.0,-10326.0,-10852.0
-8903.0,-5788.0,-13356.0
-9705.0,-9895.0,-8505.0
-8210.0,-10309.0,-10041.0
-8322.0,-10340.0,-9815.0
-8257.0,-10304.0,-9873.0
-7721.0,-10467.0,-10434.0
-12705.0,-4597.0,-10920.0
-7141.0,-10306.0,-10914.0
-7463.0,-10352.0,-10629.0
-7299.0,-10279.0,-10771.0
-9419.0,-9936.0,-9153.0
-6921.0,-10291.0,-11279.0
-7177.0,-10279.0,-10775.0
-8690.0,-10220.0,-9825.0
-8347.0,-10292.0,-9874.0
-7222.0,-10278.0,-10793.0
-8231.0,-10286.0,-9986.0
-8701.0,-10216.0,-9419.0
-7029.0,-10291.0,-11089.0
-7674.0,-10367.0,-10527.0
-8404.0,-10297.0,-9848.0
-8702.0,-10212.0,-9477.0
-8704.0,-10165.0,-9619.0
-8725.0,-10152.0,-9416.0
-7675.0,-10366.0,-10528.0
-7370.0,-10290.0,-10732.0
-7613.0,-10363.0,-10563.0
-7159.0,-10275.0,-10834.0
-9145.0,-10016.0,-9491.0
-8233.0,-10283.0,-10060.0
-12762.0,-4490.0,-10985.0
-7293.0,-10289.0,-10754.0
-8312.0,-10275.0,-9911.0
-7400.0,-10343.0,-10660.0
-8572.0,-10239.0,-9664.0
-9042.0,-10144.0,-9220.0
-8883.0,-10122.0,-9363.0
-7382.0,-10325.0,-10714.0
-7249.0,-10265.0,-10822.0
-8765.0,-10144.0,-9829.0
-8921.0,-10119.0,-9310.0
-7745.0,-10378.0,-10488.0
-12660.0,-5525.0,-10863.0
-8868.0,-10132.0,-9329.0
-9151.0,-10014.0,-9124.0
-7553.0,-10300.0,-10585.0
-9175.0,-10007.0,-9163.0
-7423.0,-10317.0,-10679.0
-8302.0,-10260.0,-9949.0
-8589.0,-10226.0,-9772.0
-7233.0,-10266.0,-10784.0
-7740.0,-10404.0,-10429.0
-7326.0,-10263.0,-10990.0
-12606.0,-5487.0,-11072.0
-8824.0,-10105.0,-9398.0
-8952.0,-10111.0,-9326.0
-7479.0,-10304.0,-10688.0
-7629.0,-10292.0,-10627.0
-6646.0,-10194.0,-11427.0
-8856.0,-10099.0,-9501.0
-9191.0,-9996.0,-8952.0
-12641.0,-4465.0,-11075.0
-8238.0,-10257.0,-10308.0
-8321.0,-10251.0,-9905.0
-9247.0,-9983.0,-8955.0
-8303.0,-10230.0,-10001.0
-9180.0,-9981.0,-9411.0
-9552.0,-9895.0,-8797.0
-8386.0,-10266.0,-9861.0
-8332.0,-10228.0,-9877.0
-7723.0,-10261.0,-10745.0
-9365.0,-9980.0,-8984.0
-8964.0,-10099.0,-9311.0
-8337.0,-10202.0,-10125.0
-8877.0,-6198.0,-13354.0
-8081.0,-10381.0,-10361.0
-8387.0,-10199.0,-9915.0
-9403.0,-9985.0,-8933.0
-9070.0,-10092.0,-9487.0
-6996.0,-10215.0,-11283.0
-9606.0,-9833.0,-8534.0
-7373.0,-10254.0,-10796.0
-7538.0,-10276.0,-10633.0
-7889.0,-10303.0,-10458.0
-7567.0,-10262.0,-10657.0
-9261.0,-9976.0,-9135.0
-8952.0,-10095.0,-9458.0
-8875.0,-10096.0,-9911.0
-8479.0,-10221.0,-9852.0
-12711.0,-5769.0,-10191.0
-7739.0,-10315.0,-10519.0
-8533.0,-10186.0,-9925.0
-7688.0,-10287.0,-10567.0
-8423.0,-10234.0,-9843.0
-8248.0,-10229.0,-10049.0
-9708.0,-9870.0,-8433.0
-8358.0,-10196.0,-9942.0
-7435.0,-10227.0,-10848.0
-8250.0,-10214.0,-10457.0
-7961.0,-10289.0,-10505.0
-7073.0,-10274.0,-11119.0
-7347.0,-10240.0,-10935.0
-6722.0,-10191.0,-11416.0
-12600.0,-4547.0,-11196.0
-8342.0,-10171.0,-10122.0
-7673.0,-10278.0,-10617.0
-7696.0,-10277.0,-10526.0
-8589.0,-10173.0,-9934.0
-8404.0,-10136.0,-9984.0
-7749.0,-10275.0,-10606.0
-9931.0,-9615.0,-8391.0
-7067.0,-10226.0,-11244.0
-7466.0,-10220.0,-10909.0
-9301.0,-9948.0,-9034.0
-10084.0,-9579.0,-8724.0
-7327.0,-10227.0,-11038.0
-7823.0,-10266.0,-10556.0
-12739.0,-6030.0,-9954.0
-8383.0,-10135.0,-10077.0
-7503.0,-10215.0,-10931.0
-6875.0,-10190.0,-11373.0
-8423.0,-10133.0,-10394.0
-9616.0,-9821.0,-8843.0
-8877.0,-10094.0,-9462.0
-12706.0,-5835.0,-10363.0
-7175.0,-10226.0,-11054.0
-9464.0,-9885.0,-8836.0
-7239.0,-10217.0,-11077.0
-12554.0,-4446.0,-11290.0
-8429.0,-10131.0,-10027.0
-9735.0,-9735.0,-9058.0
-8503.0,-10122.0,-9977.0
-9261.0,-9966.0,-9206.0
-9779.0,-9730.0,-8599.0
-7519.0,-10189.0,-10761.0
-9544.0,-9850.0,-8850.0
-8985.0,-10060.0,-10284.0
-7765.0,-10227.0,-10665.0
-12589.0,-5566.0,-11185.0
-7104.0,-10215.0,-11093.0
-7546.0,-10153.0,-10763.0
-8313.0,-10181.0,-10312.0
-9454.0,-9860.0,-8897.0
-7510.0,-10151.0,-10852.0
-7839.0,-10218.0,-10615.0
-7947.0,-10150.0,-10969.0
-7283.0,-10200.0,-11107.0
-8025.0,-10238.0,-10496.0
-7895.0,-10210.0,-10571.0
-9542.0,-9830.0,-8893.0
-8491.0,-10092.0,-9981.0
-8518.0,-10084.0,-10027.0
-12701.0,-5856.0,-10408.0
-9818.0,-9607.0,-8398.0
-9649.0,-9806.0,-8792.0
-8644.0,-10119.0,-9919.0
-8099.0,-10229.0,-10446.0
-7148.0,-10198.0,-11123.0
-9843.0,-9605.0,-8430.0
-7192.0,-10225.0,-11054.0
-7071.0,-10200.0,-11144.0
-12704.0,-6272.0,-10027.0
-9237.0,-9945.0,-9393.0
-12698.0,-5912.0,-10142.0
-7348.0,-10173.0,-10989.0
-7119.0,-10189.0,-11171.0
-8536.0,-10098.0,-9944.0
-12542.0,-5421.0,-11244.0
-9461.0,-9819.0,-9091.0
-7385.0,-10152.0,-11042.0
-9839.0,-9601.0,-8530.0
-8462.0,-10080.0,-10341.0
-9532.0,-9815.0,-8931.0
-9852.0,-9591.0,-9174.0
-7959.0,-10201.0,-10594.0
-7782.0,-10201.0,-10627.0
-8535.0,-10083.0,-10027.0
-6939.0,-10139.0,-11364.0
-10101.0,-9481.0,-8113.0
-9311.0,-9936.0,-9343.0
-8617.0,-10062.0,-9944.0
-7847.0,-10173.0,-10629.0
-6932.0,-10117.0,-11404.0
-7135.0,-10149.0,-11135.0
-7402.0,-10151.0,-11042.0
-7211.0,-10173.0,-11118.0
-12494.0,-5485.0,-11323.0
-9474.0,-9795.0,-10110.0
-8987.0,-10046.0,-9544.0
-12687.0,-6176.0,-10391.0
-7128.0,-10127.0,-11175.0
-7191.0,-10136.0,-11144.0
-8533.0,-10063.0,-10116.0
-9057.0,-10006.0,-9530.0
-7103.0,-10126.0,-11183.0
-9442.0,-9856.0,-9044.0
-9478.0,-9784.0,-9031.0
-9551.0,-9806.0,-8887.0
-7091.0,-10122.0,-11204.0
-9548.0,-9765.0,-8934.0
-9745.0,-9668.0,-8776.0
-8611.0,-10083.0,-9933.0
-7979.0,-10137.0,-10590.0
-7193.0,-10116.0,-11171.0
-9480.0,-9762.0,-8992.0
-9566.0,-9760.0,-8849.0
-7045.0,-10109.0,-11501.0
-9543.0,-9761.0,-8940.0
-9567.0,-9757.0,-9107.0
-12647.0,-6358.0,-9820.0
-6995.0,-10126.0,-11373.0
-7314.0,-10141.0,-11081.0
-9446.0,-9837.0,-9153.0
-9322.0,-9933.0,-9929.0
-7147.0,-10109.0,-11213.0
-8105.0,-10136.0,-10559.0
-9617.0,-9754.0,-8897.0
-7070.0,-10111.0,-11234.0
-9025.0,-10001.0,-9536.0
-7281.0,-10126.0,-11132.0
-9533.0,-9775.0,-8900.0
-9387.0,-9931.0,-9159.0
-9024.0,-9991.0,-9581.0
-7502.0,-10126.0,-11021.0
-9336.0,-9890.0,-9210.0
-7084.0,-10100.0,-11244.0
-9430.0,-9850.0,-9558.0
-7476.0,-10126.0,-11067.0
-7329.0,-10115.0,-11159.0
-7085.0,-10074.0,-11329.0
-7281.0,-10049.0,-11350.0
-9390.0,-9880.0,-9359.0
-7202.0,-10102.0,-11200.0
-12630.0,-6482.0,-9808.0
-7358.0,-10124.0,-11111.0
-9101.0,-9989.0,-9560.0
-9617.0,-9738.0,-9029.0
-9041.0,-9975.0,-9587.0
-8509.0,-10062.0,-10134.0
-9007.0,-9970.0,-10283.0
-7237.0,-10099.0,-11201.0
-8034.0,-10125.0,-10598.0
-8399.0,-10113.0,-10486.0
-7973.0,-10121.0,-10634.0
-9059.0,-9948.0,-10216.0
-9137.0,-9971.0,-9544.0
-7401.0,-10062.0,-11132.0
-12486.0,-6585.0,-9709.0
-9124.0,-5717.0,-13274.0
-7257.0,-10065.0,-11162.0
-9279.0,-6238.0,-13272.0
-12698.0,-5692.0,-10518.0
-7313.0,-10052.0,-11171.0
-7560.0,-10105.0,-11064.0
-8081.0,-10100.0,-10599.0
-8228.0,-10097.0,-10525.0
-8057.0,-10099.0,-10617.0
-6960.0,-10065.0,-11671.0
-7345.0,-10075.0,-11123.0
-8047.0,-10112.0,-10584.0
-8265.0,-10076.0,-10767.0
-7731.0,-10061.0,-11110.0
-6786.0,-9593.0,-12059.0
-12218.0,-7173.0,-8977.0
-12686.0,-6087.0,-10481.0
-9559.0,-9712.0,-9160.0
-7068.0,-10065.0,-11481.0
-7389.0,-10049.0,-11160.0
-12630.0,-6437.0,-9933.0
-7301.0,-10048.0,-11192.0
-8139.0,-10081.0,-10540.0
-12418.0,-6670.0,-9597.0
-12414.0,-6954.0,-9558.0
-7477.0,-10059.0,-11121.0
-12482.0,-6661.0,-9854.0
-7363.0,-10035.0,-11299.0
-7255.0,-10035.0,-11489.0
-9484.0,-9711.0,-9164.0
-9561.0,-9672.0,-9512.0
-7433.0,-10032.0,-11190.0
-9613.0,-9690.0,-9059.0
-9731.0,-9671.0,-9220.0
-12196.0,-7222.0,-9365.0
-7010.0,-7885.0,-13270.0
-12485.0,-6496.0,-9799.0
-12612.0,-6252.0,-10387.0
-12583.0,-6292.0,-9992.0
-12681.0,-5816.0,-10506.0
-12681.0,-5771.0,-10631.0
-7212.0,-7692.0,-13249.0
-7507.0,-10023.0,-11140.0
-9976.0,-9579.0,-8914.0
-12535.0,-6356.0,-10071.0
-8609.0,-10039.0,-10474.0
-7529.0,-10012.0,-11252.0
-8445.0,-10043.0,-10393.0
-12184.0,-7224.0,-9376.0
-12489.0,-6461.0,-10125.0
-12147.0,-7334.0,-8987.0
-8551.0,-9999.0,-10744.0
-12408.0,-6773.0,-9922.0
-7929.0,-7963.0,-13241.0
-8157.0,-10076.0,-10957.0
-12543.0,-6279.0,-10292.0
-9305.0,-6690.0,-13253.0
-7035.0,-9989.0,-11675.0
-7705.0,-9987.0,-11223.0
-12634.0,-5626.0,-10690.0
-7344.0,-9951.0,-11422.0
-7788.0,-10049.0,-10998.0
-6824.0,-9974.0,-11777.0
-7458.0,-10001.0,-11291.0
-12606.0,-5707.0,-10696.0
-12647.0,-5825.0,-10508.0
-12640.0,-5986.0,-10575.0
-12619.0,-5564.0,-10745.0
-12445.0,-6484.0,-10062.0
-10232.0,-9400.0,-8678.0
-7384.0,-9921.0,-11621.0
-7770.0,-10031.0,-11052.0
-9578.0,-9671.0,-9512.0
-12589.0,-5611.0,-11060.0
-10143.0,-9427.0,-8602.0
-12128.0,-7307.0,-9253.0
-12426.0,-6548.0,-9943.0
-7403.0,-9948.0,-11355.0
-7806.0,-10046.0,-10971.0
-9614.0,-9649.0,-9291.0
-7824.0,-9982.0,-11070.0
-12519.0,-6319.0,-10156.0
-8438.0,-7408.0,-13342.0
-8865.0,-7173.0,-13308.0
-7926.0,-9982.0,-10971.0
-12397.0,-6813.0,-10047.0
-12586.0,-5690.0,-10769.0
-10009.0,-9564.0,-8863.0
-10313.0,-9386.0,-8487.0
-8672.0,-10006.0,-10329.0
-9766.0,-9632.0,-9131.0
-6914.0,-9964.0,-11765.0
-7826.0,-9978.0,-10980.0
-12592.0,-6050.0,-10654.0
-7863.0,-9973.0,-11002.0
-9892.0,-9573.0,-9002.0
-7533.0,-9925.0,-11295.0
-7604.0,-9936.0,-11256.0
-9647.0,-9634.0,-9240.0
-7492.0,-9921.0,-11431.0
-10030.0,-9502.0,-8843.0
-12334.0,-6876.0,-9809.0
-12540.0,-5795.0,-10823.0
-9632.0,-9609.0,-9249.0
-7753.0,-9971.0,-11109.0
-12340.0,-7119.0,-9464.0
-9606.0,-9609.0,-9412.0
-9740.0,-9600.0,-9365.0
-12213.0,-5821.0,-11519.0
-7864.0,-9937.0,-11050.0
-8870.0,-9970.0,-10412.0
-7847.0,-9938.0,-11050.0
-8023.0,-9913.0,-11021.0
-12209.0,-5802.0,-11556.0
-9802.0,-9614.0,-9115.0
-10114.0,-9403.0,-8649.0
-10045.0,-9485.0,-8865.0
-7776.0,-9927.0,-11089.0
-12420.0,-6511.0,-9945.0
-9927.0,-9515.0,-9178.0
-12401.0,-6529.0,-10086.0
-12112.0,-7356.0,-9436.0
-7724.0,-9930.0,-11146.0
-12552.0,-5699.0,-10771.0
-12475.0,-6364.0,-10180.0
-10105.0,-9426.0,-8847.0
-9750.0,-9597.0,-9368.0
-7915.0,-9913.0,-11211.0
-6997.0,-9920.0,-11684.0
-10536.0,-9105.0,-8411.0
-8233.0,-10073.0,-10946.0
-7560.0,-9909.0,-11514.0
-10335.0,-9296.0,-8486.0
-9806.0,-9595.0,-9224.0
-12475.0,-6319.0,-10305.0
-7034.0,-9900.0,-11765.0
-9156.0,-9893.0,-10389.0
-12339.0,-7030.0,-9554.0
-10302.0,-9311.0,-8537.0
-9937.0,-9485.0,-9055.0
-12302.0,-6945.0,-9918.0
-8016.0,-9972.0,-10959.0
-12093.0,-7365.0,-9077.0
-7613.0,-9874.0,-11343.0
-7110.0,-9897.0,-11754.0
-10388.0,-9284.0,-8457.0
-10033.0,-9481.0,-9012.0
-7689.0,-9873.0,-11230.0
-10124.0,-9400.0,-8868.0
-12520.0,-6047.0,-10941.0
-12566.0,-6151.0,-10481.0
-12401.0,-6484.0,-10211.0
-10415.0,-9149.0,-9082.0
-7702.0,-9847.0,-11419.0
-12463.0,-6353.0,-10358.0
-10136.0,-9391.0,-8685.0
-8787.0,-9924.0,-10469.0
-9490.0,-9661.0,-9551.0
-10157.0,-9385.0,-8817.0
-8699.0,-9914.0,-10508.0
-9632.0,-9600.0,-9555.0
-6988.0,-9799.0,-11859.0
-10254.0,-9310.0,-8677.0
-7991.0,-9910.0,-11200.0
-10588.0,-9083.0,-8344.0
-9570.0,-9626.0,-9565.0
-8443.0,-9999.0,-10934.0
-9488.0,-9631.0,-9878.0
-10271.0,-9293.0,-8596.0
-10209.0,-9363.0,-8750.0
-7263.0,-9896.0,-11711.0
-9642.0,-9597.0,-9558.0
-8307.0,-9908.0,-11040.0
-9825.0,-9521.0,-9372.0
-8591.0,-9914.0,-10698.0
-12538.0,-6232.0,-10487.0
-10406.0,-9247.0,-8509.0
-12245.0,-7038.0,-9602.0
-12538.0,-6277.0,-10362.0
-7715.0,-9859.0,-11228.0
-10065.0,-9420.0,-10078.0
-12258.0,-7059.0,-9470.0
-12491.0,-6087.0,-10546.0
-9728.0,-9596.0,-9512.0
-10306.0,-9288.0,-8610.0
-7878.0,-9835.0,-11312.0
-12167.0,-5720.0,-11613.0
-12400.0,-6395.0,-10301.0
-9535.0,-9613.0,-9983.0
-12174.0,-7104.0,-9550.0
-12018.0,-7405.0,-9698.0
-9941.0,-9481.0,-9016.0
-10409.0,-9222.0,-8437.0
-12147.0,-7145.0,-9474.0
-12383.0,-6647.0,-10171.0
-9950.0,-9435.0,-9069.0
-9958.0,-9480.0,-9016.0
-6799.0,-9784.0,-11869.0
-10393.0,-9239.0,-9083.0
-8704.0,-9906.0,-10795.0
-10607.0,-9056.0,-8434.0
-9831.0,-9506.0,-9185.0
-9971.0,-9427.0,-9047.0
-12245.0,-6993.0,-9727.0
-12459.0,-6107.0,-10620.0
-7142.0,-9758.0,-11875.0
-9204.0,-6314.0,-13268.0
-12163.0,-5701.0,-11650.0
-10107.0,-9369.0,-8944.0
-9845.0,-9494.0,-9311.0
-12130.0,-7193.0,-9476.0
-10262.0,-9261.0,-8679.0
-10228.0,-9336.0,-8840.0
-10224.0,-9355.0,-8731.0
-8015.0,-9883.0,-11049.0
-9949.0,-9425.0,-9177.0
-12346.0,-6409.0,-10276.0
-12443.0,-6151.0,-10625.0
-9997.0,-9426.0,-9037.0
-10693.0,-8993.0,-8599.0
-10271.0,-9252.0,-8983.0
-9919.0,-9470.0,-9231.0
-8201.0,-9836.0,-11188.0
-9540.0,-9609.0,-9811.0
-10126.0,-9342.0,-9034.0
-12401.0,-6253.0,-10414.0
-12354.0,-6294.0,-10395.0
-10298.0,-9247.0,-8699.0
-12342.0,-6473.0,-10320.0
-9598.0,-9595.0,-10251.0
-7064.0,-9796.0,-11848.0
-12012.0,-7433.0,-9177.0
-12162.0,-5612.0,-11740.0
-12417.0,-6252.0,-10452.0
-10231.0,-9311.0,-8768.0
-10246.0,-9265.0,-8730.0
-12514.0,-5687.0,-11056.0
-7428.0,-9823.0,-11552.0
-12360.0,-6310.0,-10360.0
-12185.0,-7001.0,-9836.0
-12150.0,-7059.0,-9660.0
-10132.0,-9327.0,-8847.0
-10116.0,-9355.0,-8921.0
-12319.0,-6828.0,-9821.0
-12122.0,-7126.0,-9617.0
-10129.0,-9311.0,-8867.0
-10146.0,-9310.0,-8867.0
-12173.0,-7015.0,-9640.0
-12416.0,-6163.0,-10542.0
-9793.0,-9516.0,-9378.0
-8743.0,-9897.0,-10538.0
-7320.0,-9823.0,-11742.0
-12353.0,-6279.0,-10616.0
-11980.0,-7486.0,-9299.0
-10467.0,-9127.0,-9015.0
-12347.0,-6498.0,-10186.0
-9926.0,-9426.0,-9268.0
-9776.0,-9506.0,-9920.0
-12328.0,-6527.0,-10361.0
-10110.0,-9355.0,-9439.0
-12328.0,-6351.0,-10374.0
-12385.0,-6210.0,-10507.0
-12129.0,-7104.0,-9566.0
-10139.0,-9308.0,-10010.0
-10156.0,-9296.0,-8907.0
-7770.0,-9835.0,-11502.0
-9113.0,-6736.0,-13263.0
-11958.0,-7576.0,-9300.0
-12111.0,-7166.0,-9742.0
-12329.0,-6616.0,-10271.0
-12328.0,-6306.0,-10499.0
-7446.0,-9820.0,-11525.0
-8841.0,-9839.0,-10425.0
-10158.0,-9289.0,-8912.0
-9650.0,-9573.0,-10184.0
-7385.0,-9626.0,-12022.0
-12372.0,-6180.0,-10519.0
-7461.0,-9794.0,-11603.0
-12326.0,-6329.0,-10410.0
-9653.0,-9595.0,-9516.0
-9022.0,-9832.0,-10593.0
-10719.0,-8971.0,-8706.0
-12368.0,-6227.0,-10621.0
-9708.0,-9547.0,-10333.0
-12442.0,-6062.0,-10715.0
-12329.0,-6661.0,-10146.0
-7510.0,-9769.0,-11516.0
-12474.0,-5946.0,-11035.0
-7889.0,-9770.0,-11323.0
-12128.0,-7042.0,-9754.0
-7478.0,-9764.0,-11522.0
-9841.0,-9425.0,-9367.0
-12097.0,-7217.0,-9648.0
-12325.0,-6552.0,-10433.0
-12355.0,-6084.0,-10883.0
-7515.0,-9743.0,-11575.0
-8227.0,-9767.0,-11258.0
-9802.0,-9484.0,-9444.0
-11801.0,-7798.0,-9170.0
-7338.0,-9820.0,-11715.0
-12304.0,-6750.0,-10185.0
-10486.0,-9100.0,-9105.0
-10151.0,-9253.0,-8995.0
-7281.0,-9744.0,-11796.0
-10575.0,-9074.0,-8607.0
-11777.0,-7893.0,-8894.0
-12468.0,-5586.0,-11150.0
-12122.0,-7081.0,-9742.0
-7362.0,-9804.0,-11689.0
-12330.0,-6090.0,-10697.0
-12093.0,-7329.0,-9702.0
-9811.0,-9470.0,-9421.0
-12327.0,-6115.0,-10769.0
-8119.0,-9767.0,-11448.0
-9366.0,-9795.0,-10300.0
-11938.0,-7598.0,-9083.0
-12376.0,-5886.0,-11131.0
-7402.0,-9769.0,-11706.0
-9821.0,-9457.0,-9534.0
-12311.0,-6431.0,-10725.0
-7532.0,-9742.0,-11575.0
-12248.0,-6914.0,-10018.0
-7016.0,-9607.0,-12031.0
-8484.0,-9860.0,-10981.0
-8910.0,-6700.0,-13305.0
-9824.0,-9432.0,-9462.0
-9717.0,-9521.0,-9562.0
-7444.0,-9732.0,-11614.0
-12326.0,-6200.0,-10652.0
-12379.0,-5861.0,-11059.0
-7581.0,-9730.0,-11603.0
-6752.0,-9594.0,-12053.0
-11906.0,-7651.0,-9205.0
-11925.0,-7625.0,-9101.0
-10748.0,-8917.0,-8622.0
-7581.0,-9822.0,-11509.0
-7445.0,-9731.0,-11615.0
-7551.0,-9690.0,-11639.0
-7582.0,-9819.0,-11513.0
-8914.0,-9832.0,-10783.0
-9861.0,-5794.0,-13104.0
-7337.0,-9731.0,-11805.0
-8625.0,-9834.0,-10838.0
-7656.0,-9746.0,-11513.0
-7062.0,-9708.0,-11937.0
-12322.0,-6136.0,-10814.0
-10172.0,-9247.0,-9127.0
-12110.0,-7077.0,-9832.0
-7842.0,-8397.0,-13008.0
-12467.0,-5497.0,-11240.0
-7096.0,-9657.0,-11969.0
-7274.0,-9722.0,-11836.0
-9094.0,-6799.0,-13268.0
-12325.0,-6597.0,-10308.0
-7671.0,-9720.0,-11591.0
-7416.0,-9688.0,-11655.0
-12419.0,-5561.0,-11319.0
-6829.0,-9592.0,-12032.0
-12303.0,-6661.0,-10275.0
-7039.0,-9581.0,-12050.0
-12276.0,-6781.0,-10071.0
-12173.0,-6990.0,-10014.0
-7460.0,-9684.0,-11673.0
-8462.0,-9743.0,-11049.0
-11949.0,-7432.0,-9603.0
-12333.0,-5760.0,-11153.0
-8309.0,-9836.0,-10998.0
-8517.0,-9834.0,-11028.0
-12329.0,-5741.0,-11190.0
-8307.0,-9741.0,-11064.0
-12247.0,-6825.0,-10108.0
-7357.0,-9678.0,-11755.0
-7208.0,-9643.0,-11902.0
-7623.0,-9654.0,-11782.0
-8259.0,-9719.0,-11223.0
-10584.0,-9019.0,-8506.0
-12254.0,-6692.0,-10267.0
-11906.0,-7598.0,-9367.0
-9789.0,-9452.0,-9540.0
-9779.0,-6146.0,-13091.0
-12229.0,-6826.0,-10181.0
-12104.0,-7017.0,-9919.0
-12160.0,-6853.0,-10086.0
-9782.0,-9435.0,-10265.0
-12092.0,-7240.0,-9792.0
-12257.0,-6560.0,-10369.0
-8070.0,-9719.0,-11542.0
-8527.0,-9787.0,-10878.0
-9792.0,-9429.0,-9641.0
-12231.0,-6798.0,-10133.0
-12303.0,-5643.0,-11208.0
-12233.0,-6446.0,-10499.0
-12209.0,-6624.0,-10448.0
-12380.0,-5412.0,-11438.0
-8694.0,-9786.0,-10969.0
-12250.0,-6673.0,-10304.0
-8437.0,-9693.0,-11246.0
-10499.0,-9056.0,-8624.0
-12092.0,-7019.0,-9930.0
-12201.0,-6724.0,-10202.0
-7137.0,-9632.0,-11941.0
-9308.0,-9755.0,-10570.0
-12230.0,-6471.0,-10571.0
-12089.0,-7265.0,-9864.0
-7792.0,-9745.0,-11501.0
-12127.0,-6889.0,-10108.0
-12309.0,-6279.0,-10765.0
-12281.0,-5805.0,-11269.0
-12373.0,-5460.0,-11413.0
-7356.0,-9668.0,-11800.0
-10518.0,-9047.0,-8983.0
-7599.0,-9670.0,-11594.0
-7655.0,-9657.0,-11603.0
-12183.0,-6725.0,-10275.0
-10223.0,-9234.0,-9217.0
-8531.0,-7269.0,-13306.0
-7493.0,-9626.0,-11832.0
-8363.0,-7484.0,-13338.0
-12226.0,-6490.0,-10462.0
-9038.0,-6812.0,-13259.0
-7791.0,-9656.0,-11591.0
-11896.0,-7480.0,-9387.0
-12046.0,-7139.0,-9886.0
-12179.0,-6820.0,-10200.0
-11604.0,-8000.0,-9245.0
-10532.0,-9005.0,-9198.0
-12234.0,-5615.0,-11453.0
-12111.0,-6890.0,-10070.0
-12153.0,-6833.0,-10156.0
-12106.0,-6916.0,-10188.0
-8892.0,-6852.0,-13220.0
-8198.0,-7586.0,-13271.0
-11701.0,-7875.0,-8911.0
-12308.0,-6190.0,-10855.0
-11889.0,-7457.0,-9856.0
-12280.0,-5716.0,-11359.0
-12178.0,-6731.0,-10290.0
-12176.0,-6678.0,-10323.0
-12038.0,-7209.0,-9892.0
-12177.0,-6767.0,-10233.0
-10585.0,-8993.0,-8789.0
-12203.0,-6483.0,-10488.0
-12380.0,-5950.0,-10969.0
-12284.0,-5780.0,-11197.0
-12037.0,-7055.0,-9976.0
-12167.0,-6534.0,-10626.0
-11688.0,-7866.0,-9174.0
-12354.0,-5995.0,-10973.0
-7921.0,-9631.0,-11633.0
-12038.0,-6988.0,-10030.0
-12144.0,-6663.0,-10400.0
-9078.0,-7251.0,-13199.0
-11832.0,-7763.0,-9273.0
-7731.0,-9654.0,-11592.0
-11863.0,-7495.0,-9438.0
-11875.0,-7633.0,-9264.0
-11612.0,-7902.0,-8835.0
-12035.0,-6923.0,-10101.0
-10270.0,-9189.0,-9107.0
-8866.0,-7262.0,-13218.0
-8141.0,-9677.0,-11447.0
-11523.0,-8104.0,-8720.0
-12153.0,-6788.0,-10281.0
-12034.0,-7145.0,-10054.0
-12307.0,-6367.0,-10887.0
-12125.0,-6789.0,-10300.0
-12301.0,-6007.0,-11002.0
-12268.0,-6105.0,-10914.0
-12035.0,-7234.0,-9964.0
-7833.0,-9621.0,-11672.0
-10169.0,-9203.0,-9317.0
-12124.0,-6700.0,-10390.0
-8770.0,-9783.0,-10958.0
-11821.0,-7556.0,-9383.0
-10258.0,-9176.0,-9393.0
-12305.0,-6026.0,-10965.0
-8990.0,-9829.0,-10772.0
-12155.0,-6547.0,-10567.0
-8303.0,-7786.0,-13217.0
-12308.0,-5894.0,-11067.0
-8275.0,-9671.0,-11282.0
-8580.0,-7339.0,-13241.0
-12032.0,-7028.0,-10256.0
-12260.0,-5958.0,-11146.0
-10594.0,-8988.0,-8882.0
-12102.0,-6843.0,-10229.0
-11811.0,-7525.0,-9468.0
-12143.0,-6574.0,-10490.0
-11833.0,-7473.0,-9493.0
-12262.0,-6089.0,-10949.0
-12113.0,-6716.0,-10459.0
-12267.0,-6016.0,-11004.0
-8769.0,-9694.0,-11048.0
-10597.0,-8984.0,-8606.0
-8484.0,-7509.0,-13248.0
-10599.0,-8979.0,-8883.0
-7867.0,-9653.0,-11580.0
-8181.0,-9666.0,-11352.0
-12104.0,-6896.0,-10196.0
-10339.0,-9162.0,-9202.0
-11831.0,-7674.0,-9363.0
-12230.0,-5962.0,-11030.0
-12277.0,-5824.0,-11160.0
-12075.0,-6797.0,-10463.0
-11678.0,-7888.0,-9177.0
-8785.0,-9645.0,-11268.0
-11827.0,-7486.0,-9591.0
-12281.0,-6018.0,-11002.0
-12261.0,-6266.0,-10981.0
-12227.0,-5987.0,-11102.0
-11504.0,-8130.0,-8824.0
-12140.0,-6599.0,-10562.0
-7444.0,-9566.0,-11904.0
-7800.0,-9606.0,-11723.0
-12115.0,-6626.0,-10445.0
-12039.0,-7298.0,-9802.0
-12264.0,-6241.0,-10909.0
-8206.0,-7516.0,-13265.0
-11802.0,-7575.0,-9630.0
-12060.0,-6815.0,-10282.0
-11669.0,-7893.0,-9084.0
-11818.0,-7491.0,-9470.0
-11811.0,-7517.0,-9505.0
-9196.0,-6782.0,-13206.0
-8980.0,-9709.0,-10946.0
-12188.0,-6023.0,-11058.0
-12050.0,-6865.0,-10296.0
-12216.0,-6305.0,-10988.0
-8193.0,-9655.0,-11380.0
-8249.0,-9677.0,-11257.0
-12137.0,-6621.0,-10735.0
-8492.0,-7439.0,-13242.0
-12254.0,-5817.0,-11186.0
-12226.0,-5898.0,-11192.0
-7703.0,-9552.0,-11820.0
-12213.0,-6109.0,-10993.0
-11491.0,-8157.0,-8842.0
-9200.0,-9755.0,-10760.0
-8677.0,-9645.0,-11458.0
-12023.0,-7329.0,-9716.0
-12162.0,-6532.0,-10696.0
-12177.0,-6043.0,-11015.0
-10140.0,-9179.0,-9364.0
-11768.0,-7614.0,-9393.0
-7568.0,-9550.0,-11836.0
-12014.0,-7387.0,-9841.0
-7460.0,-9550.0,-12026.0
-9382.0,-9590.0,-10664.0
-12100.0,-6663.0,-10549.0
-12170.0,-6204.0,-11082.0
-12213.0,-5866.0,-11394.0
-7736.0,-9566.0,-11725.0
-12173.0,-6024.0,-11052.0
-7512.0,-9528.0,-11959.0
-7339.0,-9525.0,-12116.0
-11821.0,-7602.0,-9364.0
-11767.0,-7633.0,-9454.0
-12047.0,-6828.0,-10349.0
-10388.0,-9108.0,-9099.0
-10716.0,-8970.0,-8744.0
-12031.0,-7148.0,-10781.0
-11746.0,-7678.0,-9360.0
-10298.0,-9158.0,-9221.0
-12190.0,-6406.0,-10815.0
-11737.0,-7682.0,-9411.0
-11728.0,-7740.0,-9536.0
-8084.0,-8010.0,-13156.0
-9095.0,-6888.0,-13178.0
-10378.0,-9100.0,-9295.0
-9159.0,-6837.0,-13169.0
-12188.0,-5955.0,-11433.0
-11747.0,-7767.0,-9270.0
-10280.0,-9108.0,-9289.0
-7941.0,-9580.0,-11580.0
-12092.0,-6673.0,-10475.0
-11743.0,-7790.0,-9197.0
-9287.0,-6842.0,-13168.0
-12173.0,-5979.0,-11177.0
-12036.0,-6837.0,-10308.0
-12167.0,-6008.0,-11087.0
-10615.0,-8948.0,-8969.0
-8791.0,-7338.0,-13214.0
-11300.0,-8331.0,-8887.0
-8505.0,-7415.0,-13237.0
-10150.0,-9176.0,-9583.0
-7641.0,-9502.0,-11867.0
-12084.0,-6694.0,-10463.0
-9747.0,-9494.0,-10280.0
-12164.0,-6050.0,-11157.0
-11753.0,-7651.0,-9497.0
-12162.0,-6487.0,-10821.0
-12075.0,-6752.0,-10588.0
-11824.0,-7467.0,-9651.0
-8077.0,-9579.0,-11568.0
-12206.0,-5881.0,-11265.0
-8073.0,-9666.0,-11542.0
-11960.0,-7310.0,-9960.0
-8003.0,-7851.0,-13173.0
-11998.0,-7203.0,-9965.0
-8513.0,-7421.0,-13221.0
-11944.0,-7172.0,-10065.0
-10183.0,-9161.0,-9532.0
-11693.0,-7798.0,-9360.0
-10677.0,-8931.0,-8918.0
-11759.0,-7585.0,-9561.0
-11820.0,-7477.0,-9699.0
-8419.0,-7594.0,-13156.0
-8577.0,-7370.0,-13212.0
-7877.0,-9604.0,-11702.0
-8280.0,-9645.0,-11530.0
-7875.0,-9530.0,-11727.0
-11744.0,-7656.0,-9376.0
-11895.0,-7401.0,-9703.0
-9306.0,-6779.0,-13163.0
-7787.0,-9520.0,-11766.0
-9481.0,-6661.0,-13148.0
-11808.0,-7479.0,-9710.0
-10584.0,-8983.0,-9131.0
-10424.0,-9096.0,-9245.0
-11674.0,-7815.0,-9218.0
-8088.0,-9567.0,-11627.0
-11936.0,-7280.0,-10652.0
-7930.0,-8052.0,-13151.0
-7999.0,-9491.0,-12041.0
-12096.0,-6644.0,-10586.0
-9231.0,-6855.0,-13159.0
-11504.0,-8077.0,-8986.0
-10235.0,-9139.0,-9465.0
-10333.0,-9100.0,-9397.0
-8627.0,-7484.0,-13182.0
-11624.0,-7857.0,-9277.0
-12159.0,-6078.0,-11093.0
-9447.0,-9534.0,-10773.0
-10499.0,-9020.0,-9249.0
-11506.0,-8031.0,-9650.0
-9178.0,-6934.0,-13121.0
-7899.0,-9514.0,-11701.0
-11792.0,-7536.0,-9760.0
-9754.0,-6237.0,-13089.0
-11749.0,-7587.0,-9659.0
-12152.0,-6063.0,-11098.0
-9810.0,-6173.0,-13082.0
-11745.0,-7616.0,-9548.0
-9845.0,-6246.0,-13035.0
-11891.0,-7337.0,-9865.0
-12098.0,-6201.0,-11369.0
-12113.0,-5977.0,-11187.0
-12140.0,-6087.0,-11137.0
-10907.0,-8801.0,-8557.0
-10511.0,-9011.0,-9066.0
-7831.0,-9503.0,-11796.0
-12158.0,-6468.0,-10858.0
-9573.0,-6765.0,-13145.0
-8085.0,-9498.0,-11671.0
-12110.0,-5970.0,-11207.0
-12116.0,-6386.0,-10915.0
-8843.0,-9685.0,-10998.0
-10911.0,-8778.0,-8630.0
-10457.0,-9081.0,-9194.0
-11286.0,-8434.0,-8386.0
-8107.0,-9491.0,-11851.0
-11473.0,-8112.0,-8883.0
-10920.0,-8720.0,-8505.0
-7855.0,-8128.0,-13147.0
-11430.0,-8242.0,-8892.0
-10710.0,-8916.0,-8867.0
-11879.0,-7339.0,-9876.0
-12111.0,-6278.0,-11042.0
-9064.0,-9664.0,-10866.0
-12095.0,-6510.0,-10801.0
-10963.0,-8703.0,-8725.0
-11737.0,-7637.0,-9536.0
-11612.0,-7866.0,-9460.0
-11848.0,-7372.0,-9927.0
-8092.0,-9629.0,-11541.0
-11940.0,-7153.0,-10102.0
-10729.0,-8890.0,-8888.0
-9237.0,-9608.0,-10785.0
-10250.0,-9131.0,-9446.0
-7483.0,-9506.0,-12006.0
-12112.0,-6367.0,-10952.0
-11804.0,-7461.0,-9853.0
-11727.0,-7651.0,-9626.0
-10254.0,-9112.0,-9555.0
-8355.0,-7764.0,-13150.0
-11239.0,-8411.0,-9079.0
-7459.0,-9461.0,-12116.0
-11622.0,-7837.0,-9285.0
-10741.0,-8881.0,-8705.0
-12091.0,-6520.0,-10829.0
-9488.0,-9501.0,-10519.0
-8538.0,-7540.0,-13148.0
-8137.0,-9615.0,-11533.0
-8705.0,-7517.0,-13133.0
-9079.0,-7340.0,-13109.0
-11687.0,-7744.0,-9483.0
-9141.0,-6989.0,-13084.0
-8095.0,-9576.0,-11541.0
-10781.0,-8868.0,-8821.0
-11621.0,-7808.0,-9335.0
-9844.0,-6173.0,-13060.0
-11639.0,-7767.0,-9460.0
-8298.0,-9493.0,-11615.0
-11429.0,-8153.0,-8982.0
-12067.0,-6406.0,-10959.0
-12041.0,-6524.0,-10776.0
-8091.0,-9514.0,-11627.0
-7245.0,-9415.0,-12211.0
-10715.0,-8907.0,-8868.0
-12034.0,-6578.0,-10737.0
-10168.0,-9136.0,-9759.0
-10278.0,-9100.0,-10132.0
-12032.0,-6548.0,-10782.0
-9780.0,-6258.0,-13032.0
-7262.0,-9414.0,-12211.0
-10349.0,-9081.0,-9384.0
-9242.0,-6883.0,-13112.0
-8304.0,-7875.0,-13127.0
-9754.0,-6668.0,-13030.0
-12049.0,-6409.0,-10895.0
-11919.0,-7306.0,-9979.0
-9807.0,-6610.0,-13020.0
-11475.0,-8045.0,-9341.0
-11844.0,-7382.0,-9975.0
-7314.0,-9392.0,-12144.0
-12037.0,-6443.0,-10948.0
-12083.0,-6362.0,-10954.0
-8979.0,-9620.0,-11036.0
-10430.0,-9011.0,-9392.0
-12063.0,-6342.0,-11121.0
-11623.0,-7768.0,-9367.0
-11740.0,-7558.0,-9827.0
-10972.0,-8698.0,-8438.0
-11620.0,-7793.0,-9439.0
-8438.0,-7542.0,-13092.0
-10373.0,-9060.0,-10233.0
-10634.0,-8921.0,-9059.0
-10623.0,-5749.0,-12822.0
-8462.0,-7750.0,-13062.0
-10432.0,-9023.0,-9224.0
-8377.0,-7674.0,-13149.0
-8159.0,-9525.0,-11532.0
-10593.0,-8925.0,-9006.0
-11796.0,-7394.0,-9994.0
-10310.0,-9063.0,-9469.0
-9579.0,-9475.0,-10354.0
-9853.0,-6252.0,-13019.0
-11810.0,-7345.0,-10080.0
-11426.0,-8178.0,-9054.0
-9288.0,-6931.0,-13078.0
-9087.0,-9620.0,-10846.0
-11602.0,-7947.0,-9278.0
-9352.0,-6880.0,-13069.0
-9971.0,-6838.0,-13003.0
-11648.0,-7722.0,-10575.0
-10208.0,-9101.0,-9587.0
-11785.0,-7434.0,-10119.0
-9325.0,-6770.0,-13119.0
-12001.0,-6518.0,-10849.0
-12026.0,-6552.0,-10783.0
-11723.0,-7600.0,-10598.0
-8387.0,-7921.0,-13070.0
-12022.0,-6533.0,-10820.0
-9213.0,-7007.0,-13074.0
-10637.0,-8858.0,-8968.0
-12021.0,-6444.0,-10910.0
-9495.0,-9469.0,-10442.0
-10800.0,-8841.0,-8911.0
-11993.0,-6473.0,-10902.0
-10638.0,-8837.0,-9059.0
-7306.0,-9369.0,-12187.0
-10734.0,-8833.0,-9016.0
-7239.0,-9415.0,-12302.0
-11825.0,-7308.0,-9976.0
-9161.0,-9611.0,-10796.0
-9613.0,-9457.0,-10561.0
-7413.0,-9360.0,-12210.0
-11987.0,-6614.0,-11350.0
-8798.0,-7300.0,-13163.0
-8844.0,-9618.0,-11052.0
-8793.0,-7417.0,-13132.0
-8465.0,-7695.0,-13062.0
-11181.0,-8435.0,-8538.0
-11665.0,-7634.0,-9823.0
-8552.0,-7605.0,-13053.0
-9034.0,-9624.0,-10902.0
-9172.0,-7201.0,-13073.0
-8912.0,-7363.0,-13124.0
-11583.0,-7920.0,-9544.0
-10841.0,-8778.0,-8644.0
-8362.0,-9591.0,-11494.0
-10858.0,-8737.0,-8821.0
-10812.0,-8832.0,-8728.0
-12010.0,-6638.0,-10783.0
-10972.0,-8645.0,-8600.0
-8995.0,-9571.0,-11256.0
-7461.0,-9389.0,-12074.0
-7143.0,-9463.0,-12276.0
-10476.0,-8983.0,-9321.0
-7745.0,-9384.0,-12093.0
-10660.0,-5696.0,-12818.0
-11605.0,-7830.0,-9543.0
-11399.0,-8277.0,-8789.0
-11739.0,-7469.0,-9917.0
-10130.0,-6096.0,-13037.0
-9463.0,-6813.0,-13063.0
-11425.0,-8053.0,-9504.0
-10833.0,-8826.0,-8860.0
-11716.0,-5482.0,-12005.0
-11169.0,-8443.0,-8525.0
-9957.0,-9420.0,-10268.0
-10874.0,-8729.0,-8843.0
-9129.0,-9608.0,-10975.0
-11993.0,-6460.0,-10925.0
-11406.0,-8072.0,-9246.0
-8110.0,-9477.0,-11626.0
-10138.0,-6141.0,-12984.0
-10573.0,-8908.0,-9181.0
-12020.0,-6216.0,-11143.0
-8147.0,-9456.0,-11679.0
-11168.0,-8479.0,-9019.0
-10606.0,-8893.0,-9130.0
-12142.0,-5854.0,-11527.0
-8559.0,-7522.0,-13127.0
-9274.0,-9590.0,-10854.0
-10981.0,-8636.0,-8651.0
-7270.0,-9365.0,-12213.0
-8627.0,-7529.0,-13057.0
-8302.0,-9555.0,-11529.0
-8229.0,-7951.0,-13123.0
-11345.0,-8246.0,-8889.0
-10911.0,-8725.0,-8792.0
-12017.0,-6241.0,-11215.0
-10836.0,-8801.0,-8788.0
-8357.0,-7817.0,-13117.0
-11693.0,-5108.0,-12080.0
-9347.0,-7083.0,-13058.0
-10507.0,-8947.0,-9228.0
-11365.0,-8224.0,-9106.0
-10985.0,-8613.0,-8724.0
-11341.0,-8269.0,-8816.0
-11390.0,-8135.0,-9067.0
-7525.0,-9338.0,-12279.0
-10990.0,-8604.0,-8725.0
-11316.0,-8300.0,-8973.0
-10771.0,-6028.0,-12804.0
-11806.0,-7281.0,-10242.0
-10521.0,-8930.0,-9248.0
-11178.0,-8434.0,-8576.0
-11795.0,-7305.0,-10084.0
-11604.0,-7741.0,-9633.0
-11550.0,-7969.0,-9345.0
-8751.0,-9480.0,-11552.0
-8130.0,-8111.0,-13062.0
-8595.0,-7565.0,-13051.0
-10611.0,-8884.0,-9131.0
-11094.0,-8591.0,-9087.0
-12065.0,-5905.0,-11457.0
-11387.0,-8134.0,-9105.0
-10659.0,-8832.0,-9020.0
-10343.0,-6174.0,-12928.0
-10495.0,-8956.0,-9411.0
-8164.0,-9455.0,-11679.0
-8017.0,-9339.0,-12126.0
-10626.0,-8876.0,-9112.0
-10656.0,-8831.0,-9058.0
-8520.0,-7641.0,-13047.0
-9408.0,-6816.0,-13062.0
-11958.0,-6660.0,-10850.0
-9361.0,-6908.0,-13059.0
-8648.0,-9514.0,-11471.0
-9992.0,-6224.0,-12982.0
-7943.0,-8028.0,-13146.0
-10559.0,-8906.0,-9198.0
-7557.0,-9341.0,-12100.0
-10526.0,-8921.0,-9249.0
-7173.0,-9315.0,-12340.0
-8718.0,-7493.0,-13128.0
-8317.0,-9417.0,-11839.0
-9380.0,-6845.0,-13054.0
-11116.0,-8537.0,-8461.0
-9635.0,-6582.0,-13091.0
-11601.0,-7766.0,-9705.0
-10531.0,-8916.0,-9288.0
-10620.0,-8839.0,-10246.0
-12000.0,-6141.0,-11465.0
-10375.0,-8956.0,-10148.0
-7085.0,-9234.0,-12463.0
-9624.0,-6636.0,-13082.0
-7982.0,-8030.0,-13084.0
-11309.0,-8322.0,-8938.0
-10429.0,-8948.0,-9516.0
-10633.0,-8832.0,-9149.0
-11116.0,-8501.0,-9086.0
-8384.0,-9501.0,-11493.0
-12118.0,-5740.0,-11657.0
-10568.0,-8861.0,-10313.0
-10498.0,-8931.0,-9339.0
-8756.0,-7458.0,-13090.0
-10725.0,-8826.0,-9050.0
-11508.0,-7996.0,-9540.0
-9637.0,-9400.0,-10548.0
-8968.0,-7299.0,-13117.0
-10637.0,-8805.0,-9130.0
-10057.0,-6251.0,-12951.0
-11784.0,-7345.0,-10209.0
-10746.0,-8772.0,-9982.0
-11384.0,-8085.0,-9163.0
-10651.0,-8797.0,-9071.0
-9448.0,-6818.0,-13050.0
-8608.0,-7541.0,-13046.0
-9004.0,-7416.0,-13105.0
-11997.0,-5945.0,-11470.0
-9393.0,-6821.0,-13049.0
-8751.0,-7618.0,-13039.0
-7976.0,-8153.0,-13057.0
-9401.0,-6860.0,-13025.0
-12088.0,-5777.0,-11646.0
-8110.0,-9444.0,-11724.0
-11954.0,-6040.0,-11559.0
-8512.0,-7864.0,-13032.0
-8120.0,-9428.0,-11748.0
-10651.0,-8787.0,-9073.0
-10648.0,-8786.0,-9111.0
-10756.0,-8743.0,-9015.0
-11582.0,-7831.0,-9634.0
-11939.0,-6943.0,-11335.0
-11338.0,-8157.0,-9134.0
-10689.0,-8783.0,-9063.0
-11104.0,-8546.0,-8644.0
-9899.0,-9380.0,-10538.0
-10569.0,-8844.0,-9343.0
-11531.0,-7942.0,-9611.0
-9587.0,-6691.0,-13045.0
-9694.0,-6739.0,-13039.0
-10626.0,-8833.0,-9206.0
-9472.0,-7026.0,-13020.0
-10789.0,-8742.0,-8962.0
-8340.0,-9474.0,-11562.0
-9054.0,-9544.0,-11040.0
-10513.0,-8885.0,-9301.0
-8839.0,-7518.0,-13038.0
-12019.0,-5804.0,-11551.0
-9166.0,-9486.0,-10983.0
-8570.0,-7895.0,-13008.0
-7404.0,-9313.0,-12369.0
-8533.0,-9424.0,-11599.0
-10518.0,-8876.0,-9302.0
-11335.0,-8116.0,-9155.0
-10520.0,-8867.0,-9372.0
-10825.0,-8752.0,-8872.0
-7261.0,-9325.0,-12301.0
-11951.0,-5844.0,-11564.0
-9625.0,-6882.0,-13007.0
-8680.0,-9517.0,-11292.0
-9505.0,-9457.0,-10751.0
-11356.0,-8080.0,-9409.0
-8756.0,-9514.0,-11281.0
-10822.0,-8751.0,-8910.0
-11929.0,-6519.0,-11612.0
-10479.0,-8888.0,-10237.0
-9982.0,-6250.0,-12955.0
-11334.0,-8093.0,-9296.0
-8859.0,-9480.0,-11362.0
-8451.0,-9454.0,-11558.0
-10630.0,-8810.0,-9279.0
-9311.0,-9443.0,-10879.0
-11331.0,-8097.0,-9192.0
-10399.0,-6692.0,-12879.0
-10855.0,-8703.0,-8915.0
-10803.0,-8725.0,-8982.0
-11731.0,-7357.0,-10238.0
-9186.0,-7103.0,-13043.0
-11997.0,-5715.0,-11747.0
-8647.0,-9425.0,-11561.0
-10915.0,-8644.0,-9346.0
-11325.0,-8117.0,-9302.0
-7586.0,-9304.0,-12129.0
-10938.0,-8626.0,-8792.0
-11313.0,-8299.0,-9011.0
-8350.0,-7976.0,-13033.0
-7630.0,-9294.0,-12221.0
-11326.0,-8219.0,-9155.0
-10122.0,-6593.0,-12915.0
-10886.0,-8667.0,-8822.0
-7127.0,-9214.0,-12434.0
-10409.0,-8899.0,-10337.0
-8651.0,-7620.0,-12983.0
-9246.0,-7089.0,-13005.0
-8641.0,-7666.0,-12957.0
-10808.0,-8721.0,-8948.0
-10794.0,-8693.0,-9318.0
-9218.0,-7302.0,-12979.0
-11580.0,-7919.0,-9582.0
-10817.0,-8707.0,-8925.0
-9735.0,-6731.0,-13035.0
-9203.0,-9443.0,-11069.0
-9108.0,-9459.0,-10996.0
-10907.0,-8661.0,-8954.0
-11579.0,-7856.0,-9706.0
-10874.0,-8676.0,-9005.0
-11400.0,-8054.0,-9249.0
-11325.0,-8130.0,-9245.0
-10517.0,-8866.0,-9410.0
-9016.0,-9475.0,-11049.0
-8393.0,-9414.0,-11828.0
-10754.0,-8714.0,-9084.0
-10148.0,-6183.0,-12917.0
-9081.0,-7204.0,-13072.0
-10821.0,-8688.0,-9034.0
-11894.0,-5819.0,-11661.0
-9083.0,-7257.0,-13039.0
-8847.0,-7448.0,-13032.0
-11924.0,-5923.0,-11614.0
-10972.0,-8604.0,-8987.0
-9125.0,-7441.0,-13015.0
-8283.0,-7982.0,-13023.0
-9581.0,-9454.0,-10740.0
-11536.0,-7730.0,-9728.0
-11313.0,-8246.0,-9173.0
-11877.0,-5778.0,-11673.0
-11322.0,-8155.0,-9317.0
-8894.0,-7464.0,-13023.0
-11726.0,-7354.0,-10664.0
-8157.0,-8032.0,-13012.0
-11527.0,-7878.0,-9773.0
-10031.0,-9308.0,-10200.0
-9329.0,-7235.0,-12973.0
-11859.0,-5959.0,-11697.0
-8002.0,-9444.0,-11914.0
-9679.0,-6744.0,-13026.0
-10420.0,-6078.0,-12858.0
-8285.0,-9414.0,-12018.0
-9422.0,-9411.0,-10808.0
-7217.0,-9298.0,-12370.0
-8281.0,-7929.0,-13056.0
-7479.0,-9237.0,-12373.0
-9032.0,-9427.0,-11108.0
-9205.0,-9433.0,-10930.0
-9285.0,-9411.0,-10937.0
-7215.0,-9224.0,-12395.0
-8675.0,-7828.0,-12953.0
-9112.0,-7520.0,-12976.0
-11310.0,-8250.0,-9069.0
-8235.0,-8311.0,-13008.0
-9180.0,-7825.0,-12952.0
-11264.0,-8322.0,-9040.0
-9133.0,-7371.0,-13009.0
-10485.0,-6105.0,-12827.0
-11858.0,-5870.0,-11787.0
-11975.0,-6275.0,-11379.0
-9154.0,-7353.0,-12988.0
-11301.0,-8161.0,-9185.0
-7699.0,-9283.0,-12187.0
-9361.0,-9408.0,-10926.0
-11104.0,-8510.0,-9269.0
-9676.0,-6891.0,-12954.0
-10564.0,-5866.0,-12825.0
-9069.0,-9406.0,-11350.0
-7847.0,-8408.0,-12959.0
-11260.0,-8258.0,-9202.0
-8433.0,-9379.0,-11656.0
-11933.0,-6583.0,-11450.0
-11526.0,-7789.0,-9863.0
-9509.0,-7058.0,-12948.0
-7459.0,-9238.0,-12317.0
-10067.0,-9147.0,-10304.0
-11095.0,-8514.0,-8980.0
-10846.0,-8671.0,-9251.0
-11828.0,-5753.0,-11842.0
-7950.0,-8477.0,-12941.0
-9011.0,-7378.0,-13054.0
-11259.0,-8169.0,-9292.0
-10133.0,-6188.0,-12904.0
-9457.0,-7080.0,-13015.0
-9007.0,-7444.0,-12986.0
-9791.0,-9380.0,-10728.0
-11312.0,-8121.0,-9508.0
-9395.0,-9363.0,-11019.0
-7547.0,-9248.0,-12278.0
-10033.0,-9204.0,-10115.0
-11257.0,-8224.0,-9296.0
-9145.0,-9403.0,-11339.0
-8450.0,-9378.0,-11656.0
-10038.0,-9159.0,-10741.0
-8966.0,-9440.0,-11269.0
-11801.0,-5577.0,-11875.0
-8433.0,-8022.0,-12976.0
-11794.0,-5687.0,-11855.0
-11238.0,-8322.0,-9169.0
-9531.0,-6968.0,-12947.0
-10903.0,-8648.0,-9241.0
-9521.0,-9369.0,-10867.0
-7588.0,-9201.0,-12231.0
-7706.0,-9240.0,-12129.0
-8663.0,-9376.0,-11781.0
-10863.0,-8666.0,-9413.0
-7722.0,-9239.0,-12167.0
-8827.0,-9475.0,-11368.0
-9454.0,-7178.0,-12935.0
-7584.0,-9193.0,-12315.0
-8753.0,-9470.0,-11413.0
-8755.0,-9425.0,-11371.0
-9037.0,-9403.0,-11529.0
-9661.0,-6896.0,-12941.0
-7503.0,-9221.0,-12347.0
-7876.0,-9235.0,-12128.0
-9973.0,-9268.0,-10470.0
-9955.0,-9326.0,-10346.0
-8444.0,-7902.0,-12977.0
-7804.0,-9185.0,-12131.0
-7665.0,-9199.0,-12210.0
-9611.0,-7080.0,-12932.0
-11254.0,-8128.0,-10173.0
-11496.0,-7913.0,-9670.0
-7860.0,-9172.0,-12140.0
-11523.0,-7792.0,-10590.0
-7660.0,-9139.0,-12223.0
-11234.0,-8134.0,-9397.0
-7663.0,-9125.0,-12235.0
-11488.0,-7794.0,-9807.0
-9977.0,-9236.0,-10345.0
-11467.0,-7808.0,-10227.0
-7821.0,-9169.0,-12200.0
-8285.0,-8061.0,-12941.0
-11230.0,-8157.0,-9324.0
-10029.0,-9214.0,-10278.0
-7586.0,-9148.0,-12273.0
-11463.0,-7928.0,-9721.0
-11226.0,-8184.0,-9343.0
-7619.0,-9098.0,-12304.0
-7875.0,-9146.0,-12218.0
-7875.0,-8553.0,-12937.0
-11459.0,-7856.0,-10443.0
-11227.0,-8273.0,-9253.0
-11830.0,-6457.0,-11641.0
-9227.0,-9347.0,-11130.0
-9389.0,-7416.0,-12921.0
-9850.0,-6858.0,-12968.0
-11223.0,-8162.0,-9473.0
-8558.0,-7965.0,-12938.0
-11183.0,-8389.0,-9202.0
-7689.0,-9083.0,-12238.0
-10170.0,-9100.0,-10322.0
-11387.0,-8045.0,-9512.0
-7796.0,-9074.0,-12261.0
-8309.0,-8199.0,-12940.0
-11452.0,-7954.0,-9769.0
-11219.0,-8228.0,-9306.0
-11699.0,-5606.0,-11993.0
-11367.0,-8045.0,-9531.0
-11878.0,-7185.0,-10914.0
-9355.0,-9329.0,-11327.0
-11205.0,-8299.0,-9201.0
-11784.0,-6035.0,-11693.0
-9571.0,-9334.0,-10914.0
-11214.0,-8254.0,-10316.0
-9471.0,-9360.0,-11008.0
-11317.0,-8053.0,-9694.0
-8496.0,-8060.0,-12914.0
-9685.0,-7104.0,-12911.0
-8614.0,-7901.0,-12931.0
-11298.0,-8070.0,-9552.0
-7792.0,-9068.0,-12285.0
-11427.0,-7919.0,-9874.0
-9399.0,-7181.0,-12934.0
-9439.0,-7232.0,-12930.0
-11392.0,-7977.0,-9698.0
-11177.0,-8335.0,-9325.0
-7581.0,-9137.0,-12322.0
-7562.0,-9110.0,-12588.0
-11296.0,-8105.0,-9662.0
-8303.0,-9262.0,-12103.0
-11442.0,-7882.0,-9770.0
-7614.0,-9088.0,-12521.0
-7791.0,-9063.0,-12310.0
-9655.0,-9289.0,-10834.0
-10774.0,-8693.0,-9337.0
-8722.0,-9349.0,-11565.0
-8376.0,-9267.0,-11890.0
-11383.0,-7981.0,-9674.0
-8571.0,-7984.0,-12918.0
-9897.0,-7003.0,-12909.0
-11352.0,-7995.0,-9870.0
-7996.0,-9171.0,-12128.0
-8725.0,-7942.0,-12923.0
-7879.0,-9109.0,-12135.0
-11766.0,-6109.0,-11861.0
-8820.0,-8067.0,-12881.0
-7952.0,-8341.0,-12904.0
-8002.0,-8455.0,-12874.0
-8377.0,-9097.0,-12197.0
-8685.0,-9286.0,-11780.0
-11781.0,-6317.0,-11644.0
-11367.0,-7958.0,-9766.0
-8346.0,-8108.0,-12852.0
-11178.0,-8398.0,-9201.0
-10986.0,-8591.0,-9277.0
-9675.0,-7339.0,-12898.0
-11336.0,-8026.0,-9784.0
-11882.0,-7249.0,-10752.0
-8603.0,-9340.0,-11816.0
-11220.0,-8161.0,-9511.0
-7662.0,-9036.0,-12325.0
-9865.0,-9268.0,-10660.0
-11131.0,-8411.0,-9269.0
-8737.0,-9264.0,-11713.0
-11411.0,-7950.0,-9788.0
-7618.0,-9009.0,-12394.0
-7773.0,-8573.0,-12865.0
-10410.0,-6104.0,-12831.0
-10004.0,-6596.0,-12886.0
-8386.0,-8108.0,-12832.0
-11693.0,-5665.0,-11986.0
-7675.0,-8989.0,-12366.0
-11115.0,-8412.0,-9176.0
-11140.0,-8366.0,-10384.0
-11112.0,-8437.0,-9248.0
-8024.0,-8365.0,-12873.0
-11152.0,-8258.0,-9392.0
-8811.0,-9291.0,-11545.0
-11393.0,-7920.0,-10295.0
-7950.0,-9070.0,-12222.0
-11146.0,-8273.0,-9579.0
-11426.0,-7871.0,-10494.0
-7888.0,-9067.0,-12257.0
-8335.0,-9265.0,-11924.0
-8331.0,-8162.0,-12847.0
-8411.0,-9262.0,-11913.0
-10047.0,-9103.0,-10564.0
-8744.0,-9259.0,-11564.0
-8053.0,-8360.0,-12798.0
-9424.0,-9297.0,-11031.0
-10405.0,-6250.0,-12775.0
-8818.0,-9258.0,-11666.0
-7996.0,-8578.0,-12847.0
-9789.0,-9286.0,-10806.0
-7681.0,-8973.0,-12320.0
-9973.0,-9215.0,-10632.0
-9200.0,-7454.0,-12894.0
-11144.0,-8285.0,-9342.0
-9681.0,-9286.0,-10996.0
-10493.0,-6150.0,-12774.0
-7696.0,-8643.0,-12803.0
-10755.0,-8666.0,-9603.0
-7724.0,-8969.0,-12322.0
-11865.0,-7108.0,-11241.0
-8467.0,-9249.0,-11922.0
-8617.0,-8085.0,-12824.0
-9437.0,-9273.0,-11118.0
-8802.0,-8219.0,-12796.0
-11733.0,-6168.0,-11683.0
-10779.0,-6073.0,-12751.0
-7746.0,-8967.0,-12379.0
-10761.0,-8646.0,-10790.0
-10079.0,-9096.0,-10474.0
-8359.0,-9249.0,-12112.0
-8070.0,-8466.0,-12779.0
-9254.0,-7713.0,-12884.0
-10807.0,-8644.0,-9536.0
-7963.0,-8991.0,-12261.0
-9889.0,-9236.0,-10635.0
-10990.0,-8568.0,-9350.0
-10992.0,-5720.0,-12701.0
-7842.0,-8990.0,-12289.0
-8078.0,-8396.0,-12773.0
-10612.0,-6770.0,-12770.0
-8825.0,-9211.0,-11585.0
-8257.0,-8327.0,-12753.0
-8004.0,-8508.0,-12841.0
-7745.0,-8962.0,-12404.0
-9040.0,-9275.0,-11363.0
-8023.0,-8499.0,-12797.0
-8833.0,-9201.0,-11544.0
-9268.0,-9270.0,-11426.0
-10112.0,-9047.0,-10673.0
-11764.0,-7252.0,-10723.0
-8867.0,-9200.0,-11550.0
-11348.0,-7931.0,-10032.0
-11716.0,-6441.0,-11721.0
-8048.0,-8556.0,-12780.0
-8737.0,-9211.0,-11875.0
-7842.0,-8966.0,-12351.0
-8106.0,-8545.0,-12740.0
-8287.0,-8268.0,-12771.0
-8031.0,-9005.0,-12245.0
-11726.0,-6212.0,-11646.0
-7894.0,-8598.0,-12775.0
-11269.0,-8002.0,-10981.0
-9513.0,-9270.0,-11107.0
-11282.0,-7995.0,-9884.0
-7875.0,-8981.0,-12300.0
-10063.0,-6936.0,-12859.0
-11726.0,-7263.0,-11281.0
-10244.0,-8988.0,-10254.0
-11094.0,-8392.0,-9289.0
-8877.0,-9184.0,-11574.0
-9288.0,-7471.0,-12877.0
-11263.0,-8022.0,-9794.0
-9828.0,-9233.0,-10753.0
-7621.0,-8958.0,-12466.0
-9731.0,-7275.0,-12891.0
-11279.0,-7958.0,-9937.0
-8297.0,-8956.0,-12415.0
-10826.0,-8617.0,-9626.0
-11672.0,-7323.0,-10764.0
-8217.0,-8586.0,-12732.0
-11079.0,-8452.0,-9299.0
-8465.0,-9240.0,-11966.0
-10267.0,-8956.0,-10338.0
-10170.0,-9021.0,-10822.0
-7801.0,-8843.0,-12749.0
-10938.0,-8590.0,-9417.0
-7710.0,-8931.0,-12542.0
-8893.0,-9182.0,-11670.0
-11074.0,-8412.0,-10237.0
-11686.0,-6236.0,-11782.0
-8433.0,-8959.0,-12300.0
-9405.0,-9270.0,-11297.0
-10859.0,-8602.0,-9575.0
-8332.0,-8251.0,-12757.0
-9402.0,-7534.0,-12838.0
-9720.0,-9233.0,-10943.0
-9035.0,-9137.0,-11573.0
-10874.0,-6154.0,-12613.0
-11669.0,-7569.0,-10698.0
-9865.0,-9215.0,-10822.0
-9162.0,-7977.0,-12867.0
-11815.0,-6586.0,-11421.0
-8272.0,-8273.0,-12758.0
-11726.0,-6865.0,-11444.0
-9856.0,-7218.0,-12853.0
-8759.0,-9200.0,-11740.0
-7948.0,-8959.0,-12302.0
-8141.0,-8957.0,-12327.0
-8621.0,-9188.0,-11901.0
-11682.0,-6172.0,-11944.0
-9055.0,-9249.0,-11441.0
-9565.0,-9248.0,-11040.0
-9971.0,-6883.0,-12878.0
-9602.0,-7494.0,-12812.0
-8421.0,-9213.0,-12035.0
-8392.0,-8468.0,-12717.0
-8319.0,-8330.0,-12718.0
-9113.0,-9228.0,-11484.0
-9742.0,-9223.0,-10829.0
-8772.0,-9157.0,-11760.0
-10882.0,-8568.0,-9540.0
-8236.0,-8993.0,-12199.0
-9457.0,-9248.0,-11230.0
-8331.0,-8979.0,-12228.0
-11050.0,-8433.0,-9388.0
-8677.0,-9175.0,-11910.0
-9023.0,-9134.0,-11852.0
-11271.0,-5262.0,-12508.0
-10060.0,-9069.0,-10740.0
-7762.0,-8909.0,-12475.0
-11525.0,-6572.0,-12141.0
-11692.0,-6596.0,-11667.0
-10104.0,-6745.0,-12830.0
-10207.0,-8953.0,-10347.0
-8590.0,-9116.0,-12009.0
-9723.0,-9196.0,-11095.0
-11682.0,-6729.0,-11850.0
-11431.0,-5567.0,-12290.0
-9775.0,-9174.0,-11028.0
-11779.0,-7123.0,-10943.0
-8050.0,-8609.0,-12747.0
-10901.0,-8541.0,-9630.0
-10191.0,-8947.0,-10445.0
-10299.0,-8947.0,-10255.0
-11652.0,-7428.0,-11187.0
-11012.0,-8478.0,-9349.0
-11653.0,-7296.0,-11030.0
-9570.0,-9245.0,-11004.0
-11008.0,-8501.0,-9276.0
-7568.0,-8987.0,-12615.0
-9634.0,-9223.0,-11019.0
-11371.0,-5440.0,-12295.0
-7949.0,-8664.0,-12703.0
-10986.0,-8504.0,-9512.0
-9586.0,-9196.0,-11224.0
-9097.0,-9214.0,-11522.0
-11385.0,-5331.0,-12381.0
-11368.0,-5465.0,-12367.0
-8464.0,-9151.0,-12056.0
-8605.0,-8253.0,-12695.0
-10302.0,-8913.0,-10448.0
-10934.0,-8526.0,-9579.0
-9315.0,-7581.0,-12827.0
-10250.0,-8935.0,-10515.0
-9185.0,-9224.0,-11483.0
-11343.0,-7928.0,-10458.0
-7787.0,-8900.0,-12423.0
-11325.0,-5339.0,-12389.0
-10781.0,-8541.0,-10367.0
-10340.0,-6852.0,-12798.0
-10661.0,-6076.0,-12722.0
-7882.0,-8898.0,-12460.0
-11272.0,-5351.0,-12418.0
-9863.0,-9121.0,-10900.0
-10637.0,-6371.0,-12633.0
-7607.0,-8893.0,-12561.0
-11004.0,-8437.0,-9438.0
-11179.0,-5640.0,-12468.0
-7516.0,-9009.0,-12682.0
-10995.0,-8446.0,-9387.0
-10923.0,-6294.0,-12610.0
-11628.0,-6698.0,-11950.0
-11011.0,-8415.0,-9473.0
-9945.0,-6939.0,-12830.0
-11009.0,-8429.0,-9407.0
-9953.0,-6984.0,-12777.0
-9901.0,-9107.0,-10764.0
-11193.0,-5966.0,-12463.0
-10835.0,-8534.0,-10722.0
-9184.0,-9135.0,-11573.0
-11323.0,-5861.0,-12327.0
-8746.0,-8357.0,-12693.0
-10989.0,-8479.0,-9440.0
-9404.0,-9181.0,-11387.0
-10830.0,-8590.0,-9607.0
-7754.0,-8886.0,-12518.0
-11260.0,-6326.0,-12372.0
-11255.0,-5730.0,-12374.0
-7785.0,-8855.0,-12546.0
-9287.0,-7869.0,-12813.0
-9888.0,-7417.0,-12789.0
-9884.0,-9098.0,-10845.0
-9334.0,-7572.0,-12783.0
-7868.0,-8697.0,-12690.0
-8251.0,-8855.0,-12509.0
-8539.0,-9075.0,-12060.0
-11416.0,-5572.0,-12277.0
-9190.0,-9135.0,-11482.0
-9431.0,-9154.0,-11282.0
-9939.0,-9103.0,-10754.0
-11406.0,-5907.0,-12270.0
-8507.0,-9070.0,-12066.0
-7518.0,-8873.0,-12645.0
-9207.0,-9134.0,-11482.0
-9960.0,-9095.0,-10834.0
-10159.0,-7129.0,-12767.0
-8661.0,-9101.0,-11957.0
-9485.0,-7580.0,-12781.0
-8419.0,-9060.0,-12105.0
-9420.0,-9132.0,-11607.0
-9294.0,-7831.0,-12762.0
-11298.0,-5950.0,-12366.0
-9897.0,-7048.0,-12784.0
-10980.0,-5888.0,-12572.0
-11264.0,-5976.0,-12371.0
-10184.0,-6961.0,-12769.0
-11566.0,-7443.0,-10889.0
-9106.0,-7990.0,-12858.0
-9384.0,-7686.0,-12753.0
-9503.0,-9150.0,-11281.0
-9872.0,-9095.0,-11124.0
-11008.0,-8414.0,-9511.0
-10878.0,-8504.0,-9702.0
-11381.0,-6351.0,-12282.0
-9568.0,-7504.0,-12799.0
-8032.0,-8710.0,-12646.0
-7928.0,-8879.0,-12436.0
-9088.0,-8142.0,-12773.0
-11557.0,-7560.0,-11058.0
-9290.0,-9180.0,-11425.0
-9722.0,-9107.0,-11185.0
-8107.0,-8634.0,-12650.0
-8750.0,-9074.0,-12033.0
-10305.0,-8876.0,-10600.0
-9479.0,-9158.0,-11229.0
-8495.0,-9048.0,-12129.0
-10342.0,-8864.0,-10474.0
-9111.0,-9113.0,-11717.0
-7828.0,-8721.0,-12612.0
-10959.0,-8452.0,-10036.0
-10325.0,-6857.0,-12785.0
-9186.0,-7751.0,-12829.0
-9508.0,-9132.0,-11317.0
-8418.0,-9050.0,-12150.0
-11154.0,-5729.0,-12507.0
-10975.0,-8429.0,-9562.0
-8638.0,-9096.0,-11964.0
-7852.0,-8731.0,-12604.0
-9777.0,-7376.0,-12797.0
-10195.0,-8924.0,-10518.0
-8759.0,-9121.0,-11874.0
-10216.0,-8903.0,-10524.0
-9845.0,-7338.0,-12852.0
-10417.0,-8879.0,-10335.0
-11551.0,-7572.0,-10669.0
-9716.0,-7280.0,-12878.0
-9902.0,-9068.0,-10847.0
-11513.0,-7674.0,-10610.0
-9885.0,-9031.0,-10899.0
-10301.0,-8899.0,-10527.0
-7836.0,-8744.0,-12569.0
-7874.0,-8848.0,-12536.0
-10186.0,-8882.0,-10767.0
-10450.0,-8864.0,-10284.0
-10658.0,-8772.0,-10272.0
-8291.0,-8474.0,-12664.0
-11482.0,-7682.0,-11035.0
-11476.0,-6432.0,-12144.0
-10981.0,-6784.0,-12565.0
-8790.0,-9056.0,-11861.0
-10460.0,-8861.0,-10503.0
-9946.0,-8983.0,-11056.0
-8263.0,-8687.0,-12638.0
-11618.0,-6761.0,-11573.0
-11418.0,-5942.0,-12189.0
-8153.0,-8735.0,-12556.0
-10847.0,-8464.0,-9749.0
-10112.0,-8994.0,-10835.0
-8779.0,-8513.0,-12622.0
-9531.0,-9083.0,-11324.0
-8368.0,-8751.0,-12537.0
-10187.0,-8879.0,-10571.0
-8908.0,-9044.0,-11980.0
-11720.0,-6903.0,-11396.0
-9657.0,-7440.0,-12797.0
-9417.0,-7618.0,-12726.0
-9755.0,-9121.0,-11090.0
-9479.0,-9105.0,-11391.0
-8615.0,-9000.0,-12051.0
-11051.0,-5898.0,-12480.0
-8704.0,-8973.0,-12127.0
-11374.0,-7893.0,-10561.0
-9563.0,-9076.0,-11234.0
-11617.0,-6777.0,-11587.0
-11652.0,-7030.0,-11350.0
-9492.0,-7542.0,-12730.0
-10664.0,-8701.0,-10617.0
-9881.0,-9002.0,-11032.0
-9718.0,-9058.0,-11305.0
-9528.0,-7659.0,-12718.0
-9200.0,-9086.0,-11793.0
-9608.0,-9106.0,-11223.0
-10732.0,-8660.0,-10204.0
-8522.0,-8932.0,-12376.0
-9408.0,-7894.0,-12723.0
-11608.0,-6894.0,-11756.0
-9957.0,-8943.0,-10931.0
-9902.0,-7319.0,-12759.0
-9975.0,-8942.0,-10858.0
-11235.0,-8101.0,-10439.0
-11602.0,-6906.0,-11367.0
-10069.0,-7296.0,-12744.0
-11571.0,-7004.0,-11367.0
-9614.0,-7605.0,-12705.0
-10197.0,-8876.0,-10790.0
-11438.0,-7796.0,-10587.0
-9827.0,-7490.0,-12767.0
-10034.0,-8930.0,-10928.0
-9502.0,-9061.0,-11371.0
-10850.0,-6371.0,-12597.0
-11563.0,-6959.0,-11420.0
-8825.0,-8998.0,-12037.0
-8386.0,-8599.0,-12622.0
-10244.0,-8856.0,-10916.0
-11147.0,-5773.0,-12470.0
-8517.0,-8958.0,-12128.0
-11444.0,-7717.0,-10655.0
-11407.0,-5996.0,-12180.0
-9429.0,-9039.0,-11515.0
-10267.0,-7007.0,-12712.0
-9771.0,-7503.0,-12758.0
-8805.0,-8172.0,-12669.0
-9628.0,-9028.0,-11497.0
-9016.0,-8223.0,-12662.0
-10512.0,-8839.0,-10436.0
-10381.0,-6793.0,-12778.0
-9652.0,-9049.0,-11310.0
-9797.0,-9031.0,-11189.0
-10313.0,-8848.0,-10697.0
-8070.0,-8689.0,-12613.0
-11560.0,-7223.0,-11741.0
-8525.0,-8918.0,-12151.0
-9660.0,-9031.0,-11318.0
-8574.0,-8910.0,-12309.0
-9180.0,-7878.0,-12790.0
-10344.0,-8823.0,-10547.0
-9234.0,-9001.0,-11649.0
-10619.0,-6394.0,-12605.0
-9494.0,-7669.0,-12705.0
-11379.0,-7808.0,-10517.0
-9219.0,-7907.0,-12758.0
-10695.0,-6861.0,-12588.0
-8924.0,-9019.0,-11941.0
-11419.0,-7769.0,-10853.0
-9467.0,-7732.0,-12696.0
-8876.0,-9039.0,-11986.0
-11401.0,-6076.0,-12175.0
-10084.0,-8895.0,-10975.0
-10008.0,-8898.0,-10986.0
-9199.0,-8997.0,-11883.0
-11026.0,-5989.0,-12478.0
-8960.0,-8236.0,-12653.0
-9243.0,-8990.0,-11609.0
-10402.0,-8821.0,-10773.0
-9274.0,-8974.0,-11725.0
-9703.0,-7541.0,-12703.0
-8751.0,-8887.0,-12271.0
-9165.0,-7930.0,-12740.0
-9269.0,-8021.0,-12728.0
-10554.0,-8749.0,-10535.0
-8781.0,-8971.0,-12106.0
-9045.0,-9044.0,-11851.0
-10573.0,-8776.0,-10269.0
-9222.0,-8996.0,-11792.0
-9736.0,-9028.0,-11307.0
-9753.0,-7655.0,-12673.0
-9044.0,-8955.0,-11941.0
-10553.0,-6930.0,-12689.0
-9946.0,-8954.0,-11295.0
-8672.0,-8522.0,-12599.0
-11370.0,-7829.0,-10723.0
-9722.0,-7685.0,-12638.0
-9494.0,-8967.0,-11701.0
-10580.0,-8732.0,-10442.0
-8805.0,-8312.0,-12606.0
-8761.0,-8665.0,-12537.0
-9757.0,-9005.0,-11252.0
-10136.0,-8873.0,-10908.0
-9781.0,-7582.0,-12690.0
-9987.0,-8891.0,-11028.0
-9647.0,-7761.0,-12634.0
-11289.0,-7897.0,-10558.0
-11285.0,-7920.0,-10485.0
-10134.0,-8904.0,-10834.0
-8894.0,-8887.0,-12071.0
-10252.0,-7012.0,-12699.0
-8942.0,-8388.0,-12568.0
-9494.0,-9020.0,-11539.0
-10454.0,-8799.0,-10706.0
-10233.0,-7017.0,-12699.0
-9651.0,-8960.0,-11400.0
-10465.0,-8776.0,-10459.0
-9162.0,-8030.0,-12705.0
-10205.0,-7230.0,-12673.0
-11018.0,-6375.0,-12472.0
-11351.0,-7856.0,-10633.0
-10491.0,-6790.0,-12735.0
-10251.0,-8839.0,-10795.0
-9390.0,-8046.0,-12638.0
-8451.0,-8807.0,-12385.0
-9462.0,-7925.0,-12623.0
-9962.0,-7305.0,-12721.0
-8824.0,-8909.0,-12127.0
-9046.0,-8905.0,-11954.0
-10284.0,-8824.0,-10744.0
-9674.0,-8959.0,-11309.0
-9968.0,-8864.0,-11294.0
-10030.0,-7348.0,-12688.0
-10020.0,-8842.0,-11227.0
-9682.0,-8941.0,-11317.0
-9702.0,-8916.0,-11429.0
-8540.0,-8780.0,-12461.0
-9333.0,-7970.0,-12719.0
-9153.0,-8896.0,-11977.0
-11577.0,-7364.0,-11252.0
-9315.0,-8122.0,-12634.0
-9689.0,-8927.0,-11318.0
-10538.0,-6935.0,-12676.0
-11270.0,-7870.0,-10824.0
-10316.0,-7271.0,-12665.0
-10078.0,-8816.0,-11376.0
-8950.0,-8874.0,-12080.0
-11026.0,-6420.0,-12419.0
-11287.0,-6003.0,-12290.0
-9903.0,-7408.0,-12669.0
-9274.0,-8921.0,-11887.0
-10176.0,-8824.0,-10934.0
-9529.0,-8913.0,-11586.0
-9828.0,-7484.0,-12665.0
-9884.0,-7420.0,-12658.0
-9792.0,-8893.0,-11399.0
-9593.0,-7784.0,-12616.0
-9995.0,-7461.0,-12650.0
-11556.0,-7517.0,-11129.0
-10115.0,-7397.0,-12650.0
-10871.0,-8452.0,-10326.0
-10294.0,-8821.0,-10963.0
-9263.0,-8147.0,-12567.0
-9485.0,-8920.0,-11860.0
-11343.0,-7837.0,-11075.0
-9030.0,-8288.0,-12567.0
-9758.0,-8938.0,-11306.0
-11213.0,-8191.0,-10440.0
-11166.0,-8128.0,-10463.0
-10492.0,-8732.0,-10732.0
-11474.0,-7238.0,-11443.0
-9650.0,-8938.0,-11496.0
-9340.0,-7932.0,-12668.0
-9483.0,-7907.0,-12602.0
-9832.0,-7496.0,-12607.0
-8827.0,-8882.0,-12087.0
-8998.0,-8854.0,-12035.0
-9102.0,-8167.0,-12552.0
-8808.0,-8855.0,-12353.0
-10372.0,-7207.0,-12658.0
-9780.0,-8890.0,-11678.0
-9827.0,-7683.0,-12596.0
-11456.0,-7339.0,-11342.0
-10157.0,-8797.0,-11015.0
-8860.0,-8833.0,-12286.0
-10083.0,-8806.0,-11065.0
-11161.0,-8213.0,-10507.0
-9769.0,-7830.0,-12579.0
-9845.0,-7472.0,-12602.0
-9337.0,-7982.0,-12661.0
-10930.0,-8440.0,-10396.0
-8719.0,-8882.0,-12277.0
-9104.0,-8196.0,-12547.0
-9319.0,-8134.0,-12576.0
-8977.0,-8224.0,-12590.0
-10085.0,-7294.0,-12673.0
-9956.0,-7513.0,-12594.0
-11607.0,-6851.0,-11827.0
-11415.0,-7705.0,-11015.0
-10551.0,-8720.0,-10802.0
-11502.0,-7440.0,-11248.0
-8882.0,-8743.0,-12285.0
-9048.0,-8820.0,-11987.0
-11503.0,-7529.0,-11158.0
-10346.0,-8799.0,-10896.0
-9868.0,-8890.0,-11388.0
-8654.0,-8674.0,-12514.0
-9166.0,-8817.0,-12016.0
-11144.0,-8072.0,-10996.0
-9316.0,-8211.0,-12544.0
-10102.0,-8786.0,-11018.0
-8853.0,-8401.0,-12554.0
-11357.0,-7752.0,-11050.0
-8953.0,-8739.0,-12125.0
-10085.0,-8775.0,-11178.0
-10497.0,-7150.0,-12620.0
-10117.0,-8763.0,-11323.0
-9190.0,-8159.0,-12548.0
-9561.0,-7940.0,-12553.0
-9830.0,-7563.0,-12583.0
-9037.0,-8808.0,-12075.0
-9649.0,-7720.0,-12609.0
-9922.0,-7686.0,-12566.0
-9707.0,-7747.0,-12596.0
-11400.0,-7403.0,-11349.0
-9245.0,-8299.0,-12482.0
-8833.0,-8442.0,-12553.0
-11431.0,-7587.0,-11144.0
-11364.0,-7286.0,-11361.0
-9439.0,-8819.0,-11954.0
-11439.0,-7350.0,-11296.0
-9394.0,-7963.0,-12568.0
-10178.0,-8783.0,-11007.0
-8959.0,-8376.0,-12505.0
-11421.0,-7469.0,-11164.0
-11349.0,-7295.0,-11481.0
-11366.0,-7505.0,-11210.0
-10212.0,-8738.0,-11100.0
-8807.0,-8766.0,-12443.0
-9636.0,-7763.0,-12589.0
-10407.0,-8736.0,-10729.0
-10401.0,-8732.0,-10863.0
-9444.0,-8077.0,-12538.0
-11507.0,-6673.0,-12040.0
-10612.0,-6815.0,-12645.0
-11554.0,-6863.0,-11856.0
-9137.0,-8352.0,-12476.0
-8968.0,-8722.0,-12165.0
-11553.0,-6774.0,-11946.0
-10206.0,-7319.0,-12583.0
-8972.0,-8730.0,-12081.0
-10012.0,-7449.0,-12587.0
-10475.0,-8723.0,-10813.0
-8900.0,-8538.0,-12532.0
-9055.0,-8776.0,-12024.0
-9165.0,-8728.0,-12106.0
-11347.0,-7634.0,-11070.0
-9119.0,-8754.0,-12039.0
-11088.0,-8088.0,-10633.0
-10104.0,-7414.0,-12579.0
-11360.0,-6504.0,-12159.0
-11348.0,-7411.0,-11530.0
-11327.0,-7564.0,-11407.0
-11367.0,-7438.0,-11264.0
-9648.0,-7850.0,-12544.0
-10288.0,-8735.0,-11089.0
-9789.0,-8797.0,-11586.0
-9854.0,-8778.0,-11610.0
-10116.0,-7486.0,-12560.0
-9334.0,-8059.0,-12629.0
-10586.0,-6871.0,-12597.0
-11346.0,-7591.0,-11141.0
-9454.0,-7949.0,-12530.0
-9120.0,-8740.0,-12048.0
-11057.0,-8190.0,-10770.0
-11307.0,-6516.0,-12188.0
-11436.0,-6866.0,-11827.0
-11394.0,-7171.0,-11773.0
-11293.0,-7603.0,-11170.0
-9675.0,-8003.0,-12514.0
-9560.0,-8844.0,-11864.0
-9088.0,-8735.0,-12054.0
-8901.0,-8717.0,-12181.0
-10041.0,-7562.0,-12556.0
-9575.0,-7885.0,-12515.0
-10131.0,-7395.0,-12579.0
-10299.0,-8736.0,-10919.0
-9296.0,-8831.0,-11886.0
-8952.0,-8516.0,-12465.0
-9105.0,-8689.0,-12134.0
-9175.0,-8806.0,-11976.0
-10443.0,-8720.0,-10992.0
-11271.0,-7637.0,-11081.0
-8974.0,-8426.0,-12464.0
-9252.0,-8804.0,-11955.0
-11269.0,-7604.0,-11144.0
-8934.0,-8668.0,-12380.0
-11347.0,-7145.0,-11850.0
-9188.0,-8727.0,-12015.0
-11262.0,-7612.0,-11144.0
-10180.0,-8735.0,-11279.0
-8899.0,-8708.0,-12225.0
-10298.0,-7372.0,-12564.0
-11130.0,-8248.0,-10404.0
-11341.0,-6785.0,-11965.0
-9388.0,-8090.0,-12529.0
-11253.0,-7729.0,-11313.0
-11306.0,-6427.0,-12278.0
-9030.0,-8361.0,-12453.0
-9341.0,-8699.0,-12001.0
-9935.0,-7763.0,-12529.0
-11313.0,-6876.0,-12073.0
-11451.0,-6737.0,-12047.0
-9258.0,-8377.0,-12386.0
-10538.0,-6980.0,-12551.0
-9320.0,-8128.0,-12474.0
-9331.0,-8666.0,-12135.0
-11076.0,-8217.0,-10504.0
-9487.0,-8105.0,-12459.0
-9055.0,-8656.0,-12160.0
-10646.0,-7039.0,-12547.0
-8882.0,-8690.0,-12447.0
-11072.0,-8240.0,-10431.0
-9991.0,-8757.0,-11475.0
-8952.0,-8650.0,-12215.0
-9967.0,-8775.0,-11384.0
-10418.0,-7308.0,-12564.0
-9370.0,-8242.0,-12444.0
-9138.0,-8441.0,-12386.0
-11415.0,-6620.0,-12059.0
-9607.0,-8041.0,-12459.0
-9111.0,-8643.0,-12169.0
-11003.0,-8265.0,-10452.0
-10293.0,-8732.0,-11053.0
-8825.0,-8614.0,-12528.0
-9860.0,-7839.0,-12525.0
-10103.0,-7565.0,-12521.0
-11274.0,-7576.0,-11436.0
-9012.0,-8636.0,-12177.0
-9665.0,-8800.0,-11806.0
-10966.0,-8412.0,-10427.0
-10045.0,-7574.0,-12498.0
-11022.0,-8248.0,-10594.0
-10137.0,-7392.0,-12549.0
-9119.0,-8627.0,-12200.0
-10030.0,-7579.0,-12485.0
-10148.0,-7420.0,-12502.0
-8810.0,-8719.0,-12316.0
-10974.0,-8326.0,-10844.0
-8826.0,-8703.0,-12438.0
-10064.0,-7617.0,-12465.0
-10191.0,-8695.0,-11154.0
-10498.0,-8661.0,-11077.0
-11294.0,-6595.0,-12149.0
-10419.0,-7397.0,-12474.0
-11059.0,-8076.0,-10993.0
-11228.0,-7131.0,-12233.0
-11058.0,-8087.0,-10698.0
-11340.0,-7366.0,-11583.0
-10309.0,-8683.0,-11273.0
-11080.0,-6451.0,-12319.0
-10388.0,-8709.0,-10995.0
-9806.0,-7862.0,-12507.0
-11340.0,-6696.0,-12055.0
-8975.0,-8604.0,-12249.0
-9426.0,-8178.0,-12437.0
-10133.0,-7474.0,-12497.0
-11048.0,-8214.0,-10776.0
-10390.0,-7159.0,-12597.0
-11268.0,-6940.0,-11879.0
-8956.0,-8578.0,-12379.0
-10344.0,-7473.0,-12470.0
-8958.0,-8442.0,-12342.0
-11101.0,-6466.0,-12290.0
-8973.0,-8543.0,-12319.0
-10707.0,-6896.0,-12507.0
-8835.0,-8553.0,-12469.0
-9987.0,-7741.0,-12462.0
-8990.0,-8599.0,-12262.0
-11015.0,-7053.0,-12342.0
-9769.0,-7875.0,-12454.0
-8995.0,-8453.0,-12318.0
-10769.0,-6927.0,-12479.0
-10537.0,-8608.0,-11024.0
-9865.0,-8738.0,-11485.0
-9027.0,-8574.0,-12219.0
-10543.0,-7251.0,-12526.0
-9694.0,-7951.0,-12450.0
-9565.0,-8051.0,-12432.0
-11218.0,-7907.0,-11090.0
-9315.0,-8245.0,-12443.0
-11239.0,-6880.0,-11961.0
-9908.0,-8711.0,-11532.0
-9259.0,-8466.0,-12296.0
-9261.0,-8296.0,-12429.0
-11320.0,-7336.0,-11679.0
-11323.0,-7500.0,-11569.0
-9657.0,-8155.0,-12429.0
-9559.0,-8755.0,-11954.0
-9750.0,-7887.0,-12443.0
-11177.0,-7797.0,-11535.0
-10170.0,-7517.0,-12460.0
-9072.0,-8564.0,-12223.0
-9280.0,-8287.0,-12385.0
-9184.0,-8542.0,-12292.0
-10877.0,-8381.0,-10671.0
-9724.0,-8648.0,-11684.0
-9406.0,-8663.0,-12025.0
-8884.0,-8554.0,-12410.0
-10085.0,-8645.0,-11507.0
-9861.0,-7928.0,-12435.0
-9688.0,-8647.0,-11752.0
-9238.0,-8573.0,-12192.0
-10009.0,-7651.0,-12461.0
-10548.0,-8568.0,-10899.0
-9297.0,-8397.0,-12358.0
-10566.0,-8567.0,-10826.0
-11097.0,-6718.0,-12265.0
-10423.0,-7315.0,-12526.0
-9533.0,-8206.0,-12365.0
-10587.0,-7199.0,-12466.0
-9912.0,-8685.0,-11518.0
-10350.0,-7540.0,-12442.0
-10916.0,-8328.0,-10618.0
-10434.0,-7343.0,-12479.0
-11026.0,-6465.0,-12294.0
-10909.0,-8369.0,-10816.0
-9921.0,-8674.0,-11478.0
-9472.0,-8279.0,-12343.0
-9907.0,-8622.0,-11622.0
-9813.0,-8621.0,-11760.0
-10715.0,-6941.0,-12454.0
-10387.0,-8620.0,-11085.0
-10625.0,-8555.0,-10896.0
-10149.0,-7666.0,-12427.0
-10226.0,-8637.0,-11330.0
-9981.0,-7864.0,-12435.0
-9162.0,-8425.0,-12360.0
-10383.0,-8571.0,-11205.0
-9783.0,-8629.0,-11652.0
-9582.0,-8754.0,-11863.0
-10648.0,-6947.0,-12444.0
-9266.0,-8307.0,-12380.0
-9989.0,-7794.0,-12429.0
-9601.0,-8168.0,-12420.0
-10738.0,-7137.0,-12403.0
-10183.0,-7493.0,-12455.0
-9743.0,-7931.0,-12406.0
-10089.0,-8613.0,-11382.0
-9861.0,-7952.0,-12373.0
-10096.0,-8605.0,-11382.0
-9741.0,-8016.0,-12373.0
-11252.0,-7640.0,-11403.0
-11049.0,-8145.0,-10823.0
-9960.0,-8606.0,-11614.0
-10029.0,-7730.0,-12427.0
-9636.0,-8669.0,-11819.0
-9513.0,-8654.0,-12048.0
-9815.0,-7851.0,-12467.0
-10115.0,-8596.0,-11338.0
-11114.0,-7884.0,-11353.0
-9583.0,-8320.0,-12335.0
-10600.0,-7276.0,-12429.0
-10173.0,-8592.0,-11379.0
-9633.0,-8643.0,-11886.0
-10646.0,-7084.0,-12422.0
-9834.0,-8600.0,-11766.0
-11274.0,-7300.0,-11764.0
-11133.0,-7911.0,-11087.0
-9746.0,-8621.0,-11901.0
-11074.0,-7923.0,-11017.0
-10184.0,-7582.0,-12365.0
-9746.0,-7929.0,-12383.0
-10835.0,-8481.0,-10884.0
-11227.0,-7386.0,-11620.0
-9451.0,-8651.0,-12083.0
-10033.0,-7842.0,-12368.0
-10546.0,-8515.0,-10932.0
-9581.0,-8665.0,-11953.0
-10094.0,-8552.0,-11415.0
-9865.0,-8599.0,-11693.0
-10055.0,-7752.0,-12367.0
-11266.0,-7531.0,-11489.0
-11069.0,-8008.0,-11061.0
-10544.0,-7340.0,-12436.0
-11048.0,-8161.0,-10938.0
-10002.0,-8599.0,-11564.0
-9696.0,-8030.0,-12368.0
-10572.0,-8496.0,-11171.0
-10107.0,-8551.0,-11391.0
-10394.0,-8563.0,-11093.0
-9363.0,-8333.0,-12328.0
-11191.0,-7254.0,-11821.0
-9281.0,-8552.0,-12165.0
-9751.0,-7976.0,-12353.0
-10517.0,-8555.0,-11086.0
-11249.0,-7665.0,-11475.0
-10225.0,-8548.0,-11420.0
-9685.0,-8064.0,-12321.0
-10459.0,-8515.0,-11356.0
-10063.0,-7682.0,-12361.0
-9990.0,-7782.0,-12371.0
-9474.0,-8374.0,-12320.0
-10462.0,-8544.0,-11089.0
-9982.0,-7953.0,-12345.0
-9907.0,-8029.0,-12341.0
-10272.0,-7554.0,-12359.0
-11224.0,-7438.0,-11598.0
-9349.0,-8514.0,-12220.0
-10769.0,-6972.0,-12354.0
-11200.0,-7465.0,-11670.0
-9923.0,-8573.0,-11842.0
-10277.0,-7695.0,-12356.0
-10152.0,-7618.0,-12359.0
-10604.0,-8489.0,-11081.0
-10265.0,-8584.0,-11277.0
-9508.0,-8643.0,-12097.0
-10254.0,-8570.0,-11373.0
-9863.0,-7867.0,-12406.0
-10090.0,-8546.0,-11436.0
-9913.0,-7906.0,-12368.0
-9491.0,-8216.0,-12338.0
-10152.0,-8526.0,-11564.0
-9405.0,-8550.0,-12177.0
-10065.0,-8592.0,-11569.0
-9789.0,-8032.0,-12312.0
-9894.0,-8108.0,-12302.0
-9617.0,-8589.0,-12112.0
-11040.0,-8049.0,-11259.0
-11056.0,-7924.0,-11090.0
-10317.0,-8562.0,-11210.0
-10995.0,-8173.0,-10967.0
-10150.0,-7755.0,-12337.0
-9547.0,-8203.0,-12347.0
-10406.0,-7476.0,-12435.0
-11206.0,-7539.0,-11497.0
-10375.0,-8536.0,-11359.0
-11172.0,-7320.0,-11692.0
-9342.0,-8512.0,-12239.0
-11166.0,-7343.0,-11860.0
-9312.0,-8408.0,-12286.0
-10286.0,-8563.0,-11283.0
-10611.0,-8443.0,-11118.0
-9975.0,-8551.0,-11775.0
-10572.0,-7204.0,-12453.0
-9805.0,-8576.0,-11813.0
-11170.0,-7407.0,-11698.0
-10620.0,-7140.0,-12374.0
-10257.0,-8539.0,-11330.0
-10646.0,-7377.0,-12335.0
-10469.0,-7416.0,-12432.0
-10669.0,-8441.0,-11344.0
-9192.0,-8472.0,-12286.0
-11170.0,-7361.0,-11717.0
-9871.0,-7912.0,-12353.0
-9982.0,-8546.0,-11626.0
-9479.0,-8385.0,-12271.0
-10001.0,-8510.0,-11654.0
-11142.0,-7146.0,-11935.0
-10035.0,-7895.0,-12335.0
-9635.0,-8580.0,-11909.0
-10075.0,-7831.0,-12333.0
-9372.0,-8394.0,-12248.0
-11170.0,-7348.0,-11740.0
-9595.0,-8209.0,-12330.0
-9631.0,-8531.0,-12029.0
-11096.0,-7572.0,-11604.0
-9649.0,-8256.0,-12305.0
-11099.0,-7495.0,-11636.0
-9709.0,-8272.0,-12291.0
-11076.0,-7153.0,-11901.0
-10351.0,-8515.0,-11546.0
-10028.0,-8509.0,-11577.0
-9637.0,-8530.0,-11922.0
-11070.0,-7229.0,-11911.0
-9710.0,-8495.0,-11951.0
-10009.0,-8482.0,-11751.0
-10383.0,-8518.0,-11367.0
-10452.0,-7577.0,-12341.0
-10654.0,-7307.0,-12329.0
-10159.0,-8480.0,-11601.0
-10525.0,-7352.0,-12425.0
-10678.0,-8377.0,-11013.0
-10964.0,-8208.0,-10864.0
-10859.0,-7162.0,-12313.0
-10531.0,-7419.0,-12397.0
-9525.0,-8486.0,-12177.0
-10079.0,-7843.0,-12275.0
-9364.0,-8422.0,-12238.0
-10041.0,-8485.0,-11572.0
-10473.0,-7428.0,-12374.0
-10994.0,-8084.0,-11057.0
-10471.0,-7375.0,-12407.0
-11117.0,-7419.0,-11727.0
-10743.0,-8329.0,-11276.0
-10092.0,-7819.0,-12270.0
-9969.0,-8032.0,-12306.0
-10909.0,-8088.0,-11054.0
-10910.0,-8177.0,-10964.0
-10167.0,-7743.0,-12274.0
-10098.0,-8455.0,-11827.0
-9691.0,-8424.0,-12206.0
-9812.0,-8532.0,-11850.0
-10891.0,-8150.0,-11230.0
-10109.0,-7783.0,-12267.0
-10906.0,-8200.0,-10891.0
-9840.0,-8131.0,-12284.0
-10784.0,-7238.0,-12309.0
-11092.0,-7508.0,-11766.0
-9358.0,-8487.0,-12200.0
-10332.0,-7641.0,-12341.0
-9922.0,-8484.0,-11932.0
-11017.0,-7216.0,-11950.0
-9656.0,-8464.0,-12051.0
-11110.0,-7422.0,-11678.0
-10198.0,-7719.0,-12265.0
-9635.0,-8437.0,-12197.0
-11095.0,-7483.0,-11694.0
-10838.0,-8235.0,-10950.0
-10203.0,-7860.0,-12262.0
-10065.0,-7999.0,-12288.0
-9521.0,-8374.0,-12236.0
-11052.0,-7867.0,-11550.0
-9915.0,-7959.0,-12335.0
-10856.0,-8208.0,-11054.0
-10015.0,-8133.0,-12212.0
-9895.0,-8197.0,-12212.0
-9729.0,-8486.0,-11907.0
-10985.0,-7531.0,-11612.0
-11016.0,-7319.0,-12022.0
-9708.0,-8442.0,-11984.0
-11036.0,-7587.0,-11584.0
-10982.0,-7556.0,-11684.0
-11056.0,-7391.0,-11778.0
-10526.0,-7441.0,-12335.0
-10951.0,-8076.0,-11183.0
-10378.0,-7742.0,-12247.0
-11049.0,-7382.0,-11788.0
-10969.0,-7598.0,-11773.0
-10563.0,-7618.0,-12333.0
-10750.0,-8288.0,-11078.0
-9766.0,-8431.0,-11944.0
-10981.0,-7377.0,-11846.0
-11039.0,-7960.0,-11349.0
-10964.0,-7719.0,-11644.0
-9641.0,-8310.0,-12236.0
-10754.0,-8256.0,-10953.0
-10761.0,-8248.0,-10953.0
-10453.0,-7666.0,-12251.0
-10744.0,-7497.0,-12288.0
-9769.0,-8392.0,-12003.0
-10785.0,-8247.0,-10979.0
-10092.0,-7920.0,-12238.0
-9709.0,-8406.0,-12041.0
-10138.0,-8437.0,-11655.0
-10981.0,-7467.0,-11774.0
-10327.0,-8408.0,-11549.0
-10987.0,-7387.0,-11779.0
-10948.0,-7844.0,-11813.0
-9567.0,-8475.0,-12142.0
-10208.0,-8407.0,-11909.0
-9961.0,-8060.0,-12241.0
-9928.0,-8488.0,-11798.0
-10204.0,-7786.0,-12237.0
-9715.0,-8198.0,-12168.0
-10217.0,-7762.0,-12232.0
-9730.0,-8299.0,-12145.0
-10374.0,-8447.0,-11449.0
-10139.0,-7887.0,-12220.0
-10577.0,-7520.0,-12303.0
-10230.0,-7781.0,-12212.0
-9997.0,-8408.0,-11936.0
-11008.0,-7274.0,-12075.0
-10947.0,-7755.0,-11903.0
-10016.0,-8222.0,-12122.0
-9997.0,-8461.0,-11774.0
-9876.0,-8383.0,-12026.0
-10639.0,-7421.0,-12298.0
-10277.0,-7748.0,-12194.0
-10150.0,-8433.0,-11760.0
-10445.0,-8403.0,-11578.0
-10942.0,-7208.0,-12256.0
-10282.0,-7759.0,-12145.0
-10021.0,-8010.0,-12239.0
-10093.0,-7908.0,-12180.0
-10144.0,-7898.0,-12171.0
-10218.0,-7851.0,-12142.0
-10967.0,-7871.0,-11547.0
-10752.0,-8212.0,-11107.0
-10306.0,-7823.0,-12136.0
-10957.0,-7940.0,-11377.0
-10965.0,-7985.0,-11324.0
-10088.0,-7962.0,-12178.0
-10792.0,-7168.0,-12303.0
-9941.0,-8298.0,-12118.0
-10131.0,-7941.0,-12151.0
-10817.0,-8169.0,-11135.0
-10186.0,-7887.0,-12136.0
-10922.0,-8052.0,-11230.0
-10942.0,-7484.0,-11928.0
-9694.0,-8377.0,-12079.0
-9784.0,-8330.0,-12045.0
-10937.0,-7923.0,-11450.0
-9707.0,-8353.0,-12074.0
-10802.0,-8177.0,-11154.0
-10890.0,-8061.0,-11320.0
-10226.0,-8361.0,-11658.0
-10785.0,-7327.0,-12219.0
-10023.0,-8063.0,-12206.0
-10067.0,-8111.0,-12145.0
-10957.0,-7727.0,-11644.0
-10138.0,-8021.0,-12144.0
-10236.0,-8141.0,-12097.0
-10838.0,-7269.0,-12209.0
-10302.0,-8358.0,-11647.0
-10449.0,-8371.0,-11453.0
-10941.0,-7395.0,-12018.0
-10143.0,-7936.0,-12100.0
-10501.0,-8349.0,-11386.0
-10456.0,-8363.0,-11453.0
-10417.0,-7864.0,-12128.0
-10384.0,-7739.0,-12217.0
-9947.0,-8175.0,-12145.0
-10503.0,-7685.0,-12209.0
-10276.0,-7882.0,-12118.0
-10827.0,-7971.0,-11368.0
-10844.0,-7960.0,-11414.0
-10817.0,-8039.0,-11464.0
-10883.0,-8105.0,-11283.0
-10507.0,-7697.0,-12151.0
-9995.0,-8329.0,-12018.0
-10750.0,-8192.0,-11115.0
-10512.0,-8284.0,-11635.0
-10891.0,-7874.0,-11558.0
-10637.0,-7506.0,-12265.0
-10883.0,-7892.0,-11550.0
-10773.0,-8153.0,-11201.0
-10790.0,-7598.0,-12194.0
-10868.0,-7373.0,-12162.0
-10895.0,-7294.0,-12112.0
-10572.0,-7542.0,-12241.0
-10578.0,-7609.0,-12213.0
-10523.0,-8259.0,-11385.0
-10634.0,-7545.0,-12206.0
-10069.0,-8164.0,-12112.0
-10131.0,-8065.0,-12107.0
-10225.0,-8357.0,-11764.0
-10530.0,-8251.0,-11385.0
-10283.0,-8331.0,-11913.0
-10873.0,-7920.0,-11809.0
-10934.0,-7439.0,-11981.0
-10335.0,-8309.0,-11846.0
-10551.0,-8231.0,-11582.0
-10754.0,-8126.0,-11282.0
-10505.0,-7764.0,-12127.0
-10772.0,-8064.0,-11291.0
-10254.0,-7977.0,-12092.0
-10692.0,-8109.0,-11479.0
-10559.0,-7621.0,-12202.0
-10670.0,-7662.0,-12194.0
-10755.0,-8059.0,-11336.0
-10454.0,-8310.0,-11486.0
-10573.0,-8224.0,-11432.0
-10307.0,-7912.0,-12046.0
-10715.0,-8059.0,-11392.0
-10812.0,-7980.0,-11488.0
-10901.0,-7654.0,-11997.0
-10052.0,-8354.0,-11921.0
-10588.0,-8216.0,-11413.0
-10431.0,-7929.0,-12033.0
-10680.0,-8135.0,-11332.0
-10162.0,-8306.0,-12003.0
-10320.0,-7888.0,-12041.0
-10787.0,-7935.0,-11511.0
-10560.0,-7710.0,-12112.0
-10640.0,-8194.0,-11346.0
-10593.0,-8131.0,-11369.0
-10625.0,-8119.0,-11514.0
-10430.0,-7840.0,-12123.0
-10845.0,-7718.0,-12004.0
-10791.0,-7687.0,-12104.0
-10310.0,-8029.0,-12029.0
-10766.0,-7944.0,-11573.0
-9949.0,-8228.0,-12112.0
-10673.0,-8179.0,-11295.0
-10796.0,-7578.0,-12007.0
-10434.0,-7852.0,-12065.0
-10099.0,-8268.0,-12065.0
-10734.0,-7993.0,-11521.0
-10720.0,-7775.0,-12042.0
-10401.0,-8243.0,-11643.0
-10559.0,-7795.0,-12027.0
-10357.0,-8219.0,-11845.0
-10716.0,-7763.0,-12100.0
-9993.0,-8276.0,-12051.0
-10565.0,-8179.0,-11485.0
-10586.0,-8172.0,-11567.0
-10129.0,-8150.0,-12074.0
-10681.0,-7948.0,-11570.0
-10606.0,-7811.0,-12018.0
-10411.0,-8134.0,-11801.0
-10662.0,-7992.0,-11549.0
-10587.0,-8127.0,-11503.0
-10662.0,-8051.0,-11507.0
-10313.0,-7932.0,-12004.0
-10360.0,-8017.0,-11971.0
-10458.0,-7850.0,-11983.0
-10662.0,-7921.0,-11836.0
-10658.0,-7987.0,-11669.0
-10660.0,-7952.0,-11559.0
-10126.0,-8189.0,-12015.0
-10647.0,-8059.0,-11526.0
-10282.0,-8242.0,-12003.0
-10485.0,-7960.0,-11933.0
-10499.0,-8113.0,-11666.0
-10680.0,-7646.0,-12112.0
-10639.0,-8014.0,-11579.0
-10541.0,-7896.0,-11926.0
-10609.0,-8063.0,-11536.0
-10422.0,-8094.0,-11676.0
-10356.0,-8130.0,-11935.0
-10588.0,-8086.0,-11742.0
-10172.0,-8290.0,-11921.0
-10470.0,-8089.0,-11713.0
-10367.0,-7974.0,-11866.0
-10375.0,-8008.0,-11851.0
-10827.0,-7819.0,-11903.0
-10587.0,-7997.0,-11832.0
-10584.0,-8152.0,-11575.0
-10660.0,-7842.0,-11918.0
-10288.0,-8246.0,-11869.0
-10394.0,-7999.0,-11807.0
-10504.0,-7951.0,-11889.0
-10579.0,-7875.0,-11893.0
-10505.0,-8040.0,-11799.0
-10735.0,-7766.0,-11922.0
