z1,z2,z3
-7998.0,-7723.0,-11559.0
-13317.0,-6774.0,-7187.0
-6415.0,-13474.0,-4769.0
-13294.0,-7423.0,-7748.0
-13246.0,-7557.0,-6401.0
-13223.0,-8206.0,-6962.0
-8072.0,-7889.0,-11518.0
-6325.0,-13470.0,-4955.0
-7564.0,-13468.0,-5023.0
-7680.0,-8299.0,-11509.0
-7179.0,-13416.0,-5283.0
-7130.0,-13388.0,-5390.0
-7925.0,-8463.0,-11484.0
-13175.0,-8261.0,-7116.0
-7010.0,-13365.0,-5430.0
-13123.0,-8348.0,-5889.0
-6185.0,-13365.0,-5458.0
-7331.0,-8593.0,-11447.0
-6745.0,-13336.0,-5650.0
-13109.0,-8432.0,-5525.0
-13092.0,-8670.0,-6788.0
-7013.0,-9169.0,-11397.0
-7034.0,-13327.0,-5739.0
-5856.0,-13279.0,-5818.0
-13079.0,-8692.0,-6830.0
-6649.0,-13275.0,-5999.0
-13078.0,-8754.0,-6424.0
-13065.0,-8776.0,-6466.0
-13060.0,-8789.0,-6387.0
-13052.0,-8939.0,-6506.0
-7705.0,-13445.0,-4989.0
-6780.0,-13256.0,-6119.0
-13012.0,-9009.0,-5538.0
-6594.0,-13219.0,-6224.0
-7851.0,-13415.0,-4903.0
-12955.0,-9543.0,-6119.0
-7224.0,-9204.0,-11343.0
-8645.0,-7066.0,-11539.0
-6841.0,-9471.0,-11262.0
-7786.0,-13210.0,-6412.0
-8248.0,-13287.0,-4790.0
-7401.0,-13158.0,-6672.0
-7052.0,-9506.0,-11208.0
-6644.0,-9528.0,-11196.0
-7856.0,-9570.0,-11174.0
-7601.0,-9658.0,-11164.0
-6778.0,-9677.0,-11084.0
-8860.0,-13242.0,-5688.0
-12877.0,-9571.0,-6268.0
-7408.0,-9900.0,-11079.0
-6499.0,-13112.0,-6684.0
-6091.0,-13073.0,-6814.0
-12864.0,-9593.0,-6310.0
-12798.0,-9605.0,-6494.0
-12771.0,-9653.0,-5484.0
-12758.0,-9675.0,-5526.0
-12727.0,-9997.0,-6425.0
-7935.0,-13053.0,-6818.0
-6510.0,-13018.0,-6855.0
-8857.0,-8249.0,-11507.0
-6288.0,-13016.0,-6880.0
-7330.0,-13009.0,-6910.0
-6898.0,-9982.0,-10969.0
-7550.0,-13001.0,-7078.0
-6555.0,-9984.0,-10911.0
-7496.0,-10412.0,-10896.0
-9175.0,-6807.0,-11456.0
-7510.0,-12950.0,-7099.0
-7466.0,-12945.0,-7190.0
-13317.0,-6653.0,-8176.0
-12714.0,-10187.0,-6065.0
-7195.0,-12913.0,-7330.0
-8875.0,-13093.0,-5837.0
-8927.0,-13073.0,-5371.0
-12701.0,-10209.0,-6107.0
-12630.0,-10480.0,-7027.0
-9110.0,-13059.0,-5222.0
-7081.0,-12893.0,-7450.0
-9222.0,-6886.0,-11384.0
-7580.0,-10444.0,-10759.0
-9489.0,-7741.0,-11338.0
-7791.0,-10479.0,-10705.0
-7387.0,-12847.0,-7479.0
-6283.0,-10493.0,-10697.0
-7045.0,-12772.0,-7683.0
-6249.0,-10565.0,-10692.0
-9226.0,-13048.0,-5078.0
-6520.0,-10576.0,-10616.0
-7467.0,-10807.0,-10582.0
-12281.0,-10768.0,-6163.0
-9411.0,-13032.0,-5148.0
-7010.0,-12744.0,-7688.0
-6711.0,-12737.0,-7913.0
-9492.0,-7471.0,-11309.0
-9536.0,-7820.0,-11266.0
-9610.0,-7986.0,-11225.0
-9481.0,-12929.0,-5354.0
-6077.0,-10867.0,-10557.0
-9877.0,-7086.0,-11205.0
-5880.0,-10924.0,-10491.0
-12221.0,-10879.0,-5875.0
-9498.0,-12883.0,-5405.0
-9554.0,-12879.0,-6418.0
-6949.0,-12711.0,-8032.0
-7164.0,-11072.0,-10482.0
-9620.0,-12851.0,-4944.0
-12208.0,-10901.0,-5917.0
-12177.0,-11008.0,-5994.0
-9624.0,-12776.0,-6624.0
-9690.0,-12748.0,-5150.0
-6909.0,-12660.0,-8053.0
-6248.0,-12566.0,-8151.0
-7094.0,-11175.0,-10276.0
-9856.0,-12737.0,-5144.0
-9924.0,-7165.0,-11133.0
-12137.0,-11172.0,-6837.0
-13050.0,-6980.0,-8302.0
-10136.0,-7362.0,-11063.0
-6426.0,-12562.0,-8163.0
-6537.0,-12557.0,-8240.0
-7365.0,-11186.0,-10200.0
-7079.0,-11324.0,-10127.0
-13046.0,-6621.0,-8316.0
-7684.0,-12507.0,-8285.0
-10011.0,-12644.0,-6186.0
-13028.0,-6834.0,-8440.0
-11870.0,-11245.0,-7423.0
-6152.0,-12505.0,-8500.0
-5840.0,-11326.0,-10059.0
-7350.0,-11335.0,-10051.0
-7318.0,-11385.0,-10017.0
-11732.0,-11279.0,-6346.0
-10202.0,-6935.0,-10991.0
-11704.0,-11428.0,-6110.0
-12962.0,-6468.0,-8485.0
-6105.0,-11423.0,-9944.0
-10086.0,-12602.0,-5351.0
-12890.0,-7037.0,-8529.0
-7280.0,-11438.0,-9845.0
-10207.0,-7548.0,-10981.0
-10215.0,-6913.0,-10949.0
-10524.0,-6707.0,-10930.0
-7248.0,-11488.0,-9811.0
-12875.0,-6495.0,-8604.0
-10126.0,-12532.0,-6319.0
-6313.0,-11545.0,-9765.0
-6349.0,-12448.0,-8566.0
-10266.0,-12525.0,-6462.0
-11602.0,-11529.0,-6861.0
-12866.0,-6407.0,-8834.0
-6116.0,-11602.0,-9699.0
-7588.0,-12446.0,-8634.0
-6512.0,-11617.0,-9678.0
-7233.0,-11637.0,-9662.0
-11600.0,-11668.0,-5941.0
-5994.0,-11639.0,-9594.0
-7880.0,-11660.0,-9589.0
-7603.0,-12297.0,-8783.0
-10286.0,-12473.0,-6226.0
-6095.0,-11692.0,-9561.0
-10431.0,-12406.0,-6317.0
-7448.0,-11695.0,-9536.0
-5797.0,-11696.0,-9528.0
-5898.0,-11749.0,-9495.0
-7586.0,-11787.0,-9401.0
-10529.0,-7089.0,-10781.0
-10735.0,-6750.0,-10775.0
-11534.0,-11751.0,-6117.0
-12816.0,-6512.0,-9005.0
-6430.0,-11788.0,-9349.0
-6499.0,-11808.0,-9334.0
-6545.0,-12240.0,-8787.0
-6604.0,-12238.0,-8820.0
-6467.0,-11858.0,-9300.0
-10746.0,-12376.0,-6118.0
-7843.0,-12236.0,-8888.0
-11419.0,-11792.0,-5992.0
-6462.0,-11882.0,-9285.0
-11328.0,-11833.0,-5614.0
-7928.0,-11984.0,-9243.0
-7673.0,-12194.0,-8989.0
-11199.0,-11848.0,-7151.0
-11061.0,-11906.0,-6200.0
-12686.0,-6684.0,-9069.0
-10736.0,-7310.0,-10696.0
-10778.0,-6877.0,-10655.0
-6538.0,-12044.0,-9218.0
-10962.0,-12027.0,-6224.0
-6341.0,-12101.0,-9152.0
-10807.0,-6859.0,-10639.0
-12673.0,-6706.0,-9111.0
-10812.0,-7472.0,-10629.0
-10844.0,-6924.0,-10597.0
-6275.0,-12076.0,-9180.0
-12571.0,-8034.0,-9148.0
-10878.0,-7045.0,-10557.0
-12527.0,-6693.0,-9269.0
-10947.0,-7353.0,-10541.0
-10892.0,-12106.0,-6407.0
-10850.0,-12136.0,-6287.0
-11200.0,-6817.0,-10496.0
-10887.0,-12130.0,-6392.0
-12365.0,-6735.0,-9277.0
-12343.0,-7080.0,-9316.0
-12326.0,-7822.0,-9427.0
-12286.0,-6187.0,-9467.0
-12279.0,-7743.0,-9499.0
-11411.0,-6860.0,-10341.0
-12200.0,-6619.0,-9509.0
-12178.0,-6573.0,-9566.0
-12143.0,-6381.0,-9573.0
-12098.0,-6868.0,-9595.0
-12064.0,-6767.0,-9625.0
-12051.0,-6789.0,-9667.0
-12037.0,-8003.0,-9691.0
-12020.0,-6896.0,-9744.0
-11454.0,-6987.0,-10221.0
-11515.0,-6421.0,-10173.0
-11990.0,-7924.0,-9763.0
-11911.0,-6800.0,-9773.0
-11889.0,-6754.0,-9830.0
-11520.0,-7034.0,-10163.0
-11528.0,-6399.0,-10131.0
-11591.0,-6583.0,-10106.0
-11809.0,-7049.0,-9859.0
-11809.0,-6853.0,-9899.0
-11604.0,-6561.0,-10064.0
-11677.0,-6151.0,-10064.0
-11762.0,-6970.0,-9931.0
-11731.0,-7077.0,-10008.0
-6824.0,-13328.0,-5535.0
-7761.0,-13411.0,-5089.0
-7643.0,-13363.0,-5142.0
-7466.0,-13363.0,-5163.0
-7376.0,-13359.0,-5349.0
-7095.0,-13360.0,-5395.0
-6676.0,-13270.0,-5873.0
-7029.0,-13335.0,-5423.0
-7061.0,-13322.0,-5613.0
-7258.0,-13311.0,-5402.0
-7127.0,-13310.0,-5429.0
-7621.0,-13306.0,-5592.0
-7236.0,-13254.0,-5852.0
-7579.0,-13319.0,-5172.0
-7382.0,-13307.0,-5275.0
-8190.0,-9119.0,-11395.0
-7648.0,-13339.0,-5157.0
-13246.0,-7436.0,-7390.0
-6849.0,-13244.0,-5955.0
-7480.0,-13267.0,-5654.0
-7377.0,-13307.0,-5297.0
-7866.0,-13266.0,-5052.0
-7258.0,-13265.0,-5679.0
-7977.0,-13255.0,-4930.0
-7142.0,-13222.0,-5971.0
-7680.0,-13289.0,-5191.0
-7728.0,-8520.0,-11418.0
-7776.0,-13262.0,-5238.0
-8146.0,-13249.0,-5789.0
-7892.0,-13251.0,-5094.0
-7767.0,-13262.0,-5072.0
-7797.0,-8540.0,-11403.0
-7639.0,-13251.0,-5387.0
-7804.0,-13072.0,-6698.0
-6459.0,-13061.0,-6705.0
-6696.0,-13055.0,-6750.0
-8890.0,-7037.0,-11389.0
-8982.0,-7049.0,-11371.0
-7130.0,-9251.0,-11252.0
-8175.0,-9268.0,-11246.0
-9068.0,-8292.0,-11352.0
-13198.0,-7491.0,-7544.0
-13189.0,-8177.0,-7480.0
-8386.0,-9303.0,-11192.0
-8401.0,-9154.0,-11341.0
-7226.0,-9347.0,-11179.0
-8842.0,-8398.0,-11358.0
-8019.0,-13192.0,-6215.0
-13220.0,-7257.0,-7789.0
-13215.0,-6875.0,-7938.0
-12950.0,-9161.0,-6268.0
-13212.0,-7407.0,-7908.0
-8475.0,-13190.0,-5948.0
-13129.0,-7307.0,-7980.0
-13074.0,-8705.0,-6751.0
-8936.0,-8797.0,-11317.0
-8290.0,-13199.0,-5689.0
-13044.0,-8725.0,-6942.0
-13124.0,-6895.0,-8091.0
-7935.0,-9959.0,-10945.0
-12934.0,-8941.0,-6483.0
-12910.0,-9110.0,-6289.0
-13150.0,-7499.0,-7502.0
-12885.0,-8996.0,-6339.0
-13115.0,-8011.0,-7521.0
-13116.0,-7470.0,-8020.0
-13031.0,-8747.0,-6984.0
-13142.0,-7285.0,-7938.0
-8165.0,-13162.0,-6129.0
-13026.0,-8760.0,-6905.0
-13110.0,-7629.0,-7670.0
-12915.0,-9492.0,-6140.0
-7426.0,-10515.0,-10690.0
-13012.0,-8888.0,-6527.0
-12872.0,-9018.0,-6381.0
-8051.0,-13142.0,-6249.0
-9455.0,-7813.0,-11333.0
-12908.0,-9464.0,-6191.0
-12982.0,-8850.0,-6908.0
-13076.0,-7297.0,-8122.0
-12867.0,-9031.0,-6302.0
-12868.0,-8953.0,-6667.0
-7900.0,-13133.0,-6349.0
-12842.0,-9154.0,-6885.0
-13012.0,-8444.0,-7118.0
-12856.0,-8969.0,-6632.0
-13063.0,-7319.0,-8164.0
-12843.0,-8991.0,-6674.0
-9170.0,-8043.0,-11266.0
-8026.0,-9673.0,-11021.0
-12969.0,-8872.0,-6950.0
-13101.0,-7665.0,-7663.0
-8237.0,-9708.0,-10967.0
-13045.0,-8253.0,-7234.0
-9700.0,-7784.0,-11183.0
-12934.0,-8905.0,-7062.0
-13094.0,-7028.0,-8042.0
-8381.0,-13158.0,-6067.0
-12921.0,-8927.0,-7104.0
-13096.0,-7862.0,-7547.0
-7865.0,-13105.0,-6354.0
-8086.0,-9724.0,-10961.0
-7799.0,-13080.0,-6382.0
-13075.0,-7811.0,-8023.0
-8357.0,-13096.0,-6278.0
-12870.0,-8935.0,-6598.0
-8067.0,-9605.0,-11120.0
-7531.0,-9761.0,-10958.0
-12841.0,-9177.0,-6662.0
-8006.0,-13082.0,-6320.0
-8125.0,-13111.0,-6150.0
-12999.0,-8466.0,-7160.0
-9502.0,-7892.0,-11261.0
-7895.0,-13002.0,-6839.0
-12828.0,-9238.0,-6521.0
-8700.0,-13105.0,-5772.0
-8120.0,-13102.0,-6200.0
-7880.0,-9626.0,-11059.0
-8597.0,-8866.0,-11245.0
-12991.0,-8696.0,-7005.0
-12997.0,-8308.0,-7388.0
-8184.0,-13132.0,-6122.0
-7973.0,-9652.0,-11029.0
-7697.0,-10526.0,-10614.0
-12986.0,-8629.0,-7200.0
-8062.0,-13048.0,-6420.0
-8413.0,-13108.0,-6101.0
-12824.0,-9542.0,-6331.0
-9146.0,-8068.0,-11243.0
-7977.0,-9656.0,-11022.0
-8955.0,-13041.0,-5604.0
-8073.0,-9752.0,-10949.0
-12811.0,-9583.0,-6452.0
-8612.0,-9197.0,-11186.0
-9111.0,-8419.0,-11232.0
-13068.0,-7932.0,-7593.0
-9747.0,-7863.0,-11111.0
-9018.0,-13032.0,-5749.0
-12978.0,-8415.0,-7636.0
-8401.0,-9162.0,-11240.0
-9283.0,-8115.0,-11198.0
-12901.0,-7150.0,-8460.0
-8651.0,-13090.0,-5882.0
-8081.0,-13009.0,-6298.0
-13062.0,-7833.0,-8065.0
-8898.0,-13057.0,-5396.0
-8391.0,-13134.0,-6060.0
-9778.0,-7560.0,-11074.0
-7972.0,-13044.0,-6538.0
-8206.0,-12998.0,-6320.0
-13061.0,-7895.0,-7659.0
-13049.0,-8023.0,-7705.0
-8907.0,-13043.0,-5871.0
-13019.0,-7706.0,-8185.0
-8292.0,-9350.0,-11101.0
-9140.0,-13000.0,-5288.0
-9217.0,-8122.0,-11194.0
-8423.0,-13084.0,-6094.0
-8656.0,-13066.0,-5897.0
-9494.0,-8123.0,-11189.0
-8409.0,-12996.0,-6346.0
-9460.0,-8195.0,-11184.0
-9821.0,-8029.0,-11070.0
-8505.0,-13057.0,-5997.0
-13037.0,-8039.0,-7670.0
-12991.0,-7356.0,-8268.0
-7980.0,-12993.0,-6487.0
-12948.0,-8821.0,-7426.0
-12811.0,-9261.0,-6962.0
-12983.0,-8755.0,-6942.0
-8540.0,-12977.0,-6466.0
-13024.0,-8061.0,-7712.0
-8066.0,-12993.0,-6398.0
-12828.0,-9199.0,-6704.0
-8258.0,-9422.0,-11096.0
-12965.0,-8437.0,-7678.0
-7890.0,-12993.0,-6889.0
-13019.0,-8074.0,-7633.0
-8611.0,-13039.0,-5903.0
-9026.0,-12980.0,-5408.0
-12954.0,-7043.0,-8414.0
-8562.0,-13034.0,-6016.0
-8490.0,-13041.0,-6097.0
-9180.0,-12956.0,-5428.0
-13057.0,-7846.0,-7986.0
-12964.0,-8499.0,-7272.0
-8644.0,-8945.0,-11173.0
-9371.0,-12981.0,-5169.0
-9132.0,-8350.0,-11182.0
-7985.0,-12948.0,-6647.0
-9010.0,-8483.0,-11213.0
-8269.0,-12945.0,-6606.0
-9457.0,-7791.0,-11304.0
-12798.0,-9283.0,-7004.0
-8418.0,-13084.0,-6116.0
-9239.0,-8211.0,-11179.0
-7426.0,-12894.0,-7211.0
-7922.0,-12943.0,-6923.0
-12870.0,-7257.0,-8537.0
-8921.0,-8946.0,-11168.0
-7953.0,-12998.0,-6613.0
-8546.0,-13007.0,-6197.0
-9147.0,-8840.0,-11162.0
-8226.0,-9472.0,-11062.0
-12857.0,-7279.0,-8579.0
-12797.0,-9345.0,-6598.0
-8031.0,-10055.0,-10872.0
-8616.0,-13015.0,-5918.0
-7970.0,-12961.0,-6553.0
-12951.0,-8521.0,-7314.0
-7214.0,-12883.0,-7323.0
-9291.0,-8288.0,-11153.0
-9033.0,-8646.0,-11172.0
-8636.0,-13011.0,-6011.0
-13032.0,-7684.0,-8143.0
-7629.0,-12912.0,-6951.0
-12847.0,-6910.0,-8649.0
-13002.0,-8015.0,-7769.0
-7452.0,-12857.0,-7442.0
-12935.0,-8843.0,-7468.0
-7155.0,-12862.0,-7351.0
-9053.0,-8441.0,-11203.0
-8163.0,-9542.0,-11008.0
-7950.0,-12904.0,-6967.0
-12948.0,-7229.0,-8388.0
-12784.0,-9367.0,-6640.0
-12822.0,-8940.0,-7150.0
-9060.0,-12944.0,-6648.0
-7559.0,-12902.0,-7010.0
-8662.0,-12996.0,-6053.0
-8005.0,-12881.0,-7022.0
-8945.0,-12990.0,-6043.0
-9568.0,-8289.0,-11148.0
-9534.0,-8361.0,-11143.0
-12758.0,-9554.0,-6515.0
-12913.0,-7384.0,-8417.0
-13002.0,-7944.0,-7777.0
-8714.0,-8948.0,-11100.0
-9504.0,-7870.0,-11232.0
-8616.0,-8985.0,-11086.0
-8444.0,-9289.0,-11120.0
-8911.0,-8957.0,-11082.0
-12979.0,-7874.0,-8135.0
-8658.0,-12927.0,-6817.0
-12742.0,-9399.0,-6888.0
-8386.0,-9311.0,-11091.0
-8242.0,-10090.0,-10818.0
-8827.0,-8993.0,-11077.0
-10102.0,-7434.0,-11058.0
-10347.0,-7405.0,-10908.0
-9210.0,-12918.0,-5430.0
-9199.0,-12908.0,-5698.0
-8347.0,-9336.0,-11086.0
-8260.0,-9400.0,-11067.0
-8154.0,-9578.0,-11001.0
-8316.0,-9406.0,-10986.0
-12971.0,-8051.0,-7854.0
-7580.0,-12868.0,-7127.0
-7005.0,-12721.0,-7704.0
-8599.0,-12960.0,-6065.0
-12728.0,-9483.0,-6524.0
-8597.0,-9346.0,-11037.0
-8793.0,-9065.0,-11072.0
-8151.0,-9637.0,-10983.0
-8553.0,-12946.0,-6246.0
-8331.0,-9586.0,-10985.0
-12727.0,-9876.0,-7414.0
-7920.0,-10108.0,-10796.0
-9175.0,-8425.0,-11117.0
-6944.0,-12719.0,-7716.0
-12763.0,-9316.0,-7116.0
-7548.0,-12918.0,-7093.0
-12809.0,-8962.0,-7192.0
-7681.0,-12841.0,-7083.0
-8602.0,-9248.0,-11096.0
-12782.0,-6745.0,-8720.0
-7565.0,-12852.0,-7227.0
-7888.0,-10158.0,-10762.0
-9428.0,-8245.0,-11150.0
-8999.0,-8718.0,-11167.0
-12958.0,-8073.0,-7896.0
-9882.0,-7468.0,-11056.0
-8655.0,-9324.0,-11066.0
-12799.0,-9027.0,-7005.0
-7111.0,-12760.0,-7499.0
-12953.0,-8086.0,-7817.0
-9179.0,-8429.0,-11110.0
-10167.0,-7255.0,-10986.0
-12750.0,-9338.0,-7158.0
-9615.0,-8368.0,-11076.0
-8354.0,-9359.0,-10984.0
-12941.0,-8102.0,-7782.0
-9249.0,-8591.0,-11076.0
-9668.0,-7834.0,-11149.0
-9848.0,-7540.0,-11051.0
-7156.0,-12730.0,-7604.0
-8429.0,-9438.0,-10971.0
-12949.0,-7584.0,-8215.0
-12935.0,-8288.0,-7756.0
-8054.0,-9774.0,-10927.0
-12944.0,-7277.0,-8340.0
-9376.0,-12886.0,-5488.0
-12836.0,-8906.0,-7116.0
-12966.0,-7896.0,-8177.0
-7524.0,-10230.0,-10760.0
-7620.0,-12829.0,-7282.0
-12794.0,-9209.0,-7039.0
-8284.0,-9787.0,-10895.0
-9849.0,-7614.0,-11025.0
-9850.0,-7518.0,-11022.0
-12834.0,-8924.0,-7185.0
-9956.0,-7634.0,-11015.0
-7444.0,-12756.0,-7497.0
-12936.0,-7747.0,-8255.0
-7958.0,-9801.0,-10880.0
-12929.0,-7308.0,-8309.0
-8037.0,-12831.0,-7056.0
-12895.0,-8557.0,-7474.0
-8761.0,-9115.0,-11038.0
-7962.0,-9805.0,-10873.0
-10214.0,-7334.0,-10914.0
-12772.0,-8993.0,-7098.0
-7686.0,-12817.0,-7098.0
-12887.0,-8465.0,-7827.0
-12769.0,-6767.0,-8762.0
-9715.0,-7913.0,-11077.0
-7479.0,-12852.0,-7316.0
-9568.0,-12804.0,-5222.0
-9581.0,-8440.0,-11071.0
-12923.0,-7769.0,-8297.0
-9210.0,-12897.0,-5494.0
-7737.0,-12807.0,-7183.0
-8342.0,-9454.0,-10959.0
-9580.0,-12800.0,-4965.0
-12882.0,-8478.0,-7748.0
-12890.0,-8154.0,-7989.0
-10482.0,-7010.0,-10853.0
-12768.0,-9134.0,-7082.0
-8462.0,-9453.0,-10948.0
-8061.0,-12893.0,-6845.0
-12928.0,-8124.0,-7824.0
-7297.0,-12691.0,-7568.0
-8340.0,-9529.0,-10951.0
-12869.0,-8500.0,-7790.0
-7851.0,-10252.0,-10736.0
-8676.0,-9255.0,-11016.0
-9462.0,-8173.0,-11155.0
-8640.0,-9473.0,-10917.0
-12922.0,-8310.0,-7798.0
-9571.0,-8019.0,-11119.0
-12791.0,-8919.0,-7222.0
-12861.0,-8677.0,-7509.0
-12729.0,-6811.0,-8949.0
-7090.0,-12689.0,-7630.0
-8503.0,-9393.0,-10946.0
-8972.0,-9150.0,-10984.0
-8553.0,-9489.0,-10905.0
-8945.0,-8885.0,-11087.0
-9825.0,-7639.0,-11002.0
-6507.0,-12561.0,-8122.0
-8795.0,-9043.0,-11043.0
-9255.0,-8454.0,-11063.0
-10094.0,-7665.0,-10986.0
-8827.0,-9020.0,-11032.0
-9190.0,-8967.0,-11042.0
-13014.0,-7719.0,-8106.0
-12900.0,-7406.0,-8459.0
-8551.0,-9564.0,-10897.0
-9288.0,-8497.0,-11049.0
-8020.0,-12801.0,-7173.0
-12755.0,-9156.0,-7124.0
-9038.0,-9028.0,-11023.0
-7484.0,-12807.0,-7476.0
-12787.0,-8916.0,-7249.0
-12906.0,-8078.0,-7881.0
-7207.0,-12687.0,-7754.0
-12751.0,-9082.0,-7159.0
-7676.0,-12795.0,-7382.0
-12667.0,-10108.0,-6137.0
-9225.0,-8616.0,-11053.0
-12767.0,-6881.0,-8703.0
-7015.0,-12699.0,-7848.0
-10060.0,-7737.0,-10981.0
-12852.0,-8552.0,-7511.0
-9135.0,-12902.0,-5813.0
-8698.0,-9185.0,-10984.0
-12847.0,-8734.0,-7545.0
-12931.0,-8336.0,-7708.0
-8772.0,-9351.0,-10943.0
-9004.0,-9100.0,-11018.0
-12789.0,-6927.0,-8646.0
-7766.0,-12799.0,-7196.0
-8621.0,-9367.0,-10937.0
-8059.0,-12862.0,-6952.0
-12787.0,-8845.0,-7257.0
-9362.0,-8663.0,-11008.0
-12772.0,-8872.0,-8087.0
-12774.0,-7320.0,-8649.0
-12654.0,-10130.0,-6179.0
-8866.0,-9229.0,-10961.0
-8374.0,-9692.0,-10863.0
-8557.0,-12798.0,-7238.0
-9256.0,-8547.0,-11015.0
-12895.0,-7419.0,-8380.0
-12758.0,-8956.0,-7723.0
-7042.0,-12694.0,-7722.0
-12743.0,-8974.0,-7376.0
-12888.0,-8209.0,-7828.0
-12849.0,-7603.0,-8338.0
-12817.0,-8585.0,-7623.0
-7204.0,-12501.0,-8286.0
-12877.0,-8176.0,-8031.0
-12732.0,-9295.0,-7188.0
-8066.0,-12893.0,-6823.0
-6734.0,-12500.0,-8306.0
-7735.0,-10265.0,-10706.0
-12769.0,-8873.0,-7279.0
-8071.0,-12869.0,-6838.0
-12918.0,-8358.0,-7750.0
-9664.0,-8226.0,-11036.0
-8093.0,-12843.0,-6879.0
-9839.0,-7753.0,-10976.0
-7314.0,-12674.0,-7555.0
-7499.0,-12658.0,-7625.0
-7704.0,-12535.0,-8065.0
-9244.0,-8689.0,-11017.0
-12738.0,-6899.0,-8719.0
-6357.0,-12496.0,-8386.0
-9899.0,-7805.0,-10961.0
-8103.0,-12819.0,-6872.0
-8719.0,-9330.0,-10951.0
-7386.0,-12671.0,-7502.0
-6883.0,-12525.0,-8092.0
-12761.0,-7342.0,-8691.0
-8476.0,-12799.0,-6906.0
-7321.0,-12670.0,-7511.0
-12875.0,-8231.0,-7870.0
-12817.0,-7447.0,-8529.0
-8723.0,-9334.0,-10944.0
-8542.0,-9629.0,-10830.0
-12847.0,-8027.0,-8109.0
-7316.0,-12661.0,-7561.0
-8155.0,-12781.0,-7407.0
-8098.0,-12819.0,-6894.0
-9475.0,-8626.0,-11004.0
-9705.0,-8166.0,-11034.0
-12860.0,-8712.0,-7503.0
-8057.0,-12637.0,-7771.0
-12815.0,-7502.0,-8368.0
-12661.0,-10158.0,-6128.0
-9864.0,-8156.0,-10950.0
-6878.0,-12525.0,-8114.0
-12814.0,-8598.0,-7581.0
-8739.0,-9259.0,-10947.0
-12725.0,-6921.0,-8761.0
-12804.0,-8607.0,-7665.0
-8187.0,-12653.0,-7695.0
-8340.0,-9764.0,-10858.0
-7239.0,-12637.0,-7788.0
-9212.0,-8739.0,-10983.0
-12844.0,-8338.0,-7947.0
-7635.0,-12749.0,-7433.0
-12783.0,-8705.0,-7658.0
-12852.0,-7292.0,-8500.0
-12804.0,-7469.0,-8571.0
-7033.0,-12606.0,-7952.0
-10141.0,-7744.0,-10914.0
-7469.0,-10497.0,-10683.0
-8832.0,-9402.0,-10883.0
-12814.0,-7758.0,-8367.0
-9291.0,-8768.0,-10945.0
-8585.0,-9727.0,-10809.0
-9779.0,-8332.0,-10993.0
-10448.0,-7082.0,-10848.0
-10107.0,-7816.0,-10909.0
-7558.0,-12747.0,-7435.0
-7563.0,-12723.0,-7450.0
-6975.0,-12648.0,-7869.0
-9685.0,-12728.0,-6395.0
-8091.0,-12592.0,-8044.0
-12803.0,-7571.0,-8373.0
-12711.0,-7266.0,-8737.0
-12785.0,-7791.0,-8261.0
-9296.0,-8670.0,-11004.0
-8553.0,-12686.0,-7483.0
-12802.0,-7524.0,-8410.0
-12687.0,-9946.0,-6446.0
-9536.0,-8339.0,-11114.0
-9888.0,-7850.0,-10909.0
-9077.0,-9264.0,-10907.0
-8148.0,-10137.0,-10727.0
-12791.0,-8528.0,-7939.0
-7494.0,-12703.0,-7465.0
-12716.0,-6833.0,-8991.0
-7595.0,-12673.0,-7484.0
-12821.0,-7641.0,-8298.0
-8551.0,-9799.0,-10804.0
-12764.0,-7883.0,-8206.0
-12834.0,-8049.0,-8151.0
-7595.0,-12698.0,-7454.0
-7518.0,-12696.0,-7456.0
-8016.0,-10224.0,-10686.0
-12665.0,-7130.0,-8789.0
-8467.0,-9835.0,-10799.0
-10165.0,-7851.0,-10904.0
-9219.0,-8896.0,-10916.0
-10131.0,-7923.0,-10899.0
-8819.0,-9430.0,-10871.0
-10553.0,-7196.0,-10771.0
-7707.0,-12647.0,-7696.0
-7237.0,-12646.0,-7716.0
-10378.0,-7298.0,-10831.0
-9646.0,-8261.0,-10999.0
-9132.0,-8989.0,-11013.0
-8592.0,-9548.0,-10807.0
-12792.0,-7712.0,-8424.0
-12790.0,-8173.0,-8112.0
-12778.0,-8718.0,-7579.0
-12751.0,-7905.0,-8248.0
-9673.0,-8216.0,-11000.0
-12839.0,-8351.0,-7868.0
-8704.0,-9479.0,-10802.0
-12779.0,-8294.0,-7982.0
-9409.0,-8742.0,-10936.0
-8708.0,-9483.0,-10795.0
-8800.0,-9452.0,-10849.0
-6498.0,-12473.0,-8352.0
-8433.0,-9907.0,-10794.0
-8673.0,-9496.0,-10793.0
-12650.0,-8582.0,-8958.0
-12826.0,-8373.0,-7910.0
-9259.0,-8818.0,-10911.0
-9006.0,-9078.0,-10989.0
-9521.0,-8488.0,-10965.0
-9038.0,-9036.0,-10922.0
-12779.0,-7734.0,-8466.0
-9827.0,-12705.0,-5244.0
-7980.0,-10371.0,-10673.0
-10603.0,-7255.0,-10740.0
-7510.0,-10547.0,-10553.0
-8647.0,-9501.0,-10785.0
-12747.0,-8046.0,-8232.0
-8603.0,-9509.0,-10783.0
-12822.0,-8421.0,-7862.0
-10418.0,-7591.0,-10826.0
-8672.0,-9529.0,-10768.0
-9887.0,-7946.0,-10894.0
-7721.0,-10582.0,-10499.0
-8498.0,-12709.0,-7428.0
-12717.0,-7804.0,-8278.0
-8957.0,-9299.0,-10835.0
-9518.0,-8508.0,-10924.0
-10215.0,-7910.0,-10873.0
-8635.0,-9596.0,-10760.0
-9100.0,-9037.0,-10906.0
-9287.0,-8816.0,-10897.0
-9249.0,-9071.0,-10868.0
-9875.0,-8269.0,-10881.0
-12712.0,-8201.0,-8261.0
-10305.0,-7708.0,-10831.0
-9543.0,-8449.0,-10913.0
-10019.0,-8066.0,-10876.0
-9518.0,-8753.0,-10884.0
-12771.0,-7631.0,-8487.0
-12712.0,-8007.0,-8453.0
-9568.0,-8567.0,-10893.0
-7259.0,-10871.0,-10398.0
-10089.0,-7689.0,-10971.0
-9583.0,-8418.0,-11042.0
-9747.0,-8382.0,-10959.0
-9466.0,-8773.0,-10851.0
-12670.0,-9315.0,-7981.0
-9175.0,-9116.0,-10893.0
-7562.0,-10606.0,-10498.0
-8851.0,-9378.0,-10812.0
-10425.0,-7181.0,-10799.0
-8282.0,-9992.0,-10709.0
-10693.0,-7053.0,-10698.0
-9826.0,-8411.0,-10921.0
-9255.0,-8866.0,-10863.0
-9300.0,-8936.0,-10826.0
-9339.0,-9580.0,-10754.0
-9832.0,-12681.0,-5259.0
-9208.0,-9131.0,-10870.0
-12743.0,-8094.0,-8184.0
-12749.0,-7585.0,-8544.0
-9281.0,-8819.0,-10855.0
-10495.0,-7161.0,-10776.0
-9436.0,-8659.0,-10898.0
-8725.0,-9477.0,-10780.0
-8889.0,-9433.0,-10798.0
-8261.0,-10209.0,-10659.0
-12736.0,-7607.0,-8586.0
-9334.0,-8895.0,-10825.0
-9712.0,-12669.0,-6479.0
-7682.0,-10675.0,-10465.0
-9794.0,-8461.0,-10887.0
-10168.0,-7581.0,-10875.0
-8639.0,-9627.0,-10735.0
-6584.0,-11556.0,-9689.0
-8764.0,-9460.0,-10758.0
-7583.0,-12454.0,-8318.0
-8325.0,-9913.0,-10709.0
-12724.0,-8927.0,-8241.0
-12659.0,-7410.0,-8652.0
-8326.0,-10122.0,-10681.0
-12725.0,-8793.0,-8159.0
-10006.0,-8710.0,-10866.0
-9120.0,-9370.0,-10785.0
-8002.0,-10450.0,-10558.0
-9375.0,-8800.0,-10808.0
-8743.0,-9715.0,-10686.0
-6157.0,-11744.0,-9466.0
-7397.0,-10910.0,-10376.0
-9550.0,-9615.0,-10700.0
-8798.0,-9460.0,-10755.0
-12661.0,-7178.0,-8741.0
-8064.0,-10266.0,-10593.0
-8379.0,-10101.0,-10669.0
-12652.0,-7331.0,-8761.0
-9351.0,-8822.0,-10782.0
-10425.0,-7377.0,-10759.0
-8248.0,-10064.0,-10704.0
-9088.0,-9132.0,-10881.0
-7965.0,-10520.0,-10524.0
-9086.0,-9442.0,-10780.0
-12655.0,-7458.0,-8604.0
-8969.0,-9270.0,-10822.0
-7699.0,-10715.0,-10458.0
-9086.0,-9207.0,-10873.0
-9077.0,-9272.0,-10806.0
-9355.0,-8826.0,-10775.0
-9464.0,-8793.0,-10787.0
-9470.0,-8828.0,-10774.0
-7721.0,-10911.0,-10349.0
-7212.0,-11017.0,-10328.0
-9548.0,-8831.0,-10764.0
-12576.0,-8416.0,-8999.0
-9273.0,-8976.0,-10811.0
-12665.0,-7928.0,-8525.0
-9352.0,-8936.0,-10764.0
-8551.0,-9867.0,-10662.0
-9255.0,-9210.0,-10798.0
-7895.0,-11511.0,-9738.0
-8435.0,-9885.0,-10765.0
-8140.0,-10312.0,-10580.0
-8585.0,-9756.0,-10710.0
-9302.0,-8945.0,-10791.0
-9430.0,-8939.0,-10761.0
-9326.0,-9031.0,-10779.0
-8597.0,-9930.0,-10658.0
-10426.0,-7953.0,-10718.0
-10496.0,-7367.0,-10717.0
-6515.0,-11536.0,-9704.0
-10181.0,-7982.0,-10868.0
-8669.0,-9759.0,-10672.0
-8026.0,-10737.0,-10434.0
-8570.0,-9876.0,-10660.0
-7519.0,-10912.0,-10322.0
-7668.0,-10921.0,-10300.0
-8536.0,-9948.0,-10655.0
-12699.0,-8223.0,-8303.0
-8172.0,-10522.0,-10462.0
-9020.0,-12893.0,-6669.0
-7382.0,-11059.0,-10227.0
-6500.0,-11685.0,-9555.0
-8076.0,-10366.0,-10569.0
-7910.0,-10750.0,-10404.0
-8515.0,-10014.0,-10649.0
-9169.0,-12827.0,-6678.0
-9217.0,-9121.0,-10834.0
-9075.0,-12795.0,-6797.0
-9479.0,-8786.0,-10778.0
-10178.0,-8002.0,-10827.0
-9437.0,-8965.0,-10756.0
-8796.0,-9770.0,-10654.0
-9582.0,-8759.0,-10769.0
-10066.0,-8145.0,-10804.0
-12688.0,-8036.0,-8309.0
-8817.0,-9635.0,-10685.0
-8678.0,-9878.0,-10644.0
-8153.0,-10215.0,-10574.0
-12684.0,-8611.0,-8440.0
-10300.0,-7732.0,-10816.0
-9471.0,-8893.0,-10761.0
-8146.0,-10319.0,-10545.0
-9345.0,-9008.0,-10756.0
-8688.0,-12794.0,-6866.0
-10461.0,-7718.0,-10706.0
-8214.0,-10219.0,-10539.0
-8233.0,-10213.0,-10555.0
-8783.0,-9707.0,-10680.0
-8227.0,-10267.0,-10531.0
-10600.0,-7275.0,-10699.0
-10246.0,-7803.0,-10796.0
-8267.0,-10141.0,-10560.0
-10311.0,-7847.0,-10761.0
-8420.0,-10034.0,-10616.0
-9419.0,-9174.0,-10715.0
-8443.0,-10204.0,-10536.0
-10352.0,-7787.0,-10759.0
-8213.0,-10485.0,-10504.0
-12281.0,-10647.0,-7152.0
-6444.0,-11719.0,-9455.0
-8726.0,-10049.0,-10595.0
-8562.0,-12774.0,-7253.0
-9516.0,-8881.0,-10730.0
-10075.0,-8168.0,-10801.0
-8101.0,-10336.0,-10544.0
-10606.0,-8252.0,-10663.0
-8673.0,-12778.0,-6966.0
-9822.0,-8459.0,-10873.0
-10286.0,-8096.0,-10791.0
-8404.0,-10067.0,-10573.0
-8517.0,-12747.0,-7259.0
-9439.0,-8943.0,-10727.0
-8914.0,-9744.0,-10645.0
-9511.0,-8905.0,-10715.0
-9586.0,-8763.0,-10762.0
-8522.0,-12723.0,-7274.0
-8096.0,-10360.0,-10529.0
-7618.0,-11737.0,-9435.0
-9651.0,-8721.0,-10743.0
-9550.0,-8809.0,-10735.0
-8762.0,-9902.0,-10608.0
-9563.0,-8971.0,-10710.0
-9675.0,-8828.0,-10733.0
-9709.0,-8756.0,-10738.0
-8364.0,-10250.0,-10520.0
-10376.0,-7894.0,-10749.0
-7801.0,-10946.0,-10164.0
-9545.0,-8833.0,-10720.0
-12399.0,-7185.0,-9154.0
-8646.0,-9928.0,-10610.0
-12657.0,-9337.0,-8023.0
-12386.0,-7207.0,-9196.0
-10072.0,-8188.0,-10760.0
-10212.0,-7930.0,-10832.0
-9135.0,-12781.0,-6802.0
-7653.0,-11070.0,-10151.0
-8270.0,-10297.0,-10429.0
-8618.0,-10055.0,-10510.0
-8878.0,-12769.0,-6852.0
-8217.0,-10318.0,-10441.0
-10009.0,-8284.0,-10733.0
-12656.0,-9399.0,-7617.0
-8500.0,-10163.0,-10500.0
-10122.0,-8247.0,-10729.0
-9514.0,-12828.0,-6439.0
-10085.0,-9258.0,-10676.0
-8594.0,-12770.0,-7079.0
-8369.0,-10374.0,-10425.0
-8803.0,-9797.0,-10569.0
-8921.0,-9661.0,-10577.0
-8861.0,-12749.0,-6960.0
-8977.0,-9638.0,-10540.0
-10118.0,-8295.0,-10681.0
-8827.0,-9747.0,-10549.0
-8839.0,-9897.0,-10534.0
-8631.0,-10077.0,-10461.0
-12653.0,-9710.0,-7455.0
-8786.0,-9821.0,-10564.0
-8649.0,-12747.0,-7134.0
-10230.0,-8109.0,-10721.0
-7816.0,-10797.0,-10313.0
-9028.0,-9678.0,-10530.0
-10814.0,-7298.0,-10585.0
-12356.0,-7058.0,-9274.0
-8438.0,-10230.0,-10485.0
-8515.0,-10159.0,-10453.0
-9729.0,-8796.0,-10729.0
-8913.0,-9818.0,-10533.0
-12241.0,-10717.0,-6184.0
-8119.0,-10532.0,-10413.0
-8711.0,-10198.0,-10446.0
-9741.0,-9716.0,-10517.0
-12643.0,-9421.0,-7659.0
-8481.0,-10231.0,-10448.0
-8256.0,-10554.0,-10325.0
-9750.0,-8727.0,-10679.0
-8428.0,-10353.0,-10387.0
-8270.0,-10394.0,-10411.0
-12234.0,-10689.0,-6235.0
-12583.0,-10401.0,-7099.0
-7956.0,-10840.0,-10228.0
-9046.0,-12733.0,-7030.0
-7621.0,-11120.0,-10117.0
-9677.0,-8806.0,-10704.0
-12606.0,-9631.0,-7527.0
-8734.0,-9941.0,-10509.0
-8066.0,-10639.0,-10325.0
-8396.0,-10403.0,-10353.0
-8762.0,-9910.0,-10507.0
-9033.0,-9718.0,-10484.0
-9111.0,-9735.0,-10483.0
-10081.0,-12541.0,-6392.0
-8781.0,-9919.0,-10505.0
-8749.0,-9969.0,-10471.0
-10423.0,-7973.0,-10677.0
-8960.0,-9897.0,-10461.0
-12197.0,-10736.0,-6300.0
-8899.0,-9893.0,-10496.0
-10843.0,-7365.0,-10552.0
-8143.0,-10588.0,-10298.0
-8446.0,-10234.0,-10371.0
-8689.0,-10055.0,-10490.0
-7840.0,-10853.0,-10198.0
-8973.0,-9945.0,-10453.0
-8617.0,-10245.0,-10355.0
-7840.0,-11182.0,-10048.0
-8568.0,-10325.0,-10344.0
-8309.0,-10533.0,-10313.0
-10115.0,-8315.0,-10640.0
-11023.0,-7515.0,-10474.0
-8750.0,-12729.0,-7062.0
-10142.0,-8324.0,-10628.0
-9107.0,-12745.0,-6831.0
-12551.0,-9932.0,-7217.0
-8178.0,-10496.0,-10348.0
-8792.0,-10037.0,-10411.0
-10778.0,-7544.0,-10624.0
-12580.0,-9452.0,-7926.0
-8467.0,-10589.0,-10271.0
-8592.0,-12733.0,-7215.0
-8104.0,-10681.0,-10264.0
-10165.0,-8374.0,-10609.0
-8589.0,-12639.0,-7569.0
-8666.0,-12681.0,-7268.0
-9001.0,-9768.0,-10450.0
-9051.0,-12733.0,-7008.0
-12157.0,-10685.0,-6321.0
-7769.0,-10996.0,-10130.0
-12557.0,-9773.0,-7567.0
-8341.0,-10426.0,-10298.0
-8609.0,-12696.0,-7155.0
-8743.0,-12675.0,-7172.0
-12155.0,-10666.0,-6719.0
-8203.0,-10564.0,-10276.0
-8904.0,-10017.0,-10401.0
-8145.0,-10607.0,-10249.0
-7471.0,-11190.0,-9940.0
-12509.0,-10235.0,-7140.0
-10295.0,-8529.0,-10602.0
-9117.0,-9742.0,-10448.0
-7551.0,-11223.0,-9911.0
-9054.0,-9835.0,-10437.0
-10666.0,-7687.0,-10601.0
-8143.0,-10917.0,-10148.0
-8354.0,-10523.0,-10276.0
-8166.0,-10634.0,-10242.0
-8737.0,-10062.0,-10373.0
-8824.0,-10046.0,-10385.0
-8527.0,-10362.0,-10302.0
-8070.0,-10744.0,-10224.0
-12628.0,-9397.0,-7772.0
-8072.0,-10731.0,-10230.0
-8006.0,-10798.0,-10213.0
-12526.0,-9840.0,-7666.0
-8466.0,-10380.0,-10299.0
-8714.0,-10110.0,-10372.0
-8227.0,-10851.0,-10152.0
-8735.0,-10137.0,-10365.0
-8265.0,-10590.0,-10244.0
-8792.0,-10096.0,-10351.0
-7732.0,-11090.0,-10104.0
-8760.0,-12705.0,-7055.0
-12499.0,-9946.0,-7344.0
-7514.0,-11237.0,-9900.0
-8134.0,-10684.0,-10208.0
-12677.0,-8848.0,-8313.0
-11055.0,-6967.0,-10442.0
-9006.0,-12682.0,-7051.0
-7378.0,-11798.0,-9330.0
-8181.0,-10610.0,-10232.0
-6578.0,-11811.0,-9280.0
-8644.0,-12616.0,-7624.0
-12482.0,-9969.0,-7785.0
-6644.0,-11836.0,-9252.0
-7398.0,-11280.0,-9897.0
-12623.0,-9236.0,-8053.0
-9081.0,-9889.0,-10435.0
-8805.0,-10037.0,-10387.0
-12512.0,-9924.0,-7302.0
-8948.0,-12666.0,-7058.0
-8889.0,-12645.0,-7086.0
-8414.0,-10599.0,-10222.0
-8076.0,-10751.0,-10189.0
-8163.0,-10645.0,-10199.0
-8674.0,-10204.0,-10341.0
-8035.0,-10825.0,-10204.0
-8649.0,-10273.0,-10330.0
-8373.0,-10636.0,-10180.0
-9172.0,-12753.0,-6643.0
-12588.0,-9666.0,-7490.0
-12468.0,-10053.0,-7421.0
-9584.0,-12725.0,-6645.0
-7941.0,-10989.0,-10079.0
-8277.0,-10682.0,-10170.0
-10669.0,-8353.0,-10586.0
-8751.0,-10100.0,-10337.0
-8664.0,-12667.0,-7285.0
-8906.0,-12631.0,-7113.0
-10672.0,-7730.0,-10557.0
-8844.0,-10176.0,-10289.0
-11131.0,-7129.0,-10375.0
-9409.0,-9861.0,-10426.0
-9239.0,-12724.0,-6884.0
-9115.0,-10052.0,-10347.0
-10776.0,-7638.0,-10539.0
-12622.0,-9370.0,-8135.0
-8580.0,-10417.0,-10270.0
-9156.0,-9723.0,-10452.0
-12348.0,-7462.0,-9167.0
-9016.0,-10072.0,-10333.0
-7461.0,-11247.0,-9851.0
-8691.0,-12640.0,-7252.0
-8585.0,-10295.0,-10321.0
-8204.0,-12587.0,-7829.0
-8720.0,-10159.0,-10342.0
-8572.0,-12649.0,-7387.0
-9016.0,-9975.0,-10351.0
-8051.0,-10788.0,-10176.0
-7825.0,-11002.0,-10049.0
-7366.0,-11330.0,-9863.0
-8658.0,-10229.0,-10265.0
-7770.0,-11285.0,-9842.0
-8726.0,-10202.0,-10298.0
-8568.0,-12606.0,-7634.0
-10653.0,-8331.0,-10591.0
-9116.0,-12630.0,-7236.0
-8601.0,-10282.0,-10301.0
-8810.0,-10226.0,-10262.0
-9227.0,-9909.0,-10370.0
-7649.0,-11809.0,-9254.0
-8692.0,-10334.0,-10252.0
-12636.0,-8666.0,-8594.0
-7596.0,-11416.0,-9836.0
-10193.0,-8872.0,-10577.0
-12513.0,-9862.0,-7708.0
-8626.0,-12630.0,-7289.0
-8259.0,-12564.0,-7884.0
-8700.0,-12628.0,-7447.0
-7968.0,-12506.0,-8058.0
-10890.0,-7444.0,-10480.0
-7702.0,-12452.0,-8080.0
-11025.0,-7129.0,-10432.0
-8656.0,-10481.0,-10239.0
-11054.0,-7408.0,-10397.0
-8106.0,-12443.0,-8193.0
-12413.0,-10298.0,-7252.0
-12111.0,-6846.0,-9553.0
-10719.0,-7809.0,-10485.0
-7662.0,-11193.0,-9898.0
-9646.0,-12681.0,-6663.0
-8851.0,-10099.0,-10279.0
-12609.0,-9392.0,-8177.0
-8713.0,-10240.0,-10251.0
-12553.0,-9186.0,-8571.0
-8958.0,-10102.0,-10275.0
-7667.0,-11218.0,-9892.0
-7673.0,-11225.0,-9857.0
-9244.0,-12664.0,-6832.0
-8812.0,-10317.0,-10247.0
-9690.0,-12633.0,-6714.0
-8528.0,-12555.0,-7655.0
-8212.0,-11000.0,-10003.0
-8845.0,-12619.0,-7312.0
-7858.0,-12087.0,-9037.0
-8924.0,-10174.0,-10270.0
-9162.0,-12722.0,-6886.0
-9145.0,-12692.0,-7003.0
-8294.0,-10682.0,-10164.0
-7991.0,-10947.0,-10064.0
-9103.0,-12633.0,-7076.0
-8267.0,-10733.0,-10080.0
-7853.0,-11028.0,-9993.0
-10877.0,-7730.0,-10446.0
-7703.0,-11485.0,-9790.0
-8659.0,-12536.0,-7775.0
-8507.0,-10491.0,-10162.0
-7906.0,-11007.0,-9981.0
-8389.0,-10665.0,-10110.0
-8096.0,-11013.0,-9973.0
-11162.0,-7022.0,-10298.0
-8623.0,-10544.0,-10150.0
-8180.0,-11050.0,-9969.0
-12575.0,-9291.0,-8207.0
-9639.0,-12627.0,-6773.0
-9121.0,-12630.0,-7214.0
-10611.0,-8634.0,-10514.0
-9055.0,-10211.0,-10235.0
-12562.0,-9313.0,-8249.0
-8399.0,-10748.0,-10073.0
-8692.0,-10400.0,-10210.0
-8548.0,-10487.0,-10154.0
-12478.0,-9895.0,-7820.0
-8064.0,-11063.0,-9939.0
-7742.0,-11201.0,-9864.0
-9755.0,-12625.0,-6601.0
-8769.0,-10329.0,-10178.0
-8641.0,-10630.0,-10090.0
-11236.0,-7172.0,-10277.0
-12347.0,-10381.0,-7428.0
-8736.0,-12578.0,-7474.0
-8858.0,-10268.0,-10169.0
-8245.0,-10752.0,-10054.0
-8693.0,-10336.0,-10160.0
-8125.0,-11073.0,-9914.0
-8711.0,-10351.0,-10149.0
-8320.0,-10809.0,-10050.0
-8565.0,-10566.0,-10121.0
-9480.0,-10047.0,-10344.0
-7787.0,-11517.0,-9653.0
-10685.0,-8800.0,-10473.0
-8027.0,-11157.0,-9913.0
-9661.0,-12601.0,-6814.0
-10819.0,-7765.0,-10419.0
-7416.0,-11529.0,-9653.0
-9177.0,-12642.0,-7037.0
-8816.0,-10422.0,-10146.0
-8138.0,-12393.0,-8227.0
-9206.0,-12674.0,-6937.0
-12477.0,-9587.0,-7934.0
-8165.0,-12532.0,-8003.0
-11101.0,-7291.0,-10365.0
-8805.0,-12568.0,-7333.0
-10715.0,-7857.0,-10437.0
-7686.0,-11578.0,-9633.0
-8588.0,-10640.0,-10041.0
-9806.0,-12622.0,-6570.0
-8330.0,-10892.0,-10013.0
-10732.0,-8879.0,-10401.0
-8346.0,-12382.0,-8298.0
-8476.0,-10677.0,-10041.0
-8912.0,-10312.0,-10164.0
-7834.0,-11294.0,-9828.0
-9115.0,-10060.0,-10246.0
-8761.0,-12537.0,-7458.0
-9269.0,-12591.0,-6933.0
-12107.0,-6894.0,-9505.0
-7331.0,-11997.0,-9147.0
-7699.0,-12358.0,-8434.0
-10895.0,-8071.0,-10399.0
-8752.0,-10476.0,-10135.0
-9076.0,-12579.0,-7257.0
-11132.0,-7184.0,-10288.0
-8274.0,-12484.0,-8035.0
-8262.0,-10831.0,-10021.0
-10889.0,-7544.0,-10402.0
-9242.0,-12650.0,-6849.0
-10719.0,-8248.0,-10415.0
-7602.0,-12008.0,-9071.0
-8198.0,-11246.0,-9838.0
-8923.0,-12531.0,-7357.0
-8583.0,-12457.0,-7783.0
-10094.0,-9346.0,-10446.0
-12094.0,-6916.0,-9547.0
-9716.0,-12578.0,-6869.0
-8576.0,-10684.0,-10027.0
-12531.0,-9420.0,-8326.0
-12434.0,-10024.0,-7939.0
-8367.0,-10798.0,-10039.0
-8643.0,-12443.0,-7788.0
-8781.0,-10503.0,-10126.0
-8478.0,-10768.0,-10026.0
-10999.0,-7979.0,-10381.0
-8681.0,-12441.0,-7814.0
-9965.0,-12552.0,-6536.0
-9523.0,-10153.0,-10222.0
-11126.0,-7153.0,-10360.0
-8202.0,-12458.0,-8052.0
-8927.0,-10288.0,-10154.0
-11282.0,-8362.0,-10229.0
-8847.0,-12523.0,-7469.0
-9182.0,-12618.0,-7052.0
-8829.0,-10325.0,-10140.0
-12063.0,-7023.0,-9624.0
-8671.0,-12578.0,-7493.0
-9184.0,-12587.0,-7224.0
-9259.0,-12584.0,-6983.0
-8759.0,-10522.0,-10100.0
-9015.0,-10226.0,-10151.0
-8880.0,-10362.0,-10130.0
-8638.0,-12434.0,-7838.0
-12429.0,-9642.0,-8088.0
-9702.0,-10238.0,-10134.0
-9395.0,-12566.0,-6905.0
-8703.0,-12528.0,-7527.0
-11114.0,-7465.0,-10283.0
-10161.0,-8922.0,-10543.0
-8943.0,-10251.0,-10126.0
-12078.0,-6894.0,-9552.0
-8285.0,-10905.0,-9941.0
-12347.0,-10310.0,-7436.0
-12465.0,-9917.0,-7862.0
-8289.0,-12431.0,-7933.0
-11067.0,-7363.0,-10360.0
-8041.0,-11296.0,-9766.0
-9240.0,-10804.0,-9965.0
-8687.0,-10550.0,-10035.0
-8456.0,-10787.0,-10000.0
-9584.0,-10346.0,-10124.0
-8176.0,-12340.0,-8399.0
-11174.0,-7256.0,-10255.0
-12300.0,-10302.0,-7500.0
-9254.0,-12575.0,-7033.0
-9220.0,-10418.0,-10122.0
-8384.0,-10815.0,-9935.0
-9839.0,-9434.0,-10436.0
-8236.0,-10939.0,-9922.0
-9137.0,-12591.0,-7058.0
-8312.0,-12427.0,-8025.0
-9173.0,-12530.0,-7282.0
-9146.0,-12589.0,-7198.0
-12506.0,-9107.0,-8643.0
-11101.0,-7487.0,-10325.0
-8556.0,-10690.0,-10007.0
-8809.0,-12511.0,-7477.0
-8388.0,-10819.0,-9928.0
-8753.0,-12499.0,-7682.0
-9314.0,-12561.0,-7038.0
-8608.0,-10693.0,-10001.0
-8382.0,-10841.0,-9916.0
-8521.0,-10709.0,-9989.0
-8691.0,-10554.0,-10028.0
-8253.0,-10955.0,-9907.0
-8479.0,-12406.0,-7919.0
-10150.0,-9157.0,-10497.0
-8822.0,-10429.0,-10111.0
-8665.0,-10569.0,-10009.0
-9100.0,-10201.0,-10198.0
-8946.0,-12497.0,-7315.0
-8902.0,-12519.0,-7358.0
-9254.0,-12484.0,-7430.0
-11066.0,-7642.0,-10354.0
-8797.0,-10466.0,-10098.0
-8498.0,-10757.0,-9988.0
-12095.0,-10837.0,-7051.0
-8305.0,-10958.0,-9901.0
-8394.0,-10862.0,-9884.0
-8197.0,-12482.0,-8037.0
-8718.0,-10534.0,-10007.0
-11067.0,-7386.0,-10355.0
-8669.0,-10585.0,-10002.0
-9194.0,-12563.0,-7217.0
-7849.0,-11270.0,-9818.0
-9188.0,-10468.0,-10088.0
-11134.0,-7515.0,-10252.0
-10289.0,-8809.0,-10465.0
-9187.0,-12487.0,-7304.0
-9505.0,-9798.0,-10314.0
-8737.0,-10625.0,-9986.0
-8865.0,-10535.0,-9989.0
-8519.0,-10784.0,-9981.0
-10194.0,-8863.0,-10450.0
-8561.0,-10833.0,-9878.0
-9400.0,-12545.0,-6947.0
-10682.0,-8820.0,-10432.0
-8218.0,-10974.0,-9889.0
-8808.0,-12476.0,-7737.0
-8497.0,-10887.0,-9867.0
-9310.0,-12541.0,-7133.0
-7598.0,-12305.0,-8467.0
-12290.0,-10100.0,-7693.0
-8344.0,-11031.0,-9866.0
-12272.0,-10473.0,-7282.0
-12474.0,-8638.0,-8761.0
-8722.0,-10528.0,-9995.0
-10197.0,-9236.0,-10425.0
-10213.0,-9258.0,-10420.0
-9399.0,-10503.0,-10034.0
-8133.0,-12438.0,-8067.0
-11203.0,-7238.0,-10239.0
-9491.0,-10203.0,-10188.0
-8637.0,-10635.0,-9968.0
-7937.0,-12279.0,-8509.0
-11704.0,-11307.0,-7099.0
-8195.0,-11022.0,-9888.0
-8216.0,-11049.0,-9881.0
-11169.0,-7280.0,-10240.0
-10226.0,-9725.0,-10266.0
-9944.0,-9504.0,-10402.0
-12529.0,-8337.0,-9071.0
-9600.0,-9962.0,-10243.0
-9077.0,-10521.0,-10012.0
-10374.0,-9077.0,-10412.0
-11312.0,-7334.0,-10210.0
-9549.0,-12495.0,-6974.0
-8800.0,-10622.0,-9967.0
-8349.0,-11011.0,-9854.0
-8860.0,-12470.0,-7461.0
-8993.0,-12449.0,-7499.0
-8465.0,-10937.0,-9833.0
-11664.0,-11377.0,-6131.0
-9400.0,-12566.0,-6883.0
-10062.0,-9396.0,-10412.0
-8674.0,-12387.0,-7924.0
-12432.0,-8941.0,-8684.0
-9760.0,-12530.0,-6920.0
-8208.0,-12290.0,-8433.0
-12256.0,-8199.0,-9332.0
-8420.0,-12385.0,-7947.0
-9657.0,-12489.0,-7059.0
-11662.0,-11358.0,-6529.0
-9493.0,-9893.0,-10289.0
-12355.0,-9476.0,-8129.0
-9025.0,-12443.0,-7515.0
-10748.0,-8901.0,-10396.0
-12226.0,-10136.0,-7541.0
-8272.0,-12401.0,-8050.0
-11314.0,-7814.0,-10197.0
-9789.0,-9661.0,-10363.0
-8221.0,-11088.0,-9773.0
-8238.0,-11128.0,-9766.0
-11097.0,-7535.0,-10277.0
-9170.0,-12436.0,-7636.0
-9220.0,-12529.0,-7157.0
-10793.0,-8414.0,-10374.0
-7989.0,-11313.0,-9733.0
-12241.0,-10486.0,-7170.0
-8388.0,-10946.0,-9802.0
-8342.0,-11094.0,-9758.0
-12395.0,-8792.0,-8704.0
-9419.0,-12515.0,-6940.0
-7769.0,-12255.0,-8640.0
-11030.0,-7808.0,-10264.0
-12387.0,-9945.0,-8011.0
-8472.0,-10983.0,-9798.0
-12184.0,-10397.0,-7731.0
-12234.0,-10568.0,-7224.0
-11586.0,-6607.0,-10091.0
-8399.0,-12373.0,-7948.0
-8729.0,-12364.0,-7979.0
-12295.0,-8742.0,-9118.0
-11486.0,-7106.0,-10158.0
-8183.0,-11395.0,-9689.0
-12303.0,-9559.0,-8363.0
-8823.0,-12396.0,-7888.0
-12223.0,-10105.0,-7566.0
-9270.0,-12490.0,-7154.0
-12346.0,-9512.0,-8122.0
-12210.0,-10127.0,-7608.0
-8541.0,-10839.0,-9858.0
-12347.0,-8847.0,-8858.0
-9704.0,-9928.0,-10235.0
-11551.0,-6927.0,-10086.0
-8529.0,-10883.0,-9844.0
-12245.0,-10428.0,-7287.0
-10155.0,-9539.0,-10348.0
-12457.0,-9254.0,-8367.0
-12232.0,-10422.0,-7303.0
-9331.0,-12482.0,-7246.0
-9782.0,-12566.0,-6685.0
-8751.0,-12338.0,-8020.0
-8376.0,-10990.0,-9788.0
-7511.0,-11668.0,-9481.0
-8504.0,-10933.0,-9832.0
-8603.0,-10816.0,-9844.0
-10942.0,-8150.0,-10327.0
-9486.0,-9926.0,-10263.0
-8356.0,-10996.0,-9768.0
-8814.0,-10851.0,-9790.0
-9766.0,-12571.0,-6591.0
-9447.0,-12471.0,-7102.0
-11560.0,-11617.0,-5962.0
-8379.0,-11011.0,-9735.0
-10147.0,-9177.0,-10456.0
-9791.0,-9611.0,-10346.0
-11329.0,-8441.0,-10157.0
-8046.0,-11276.0,-9754.0
-10133.0,-9582.0,-10330.0
-12197.0,-10615.0,-7289.0
-12150.0,-10629.0,-7371.0
-8329.0,-11180.0,-9717.0
-8169.0,-11248.0,-9698.0
-8696.0,-10959.0,-9780.0
-8201.0,-11198.0,-9732.0
-8437.0,-10989.0,-9764.0
-11564.0,-6905.0,-10044.0
-8547.0,-11079.0,-9713.0
-11822.0,-7027.0,-9817.0
-7998.0,-11552.0,-9599.0
-12053.0,-11140.0,-6974.0
-12080.0,-10708.0,-7554.0
-12392.0,-9203.0,-8461.0
-9995.0,-12514.0,-6538.0
-12313.0,-9779.0,-8052.0
-11345.0,-8463.0,-10152.0
-9864.0,-12508.0,-6631.0
-9191.0,-10813.0,-9808.0
-8677.0,-12329.0,-8059.0
-11598.0,-7006.0,-10014.0
-12361.0,-9317.0,-8479.0
-12255.0,-9614.0,-8517.0
-12392.0,-9210.0,-8402.0
-8768.0,-12425.0,-7758.0
-12268.0,-10054.0,-7750.0
-9465.0,-12463.0,-7111.0
-12387.0,-9216.0,-8382.0
-11599.0,-6585.0,-10049.0
-10015.0,-9690.0,-10320.0
-12188.0,-10322.0,-7455.0
-12374.0,-9238.0,-8424.0
-11374.0,-7249.0,-10135.0
-8026.0,-11445.0,-9617.0
-9358.0,-12423.0,-7330.0
-10840.0,-8493.0,-10302.0
-8879.0,-12408.0,-7683.0
-9753.0,-12550.0,-6710.0
-8691.0,-12417.0,-7807.0
-8531.0,-10986.0,-9726.0
-12255.0,-10076.0,-7792.0
-12295.0,-9807.0,-8074.0
-8297.0,-11230.0,-9683.0
-8394.0,-12327.0,-8144.0
-9978.0,-12528.0,-6511.0
-8580.0,-10972.0,-9750.0
-12146.0,-10625.0,-7378.0
-9748.0,-12419.0,-7200.0
-9830.0,-9847.0,-10230.0
-8686.0,-12417.0,-7829.0
-12048.0,-10758.0,-7123.0
-12124.0,-10579.0,-7435.0
-9787.0,-12506.0,-6633.0
-10267.0,-9092.0,-10355.0
-12248.0,-9728.0,-8146.0
-9826.0,-12482.0,-6669.0
-7857.0,-11798.0,-9325.0
-8449.0,-11163.0,-9712.0
-9833.0,-9714.0,-10299.0
-11390.0,-7976.0,-10130.0
-9955.0,-12463.0,-6559.0
-12226.0,-10094.0,-7808.0
-12295.0,-9736.0,-8082.0
-10341.0,-9258.0,-10314.0
-9264.0,-12460.0,-7423.0
-9811.0,-9997.0,-10189.0
-9770.0,-12476.0,-6750.0
-9881.0,-12459.0,-6724.0
-12248.0,-9321.0,-8727.0
-11450.0,-7411.0,-10068.0
-10864.0,-8600.0,-10292.0
-8841.0,-12382.0,-7721.0
-8494.0,-12326.0,-8070.0
-9821.0,-12473.0,-6719.0
-9130.0,-12385.0,-7657.0
-8260.0,-11324.0,-9657.0
-9918.0,-12431.0,-6565.0
-10445.0,-9166.0,-10296.0
-7810.0,-11763.0,-9383.0
-8549.0,-12303.0,-8125.0
-12260.0,-9432.0,-8483.0
-10065.0,-12411.0,-6744.0
-11988.0,-10835.0,-7317.0
-8846.0,-12358.0,-7736.0
-8361.0,-12233.0,-8447.0
-9734.0,-10188.0,-10168.0
-8871.0,-12341.0,-7734.0
-12279.0,-9214.0,-8650.0
-12111.0,-10601.0,-7477.0
-9470.0,-12463.0,-7089.0
-12221.0,-8576.0,-9159.0
-12209.0,-8120.0,-9404.0
-7891.0,-12181.0,-8734.0
-11983.0,-10859.0,-7302.0
-8930.0,-12367.0,-7667.0
-9617.0,-12438.0,-7080.0
-10889.0,-8351.0,-10262.0
-12177.0,-10104.0,-7941.0
-12247.0,-9862.0,-8228.0
-11521.0,-11533.0,-6559.0
-12014.0,-10720.0,-7738.0
-8001.0,-12219.0,-8493.0
-12344.0,-9258.0,-8615.0
-9802.0,-12426.0,-6784.0
-9095.0,-12340.0,-7721.0
-11494.0,-11700.0,-6138.0
-12141.0,-10270.0,-7851.0
-8985.0,-11014.0,-9711.0
-8408.0,-11200.0,-9670.0
-9431.0,-10453.0,-10068.0
-8187.0,-11444.0,-9567.0
-12225.0,-9119.0,-9023.0
-9401.0,-12379.0,-7452.0
-8711.0,-10935.0,-9770.0
-11922.0,-10918.0,-7493.0
-8490.0,-12282.0,-8153.0
-10226.0,-12474.0,-6483.0
-10190.0,-9283.0,-10334.0
-8828.0,-12336.0,-7836.0
-11487.0,-11672.0,-6189.0
-12268.0,-9832.0,-8075.0
-8831.0,-12290.0,-7755.0
-8400.0,-12278.0,-8339.0
-10900.0,-8453.0,-10250.0
-9055.0,-12289.0,-7742.0
-8355.0,-11210.0,-9621.0
-8432.0,-11256.0,-9555.0
-8727.0,-10898.0,-9742.0
-12082.0,-10619.0,-7493.0
-11818.0,-7075.0,-9769.0
-8511.0,-11116.0,-9690.0
-8448.0,-12160.0,-8536.0
-8843.0,-12287.0,-7916.0
-10196.0,-12429.0,-6525.0
-9853.0,-12423.0,-6753.0
-8780.0,-12370.0,-7920.0
-8333.0,-11229.0,-9595.0
-10181.0,-9319.0,-10327.0
-12211.0,-8207.0,-9229.0
-8113.0,-11498.0,-9483.0
-9361.0,-10885.0,-9712.0
-8988.0,-12277.0,-7743.0
-9797.0,-12417.0,-6834.0
-8855.0,-12277.0,-7920.0
-9257.0,-12384.0,-7510.0
-11511.0,-8221.0,-10017.0
-10790.0,-8434.0,-10333.0
-12198.0,-8229.0,-9271.0
-9215.0,-11100.0,-9684.0
-11494.0,-7098.0,-10032.0
-8090.0,-12164.0,-8505.0
-8011.0,-12219.0,-8468.0
-11805.0,-7097.0,-9811.0
-11775.0,-6948.0,-9889.0
-9410.0,-12345.0,-7207.0
-8468.0,-11282.0,-9553.0
-9245.0,-12273.0,-7790.0
-10264.0,-9449.0,-10293.0
-12046.0,-8091.0,-9461.0
-9720.0,-12479.0,-6941.0
-12339.0,-9271.0,-8536.0
-10689.0,-8912.0,-10228.0
-8016.0,-12195.0,-8483.0
-9449.0,-12324.0,-7298.0
-9857.0,-12403.0,-6839.0
-11447.0,-11621.0,-6210.0
-8223.0,-12141.0,-8582.0
-10118.0,-9731.0,-10181.0
-8330.0,-12289.0,-8311.0
-12174.0,-8497.0,-9231.0
-8244.0,-11344.0,-9613.0
-8393.0,-12183.0,-8481.0
-7957.0,-11589.0,-9557.0
-10269.0,-9831.0,-10144.0
-10582.0,-9029.0,-10200.0
-10158.0,-9333.0,-10300.0
-8532.0,-11228.0,-9564.0
-8474.0,-11122.0,-9585.0
-12326.0,-9293.0,-8578.0
-8692.0,-12249.0,-8210.0
-12199.0,-9870.0,-8186.0
-12155.0,-9989.0,-7991.0
-8516.0,-11135.0,-9577.0
-11774.0,-7204.0,-9888.0
-9731.0,-12429.0,-7018.0
-12151.0,-9925.0,-8340.0
-11429.0,-11610.0,-7303.0
-12120.0,-8257.0,-9420.0
-9518.0,-10835.0,-9784.0
-8533.0,-11195.0,-9575.0
-8331.0,-11292.0,-9487.0
-12247.0,-9791.0,-8236.0
-9792.0,-12411.0,-6952.0
-8227.0,-11402.0,-9479.0
-12200.0,-9783.0,-8300.0
-8271.0,-11339.0,-9487.0
-11657.0,-11321.0,-7181.0
-11775.0,-6925.0,-9894.0
-8172.0,-11593.0,-9418.0
-9462.0,-12322.0,-7251.0
-8932.0,-12271.0,-7824.0
-12080.0,-10637.0,-7562.0
-8347.0,-11385.0,-9474.0
-9402.0,-10848.0,-9754.0
-7904.0,-11599.0,-9508.0
-12039.0,-10492.0,-7613.0
-9858.0,-12399.0,-6768.0
-9859.0,-12385.0,-6770.0
-12129.0,-10062.0,-7945.0
-11585.0,-7292.0,-9980.0
-7893.0,-12131.0,-8717.0
-9896.0,-12379.0,-6875.0
-8431.0,-12130.0,-8653.0
-9485.0,-12314.0,-7238.0
-12116.0,-10084.0,-7987.0
-7928.0,-11605.0,-9435.0
-8509.0,-12252.0,-8146.0
-9269.0,-12335.0,-7579.0
-12085.0,-10191.0,-8064.0
-7928.0,-11655.0,-9393.0
-12133.0,-10136.0,-7910.0
-8582.0,-11117.0,-9547.0
-7924.0,-11667.0,-9379.0
-8747.0,-12226.0,-8265.0
-8783.0,-12345.0,-7909.0
-8163.0,-11456.0,-9468.0
-8894.0,-12259.0,-7832.0
-9591.0,-12297.0,-7234.0
-7889.0,-11748.0,-9359.0
-10368.0,-9357.0,-10275.0
-8761.0,-12314.0,-8013.0
-8609.0,-11157.0,-9532.0
-8885.0,-12236.0,-7882.0
-9428.0,-12320.0,-7536.0
-10096.0,-12392.0,-6541.0
-11739.0,-7426.0,-9764.0
-11739.0,-7230.0,-9804.0
-8837.0,-12270.0,-7966.0
-10237.0,-9881.0,-10110.0
-9480.0,-12314.0,-7260.0
-8229.0,-11493.0,-9464.0
-8379.0,-11595.0,-9356.0
-9363.0,-12367.0,-7460.0
-11286.0,-11763.0,-6033.0
-7998.0,-11607.0,-9338.0
-10025.0,-12360.0,-6765.0
-12125.0,-8639.0,-9271.0
-12212.0,-9487.0,-8637.0
-12124.0,-10357.0,-7760.0
-8381.0,-11285.0,-9457.0
-9650.0,-12287.0,-7292.0
-9891.0,-12370.0,-6925.0
-9286.0,-12365.0,-7462.0
-10240.0,-12381.0,-6576.0
-12033.0,-10629.0,-7626.0
-11283.0,-11665.0,-6192.0
-10545.0,-9123.0,-10174.0
-8402.0,-11312.0,-9450.0
-7913.0,-11804.0,-9244.0
-11276.0,-11637.0,-6243.0
-11726.0,-7874.0,-9794.0
-11416.0,-7483.0,-10063.0
-7932.0,-11654.0,-9313.0
-8308.0,-11409.0,-9438.0
-8143.0,-11626.0,-9268.0
-8627.0,-11105.0,-9546.0
-9901.0,-12355.0,-6890.0
-9446.0,-12306.0,-7369.0
-8898.0,-12233.0,-8042.0
-8950.0,-12225.0,-7932.0
-8756.0,-12314.0,-8035.0
-10067.0,-12330.0,-6774.0
-11323.0,-11716.0,-6171.0
-9384.0,-10652.0,-9885.0
-9882.0,-10183.0,-10107.0
-9775.0,-12381.0,-7069.0
-11261.0,-11642.0,-6255.0
-12059.0,-10052.0,-8103.0
-10388.0,-9337.0,-10242.0
-9923.0,-12320.0,-6959.0
-11208.0,-11757.0,-6046.0
-8545.0,-11211.0,-9521.0
-10798.0,-8796.0,-10225.0
-12019.0,-10314.0,-7880.0
-11239.0,-11684.0,-6308.0
-9645.0,-12287.0,-7314.0
-9301.0,-12285.0,-7613.0
-10137.0,-12340.0,-6715.0
-8434.0,-11340.0,-9425.0
-11978.0,-10859.0,-7324.0
-8964.0,-12221.0,-7858.0
-8513.0,-12181.0,-8302.0
-7976.0,-11721.0,-9240.0
-9114.0,-12292.0,-7670.0
-10407.0,-12350.0,-6432.0
-10911.0,-8679.0,-10220.0
-8306.0,-11422.0,-9432.0
-8880.0,-12236.0,-7904.0
-7952.0,-12130.0,-8658.0
-8838.0,-12247.0,-8037.0
-8801.0,-11183.0,-9480.0
-8627.0,-11107.0,-9510.0
-8813.0,-11139.0,-9494.0
-8071.0,-12116.0,-8699.0
-11437.0,-8055.0,-10058.0
-12151.0,-8150.0,-9343.0
-9793.0,-12338.0,-7014.0
-9770.0,-12216.0,-7987.0
-9807.0,-12331.0,-7103.0
-11692.0,-7347.0,-9836.0
-12151.0,-9854.0,-8348.0
-8496.0,-11265.0,-9541.0
-8417.0,-11288.0,-9440.0
-9562.0,-12265.0,-7334.0
-10389.0,-9203.0,-10160.0
-10513.0,-9173.0,-10140.0
-9154.0,-12343.0,-7649.0
-8808.0,-12238.0,-8066.0
-9946.0,-12308.0,-6795.0
-11705.0,-7302.0,-9799.0
-10974.0,-8619.0,-10209.0
-8303.0,-11433.0,-9423.0
-11202.0,-11731.0,-6170.0
-8421.0,-11292.0,-9433.0
-10619.0,-9289.0,-10133.0
-12128.0,-9723.0,-8636.0
-9476.0,-10352.0,-10039.0
-11603.0,-7633.0,-9933.0
-11214.0,-11688.0,-6434.0
-8744.0,-11283.0,-9434.0
-10475.0,-12365.0,-6194.0
-8370.0,-11362.0,-9416.0
-10311.0,-9528.0,-10221.0
-9687.0,-10387.0,-9985.0
-8272.0,-11526.0,-9402.0
-12049.0,-10076.0,-8110.0
-12078.0,-8560.0,-9343.0
-9476.0,-12265.0,-7382.0
-8703.0,-11267.0,-9479.0
-9928.0,-12296.0,-6974.0
-8027.0,-11639.0,-9238.0
-12198.0,-9346.0,-8731.0
-11983.0,-10413.0,-7826.0
-10741.0,-8967.0,-10171.0
-12038.0,-10112.0,-8136.0
-9968.0,-12268.0,-6800.0
-12174.0,-9155.0,-8768.0
-11997.0,-10235.0,-8020.0
-8628.0,-11296.0,-9404.0
-9930.0,-12265.0,-7146.0
-8510.0,-11404.0,-9394.0
-12182.0,-9818.0,-8263.0
-10080.0,-12262.0,-6893.0
-11661.0,-7454.0,-9913.0
-8102.0,-11696.0,-9212.0
-9279.0,-12311.0,-7572.0
-11226.0,-11618.0,-6354.0
-8007.0,-12107.0,-8713.0
-9862.0,-12308.0,-7158.0
-11679.0,-7795.0,-9866.0
-9433.0,-12260.0,-7484.0
-9915.0,-9899.0,-10088.0
-9567.0,-12241.0,-7349.0
-11571.0,-8181.0,-9965.0
-9775.0,-10447.0,-9941.0
-10251.0,-9476.0,-10236.0
-9583.0,-12225.0,-7398.0
-8364.0,-11415.0,-9357.0
-12001.0,-10159.0,-8201.0
-8192.0,-12069.0,-8763.0
-12169.0,-9179.0,-8793.0
-12156.0,-8532.0,-9194.0
-10200.0,-12330.0,-6597.0
-8463.0,-11627.0,-9219.0
-9907.0,-9934.0,-10077.0
-12141.0,-8584.0,-9134.0
-8092.0,-11639.0,-9219.0
-10706.0,-12325.0,-6139.0
-9532.0,-12219.0,-7457.0
-10765.0,-9074.0,-10161.0
-8461.0,-12129.0,-8316.0
-9314.0,-12284.0,-7556.0
-10346.0,-9640.0,-10165.0
-11936.0,-10334.0,-7898.0
-12128.0,-8606.0,-9176.0
-12157.0,-9274.0,-8768.0
-12151.0,-8953.0,-9064.0
-10475.0,-12344.0,-6258.0
-8484.0,-12121.0,-8303.0
-8932.0,-12119.0,-8313.0
-9515.0,-10485.0,-9931.0
-12012.0,-8643.0,-9519.0
-10501.0,-12303.0,-6523.0
-10230.0,-12292.0,-6599.0
-8893.0,-12224.0,-8092.0
-9388.0,-12269.0,-7557.0
-8496.0,-12105.0,-8382.0
-12146.0,-8571.0,-9213.0
-10370.0,-12285.0,-6631.0
-9966.0,-10096.0,-10044.0
-12204.0,-9353.0,-8696.0
-8564.0,-12154.0,-8274.0
-11901.0,-10298.0,-8132.0
-7938.0,-12035.0,-8804.0
-9356.0,-12262.0,-7668.0
-8023.0,-11783.0,-9159.0
-11967.0,-10641.0,-7810.0
-9895.0,-10029.0,-10052.0
-12151.0,-9267.0,-8803.0
-9912.0,-12279.0,-7313.0
-10588.0,-9404.0,-10086.0
-8426.0,-11697.0,-9185.0
-12104.0,-9846.0,-8412.0
-10810.0,-8820.0,-10176.0
-10097.0,-12289.0,-6736.0
-11899.0,-10381.0,-7963.0
-8766.0,-12189.0,-8169.0
-8609.0,-11314.0,-9388.0
-12081.0,-9644.0,-8708.0
-10211.0,-12280.0,-6674.0
-12120.0,-9321.0,-8833.0
-9664.0,-10620.0,-9812.0
-12104.0,-8874.0,-9136.0
-8498.0,-11410.0,-9338.0
-10545.0,-12262.0,-6400.0
-10005.0,-12262.0,-6905.0
-10239.0,-9571.0,-10211.0
-10869.0,-8982.0,-10143.0
-9288.0,-10749.0,-9811.0
-8441.0,-11548.0,-9334.0
-8511.0,-12098.0,-8317.0
-11954.0,-10080.0,-8273.0
-9605.0,-12236.0,-7335.0
-8649.0,-12094.0,-8357.0
-9933.0,-12236.0,-6922.0
-8159.0,-11596.0,-9258.0
-8925.0,-12174.0,-8126.0
-8206.0,-11631.0,-9200.0
-10245.0,-12235.0,-6947.0
-8530.0,-11360.0,-9372.0
-10793.0,-8820.0,-10210.0
-12055.0,-9016.0,-9176.0
-8463.0,-12080.0,-8687.0
-7906.0,-12032.0,-8883.0
-9499.0,-12205.0,-8063.0
-9818.0,-10220.0,-10031.0
-10126.0,-9934.0,-10034.0
-10412.0,-12255.0,-6751.0
-10407.0,-12279.0,-6736.0
-8309.0,-11698.0,-9150.0
-10691.0,-8908.0,-10202.0
-8373.0,-11707.0,-9136.0
-9416.0,-12230.0,-7601.0
-12073.0,-9242.0,-8905.0
-8786.0,-11332.0,-9331.0
-10417.0,-9826.0,-10083.0
-10116.0,-12251.0,-6783.0
-11893.0,-10475.0,-7851.0
-11922.0,-10847.0,-7501.0
-8261.0,-11724.0,-9131.0
-8022.0,-12027.0,-8864.0
-9606.0,-12217.0,-7385.0
-11999.0,-8012.0,-9533.0
-11021.0,-8698.0,-10137.0
-11875.0,-10839.0,-7565.0
-9872.0,-12228.0,-7334.0
-8776.0,-12165.0,-8162.0
-9960.0,-12224.0,-7159.0
-8277.0,-11817.0,-9118.0
-11967.0,-8380.0,-9596.0
-9290.0,-10699.0,-9794.0
-10711.0,-12230.0,-6458.0
-8722.0,-11386.0,-9320.0
-8762.0,-12077.0,-8414.0
-8505.0,-12081.0,-8367.0
-8885.0,-12123.0,-8147.0
-8933.0,-11122.0,-9489.0
-11980.0,-9725.0,-8425.0
-8477.0,-11467.0,-9305.0
-11976.0,-9846.0,-8518.0
-11857.0,-10684.0,-7886.0
-10196.0,-12244.0,-6790.0
-10089.0,-10028.0,-10008.0
-12028.0,-8712.0,-9203.0
-10141.0,-12244.0,-6827.0
-12007.0,-9478.0,-8749.0
-10794.0,-8798.0,-10181.0
-8771.0,-12165.0,-8184.0
-9986.0,-10482.0,-9887.0
-11587.0,-11400.0,-7364.0
-10056.0,-12219.0,-7055.0
-8892.0,-11159.0,-9447.0
-10733.0,-9124.0,-10127.0
-9332.0,-11280.0,-9398.0
-10971.0,-8639.0,-10168.0
-11936.0,-10108.0,-8295.0
-8479.0,-12075.0,-8499.0
-7976.0,-11929.0,-9089.0
-8729.0,-11432.0,-9285.0
-10894.0,-8733.0,-10113.0
-12060.0,-9878.0,-8381.0
-11839.0,-10712.0,-7908.0
-12001.0,-9444.0,-8792.0
-11896.0,-10299.0,-8001.0
-11891.0,-10314.0,-7986.0
-8575.0,-12051.0,-8444.0
-11042.0,-8728.0,-10052.0
-11791.0,-10767.0,-8062.0
-12008.0,-8937.0,-9248.0
-11899.0,-9928.0,-8495.0
-8176.0,-11976.0,-8776.0
-11898.0,-10029.0,-8353.0
-9595.0,-10644.0,-9805.0
-11054.0,-11900.0,-6461.0
-11843.0,-10369.0,-8140.0
-12086.0,-8909.0,-9099.0
-8613.0,-11445.0,-9255.0
-10442.0,-9577.0,-10053.0
-11981.0,-9164.0,-8956.0
-10968.0,-8899.0,-10072.0
-11839.0,-10641.0,-7916.0
-8603.0,-11476.0,-9247.0
-10723.0,-9197.0,-10115.0
-11852.0,-10302.0,-8035.0
-8086.0,-11967.0,-8848.0
-8955.0,-12133.0,-8088.0
-9934.0,-10146.0,-10010.0
-7978.0,-11879.0,-9072.0
-9786.0,-10293.0,-9908.0
-11803.0,-10398.0,-8026.0
-8294.0,-11847.0,-9001.0
-12050.0,-8634.0,-9325.0
-11936.0,-9854.0,-8544.0
-11052.0,-8527.0,-10020.0
-11922.0,-9384.0,-8923.0
-8601.0,-11489.0,-9241.0
-8570.0,-12051.0,-8466.0
-11931.0,-9878.0,-8529.0
-9939.0,-10186.0,-9964.0
-11632.0,-7551.0,-9877.0
-8654.0,-12083.0,-8329.0
-9823.0,-10199.0,-9934.0
-10531.0,-9504.0,-10040.0
-11286.0,-8474.0,-9984.0
-11797.0,-10538.0,-7963.0
-11888.0,-10163.0,-8449.0
-11933.0,-8095.0,-9709.0
-11924.0,-9374.0,-8810.0
-11858.0,-10171.0,-8252.0
-8002.0,-11935.0,-8957.0
-11145.0,-8665.0,-9971.0
-8950.0,-12133.0,-8110.0
-11953.0,-9238.0,-8938.0
-11762.0,-10768.0,-7602.0
-8993.0,-12131.0,-8114.0
-10057.0,-10078.0,-9974.0
-11747.0,-10839.0,-7671.0
-11618.0,-8260.0,-9893.0
-8511.0,-12025.0,-8533.0
-8256.0,-12009.0,-8747.0
-11521.0,-11412.0,-7548.0
-11942.0,-9020.0,-9424.0
-11731.0,-10875.0,-7679.0
-11805.0,-10300.0,-8174.0
-8262.0,-11897.0,-8967.0
-8562.0,-11513.0,-9205.0
-9025.0,-11121.0,-9420.0
-11686.0,-10926.0,-7495.0
-12050.0,-9040.0,-9161.0
-8246.0,-11965.0,-8804.0
-9966.0,-12207.0,-7079.0
-11933.0,-9159.0,-9122.0
-11639.0,-11002.0,-7442.0
-10699.0,-9270.0,-10094.0
-11911.0,-9541.0,-8861.0
-10016.0,-12168.0,-7076.0
-10205.0,-12184.0,-6968.0
-10837.0,-9032.0,-10109.0
-8947.0,-12039.0,-8464.0
-8998.0,-12107.0,-8129.0
-9002.0,-12016.0,-8519.0
-8557.0,-11537.0,-9190.0
-11792.0,-10633.0,-7980.0
-11915.0,-9247.0,-9132.0
-11699.0,-10894.0,-7825.0
-10922.0,-11976.0,-6245.0
-9569.0,-12102.0,-8269.0
-11632.0,-11038.0,-7459.0
-10222.0,-10030.0,-9961.0
-10370.0,-12164.0,-7620.0
-11941.0,-10716.0,-7749.0
-11796.0,-10290.0,-8212.0
-11914.0,-9808.0,-8601.0
-8207.0,-11920.0,-8912.0
-8478.0,-11931.0,-8836.0
-10894.0,-11967.0,-7327.0
-9329.0,-10935.0,-9678.0
-11632.0,-10967.0,-7467.0
-11920.0,-8301.0,-9668.0
-10416.0,-12163.0,-6649.0
-11585.0,-10959.0,-7531.0
-8447.0,-11987.0,-8700.0
-10516.0,-12154.0,-6672.0
-8674.0,-11662.0,-9165.0
-10752.0,-9101.0,-10104.0
-10694.0,-9294.0,-10079.0
-10367.0,-12228.0,-6757.0
-8495.0,-11961.0,-8719.0
-9920.0,-12173.0,-7180.0
-10123.0,-10101.0,-9855.0
-8877.0,-11308.0,-9298.0
-10606.0,-9316.0,-10076.0
-10812.0,-9153.0,-10089.0
-10372.0,-12204.0,-6772.0
-10515.0,-9544.0,-10002.0
-8733.0,-11342.0,-9282.0
-11792.0,-10379.0,-8229.0
-8349.0,-11975.0,-8705.0
-8845.0,-11358.0,-9264.0
-11906.0,-9565.0,-8846.0
-10295.0,-12173.0,-6896.0
-11015.0,-8978.0,-10000.0
-11964.0,-9692.0,-8637.0
-11901.0,-9830.0,-8643.0
-10666.0,-9368.0,-10061.0
-11845.0,-9624.0,-9037.0
-10042.0,-10227.0,-9825.0
-8326.0,-11906.0,-8953.0
-11800.0,-8040.0,-9753.0
-8523.0,-12016.0,-8524.0
-10965.0,-8919.0,-10031.0
-10770.0,-9456.0,-10012.0
-8515.0,-11933.0,-8562.0
-11900.0,-9774.0,-8677.0
-11573.0,-11085.0,-7618.0
-8341.0,-11757.0,-9102.0
-11582.0,-11018.0,-7513.0
-10167.0,-10053.0,-9906.0
-8526.0,-11929.0,-8569.0
-11857.0,-9647.0,-8797.0
-11634.0,-11026.0,-7427.0
-9369.0,-11413.0,-9219.0
-8589.0,-11914.0,-8810.0
-11774.0,-10407.0,-8251.0
-9670.0,-10499.0,-9731.0
-10624.0,-9671.0,-9984.0
-10535.0,-12166.0,-6486.0
-9263.0,-11045.0,-9530.0
-10911.0,-9070.0,-10018.0
-9937.0,-10491.0,-9730.0
-9632.0,-10670.0,-9778.0
-10826.0,-9267.0,-10063.0
-10861.0,-9011.0,-10049.0
-11200.0,-8498.0,-9956.0
-9739.0,-10492.0,-9725.0
-10173.0,-10060.0,-9871.0
-10264.0,-10513.0,-9706.0
-10244.0,-9862.0,-9927.0
-11774.0,-10336.0,-8259.0
-11791.0,-10696.0,-8070.0
-11835.0,-9969.0,-8548.0
-8499.0,-11932.0,-8586.0
-11893.0,-9481.0,-8887.0
-10128.0,-10077.0,-9870.0
-11770.0,-10333.0,-8286.0
-10319.0,-9845.0,-9899.0
-11165.0,-8818.0,-9951.0
-11787.0,-10403.0,-8214.0
-9077.0,-11490.0,-9144.0
-11854.0,-9751.0,-8715.0
-9896.0,-10528.0,-9688.0
-11336.0,-8533.0,-9953.0
-11629.0,-11097.0,-7441.0
-9750.0,-10743.0,-9660.0
-10321.0,-9936.0,-9884.0
-11852.0,-9849.0,-8567.0
-10560.0,-12113.0,-6549.0
-12003.0,-8961.0,-9233.0
-10339.0,-10112.0,-9816.0
-9748.0,-10652.0,-9675.0
-8580.0,-11709.0,-9074.0
-9006.0,-11304.0,-9226.0
-8393.0,-11730.0,-9013.0
-9314.0,-11084.0,-9529.0
-11758.0,-8343.0,-9676.0
-11755.0,-10453.0,-8180.0
-10334.0,-10136.0,-9801.0
-11757.0,-10355.0,-8328.0
-8593.0,-11913.0,-8730.0
-11830.0,-10151.0,-8582.0
-9445.0,-10917.0,-9575.0
-8825.0,-11427.0,-9181.0
-10678.0,-9333.0,-10040.0
-11249.0,-8573.0,-9953.0
-11938.0,-8477.0,-9560.0
-8739.0,-11911.0,-8557.0
-11684.0,-8177.0,-9717.0
-8383.0,-11806.0,-8999.0
-11050.0,-11896.0,-6468.0
-11915.0,-9176.0,-9140.0
-10873.0,-9346.0,-9991.0
-10621.0,-12095.0,-6483.0
-11564.0,-10911.0,-7748.0
-11823.0,-9858.0,-8792.0
-11014.0,-11849.0,-6482.0
-10199.0,-10263.0,-9788.0
-10996.0,-11866.0,-6576.0
-11682.0,-8181.0,-9743.0
-11886.0,-9080.0,-9194.0
-10445.0,-12122.0,-6785.0
-10592.0,-9721.0,-9950.0
-8533.0,-11908.0,-8891.0
-11552.0,-10999.0,-7803.0
-10621.0,-12074.0,-6547.0
-10241.0,-9960.0,-9865.0
-8863.0,-11554.0,-9133.0
-11393.0,-8362.0,-10007.0
-8460.0,-11735.0,-8967.0
-11541.0,-11140.0,-7854.0
-9656.0,-10952.0,-9521.0
-11744.0,-10688.0,-8134.0
-10986.0,-11890.0,-6583.0
-10548.0,-12104.0,-6706.0
-11726.0,-10462.0,-8405.0
-8641.0,-11898.0,-8597.0
-10943.0,-9202.0,-9921.0
-11891.0,-8398.0,-9632.0
-10392.0,-12130.0,-6969.0
-9063.0,-12028.0,-8320.0
-11787.0,-10024.0,-8702.0
-10405.0,-9916.0,-9883.0
-9617.0,-10819.0,-9629.0
-11216.0,-8851.0,-9889.0
-11868.0,-9168.0,-9204.0
-10289.0,-9986.0,-9850.0
-11220.0,-8670.0,-9917.0
-8604.0,-11765.0,-8959.0
-11845.0,-9553.0,-9045.0
-11679.0,-8201.0,-9702.0
-10465.0,-9771.0,-9929.0
-9916.0,-10914.0,-9531.0
-11863.0,-8472.0,-9614.0
-10889.0,-9368.0,-9986.0
-11798.0,-9545.0,-9109.0
-11821.0,-8775.0,-9537.0
-11868.0,-8854.0,-9465.0
-9868.0,-10635.0,-9670.0
-10130.0,-10287.0,-9781.0
-9362.0,-11029.0,-9375.0
-11017.0,-9368.0,-9880.0
-10553.0,-12080.0,-6721.0
-11266.0,-8910.0,-9858.0
-10605.0,-12063.0,-6692.0
-10738.0,-9506.0,-9978.0
-11766.0,-9076.0,-9227.0
-10681.0,-12071.0,-6461.0
-8904.0,-11884.0,-8611.0
-10636.0,-12044.0,-6467.0
-10908.0,-9090.0,-9977.0
-8565.0,-11858.0,-8925.0
-11789.0,-9684.0,-8807.0
-11556.0,-10796.0,-7857.0
-10775.0,-12024.0,-6552.0
-10053.0,-10478.0,-9760.0
-11745.0,-8613.0,-9604.0
-10410.0,-12116.0,-6802.0
-9261.0,-11094.0,-9480.0
-11395.0,-8358.0,-9981.0
-11749.0,-9692.0,-8833.0
-11469.0,-8524.0,-9940.0
-10489.0,-12074.0,-6836.0
-8696.0,-11875.0,-8652.0
-9490.0,-10961.0,-9356.0
-8722.0,-11607.0,-9011.0
-10852.0,-12055.0,-6428.0
-10411.0,-9945.0,-9822.0
-10509.0,-9824.0,-9865.0
-10414.0,-12116.0,-7671.0
-11670.0,-10522.0,-8175.0
-9454.0,-11146.0,-9347.0
-11753.0,-9025.0,-9238.0
-11731.0,-9069.0,-9259.0
-11724.0,-9379.0,-9150.0
-10482.0,-9725.0,-9904.0
-10440.0,-12075.0,-6815.0
-11612.0,-8540.0,-9756.0
-11726.0,-10391.0,-8413.0
-11612.0,-8558.0,-9648.0
-11185.0,-8966.0,-9842.0
-11508.0,-10851.0,-8011.0
-10850.0,-12015.0,-7276.0
-10720.0,-9608.0,-9872.0
-11323.0,-8739.0,-9912.0
-11702.0,-9386.0,-9247.0
-11747.0,-9696.0,-8859.0
-11679.0,-10383.0,-8477.0
-11703.0,-9252.0,-9165.0
-11390.0,-8382.0,-9966.0
-8848.0,-11703.0,-8984.0
-11744.0,-9716.0,-8818.0
-9961.0,-10778.0,-9606.0
-8724.0,-11557.0,-8994.0
-9017.0,-11867.0,-8668.0
-10847.0,-12079.0,-6413.0
-10452.0,-9995.0,-9811.0
-8419.0,-11872.0,-8911.0
-9068.0,-12004.0,-8335.0
-10496.0,-12019.0,-6732.0
-11700.0,-9176.0,-9336.0
-11574.0,-10585.0,-8287.0
-9584.0,-11953.0,-8418.0
-11697.0,-9637.0,-8890.0
-11732.0,-9811.0,-8833.0
-10431.0,-12022.0,-6851.0
-10167.0,-10313.0,-9754.0
-9049.0,-11817.0,-8702.0
-11150.0,-9047.0,-9822.0
-9050.0,-11961.0,-8365.0
-11658.0,-10617.0,-8150.0
-10529.0,-9804.0,-9832.0
-11695.0,-9858.0,-8898.0
-9959.0,-10687.0,-9621.0
-11192.0,-8744.0,-9899.0
-11779.0,-9890.0,-8761.0
-10869.0,-9373.0,-9941.0
-11624.0,-10613.0,-8175.0
-10410.0,-10298.0,-9734.0
-10866.0,-9393.0,-9900.0
-10341.0,-10322.0,-9727.0
-11650.0,-10229.0,-8480.0
-11718.0,-10060.0,-8602.0
-11605.0,-10217.0,-8518.0
-10577.0,-9870.0,-9801.0
-10107.0,-10563.0,-9634.0
-11659.0,-8637.0,-9576.0
-11437.0,-11380.0,-7685.0
-9568.0,-10981.0,-9341.0
-9023.0,-11495.0,-9040.0
-11498.0,-11013.0,-7974.0
-10797.0,-9417.0,-9893.0
-8778.0,-11806.0,-8778.0
-11653.0,-9755.0,-8945.0
-8911.0,-11499.0,-8979.0
-10723.0,-9655.0,-9829.0
-11624.0,-9926.0,-8703.0
-8608.0,-11764.0,-8879.0
-11601.0,-9978.0,-8747.0
-8929.0,-11542.0,-8949.0
-8675.0,-11739.0,-8828.0
-11587.0,-9180.0,-9584.0
-11593.0,-10080.0,-8660.0
-10380.0,-10038.0,-9801.0
-10940.0,-9559.0,-9859.0
-9820.0,-11024.0,-9332.0
-10916.0,-9452.0,-9869.0
-10668.0,-9678.0,-9774.0
-11695.0,-8794.0,-9485.0
-11064.0,-9447.0,-9808.0
-10613.0,-9717.0,-9769.0
-11516.0,-8603.0,-9868.0
-11565.0,-8461.0,-9828.0
-11333.0,-8553.0,-9912.0
-10487.0,-10107.0,-9755.0
-11603.0,-10221.0,-8544.0
-10203.0,-12081.0,-7725.0
-11551.0,-10383.0,-8583.0
-11549.0,-10128.0,-8609.0
-11609.0,-8578.0,-9607.0
-11338.0,-8529.0,-9927.0
-11412.0,-8695.0,-9886.0
-11294.0,-8836.0,-9876.0
-11525.0,-8691.0,-9638.0
-11595.0,-9997.0,-8829.0
-11653.0,-9097.0,-9408.0
-10629.0,-9739.0,-9764.0
-9749.0,-11926.0,-8472.0
-11600.0,-10241.0,-8503.0
-11345.0,-11578.0,-7440.0
-11534.0,-8829.0,-9597.0
-11533.0,-10653.0,-8188.0
-9595.0,-11613.0,-8937.0
-11580.0,-10732.0,-8116.0
-11695.0,-9200.0,-9321.0
-11625.0,-9577.0,-9226.0
-11648.0,-9779.0,-8970.0
-11587.0,-10174.0,-8548.0
-10637.0,-9824.0,-9759.0
-9672.0,-11148.0,-9319.0
-11560.0,-10270.0,-8541.0
-11556.0,-10542.0,-8317.0
-8711.0,-11726.0,-8801.0
-11539.0,-10229.0,-8702.0
-10522.0,-9893.0,-9746.0
-9665.0,-11181.0,-9293.0
-11490.0,-10879.0,-8033.0
-11547.0,-10052.0,-8983.0
-11655.0,-9307.0,-9319.0
-10760.0,-9756.0,-9723.0
-11508.0,-10597.0,-8471.0
-10987.0,-9638.0,-9787.0
-10119.0,-12049.0,-7862.0
-11145.0,-9071.0,-9807.0
-11617.0,-9675.0,-9078.0
-11487.0,-10694.0,-8146.0
-10684.0,-9903.0,-9687.0
-11476.0,-10835.0,-8197.0
-10700.0,-9925.0,-9682.0
-8750.0,-11722.0,-8800.0
-11433.0,-10708.0,-8317.0
-11115.0,-9086.0,-9799.0
-9891.0,-11210.0,-9250.0
-11648.0,-9121.0,-9393.0
-9087.0,-11435.0,-9024.0
-11648.0,-9779.0,-8930.0
-11224.0,-9213.0,-9781.0
-10694.0,-9952.0,-9656.0
-11508.0,-8632.0,-9774.0
-9524.0,-11427.0,-9019.0
-9031.0,-11621.0,-8833.0
-10075.0,-10613.0,-9600.0
-11576.0,-9981.0,-8857.0
-9083.0,-11855.0,-8484.0
-11346.0,-11404.0,-7718.0
-11635.0,-10415.0,-8446.0
-8896.0,-11648.0,-8830.0
-11520.0,-8715.0,-9623.0
-11606.0,-9676.0,-9017.0
-11601.0,-9700.0,-9002.0
-11370.0,-8998.0,-9809.0
-11139.0,-11730.0,-7269.0
-11263.0,-8930.0,-9817.0
-9110.0,-11450.0,-8991.0
-8768.0,-11705.0,-8786.0
-11558.0,-9911.0,-8932.0
-9380.0,-11225.0,-9244.0
-11503.0,-8645.0,-9695.0
-10583.0,-10044.0,-9643.0
-9694.0,-12054.0,-8054.0
-11320.0,-8759.0,-9871.0
-10736.0,-9649.0,-9733.0
-11442.0,-10934.0,-8187.0
-11481.0,-10102.0,-8911.0
-11513.0,-9014.0,-9625.0
-11639.0,-9285.0,-9324.0
-11490.0,-8667.0,-9737.0
-11370.0,-8818.0,-9840.0
-9867.0,-10923.0,-9374.0
-11562.0,-9708.0,-8986.0
-11531.0,-9240.0,-9354.0
-11365.0,-9022.0,-9794.0
-11298.0,-11459.0,-7872.0
-11557.0,-9732.0,-8971.0
-8882.0,-11741.0,-8766.0
-9669.0,-10924.0,-9369.0
-8914.0,-11691.0,-8800.0
-11551.0,-9725.0,-9006.0
-11296.0,-8832.0,-9850.0
-10194.0,-10945.0,-9350.0
-11374.0,-11057.0,-7959.0
-11578.0,-9498.0,-9298.0
-11466.0,-8935.0,-9697.0
-9065.0,-11812.0,-8514.0
-11556.0,-9701.0,-9021.0
-9967.0,-10619.0,-9515.0
-11547.0,-8496.0,-9791.0
-11509.0,-10280.0,-8630.0
-11552.0,-9870.0,-8949.0
-9972.0,-10659.0,-9469.0
-11508.0,-9696.0,-9187.0
-11335.0,-11602.0,-7447.0
-10009.0,-10723.0,-9452.0
-9783.0,-11216.0,-9165.0
-9177.0,-11808.0,-8575.0
-11291.0,-8856.0,-9835.0
-9994.0,-11251.0,-9111.0
-11504.0,-9925.0,-9103.0
-8978.0,-11631.0,-8784.0
-10423.0,-10144.0,-9679.0
-10864.0,-9664.0,-9705.0
-11377.0,-10629.0,-8530.0
-11443.0,-10292.0,-8814.0
-11511.0,-9285.0,-9430.0
-8976.0,-11644.0,-8778.0
-11372.0,-11075.0,-8028.0
-11519.0,-9335.0,-9329.0
-10571.0,-10139.0,-9618.0
-11416.0,-10795.0,-8226.0
-9911.0,-11970.0,-8261.0
-10840.0,-9737.0,-9684.0
-11376.0,-8861.0,-9796.0
-9417.0,-11358.0,-9065.0
-8973.0,-11655.0,-8769.0
-11221.0,-9233.0,-9740.0
-9865.0,-12015.0,-7903.0
-10729.0,-9871.0,-9676.0
-11504.0,-10304.0,-8615.0
-10060.0,-10762.0,-9451.0
-11390.0,-8773.0,-9764.0
-10554.0,-10103.0,-9628.0
-11417.0,-9077.0,-9737.0
-10378.0,-10348.0,-9700.0
-10494.0,-10330.0,-9597.0
-11367.0,-11099.0,-8013.0
-11491.0,-10237.0,-8660.0
-11554.0,-9391.0,-9308.0
-8919.0,-11735.0,-8760.0
-10191.0,-10595.0,-9497.0
-8944.0,-11694.0,-8744.0
-11065.0,-9313.0,-9726.0
-11271.0,-9292.0,-9709.0
-11154.0,-11535.0,-7626.0
-11395.0,-10855.0,-8259.0
-11052.0,-11757.0,-7388.0
-11352.0,-10316.0,-8847.0
-11507.0,-9312.0,-9380.0
-10363.0,-10497.0,-9551.0
-9536.0,-11629.0,-8764.0
-11330.0,-11105.0,-7908.0
-10689.0,-9976.0,-9641.0
-11340.0,-10348.0,-8637.0
-10835.0,-9761.0,-9669.0
-11341.0,-10514.0,-8576.0
-8992.0,-11643.0,-8726.0
-11287.0,-10970.0,-8129.0
-11332.0,-10680.0,-8346.0
-10807.0,-9835.0,-9651.0
-9543.0,-11277.0,-9060.0
-11482.0,-9382.0,-9394.0
-9231.0,-11803.0,-8679.0
-11504.0,-9332.0,-9339.0
-11307.0,-10737.0,-8293.0
-10765.0,-10138.0,-9574.0
-11233.0,-11154.0,-8215.0
-10123.0,-10759.0,-9432.0
-9798.0,-11067.0,-9314.0
-11295.0,-9399.0,-9699.0
-11330.0,-10550.0,-8602.0
-10005.0,-10785.0,-9396.0
-9900.0,-11298.0,-9020.0
-11248.0,-10648.0,-8483.0
-9964.0,-10859.0,-9377.0
-11464.0,-9206.0,-9502.0
-11461.0,-9617.0,-9259.0
-11281.0,-11099.0,-8061.0
-11412.0,-9759.0,-9299.0
-11408.0,-9395.0,-9451.0
-10986.0,-11769.0,-7572.0
-11376.0,-9445.0,-9417.0
-11303.0,-10777.0,-8310.0
-11295.0,-10508.0,-8606.0
-11228.0,-10772.0,-8364.0
-11496.0,-9791.0,-9162.0
-11293.0,-10597.0,-8667.0
-10934.0,-9678.0,-9598.0
-11342.0,-9478.0,-9627.0
-11490.0,-9784.0,-9197.0
-11435.0,-9303.0,-9466.0
-10007.0,-10772.0,-9402.0
-11412.0,-9101.0,-9722.0
-10522.0,-10153.0,-9594.0
-10992.0,-9664.0,-9599.0
-11367.0,-10130.0,-8881.0
-11134.0,-11543.0,-7494.0
-10308.0,-10520.0,-9496.0
-9168.0,-11632.0,-8684.0
-10009.0,-11102.0,-9260.0
-10907.0,-9770.0,-9583.0
-11490.0,-9713.0,-9205.0
-9540.0,-11741.0,-8519.0
-11203.0,-11166.0,-7928.0
-9428.0,-11635.0,-8679.0
-10271.0,-10754.0,-9371.0
-11225.0,-10752.0,-8412.0
-10314.0,-10527.0,-9461.0
-10733.0,-10188.0,-9540.0
-11124.0,-11567.0,-7501.0
-11443.0,-9705.0,-9269.0
-10269.0,-10544.0,-9460.0
-11053.0,-9555.0,-9611.0
-11093.0,-11234.0,-7962.0
-11043.0,-11669.0,-7618.0
-11369.0,-9539.0,-9310.0
-9970.0,-10866.0,-9376.0
-11275.0,-10851.0,-8292.0
-11269.0,-10900.0,-8204.0
-11364.0,-10221.0,-8872.0
-10011.0,-10792.0,-9361.0
-11254.0,-10388.0,-8669.0
-10078.0,-10958.0,-9320.0
-11252.0,-10381.0,-8726.0
-10264.0,-10568.0,-9445.0
-10719.0,-11997.0,-7495.0
-11365.0,-9680.0,-9371.0
-11448.0,-8970.0,-9660.0
-10462.0,-10403.0,-9474.0
-11367.0,-9229.0,-9597.0
-10507.0,-10302.0,-9445.0
-10875.0,-9820.0,-9549.0
-11310.0,-9981.0,-9061.0
-10049.0,-11953.0,-7925.0
-10772.0,-9977.0,-9554.0
-11449.0,-9712.0,-9234.0
-11231.0,-10899.0,-8241.0
-11074.0,-11546.0,-7580.0
-10790.0,-9889.0,-9544.0
-10547.0,-10206.0,-9429.0
-11275.0,-10780.0,-8300.0
-9545.0,-11717.0,-8534.0
-11191.0,-10819.0,-8429.0
-11222.0,-10665.0,-8472.0
-11117.0,-11163.0,-8018.0
-11419.0,-8988.0,-9676.0
-11044.0,-11558.0,-7563.0
-11268.0,-10284.0,-8984.0
-11367.0,-9810.0,-9115.0
-10559.0,-10229.0,-9418.0
-9598.0,-11707.0,-8583.0
-11219.0,-10745.0,-8447.0
-11010.0,-9840.0,-9531.0
-11159.0,-10897.0,-8246.0
-11207.0,-9614.0,-9606.0
-10846.0,-9884.0,-9513.0
-11157.0,-10992.0,-8282.0
-11322.0,-9842.0,-9126.0
-10931.0,-9698.0,-9557.0
-11341.0,-9827.0,-9104.0
-10982.0,-11476.0,-7716.0
-11087.0,-11424.0,-7926.0
-10430.0,-10453.0,-9440.0
-11246.0,-10518.0,-8739.0
-11266.0,-10029.0,-9010.0
-10561.0,-10320.0,-9403.0
-10996.0,-11745.0,-7565.0
-9791.0,-11419.0,-9018.0
-11184.0,-10820.0,-8313.0
-11293.0,-9882.0,-9258.0
-11149.0,-11122.0,-8352.0
-10778.0,-9984.0,-9519.0
-10924.0,-9769.0,-9547.0
-10293.0,-10600.0,-9345.0
-11089.0,-11230.0,-7969.0
-10936.0,-9674.0,-9572.0
-10960.0,-11526.0,-7700.0
-11320.0,-9150.0,-9669.0
-10864.0,-10055.0,-9503.0
-10043.0,-11887.0,-7929.0
-11191.0,-10366.0,-8961.0
-11025.0,-11224.0,-8084.0
-11347.0,-9546.0,-9407.0
-10245.0,-11883.0,-7985.0
-11201.0,-10702.0,-8477.0
-11298.0,-9915.0,-9105.0
-10718.0,-10337.0,-9391.0
-11153.0,-10757.0,-8631.0
-9700.0,-11935.0,-8315.0
-10505.0,-10509.0,-9352.0
-11261.0,-9989.0,-9056.0
-10919.0,-9793.0,-9532.0
-9639.0,-11670.0,-8625.0
-10483.0,-10528.0,-9326.0
-10353.0,-10576.0,-9323.0
-11209.0,-10078.0,-9057.0
-10516.0,-11894.0,-7909.0
-11240.0,-10157.0,-8989.0
-11293.0,-9939.0,-9090.0
-11288.0,-10621.0,-8652.0
-10540.0,-10428.0,-9372.0
-11223.0,-10316.0,-8995.0
-11084.0,-11254.0,-7954.0
-11302.0,-9185.0,-9632.0
-11221.0,-9983.0,-9082.0
-10904.0,-9879.0,-9506.0
-11188.0,-10737.0,-8467.0
-11263.0,-9902.0,-9133.0
-11046.0,-11155.0,-8034.0
-10814.0,-11796.0,-7411.0
-11196.0,-10748.0,-8415.0
-11178.0,-10367.0,-8811.0
-11176.0,-10515.0,-8812.0
-11039.0,-9743.0,-9527.0
-11147.0,-10867.0,-8378.0
-10949.0,-11759.0,-7647.0
-11003.0,-11392.0,-8063.0
-11218.0,-9934.0,-9144.0
-10216.0,-11851.0,-8085.0
-10297.0,-11991.0,-7696.0
-11191.0,-10748.0,-8437.0
-10346.0,-10609.0,-9297.0
-11205.0,-9961.0,-9087.0
-10926.0,-11464.0,-7893.0
-11203.0,-10071.0,-9092.0
-10883.0,-11524.0,-7702.0
-10866.0,-11494.0,-7819.0
-11198.0,-10003.0,-9312.0
-10564.0,-10611.0,-9269.0
-10865.0,-11727.0,-7784.0
-10314.0,-10659.0,-9263.0
-11127.0,-10786.0,-8526.0
-11291.0,-9514.0,-9412.0
-11131.0,-11079.0,-8382.0
-11289.0,-9518.0,-9438.0
-11192.0,-10212.0,-9143.0
-11095.0,-10836.0,-8492.0
-11055.0,-9765.0,-9522.0
-10473.0,-10559.0,-9318.0
-11273.0,-9602.0,-9422.0
-10920.0,-9972.0,-9493.0
-11083.0,-11134.0,-8536.0
-11100.0,-10788.0,-8450.0
-11057.0,-9919.0,-9459.0
-11241.0,-10542.0,-8724.0
-11201.0,-9724.0,-9353.0
-11154.0,-9645.0,-9425.0
-11009.0,-11202.0,-8099.0
-10415.0,-10602.0,-9291.0
-10418.0,-10826.0,-9241.0
-10558.0,-10340.0,-9362.0
-10362.0,-10612.0,-9242.0
-10619.0,-10344.0,-9346.0
-11005.0,-11198.0,-8106.0
-10546.0,-10435.0,-9337.0
-10207.0,-10791.0,-9295.0
-10465.0,-11963.0,-7536.0
-11202.0,-10550.0,-8708.0
-11136.0,-10397.0,-8820.0
-10843.0,-10163.0,-9472.0
-10938.0,-9884.0,-9483.0
-10021.0,-10981.0,-9194.0
-11197.0,-10030.0,-9109.0
-10941.0,-11192.0,-8221.0
-11268.0,-9626.0,-9407.0
-10663.0,-10360.0,-9336.0
-11094.0,-9872.0,-9394.0
-11122.0,-10554.0,-8695.0
-11129.0,-10436.0,-8884.0
-11082.0,-10562.0,-8721.0
-10115.0,-11091.0,-9141.0
-10608.0,-10399.0,-9331.0
-11079.0,-10841.0,-8680.0
-11000.0,-11222.0,-8091.0
-11141.0,-9951.0,-9322.0
-10894.0,-11332.0,-8098.0
-10221.0,-11827.0,-8100.0
-11077.0,-10586.0,-8706.0
-10200.0,-10824.0,-9269.0
-10509.0,-11915.0,-7587.0
-11127.0,-9817.0,-9394.0
-10795.0,-11631.0,-7847.0
-10614.0,-10442.0,-9287.0
-10870.0,-11210.0,-8294.0
-11121.0,-10538.0,-8757.0
-10810.0,-11482.0,-7996.0
-10911.0,-10134.0,-9431.0
-10260.0,-11803.0,-8136.0
-9794.0,-11845.0,-8286.0
-10848.0,-11234.0,-8323.0
-10624.0,-10421.0,-9326.0
-11024.0,-10638.0,-8694.0
-9608.0,-11459.0,-8882.0
-10849.0,-10170.0,-9437.0
-11049.0,-10581.0,-8747.0
-10770.0,-10206.0,-9354.0
-11149.0,-10085.0,-9263.0
-10754.0,-10184.0,-9359.0
-11088.0,-10452.0,-8974.0
-10261.0,-10876.0,-9169.0
-10938.0,-10042.0,-9418.0
-9739.0,-11461.0,-8857.0
-10599.0,-11900.0,-7518.0
-10924.0,-11405.0,-7933.0
-11008.0,-10655.0,-8762.0
-10921.0,-11464.0,-7915.0
-11176.0,-10237.0,-9067.0
-9799.0,-11821.0,-8301.0
-10844.0,-11437.0,-8269.0
-10758.0,-10239.0,-9282.0
-11074.0,-10459.0,-8829.0
-10990.0,-10612.0,-8792.0
-11144.0,-11146.0,-8337.0
-10315.0,-11780.0,-8191.0
-10432.0,-11913.0,-7589.0
-11039.0,-10489.0,-8843.0
-10789.0,-11565.0,-7851.0
-9840.0,-11784.0,-8343.0
-10614.0,-10368.0,-9331.0
-10560.0,-11853.0,-7786.0
-10702.0,-11504.0,-8034.0
-10861.0,-10075.0,-9462.0
-11144.0,-10287.0,-9033.0
-10196.0,-10989.0,-9024.0
-9853.0,-11497.0,-8837.0
-10544.0,-10745.0,-9236.0
-10832.0,-11456.0,-8037.0
-10837.0,-10202.0,-9227.0
-10895.0,-10268.0,-9212.0
-10702.0,-10409.0,-9198.0
-10965.0,-10549.0,-8884.0
-10604.0,-10493.0,-9197.0
-10997.0,-10476.0,-9007.0
-10698.0,-11511.0,-8239.0
-10529.0,-10894.0,-9087.0
-11003.0,-10679.0,-8747.0
-9868.0,-11348.0,-8986.0
-10654.0,-11559.0,-8188.0
-10838.0,-10216.0,-9222.0
-10042.0,-11196.0,-8957.0
-9893.0,-11774.0,-8392.0
-10837.0,-10282.0,-9211.0
-10854.0,-10238.0,-9217.0
-11048.0,-10237.0,-9173.0
-10464.0,-10924.0,-9016.0
-11132.0,-10269.0,-9036.0
-10045.0,-11523.0,-8785.0
-11015.0,-10388.0,-8997.0
-10098.0,-11759.0,-8347.0
-11047.0,-10891.0,-8646.0
-11012.0,-10409.0,-9007.0
-11057.0,-10249.0,-9038.0
-10992.0,-10681.0,-8701.0
-10889.0,-11356.0,-8083.0
-10163.0,-11036.0,-8987.0
-11016.0,-10287.0,-9139.0
-10942.0,-10722.0,-8685.0
-10942.0,-10667.0,-8946.0
-10720.0,-10321.0,-9188.0
-10843.0,-10289.0,-9176.0
-10849.0,-10755.0,-8707.0
-10648.0,-10440.0,-9185.0
-11012.0,-10290.0,-9041.0
-10838.0,-10368.0,-9166.0
-10959.0,-10333.0,-9037.0
-10657.0,-10569.0,-9167.0
-10049.0,-11635.0,-8540.0
-10599.0,-10517.0,-9182.0
-10435.0,-10941.0,-8996.0
-9613.0,-11558.0,-8732.0
-10270.0,-11105.0,-8941.0
-10955.0,-10141.0,-9221.0
-11006.0,-10134.0,-9220.0
-10773.0,-10721.0,-8820.0
-9924.0,-11354.0,-8905.0
-10641.0,-11560.0,-7874.0
-10636.0,-11584.0,-7859.0
-9839.0,-11364.0,-8864.0
-10289.0,-10955.0,-8982.0
-10130.0,-11256.0,-8913.0
-10584.0,-11596.0,-7901.0
-9937.0,-11529.0,-8700.0
-10078.0,-11667.0,-8440.0
-10740.0,-11654.0,-7792.0
-10988.0,-10912.0,-8584.0
-10708.0,-10416.0,-9163.0
-9669.0,-11564.0,-8651.0
-10919.0,-10451.0,-9109.0
-9952.0,-11380.0,-8849.0
-10180.0,-11029.0,-8986.0
-10954.0,-10357.0,-9022.0
-10407.0,-11024.0,-8970.0
-10654.0,-11692.0,-7838.0
-10794.0,-10487.0,-9147.0
-10817.0,-10673.0,-8871.0
-10305.0,-11859.0,-7963.0
-10936.0,-10944.0,-8570.0
-9783.0,-11600.0,-8631.0
-10552.0,-11781.0,-7950.0
-10771.0,-10730.0,-8809.0
-10974.0,-10184.0,-9186.0
-9987.0,-11271.0,-8901.0
-10753.0,-10830.0,-8717.0
-10800.0,-11289.0,-8477.0
-10766.0,-10754.0,-8794.0
-10558.0,-11591.0,-7986.0
-11001.0,-10436.0,-8990.0
-10795.0,-11446.0,-8112.0
-9984.0,-11330.0,-8883.0
-10767.0,-10659.0,-9116.0
-9908.0,-11625.0,-8541.0
-10433.0,-10798.0,-9160.0
-10054.0,-11611.0,-8555.0
-10746.0,-11456.0,-8085.0
-10872.0,-11099.0,-8590.0
-10148.0,-11564.0,-8646.0
-10556.0,-10624.0,-9170.0
-10795.0,-10907.0,-8626.0
-10843.0,-11258.0,-8308.0
-10841.0,-10566.0,-9075.0
-10730.0,-11008.0,-8805.0
-10611.0,-11693.0,-7825.0
-10600.0,-11726.0,-7796.0
-10778.0,-10953.0,-8651.0
-10678.0,-10500.0,-9117.0
-10913.0,-10444.0,-9144.0
-10163.0,-11415.0,-8795.0
-10391.0,-11821.0,-7917.0
-10348.0,-11258.0,-8885.0
-10828.0,-11344.0,-8282.0
-10341.0,-11291.0,-8859.0
-10592.0,-10690.0,-9082.0
-10772.0,-10705.0,-8882.0
-10549.0,-11611.0,-7978.0
-10554.0,-11587.0,-7993.0
-10746.0,-11003.0,-8617.0
-10195.0,-11365.0,-8829.0
-10495.0,-11604.0,-8394.0
-10795.0,-11313.0,-8462.0
-10610.0,-10709.0,-9044.0
-10767.0,-10714.0,-8855.0
-10440.0,-11732.0,-7976.0
-10694.0,-10741.0,-8907.0
-10446.0,-11613.0,-8237.0
-10443.0,-11721.0,-7985.0
-10104.0,-11745.0,-8245.0
-10198.0,-11655.0,-8216.0
-10575.0,-10790.0,-9024.0
-10669.0,-10798.0,-8854.0
-10614.0,-11026.0,-8908.0
-10292.0,-11044.0,-8886.0
-10633.0,-11402.0,-8323.0
-10520.0,-11802.0,-7807.0
-10698.0,-10701.0,-8890.0
-10320.0,-11635.0,-7999.0
-10698.0,-11058.0,-8771.0
-10330.0,-11631.0,-8340.0
-10683.0,-11207.0,-8622.0
-10688.0,-10673.0,-9019.0
-10616.0,-10716.0,-9009.0
-10656.0,-10723.0,-8985.0
-10646.0,-10976.0,-8942.0
-10545.0,-11342.0,-8367.0
-9940.0,-11575.0,-8575.0
-10724.0,-11127.0,-8544.0
-10659.0,-10822.0,-8887.0
-10570.0,-10814.0,-9009.0
-10697.0,-11091.0,-8760.0
-10654.0,-10846.0,-8872.0
-10497.0,-11397.0,-8521.0
-10538.0,-10864.0,-8975.0
-10388.0,-11140.0,-8813.0
-10554.0,-10853.0,-8970.0
-10628.0,-11230.0,-8567.0
-10540.0,-11523.0,-8208.0
-10589.0,-11254.0,-8531.0
-10082.0,-11666.0,-8360.0
-10599.0,-11175.0,-8759.0
-10584.0,-11278.0,-8516.0
-10141.0,-11584.0,-8436.0
-10529.0,-11278.0,-8553.0
-10243.0,-11310.0,-8675.0
-10512.0,-11248.0,-8670.0
-10284.0,-11569.0,-8448.0
-10453.0,-11445.0,-8470.0
-10394.0,-11356.0,-8660.0
-10468.0,-11296.0,-8619.0
-10544.0,-11198.0,-8704.0
-10337.0,-11456.0,-8614.0
-10211.0,-11360.0,-8641.0
-10398.0,-11468.0,-8415.0
-10200.0,-11537.0,-8585.0
