z1,z2,z3
2675.0,2978.0,685.0
2846.0,721.0,2901.0
1074.0,3009.0,2096.0
1084.0,2749.0,2247.0
2477.0,2844.0,708.0
3543.0,721.0,2372.0
2644.0,757.0,3374.0
2914.0,2670.0,812.0
1136.0,2667.0,2900.0
2328.0,3058.0,687.0
2716.0,2536.0,835.0
1146.0,2407.0,3051.0
2408.0,827.0,3171.0
2946.0,2496.0,924.0
3027.0,2469.0,927.0
2739.0,2397.0,958.0
2206.0,863.0,3644.0
1163.0,2271.0,2820.0
3436.0,2277.0,964.0
3666.0,733.0,2013.0
2164.0,3282.0,818.0
2541.0,2263.0,981.0
1201.0,1908.0,3551.0
3185.0,2188.0,1051.0
2099.0,943.0,3874.0
3266.0,2161.0,1054.0
2086.0,2981.0,834.0
3004.0,2156.0,1105.0
3261.0,2004.0,1110.0
1803.0,1012.0,3670.0
1130.0,3584.0,1669.0
1955.0,2929.0,869.0
3547.0,823.0,1912.0
3356.0,1893.0,1138.0
1922.0,3205.0,965.0
1713.0,2852.0,1016.0
3466.0,850.0,1909.0
3712.0,935.0,1760.0
1233.0,1904.0,3375.0
1257.0,1814.0,3209.0
3091.0,1888.0,1200.0
3186.0,1777.0,1228.0
1288.0,1405.0,3875.0
1661.0,1049.0,4144.0
3526.0,1763.0,1257.0
3621.0,1652.0,1285.0
3593.0,1025.0,1659.0
1575.0,3143.0,1167.0
1236.0,3155.0,1500.0
1607.0,1389.0,3504.0
3831.0,1032.0,1637.0
2778.0,1641.0,1293.0
3451.0,1536.0,1375.0
3712.0,1122.0,1536.0
1469.0,3572.0,1336.0
3241.0,1534.0,1417.0
3328.0,1266.0,1512.0
3498.0,1382.0,1422.0
3247.0,1293.0,1509.0
1451.0,2950.0,1402.0
3440.0,748.0,2413.0
3341.0,757.0,2845.0
2995.0,800.0,2562.0
2793.0,766.0,2965.0
2727.0,811.0,2800.0
3424.0,811.0,2271.0
2355.0,872.0,3235.0
3343.0,838.0,2268.0
3613.0,778.0,2077.0
2674.0,856.0,2864.0
2241.0,906.0,3400.0
3228.0,839.0,2283.0
2122.0,996.0,3299.0
2557.0,906.0,2832.0
2974.0,836.0,2616.0
2942.0,845.0,2626.0
2567.0,2750.0,814.0
3147.0,866.0,2280.0
2876.0,890.0,2461.0
3029.0,2356.0,965.0
2504.0,951.0,2896.0
1217.0,2235.0,3420.0
2823.0,935.0,2525.0
2331.0,921.0,3232.0
2390.0,985.0,3061.0
1223.0,2164.0,3224.0
2789.0,950.0,2689.0
3329.0,981.0,2258.0
3132.0,1009.0,2097.0
2687.0,993.0,2677.0
1952.0,1091.0,3331.0
1168.0,2552.0,2485.0
2983.0,930.0,2436.0
2368.0,1009.0,3048.0
2300.0,1037.0,2926.0
3015.0,935.0,2289.0
2595.0,1006.0,2715.0
2836.0,1002.0,2268.0
2271.0,1075.0,2960.0
2517.0,1018.0,2639.0
1168.0,3342.0,1887.0
2268.0,1157.0,3262.0
2233.0,1170.0,3256.0
1779.0,1244.0,3499.0
2392.0,2477.0,960.0
2526.0,1022.0,2526.0
2142.0,1179.0,3177.0
1744.0,1257.0,3493.0
2959.0,979.0,2433.0
2962.0,980.0,2353.0
2473.0,1067.0,2590.0
2242.0,2813.0,920.0
1273.0,2141.0,3078.0
2914.0,990.0,2344.0
3223.0,1022.0,1997.0
2410.0,1120.0,2788.0
1726.0,1299.0,3605.0
2111.0,2761.0,955.0
1972.0,1204.0,3139.0
2664.0,2170.0,1076.0
1178.0,2292.0,2636.0
1823.0,1195.0,3548.0
2759.0,1095.0,2492.0
2212.0,1204.0,3005.0
2896.0,1025.0,2188.0
3659.0,980.0,1824.0
2666.0,1097.0,2300.0
2375.0,1133.0,2782.0
2854.0,2083.0,1111.0
1304.0,1732.0,3744.0
1224.0,3127.0,2058.0
1316.0,2001.0,2485.0
2291.0,1188.0,2768.0
2144.0,1205.0,2840.0
1921.0,1207.0,3025.0
3142.0,1049.0,1994.0
2985.0,1081.0,1929.0
2456.0,1172.0,2694.0
3512.0,1052.0,1656.0
1235.0,2658.0,2468.0
1886.0,1220.0,3019.0
2291.0,1210.0,2687.0
2806.0,2022.0,1128.0
1371.0,1613.0,3224.0
1273.0,2477.0,2129.0
2462.0,1183.0,2330.0
1245.0,2398.0,2619.0
3010.0,1915.0,1197.0
3452.0,1129.0,1705.0
3393.0,1138.0,1907.0
2256.0,1223.0,2681.0
2220.0,2688.0,1016.0
2317.0,1235.0,2504.0
1840.0,1265.0,3440.0
3152.0,1144.0,1824.0
2843.0,1070.0,2252.0
1274.0,2913.0,1718.0
2979.0,1114.0,2160.0
2755.0,1129.0,2234.0
2962.0,1167.0,2129.0
1869.0,1315.0,3081.0
2908.0,1174.0,2153.0
2018.0,1278.0,2964.0
2856.0,1207.0,2065.0
1869.0,2684.0,1102.0
1623.0,1412.0,3413.0
1332.0,1895.0,2943.0
2376.0,2520.0,1102.0
2121.0,1283.0,2800.0
2635.0,1213.0,1994.0
1772.0,1421.0,3004.0
2960.0,1192.0,2091.0
2150.0,2400.0,1107.0
2925.0,1205.0,2085.0
2035.0,1299.0,2680.0
3359.0,1150.0,1818.0
2515.0,2384.0,1055.0
3447.0,1176.0,1613.0
3278.0,1177.0,1815.0
2976.0,1775.0,1270.0
3305.0,1201.0,1537.0
1406.0,1600.0,3230.0
1437.0,1484.0,3536.0
2306.0,1351.0,2244.0
1289.0,2804.0,1998.0
1987.0,1394.0,2658.0
2440.0,1267.0,2429.0
1332.0,2328.0,2354.0
3659.0,1167.0,1600.0
2493.0,1328.0,2137.0
2090.0,1399.0,2494.0
2405.0,1302.0,2342.0
1941.0,1390.0,2903.0
2780.0,2143.0,1202.0
2977.0,1990.0,1206.0
1465.0,1787.0,2506.0
3005.0,1216.0,1656.0
2504.0,2366.0,1170.0
1756.0,1468.0,3165.0
2612.0,2006.0,1258.0
2657.0,2236.0,1107.0
2067.0,2818.0,1079.0
2929.0,1929.0,1223.0
3119.0,1842.0,1258.0
2306.0,2232.0,1193.0
1748.0,1511.0,3170.0
2977.0,1935.0,1220.0
1330.0,2698.0,1889.0
1716.0,1515.0,3346.0
2958.0,1263.0,1850.0
2877.0,1290.0,1847.0
1447.0,1978.0,2680.0
2629.0,1855.0,1272.0
1906.0,1403.0,2897.0
1705.0,1539.0,3212.0
1353.0,2435.0,2291.0
2572.0,2147.0,1287.0
1682.0,1599.0,2689.0
2986.0,1217.0,1908.0
1429.0,2309.0,2215.0
1998.0,2453.0,1225.0
1496.0,1671.0,2812.0
1838.0,1431.0,2775.0
2055.0,1412.0,2488.0
1368.0,2456.0,2107.0
2429.0,2139.0,1288.0
1435.0,2287.0,2482.0
2004.0,1415.0,2374.0
2833.0,1347.0,1971.0
1481.0,2114.0,2375.0
1435.0,2562.0,2090.0
2649.0,1356.0,1946.0
1445.0,2636.0,2084.0
2479.0,1381.0,1908.0
1529.0,3251.0,1386.0
1463.0,2641.0,1600.0
2798.0,1365.0,1537.0
2610.0,2132.0,1370.0
2460.0,2059.0,1376.0
2460.0,1402.0,2156.0
2945.0,1293.0,1705.0
2273.0,2307.0,1202.0
1785.0,1558.0,2817.0
2425.0,1415.0,2150.0
1934.0,1439.0,2722.0
1486.0,2530.0,1975.0
1397.0,2804.0,1872.0
1506.0,2165.0,1956.0
2290.0,1443.0,2276.0
2147.0,2239.0,1246.0
2374.0,1418.0,2036.0
2204.0,1491.0,2149.0
2372.0,2160.0,1340.0
1443.0,3006.0,1619.0
1934.0,1567.0,2408.0
1693.0,3027.0,1255.0
2412.0,1998.0,1393.0
3190.0,1328.0,1608.0
3091.0,1461.0,1423.0
1756.0,2376.0,1372.0
2673.0,1397.0,1778.0
1494.0,2474.0,1758.0
2894.0,1614.0,1419.0
2263.0,2212.0,1372.0
3152.0,1331.0,1600.0
3043.0,1400.0,1440.0
1529.0,2105.0,2479.0
2387.0,1778.0,1419.0
1912.0,2208.0,1458.0
1635.0,1903.0,2416.0
2130.0,2083.0,1487.0
2174.0,1531.0,2284.0
1778.0,1607.0,2636.0
2000.0,1577.0,2179.0
2768.0,1838.0,1344.0
1639.0,2075.0,2333.0
2344.0,1542.0,2116.0
1974.0,2251.0,1401.0
2574.0,1494.0,1811.0
1855.0,1629.0,2353.0
1705.0,2718.0,1453.0
1655.0,2123.0,2130.0
2439.0,1522.0,1937.0
2253.0,1551.0,2037.0
1607.0,2782.0,1488.0
1662.0,1997.0,2042.0
2721.0,1458.0,1761.0
2385.0,1838.0,1519.0
2218.0,1982.0,1523.0
2394.0,1601.0,1914.0
2741.0,1744.0,1482.0
2690.0,1538.0,1673.0
2925.0,1569.0,1461.0
2173.0,1607.0,1843.0
1844.0,1745.0,2093.0
2543.0,1610.0,1505.0
1619.0,2473.0,1686.0
1650.0,2306.0,1844.0
1693.0,1881.0,2348.0
1618.0,2667.0,1523.0
2374.0,1814.0,1609.0
1954.0,1700.0,2269.0
2259.0,1852.0,1610.0
1900.0,2189.0,1691.0
1766.0,1962.0,2309.0
2524.0,1611.0,1757.0
1995.0,2078.0,1719.0
2408.0,1638.0,1631.0
1736.0,2551.0,1611.0
2198.0,2050.0,1537.0
1774.0,1900.0,2295.0
1805.0,1914.0,2248.0
2137.0,2040.0,1724.0
1711.0,2461.0,1809.0
2017.0,1775.0,1757.0
1885.0,2337.0,1632.0
1748.0,2242.0,1809.0
2534.0,1706.0,1587.0
1874.0,2228.0,1718.0
2232.0,1929.0,1752.0
1801.0,2221.0,1737.0
2406.0,1665.0,1837.0
2371.0,1741.0,1820.0
1743.0,2016.0,1989.0
2238.0,1769.0,1828.0
1943.0,2092.0,1764.0
1832.0,2113.0,1952.0
1879.0,2066.0,1908.0
1897.0,2028.0,1830.0
1887.0,2183.0,1853.0
1968.0,1937.0,2083.0
1957.0,2053.0,1823.0
2013.0,2001.0,1956.0
