z1,z2,z3,time
-6170.0,-5803.0,-10472.0,0.003942012786865234
-6713.0,-10135.0,-5338.0,0.009404182434082031
-11383.0,-5053.0,-6645.0,0.012984991073608398
-6451.0,-10118.0,-5644.0,0.018403053283691406
-11274.0,-5173.0,-6608.0,0.023246049880981445
-11261.0,-5463.0,-6267.0,0.02886819839477539
-6181.0,-6699.0,-10358.0,0.03645515441894531
-6978.0,-5604.0,-10298.0,0.04363107681274414
-6869.0,-10108.0,-5887.0,0.04822897911071777
-11258.0,-5574.0,-6231.0,0.05257105827331543
-5871.0,-10087.0,-5901.0,0.06407999992370605
-5784.0,-10073.0,-6035.0,0.06955599784851074
-11226.0,-5768.0,-7140.0,0.07391619682312012
-6786.0,-10072.0,-6137.0,0.07956600189208984
-5611.0,-6232.0,-10412.0,0.08354020118713379
-11189.0,-5927.0,-6145.0,0.08993721008300781
-5609.0,-10070.0,-6207.0,0.09500908851623535
-6765.0,-10132.0,-4915.0,0.09923005104064941
-6263.0,-10045.0,-6761.0,0.10889410972595215
-11131.0,-6143.0,-7149.0,0.11404705047607422
-7036.0,-10062.0,-5708.0,0.11896800994873047
-7134.0,-6614.0,-10248.0,0.12379717826843262
-11095.0,-6288.0,-6374.0,0.12801098823547363
-7240.0,-10056.0,-5630.0,0.1336061954498291
-5486.0,-6237.0,-10400.0,0.13858604431152344
-7282.0,-6488.0,-10216.0,0.14820599555969238
-11092.0,-6377.0,-6968.0,0.152055025100708
-7407.0,-10010.0,-5451.0,0.15612411499023438
-11259.0,-5141.0,-6766.0,0.16057419776916504
-11011.0,-6404.0,-7138.0,0.1661701202392578
-11002.0,-6577.0,-6784.0,0.17499113082885742
-7457.0,-6452.0,-10204.0,0.17903900146484375
-6180.0,-10009.0,-7011.0,0.18414807319641113
-7682.0,-9965.0,-5674.0,0.19550418853759766
-10973.0,-6698.0,-5996.0,0.2010211944580078
-7543.0,-6531.0,-10181.0,0.20653820037841797
-5797.0,-7092.0,-10286.0,0.21262001991271973
-7607.0,-6038.0,-10142.0,0.21792221069335938
-6069.0,-9962.0,-7080.0,0.22283005714416504
-10970.0,-6809.0,-5960.0,0.22993707656860352
-7613.0,-5302.0,-10116.0,0.2345740795135498
-8123.0,-5906.0,-10036.0,0.24214506149291992
-5986.0,-9926.0,-7330.0,0.24823307991027832
-7727.0,-9894.0,-5590.0,0.25533318519592285
-10938.0,-7003.0,-6869.0,0.2615320682525635
-7895.0,-9872.0,-6695.0,0.26793718338012695
-11199.0,-4711.0,-7206.0,0.27187609672546387
-11185.0,-4868.0,-7209.0,0.27599406242370605
-11173.0,-5631.0,-7404.0,0.2801640033721924
-8048.0,-9849.0,-6540.0,0.28687405586242676
-10861.0,-7132.0,-6794.0,0.29131007194519043
-5921.0,-9881.0,-7353.0,0.29914402961730957
-5810.0,-9834.0,-7422.0,0.305009126663208
-6375.0,-7180.0,-10213.0,0.3095672130584717
-7277.0,-9829.0,-7432.0,0.3175320625305176
-6632.0,-9818.0,-7663.0,0.3261451721191406
-11077.0,-6164.0,-7415.0,0.33283519744873047
-10762.0,-7165.0,-5993.0,0.3392181396484375
-11058.0,-4328.0,-7422.0,0.35045719146728516
-6075.0,-7221.0,-10213.0,0.3547651767730713
-11051.0,-5664.0,-7531.0,0.3642690181732178
-8062.0,-9826.0,-6516.0,0.36911702156066895
-10746.0,-7216.0,-6402.0,0.37617015838623047
-8215.0,-9803.0,-6361.0,0.3831040859222412
-5998.0,-7257.0,-10204.0,0.3879871368408203
-10738.0,-7232.0,-6522.0,0.39627718925476074
-5691.0,-7614.0,-10141.0,0.4004850387573242
-10735.0,-7343.0,-6486.0,0.408109188079834
-8203.0,-6398.0,-9931.0,0.41381001472473145
-11024.0,-6027.0,-7679.0,0.4223670959472656
-8276.0,-9765.0,-6360.0,0.42802000045776367
-8255.0,-6003.0,-9898.0,0.4362311363220215
-5727.0,-9798.0,-7672.0,0.4409370422363281
-10684.0,-7438.0,-6285.0,0.44776010513305664
-6941.0,-9785.0,-7705.0,0.4525151252746582
-8340.0,-6008.0,-9880.0,0.45742321014404297
-6610.0,-9784.0,-7823.0,0.46169018745422363
-8407.0,-9708.0,-6365.0,0.4724431037902832
-10998.0,-5527.0,-7795.0,0.4775881767272949
-10681.0,-7549.0,-6249.0,0.4822070598602295
-8341.0,-6082.0,-9875.0,0.48973917961120605
-8359.0,-5248.0,-9843.0,0.49928903579711914
-8364.0,-6416.0,-9833.0,0.5082571506500244
-8771.0,-5564.0,-9783.0,0.5190310478210449
-6527.0,-9748.0,-8073.0,0.5245141983032227
-8424.0,-9639.0,-6328.0,0.5321660041809082
-10966.0,-5953.0,-7895.0,0.5393640995025635
-8617.0,-9634.0,-6214.0,0.5451431274414062
-10640.0,-7738.0,-6257.0,0.5494050979614258
-5543.0,-7680.0,-10065.0,0.5541582107543945
-10940.0,-5453.0,-8011.0,0.558610200881958
-5276.0,-7687.0,-10023.0,0.5657050609588623
-5718.0,-7743.0,-10001.0,0.5704450607299805
-6128.0,-7850.0,-9957.0,0.5776121616363525
-8641.0,-9599.0,-6361.0,0.5840461254119873
-10913.0,-5324.0,-8151.0,0.5882980823516846
-10559.0,-7765.0,-6427.0,0.5966801643371582
-8748.0,-9577.0,-6219.0,0.6044900417327881
-6636.0,-9628.0,-8110.0,0.6120510101318359
-10473.0,-7784.0,-6436.0,0.6209561824798584
-10398.0,-7997.0,-5752.0,0.6333332061767578
-6500.0,-9619.0,-8213.0,0.6397581100463867
-5313.0,-7977.0,-9938.0,0.6457161903381348
-8945.0,-9563.0,-6402.0,0.6547460556030273
-10797.0,-5151.0,-8290.0,0.6606340408325195
-6464.0,-9579.0,-8269.0,0.666140079498291
-8838.0,-6096.0,-9749.0,0.6706790924072266
-6762.0,-8145.0,-9897.0,0.6758930683135986
-6442.0,-9545.0,-8429.0,0.6811192035675049
-9001.0,-5949.0,-9625.0,0.6886050701141357
-10366.0,-8012.0,-6690.0,0.6970181465148926
-10342.0,-8278.0,-6351.0,0.7029931545257568
-10746.0,-5370.0,-8330.0,0.7081561088562012
-10744.0,-5014.0,-8554.0,0.7129580974578857
-8948.0,-9452.0,-6438.0,0.7213501930236816
-9022.0,-9434.0,-6477.0,0.7295541763305664
-7789.0,-9525.0,-8476.0,0.7374980449676514
-5744.0,-8243.0,-9885.0,0.7418880462646484
-9138.0,-5559.0,-9574.0,0.7479121685028076
-9071.0,-9411.0,-6387.0,0.7541990280151367
-6078.0,-9425.0,-8646.0,0.7660350799560547
-9131.0,-9327.0,-7097.0,0.7718651294708252
-5292.0,-8392.0,-9805.0,0.7775661945343018
-9299.0,-9304.0,-7462.0,0.7832121849060059
-9162.0,-5967.0,-9527.0,0.787959098815918
-10403.0,-5145.0,-8700.0,0.7978110313415527
-10217.0,-8283.0,-6339.0,0.8032891750335693
-10215.0,-8300.0,-5843.0,0.8108670711517334
-9178.0,-5694.0,-9511.0,0.8155369758605957
-9193.0,-5673.0,-9419.0,0.830808162689209
-10145.0,-8389.0,-6858.0,0.8401601314544678
-9545.0,-5432.0,-9415.0,0.8553581237792969
-6382.0,-9389.0,-8687.0,0.8623631000518799
-5894.0,-8473.0,-9629.0,0.8684120178222656
-7704.0,-9322.0,-8832.0,0.8750259876251221
-10073.0,-8408.0,-5986.0,0.8861610889434814
-9303.0,-9274.0,-6459.0,0.8922631740570068
-10067.0,-8426.0,-5875.0,0.8997540473937988
-9384.0,-9247.0,-6289.0,0.9060959815979004
-10322.0,-5465.0,-8726.0,0.9146599769592285
-10035.0,-8468.0,-6906.0,0.922309160232544
-6963.0,-8648.0,-9609.0,0.9302330017089844
-10308.0,-5410.0,-8905.0,0.938338041305542
-10006.0,-8551.0,-7204.0,0.9461920261383057
-9465.0,-9170.0,-7488.0,0.9560990333557129
-6472.0,-9189.0,-8871.0,0.9641661643981934
-9985.0,-8576.0,-7123.0,0.9716660976409912
-5960.0,-9135.0,-9012.0,0.9818131923675537
-9478.0,-9156.0,-6050.0,0.990272045135498
-9929.0,-8680.0,-7129.0,0.9971451759338379
-9550.0,-9113.0,-6315.0,1.0069410800933838
-7049.0,-8727.0,-9586.0,1.0121381282806396
-10211.0,-5421.0,-8906.0,1.0180552005767822
-10133.0,-5446.0,-8917.0,1.0258359909057617
-10114.0,-5389.0,-8948.0,1.0382821559906006
-9555.0,-9027.0,-6125.0,1.045773983001709
-9604.0,-9004.0,-6035.0,1.054157018661499
-9709.0,-5541.0,-9313.0,1.0605239868164062
-9967.0,-5541.0,-9051.0,1.0673120021820068
-9920.0,-8729.0,-5973.0,1.0734760761260986
-7164.0,-9096.0,-9107.0,1.0852651596069336
-6990.0,-8777.0,-9469.0,1.0945501327514648
-9654.0,-8934.0,-7066.0,1.1038451194763184
-9917.0,-8840.0,-5937.0,1.1096971035003662
-7503.0,-8874.0,-9334.0,1.11747407913208
-9832.0,-8897.0,-7110.0,1.1281661987304688
-9886.0,-5861.0,-9077.0,1.14028000831604
-7413.0,-9074.0,-9150.0,1.1465940475463867
-9845.0,-5739.0,-9120.0,1.1533172130584717
-9775.0,-5817.0,-9257.0,1.159900188446045
-7486.0,-9005.0,-9166.0,1.1663291454315186
-9836.0,-8867.0,-6107.0,1.1758520603179932
-7159.0,-8892.0,-9196.0,1.1939101219177246
-7522.0,-8954.0,-9187.0,1.202726125717163
-6050.0,-8935.0,-9196.0,1.2234971523284912
-5786.0,-6196.0,-10400.0,1.2510950565338135
-6772.0,-5884.0,-10296.0,1.2907772064208984
-11245.0,-5560.0,-6718.0,1.318087100982666
-6271.0,-6159.0,-10270.0,1.3299970626831055
-6926.0,-10042.0,-6359.0,1.3387160301208496
-6416.0,-10022.0,-6606.0,1.3742151260375977
-6978.0,-10039.0,-5936.0,1.3808960914611816
-7225.0,-10024.0,-5788.0,1.417107105255127
-7378.0,-10001.0,-5633.0,1.4375271797180176
-7050.0,-10021.0,-5960.0,1.4447669982910156
-6911.0,-10010.0,-6517.0,1.4534780979156494
-11149.0,-5897.0,-7065.0,1.4711260795593262
-7203.0,-9998.0,-5805.0,1.480135202407837
-6953.0,-10026.0,-5958.0,1.4863941669464111
-7093.0,-9996.0,-6180.0,1.4954462051391602
-7371.0,-9999.0,-5635.0,1.5210800170898438
-6963.0,-10007.0,-6094.0,1.5278680324554443
-7356.0,-9967.0,-5793.0,1.5513951778411865
-6171.0,-6904.0,-10256.0,1.5593571662902832
-6736.0,-10007.0,-6689.0,1.5806260108947754
-7116.0,-9984.0,-5939.0,1.5913810729980469
-7181.0,-9964.0,-5965.0,1.6181449890136719
-6394.0,-9988.0,-6766.0,1.6348130702972412
-6653.0,-9971.0,-6939.0,1.6486520767211914
-7507.0,-9962.0,-5846.0,1.6573760509490967
-7109.0,-9982.0,-5941.0,1.7096061706542969
-7588.0,-9954.0,-6667.0,1.7288811206817627
-7064.0,-9987.0,-6362.0,1.7696990966796875
-6830.0,-6697.0,-10244.0,1.7956461906433105
-6311.0,-9952.0,-7016.0,1.8047599792480469
-6004.0,-9917.0,-7103.0,1.8154971599578857
-6921.0,-9909.0,-7058.0,1.8299369812011719
-6200.0,-9905.0,-7085.0,1.8401751518249512
-6139.0,-9903.0,-7175.0,1.8592441082000732
-6705.0,-6702.0,-10232.0,1.8900160789489746
-6889.0,-9984.0,-6534.0,1.9378571510314941
-6838.0,-9873.0,-7308.0,1.9589312076568604
-7057.0,-9985.0,-6364.0,1.976363182067871
-6784.0,-9914.0,-6944.0,2.006042003631592
-6153.0,-9880.0,-7151.0,2.0192291736602783
-7591.0,-9908.0,-6654.0,2.0705721378326416
-6867.0,-9950.0,-6694.0,2.1183090209960938
-6943.0,-9943.0,-6898.0,2.1268110275268555
-6117.0,-9869.0,-7335.0,2.1519200801849365
-6644.0,-6866.0,-10184.0,2.2026000022888184
-6197.0,-7404.0,-10140.0,2.228337049484253
-10952.0,-6685.0,-7001.0,2.236560106277466
-6750.0,-7007.0,-10176.0,2.291501045227051
-7247.0,-9907.0,-6939.0,2.3221681118011475
-5876.0,-7412.0,-10071.0,2.3356881141662598
-5799.0,-7448.0,-10062.0,2.344679117202759
-6429.0,-7463.0,-10043.0,2.3772010803222656
-6250.0,-7185.0,-10201.0,2.3856379985809326
-5830.0,-7611.0,-10022.0,2.4060590267181396
-11116.0,-6111.0,-7307.0,2.461454153060913
-7009.0,-6619.0,-10236.0,2.4702131748199463
-6450.0,-7048.0,-10176.0,2.485272169113159
-7005.0,-6661.0,-10232.0,2.494112014770508
-6898.0,-6881.0,-10144.0,2.511848211288452
-6214.0,-7218.0,-10094.0,2.536098003387451
-6446.0,-7090.0,-10172.0,2.5436031818389893
-5997.0,-7543.0,-10010.0,2.5640311241149902
-6382.0,-7202.0,-10070.0,2.579421043395996
-6625.0,-7012.0,-10164.0,2.591907024383545
-7998.0,-5911.0,-10024.0,2.6049551963806152
-6536.0,-7127.0,-10153.0,2.6172211170196533
-6597.0,-7268.0,-10058.0,2.6398420333862305
-7773.0,-5943.0,-10008.0,2.6533420085906982
-7782.0,-6579.0,-10004.0,2.7028000354766846
-5778.0,-7863.0,-9929.0,2.7112221717834473
-6984.0,-6960.0,-10121.0,2.7369580268859863
-7394.0,-9871.0,-6986.0,2.7561800479888916
-5693.0,-7970.0,-9917.0,2.7648251056671143
-7559.0,-6105.0,-10022.0,2.7773380279541016
-6682.0,-7161.0,-10070.0,2.791459083557129
-5913.0,-7702.0,-9986.0,2.8008201122283936
-6297.0,-7309.0,-10058.0,2.813584089279175
-5998.0,-7595.0,-9998.0,2.8306210041046143
-6766.0,-7053.0,-10095.0,2.8569860458374023
-7416.0,-9905.0,-6826.0,2.8650550842285156
-7157.0,-6493.0,-10204.0,2.8721840381622314
-7311.0,-9835.0,-7236.0,2.8934130668640137
-7368.0,-6567.0,-10193.0,2.901492118835449
-7220.0,-6633.0,-10117.0,2.9311110973358154
-7095.0,-6638.0,-10105.0,2.9721720218658447
-7044.0,-6730.0,-10102.0,2.996422052383423
-6162.0,-7470.0,-10001.0,3.0079782009124756
-6032.0,-7483.0,-9995.0,3.0688061714172363
-6773.0,-6886.0,-10132.0,3.078658103942871
-6377.0,-7536.0,-9989.0,3.113920211791992
-6472.0,-7273.0,-10046.0,3.1262001991271973
-7083.0,-6679.0,-10074.0,3.162466049194336
-7243.0,-6572.0,-10181.0,3.2004621028900146
-11088.0,-6275.0,-7213.0,3.2490880489349365
-7957.0,-6543.0,-9992.0,3.268216133117676
-7141.0,-6880.0,-10058.0,3.283388137817383
-7021.0,-6884.0,-10083.0,3.2954440116882324
-6077.0,-7577.0,-9989.0,3.367720127105713
-6859.0,-6965.0,-10109.0,3.384366989135742
-11035.0,-6138.0,-7477.0,3.398581027984619
-6836.0,-7026.0,-10045.0,3.4725639820098877
-7395.0,-6696.0,-10053.0,3.492709159851074
-10983.0,-6497.0,-6931.0,3.5123841762542725
-6883.0,-7326.0,-9988.0,3.5510079860687256
-7569.0,-9874.0,-6814.0,3.5622031688690186
-7309.0,-6617.0,-10076.0,3.5754241943359375
-6575.0,-7312.0,-10001.0,3.6245081424713135
-6252.0,-7541.0,-9977.0,3.638235092163086
-6877.0,-6996.0,-10007.0,3.745007038116455
-7116.0,-9788.0,-7533.0,3.8152530193328857
-7169.0,-6758.0,-10051.0,3.826892137527466
-11026.0,-6311.0,-7123.0,3.8355441093444824
-6191.0,-7705.0,-9929.0,3.895965099334717
-6449.0,-7334.0,-9982.0,3.9140241146087646
-6925.0,-7010.0,-10004.0,3.934997081756592
-7270.0,-6701.0,-10041.0,3.947479009628296
-7330.0,-6788.0,-10032.0,3.983422040939331
-7484.0,-6581.0,-10064.0,3.9993741512298584
-6529.0,-7368.0,-9961.0,4.015344142913818
-10955.0,-6574.0,-7037.0,4.0387961864471436
-6758.0,-7331.0,-9976.0,4.09155797958374
-7089.0,-6953.0,-10004.0,4.127259016036987
-6576.0,-7683.0,-9925.0,4.206057071685791
-7011.0,-7089.0,-9981.0,4.228610038757324
-8028.0,-6434.0,-9943.0,4.239374160766602
-6535.0,-7413.0,-9959.0,4.2632081508636475
-7720.0,-9869.0,-6867.0,4.296306133270264
-10993.0,-5590.0,-7747.0,4.327434062957764
-10968.0,-6465.0,-7089.0,4.3630640506744385
-7205.0,-6793.0,-10020.0,4.392142057418823
-7284.0,-6844.0,-9992.0,4.4302191734313965
-6700.0,-7340.0,-9950.0,4.57400107383728
-6615.0,-7447.0,-9938.0,4.591154098510742
-7851.0,-9812.0,-6872.0,4.6273651123046875
-7478.0,-9789.0,-7057.0,4.646298170089722
-7657.0,-6584.0,-9992.0,4.670749187469482
-6915.0,-7406.0,-9938.0,4.689566135406494
-7626.0,-6637.0,-9988.0,4.705547094345093
-7370.0,-6923.0,-9969.0,4.755163192749023
-7023.0,-7145.0,-9969.0,4.801979064941406
-7159.0,-6849.0,-9980.0,4.827661037445068
-11039.0,-6240.0,-7232.0,4.849959135055542
-7035.0,-7047.0,-9963.0,4.877732038497925
-7329.0,-9826.0,-7009.0,4.965689182281494
-7335.0,-7117.0,-9960.0,5.010890007019043
-6914.0,-7220.0,-9973.0,5.065384149551392
-11007.0,-6231.0,-7270.0,5.077032089233398
-11000.0,-6293.0,-7340.0,5.087910175323486
-7459.0,-6808.0,-9980.0,5.125916004180908
-7868.0,-6658.0,-9981.0,5.18632698059082
-10979.0,-6395.0,-7176.0,5.197633981704712
-6276.0,-7724.0,-9925.0,5.2260260581970215
-7494.0,-9783.0,-6991.0,5.2649171352386475
-8381.0,-5906.0,-9774.0,5.293318033218384
-5830.0,-8262.0,-9754.0,5.321786165237427
-7559.0,-9763.0,-7017.0,5.357628107070923
-6199.0,-7760.0,-9916.0,5.371200084686279
-8663.0,-6132.0,-9761.0,5.408565998077393
-7442.0,-9786.0,-7414.0,5.425177097320557
-10930.0,-6360.0,-7195.0,5.447375059127808
-5392.0,-8297.0,-9723.0,5.460798025131226
-10925.0,-6423.0,-7147.0,5.492714166641235
-10921.0,-6321.0,-7392.0,5.532639980316162
-6946.0,-7181.0,-9960.0,5.556567192077637
-10920.0,-6523.0,-7346.0,5.569079160690308
-6704.0,-7332.0,-9949.0,5.593674182891846
-7541.0,-6744.0,-9976.0,5.645189046859741
-10885.0,-5488.0,-8057.0,5.660417079925537
-6790.0,-7411.0,-9926.0,5.761697053909302
-7245.0,-9749.0,-7746.0,5.774782180786133
-7474.0,-7562.0,-9912.0,5.822705030441284
-8026.0,-9815.0,-6700.0,5.835169076919556
-10942.0,-6219.0,-7556.0,5.851161003112793
-7421.0,-7196.0,-9937.0,5.8753821849823
-7070.0,-8312.0,-9719.0,5.900315999984741
-7723.0,-9758.0,-6903.0,5.976557016372681
-10865.0,-5861.0,-7926.0,6.072404146194458
-6499.0,-7719.0,-9916.0,6.103710174560547
-11019.0,-6090.0,-7631.0,6.120805978775024
-10911.0,-6874.0,-7009.0,6.133912086486816
-5802.0,-8317.0,-9669.0,6.146843194961548
-6977.0,-7201.0,-9929.0,6.195648193359375
-5811.0,-8382.0,-9665.0,6.208264112472534
-6829.0,-7327.0,-9961.0,6.2250120639801025
-10902.0,-6524.0,-7101.0,6.242993116378784
-10899.0,-6548.0,-7265.0,6.311330080032349
-7589.0,-9750.0,-7461.0,6.40235710144043
-7083.0,-9746.0,-7751.0,6.428140163421631
-7210.0,-7122.0,-9948.0,6.457343101501465
-8193.0,-9769.0,-6521.0,6.470813035964966
-7000.0,-9710.0,-8001.0,6.541021108627319
-7545.0,-6887.0,-9957.0,6.5612311363220215
-10831.0,-5573.0,-7974.0,6.578185081481934
-10894.0,-6611.0,-7217.0,6.593717098236084
-10926.0,-6258.0,-7440.0,6.60672402381897
-10949.0,-6157.0,-7486.0,6.637611150741577
-6374.0,-7724.0,-9904.0,6.666910171508789
-7743.0,-6663.0,-9969.0,6.680930137634277
-10804.0,-5444.0,-8114.0,6.6922080516815186
-7829.0,-9749.0,-6904.0,6.7094151973724365
-7915.0,-9748.0,-7342.0,6.72791600227356
-7503.0,-9751.0,-7023.0,6.782819032669067
-7627.0,-6823.0,-9953.0,6.8129661083221436
-7296.0,-7201.0,-9925.0,6.90890097618103
-10893.0,-6654.0,-7201.0,6.924957990646362
-7105.0,-9780.0,-7591.0,7.053564071655273
-10799.0,-5507.0,-8066.0,7.084132194519043
-10798.0,-5731.0,-8093.0,7.11612606048584
-7510.0,-7081.0,-9948.0,7.153512001037598
-10885.0,-6866.0,-7133.0,7.167011976242065
-10758.0,-5877.0,-8117.0,7.240249156951904
-7903.0,-9764.0,-6732.0,7.2650861740112305
-10747.0,-5458.0,-8125.0,7.27668309211731
-10883.0,-6262.0,-7445.0,7.305588006973267
-10705.0,-5248.0,-8373.0,7.357122182846069
-10872.0,-6286.0,-7411.0,7.37804913520813
-10722.0,-7135.0,-6913.0,7.408746004104614
-10915.0,-6328.0,-7353.0,7.435437202453613
-7420.0,-9752.0,-7574.0,7.448362112045288
-10708.0,-7172.0,-6624.0,7.466414213180542
-7822.0,-6714.0,-9941.0,7.48095703125
-10852.0,-6347.0,-7397.0,7.5141661167144775
-10668.0,-7388.0,-7571.0,7.54887318611145
-10857.0,-6254.0,-7569.0,7.567686080932617
-10910.0,-6210.0,-7594.0,7.586254119873047
-10851.0,-6444.0,-7449.0,7.63611102104187
-8229.0,-9762.0,-6613.0,7.692348003387451
-10858.0,-6072.0,-7729.0,7.761906147003174
-10732.0,-5377.0,-8233.0,7.836111068725586
-10868.0,-6184.0,-7656.0,7.853777170181274
-8004.0,-9752.0,-6732.0,7.869227170944214
-10718.0,-5534.0,-8236.0,7.883418083190918
-10705.0,-7283.0,-6588.0,7.899091005325317
-10605.0,-6205.0,-8462.0,7.951409101486206
-10844.0,-6363.0,-7517.0,7.975164175033569
-10392.0,-7811.0,-6606.0,7.9943931102752686
-7697.0,-6719.0,-9929.0,8.028681993484497
-8251.0,-6123.0,-9869.0,8.04315710067749
-8055.0,-7491.0,-9877.0,8.114113092422485
-10664.0,-7472.0,-6596.0,8.127787113189697
-10848.0,-6889.0,-7091.0,8.141797065734863
-6984.0,-8233.0,-9742.0,8.204873085021973
-8254.0,-9731.0,-6520.0,8.21934700012207
-10834.0,-7003.0,-6934.0,8.270572185516357
-10857.0,-6073.0,-7858.0,8.28715205192566
-7967.0,-9745.0,-6919.0,8.302119016647339
-10381.0,-7881.0,-6519.0,8.321746110916138
-10884.0,-6556.0,-7239.0,8.387474060058594
-8061.0,-9738.0,-6721.0,8.403548002243042
-8231.0,-6320.0,-9836.0,8.417625188827515
-10858.0,-6737.0,-7273.0,8.43596601486206
-10700.0,-7194.0,-6662.0,8.455998182296753
-10876.0,-6725.0,-7185.0,8.514721155166626
-8360.0,-9705.0,-6618.0,8.547935009002686
-10843.0,-6080.0,-7761.0,8.581133127212524
-10773.0,-5958.0,-8009.0,8.606614112854004
-8295.0,-6138.0,-9835.0,8.620481014251709
-6682.0,-9657.0,-8047.0,8.671763181686401
-10830.0,-6125.0,-7709.0,8.689054012298584
-10834.0,-6587.0,-7329.0,8.755002975463867
-10841.0,-6474.0,-7481.0,8.777920007705688
-7997.0,-6678.0,-9929.0,8.794080018997192
-10833.0,-6339.0,-7519.0,8.818103075027466
-10799.0,-7006.0,-6988.0,8.832557201385498
-10830.0,-6325.0,-7559.0,8.91650915145874
-8207.0,-9728.0,-6773.0,8.931833028793335
-10771.0,-7018.0,-7016.0,8.947333097457886
-10682.0,-7206.0,-6750.0,8.985085010528564
-10638.0,-7560.0,-6467.0,9.01499319076538
-10686.0,-7168.0,-6806.0,9.08316707611084
-7280.0,-9783.0,-7419.0,9.096063137054443
-10853.0,-6224.0,-7605.0,9.11592698097229
-10763.0,-7039.0,-6881.0,9.131161212921143
-10830.0,-6901.0,-7179.0,9.247678995132446
-7258.0,-9749.0,-7579.0,9.260233163833618
-7124.0,-7599.0,-9884.0,9.294073104858398
-10818.0,-6651.0,-7401.0,9.357550144195557
-10818.0,-6307.0,-7677.0,9.386098146438599
-8573.0,-9612.0,-7639.0,9.513687133789062
-10760.0,-7040.0,-6825.0,9.531834125518799
-10759.0,-7077.0,-6825.0,9.551523208618164
-10596.0,-6107.0,-8500.0,9.56904411315918
-10707.0,-5604.0,-8149.0,9.624075174331665
-10631.0,-6705.0,-8346.0,9.733077049255371
-10826.0,-6095.0,-7745.0,9.772132158279419
-8085.0,-9703.0,-6868.0,9.807059049606323
-10798.0,-6307.0,-7713.0,9.832101106643677
-10800.0,-6663.0,-7489.0,9.946598052978516
-10816.0,-5951.0,-7901.0,9.982325077056885
-10853.0,-6800.0,-7225.0,9.999006032943726
-7043.0,-7626.0,-9870.0,10.033360004425049
-10772.0,-6251.0,-7775.0,10.104269027709961
-10799.0,-6894.0,-7656.0,10.132193088531494
-10794.0,-6917.0,-7062.0,10.356069087982178
-8142.0,-6435.0,-9825.0,10.375917196273804
-10578.0,-5148.0,-8528.0,10.39126706123352
-10800.0,-6087.0,-7869.0,10.409983158111572
-6525.0,-9581.0,-8179.0,10.458048105239868
-7210.0,-7678.0,-9861.0,10.538870096206665
-10657.0,-5785.0,-8148.0,10.592369079589844
-8388.0,-9628.0,-6512.0,10.607340097427368
-10776.0,-6929.0,-7150.0,10.626213073730469
-8124.0,-6497.0,-9813.0,10.68476414680481
-10636.0,-7636.0,-6502.0,10.725574016571045
-6663.0,-9577.0,-8194.0,10.800742149353027
-10746.0,-6757.0,-7920.0,10.842831134796143
-7226.0,-9669.0,-7893.0,10.856703042984009
-10538.0,-5294.0,-8552.0,10.89518404006958
-6986.0,-9621.0,-8088.0,10.912785053253174
-10722.0,-7023.0,-7581.0,10.981058120727539
-10718.0,-7033.0,-7158.0,11.073237180709839
-7945.0,-9711.0,-7079.0,11.164060115814209
-6922.0,-8378.0,-9643.0,11.196707010269165
-8046.0,-9691.0,-7347.0,11.212849140167236
-10685.0,-7037.0,-7025.0,11.249045133590698
-10682.0,-7066.0,-7051.0,11.316357135772705
-6958.0,-7733.0,-9858.0,11.406681060791016
-8538.0,-6137.0,-9749.0,11.426882028579712
-7409.0,-9744.0,-7632.0,11.509756088256836
-8395.0,-6429.0,-9734.0,11.544467210769653
-8164.0,-6632.0,-9750.0,11.578083992004395
-8252.0,-9657.0,-6689.0,11.59464406967163
-10668.0,-6001.0,-7981.0,11.732263088226318
-8098.0,-9688.0,-6924.0,11.753454208374023
-6826.0,-9617.0,-8094.0,11.804896116256714
-6768.0,-9543.0,-8310.0,11.819746017456055
-10582.0,-7664.0,-6473.0,11.86381220817566
-8100.0,-9650.0,-7711.0,11.887819051742554
-7898.0,-9405.0,-8513.0,11.922301054000854
-8220.0,-9619.0,-6825.0,11.964586019515991
-8528.0,-6525.0,-9731.0,11.983127117156982
-7893.0,-9714.0,-7502.0,12.018742084503174
-10749.0,-6384.0,-7685.0,12.054666996002197
-8595.0,-9600.0,-6374.0,12.099871158599854
-10673.0,-5938.0,-8029.0,12.121662139892578
-8189.0,-6709.0,-9732.0,12.209933996200562
-6957.0,-9560.0,-8099.0,12.230126142501831
-10664.0,-6078.0,-7972.0,12.253472089767456
-7248.0,-9703.0,-7733.0,12.270627975463867
-7540.0,-9687.0,-7637.0,12.290074110031128
-7300.0,-8015.0,-9846.0,12.315309047698975
-10650.0,-7400.0,-7659.0,12.353132009506226
-10561.0,-7689.0,-6392.0,12.387826204299927
-10631.0,-7547.0,-6576.0,12.405200004577637
-8250.0,-9629.0,-6765.0,12.447477102279663
-10650.0,-6824.0,-8039.0,12.535876035690308
-10613.0,-7414.0,-7103.0,12.573451042175293
-7762.0,-9396.0,-8616.0,12.650646209716797
-10649.0,-5997.0,-8080.0,12.69158411026001
-10744.0,-6920.0,-7188.0,12.740138053894043
-10611.0,-7431.0,-6607.0,12.781800031661987
-10377.0,-5276.0,-8650.0,12.863512992858887
-10596.0,-7606.0,-7422.0,12.882527112960815
-7161.0,-9624.0,-7916.0,13.097514152526855
-10659.0,-6141.0,-7924.0,13.170514106750488
-8740.0,-9566.0,-7460.0,13.259482145309448
-8126.0,-6679.0,-9734.0,13.316001176834106
-7379.0,-9646.0,-7738.0,13.403629064559937
-7109.0,-9590.0,-8038.0,13.430858135223389
-10489.0,-5419.0,-8547.0,13.462280988693237
-6967.0,-9541.0,-8235.0,13.499217987060547
-7248.0,-9638.0,-7782.0,13.596867084503174
-8403.0,-6530.0,-9719.0,13.670616149902344
-7457.0,-9636.0,-7781.0,13.711218118667603
-8353.0,-7301.0,-9715.0,13.738798141479492
-8532.0,-6626.0,-9676.0,13.849287033081055
-8540.0,-6140.0,-9668.0,13.942959070205688
-8665.0,-6135.0,-9680.0,13.988600015640259
-8556.0,-6447.0,-9636.0,14.014998197555542
-10365.0,-5650.0,-8611.0,14.106752157211304
-7330.0,-9622.0,-7803.0,14.131597995758057
-8064.0,-6714.0,-9720.0,14.170274019241333
-8620.0,-6265.0,-9635.0,14.30532717704773
-10522.0,-7667.0,-6539.0,14.367132186889648
-10511.0,-7737.0,-6452.0,14.443095207214355
-10345.0,-5299.0,-8666.0,14.479519128799438
-7761.0,-9600.0,-7822.0,14.523239135742188
-10501.0,-7691.0,-6643.0,14.565198183059692
-9005.0,-6050.0,-9570.0,14.57877516746521
-7399.0,-9562.0,-7997.0,14.631129026412964
-7634.0,-9586.0,-7844.0,14.65202808380127
-9049.0,-5674.0,-9563.0,14.668914079666138
-10507.0,-7635.0,-6697.0,14.690155982971191
-10477.0,-5720.0,-8502.0,14.707439184188843
-10380.0,-5731.0,-8503.0,14.728055000305176
-10380.0,-5539.0,-8510.0,14.748890161514282
-10372.0,-5428.0,-8526.0,14.770454168319702
-10458.0,-7752.0,-6594.0,14.864972114562988
-6989.0,-9575.0,-8075.0,14.929924011230469
-10361.0,-5547.0,-8641.0,14.970856189727783
-8731.0,-6411.0,-9624.0,15.029236078262329
-10430.0,-7764.0,-6622.0,15.24383020401001
-7703.0,-9526.0,-8038.0,15.313799142837524
-9030.0,-5820.0,-9543.0,15.378493070602417
-7496.0,-7603.0,-9807.0,15.394854068756104
-8911.0,-5990.0,-9619.0,15.467689990997314
-9196.0,-5725.0,-9409.0,15.489112138748169
-10482.0,-7637.0,-7459.0,15.512871026992798
-8795.0,-6229.0,-9623.0,15.543594121932983
-10469.0,-7682.0,-6681.0,15.56790804862976
-9274.0,-5700.0,-9398.0,15.591966152191162
-7069.0,-8126.0,-9754.0,15.62618899345398
-7371.0,-7925.0,-9805.0,15.642036199569702
-8773.0,-9514.0,-6561.0,15.73021411895752
-8880.0,-6234.0,-9605.0,15.743795156478882
-10435.0,-7644.0,-7303.0,15.77015209197998
-10380.0,-7694.0,-6822.0,15.796126127243042
-10429.0,-7652.0,-7601.0,15.82240605354309
-10377.0,-7779.0,-6764.0,15.848649978637695
-7755.0,-7532.0,-9877.0,15.953668117523193
-8790.0,-9458.0,-7243.0,15.974101066589355
-8407.0,-6631.0,-9664.0,16.006489992141724
-10334.0,-5972.0,-8513.0,16.0363130569458
-8380.0,-7080.0,-9643.0,16.06902503967285
-6005.0,-9121.0,-8943.0,16.088690042495728
-10310.0,-5766.0,-8681.0,16.171441078186035
-7431.0,-7695.0,-9786.0,16.187055110931396
-8904.0,-9457.0,-6566.0,16.20906400680542
-10718.0,-6921.0,-7826.0,16.255144119262695
-8660.0,-7397.0,-9617.0,16.279308080673218
-9029.0,-5871.0,-9530.0,16.32002019882202
-8423.0,-6746.0,-9639.0,16.396530151367188
-9371.0,-5689.0,-9397.0,16.434104204177856
-7102.0,-9119.0,-8894.0,16.45387601852417
-7516.0,-7588.0,-9798.0,16.563913106918335
-8802.0,-6302.0,-9575.0,16.646435022354126
-8977.0,-6266.0,-9563.0,16.739667177200317
-7517.0,-7774.0,-9763.0,16.762554168701172
-10280.0,-6616.0,-8696.0,16.802759170532227
-7649.0,-7565.0,-9740.0,16.88436198234558
-10253.0,-5559.0,-8762.0,16.929418087005615
-10269.0,-5644.0,-8724.0,16.94442915916443
-8758.0,-9482.0,-6719.0,16.959805011749268
-10707.0,-6991.0,-7739.0,16.97291398048401
-10331.0,-8140.0,-6970.0,17.00660800933838
-10296.0,-5773.0,-8584.0,17.063735008239746
-7782.0,-7661.0,-9737.0,17.08114504814148
-10352.0,-7725.0,-7103.0,17.152650117874146
-10282.0,-5930.0,-8587.0,17.21878719329834
-7408.0,-7849.0,-9767.0,17.255040168762207
-10375.0,-7654.0,-7596.0,17.29394817352295
-8853.0,-7042.0,-9571.0,17.31756615638733
-10372.0,-7690.0,-6838.0,17.357228994369507
-10214.0,-5833.0,-8800.0,17.4183931350708
-9204.0,-6105.0,-9383.0,17.44403910636902
-10370.0,-7677.0,-7002.0,17.484822034835815
-10339.0,-7883.0,-6830.0,17.539923191070557
-9043.0,-6087.0,-9481.0,17.68014121055603
-8889.0,-9425.0,-6724.0,17.868967056274414
-9205.0,-5823.0,-9371.0,17.888028144836426
-9330.0,-6177.0,-9370.0,17.91046905517578
-8234.0,-9562.0,-7750.0,18.02594518661499
-10160.0,-6503.0,-8851.0,18.044031143188477
-9069.0,-6006.0,-9467.0,18.09188413619995
-7522.0,-8103.0,-9691.0,18.30012607574463
-7556.0,-7723.0,-9735.0,18.318318128585815
-9047.0,-6188.0,-9426.0,18.342449188232422
-8918.0,-9434.0,-6542.0,18.357408046722412
-9151.0,-6852.0,-9409.0,18.385207176208496
-8935.0,-6655.0,-9459.0,18.44084906578064
-8047.0,-9527.0,-7753.0,18.46308708190918
-8964.0,-9373.0,-7276.0,18.52910804748535
-7482.0,-7968.0,-9754.0,18.57214617729187
-8751.0,-9480.0,-6721.0,18.58832812309265
-10280.0,-6642.0,-8564.0,18.672420024871826
-9503.0,-5821.0,-9311.0,18.690555095672607
-10615.0,-7251.0,-7835.0,18.723990201950073
-7607.0,-7996.0,-9703.0,18.74206519126892
-10142.0,-5544.0,-8879.0,18.781203031539917
-7930.0,-7496.0,-9865.0,18.794950008392334
-7872.0,-9524.0,-7925.0,18.859642028808594
-10315.0,-8149.0,-6491.0,18.87285304069519
-10624.0,-6891.0,-7828.0,18.90557599067688
-10306.0,-6188.0,-8506.0,18.94067120552063
-10617.0,-6881.0,-7923.0,18.993133068084717
-10310.0,-8165.0,-6889.0,19.00733709335327
-10456.0,-6741.0,-8358.0,19.171761989593506
-9013.0,-9337.0,-6603.0,19.19067120552063
-7969.0,-7565.0,-9735.0,19.25090718269348
-10254.0,-8269.0,-6895.0,19.265241146087646
-10430.0,-6241.0,-8474.0,19.335074186325073
-7641.0,-7884.0,-9700.0,19.356422185897827
-10102.0,-5690.0,-8903.0,19.453334093093872
-9354.0,-5691.0,-9321.0,19.48717713356018
-7410.0,-8110.0,-9653.0,19.523588180541992
-7496.0,-8189.0,-9630.0,19.651445150375366
-10353.0,-6530.0,-8414.0,19.68489718437195
-10541.0,-6944.0,-8002.0,19.703482151031494
-8014.0,-7788.0,-9637.0,19.747251987457275
-10319.0,-7731.0,-7649.0,19.779957056045532
-10471.0,-6112.0,-8488.0,19.795461177825928
-8073.0,-9521.0,-7851.0,19.817681074142456
-10297.0,-7745.0,-6974.0,19.87163519859314
-10008.0,-5451.0,-8905.0,19.89323616027832
-10281.0,-7809.0,-7046.0,19.99930214881897
-10005.0,-5701.0,-8904.0,20.01839017868042
-8187.0,-7435.0,-9689.0,20.070300102233887
-8255.0,-7623.0,-9665.0,20.210798978805542
-10571.0,-6754.0,-8092.0,20.351497173309326
-10540.0,-7037.0,-7918.0,20.368934154510498
-10168.0,-6044.0,-8763.0,20.399574995040894
-10322.0,-6273.0,-8468.0,20.44008207321167
-8981.0,-9328.0,-6641.0,20.46012806892395
-10278.0,-8003.0,-7234.0,20.50956702232361
-10149.0,-8283.0,-6465.0,20.524916172027588
-9584.0,-5546.0,-9301.0,20.555747032165527
-7177.0,-8228.0,-9628.0,20.59562110900879
-9929.0,-6553.0,-8914.0,20.618823051452637
-9678.0,-5785.0,-9299.0,20.676302194595337
-9378.0,-5826.0,-9299.0,20.698190212249756
-10591.0,-7517.0,-7496.0,20.71176505088806
-9600.0,-5853.0,-9269.0,20.80489706993103
-10513.0,-6908.0,-8058.0,20.88100504875183
-9929.0,-6046.0,-8962.0,20.90452003479004
-7302.0,-8371.0,-9622.0,20.967648029327393
-7841.0,-9522.0,-8053.0,20.985289096832275
-8176.0,-9488.0,-7966.0,21.00360608100891
-10483.0,-6870.0,-8218.0,21.032011032104492
-9394.0,-6133.0,-9267.0,21.07249116897583
-10525.0,-6829.0,-8027.0,21.109848022460938
-8122.0,-7527.0,-9668.0,21.18002700805664
-7675.0,-8065.0,-9624.0,21.221208095550537
-10063.0,-6514.0,-8852.0,21.243823051452637
-10053.0,-5815.0,-8898.0,21.266719102859497
-10476.0,-7081.0,-8021.0,21.320595026016235
-10483.0,-7446.0,-7838.0,21.34046506881714
-9909.0,-5695.0,-9017.0,21.47457718849182
-10559.0,-7508.0,-7534.0,21.51009702682495
-9302.0,-6393.0,-9363.0,21.540348052978516
-7808.0,-8161.0,-9621.0,21.55959415435791
-10511.0,-7403.0,-7778.0,21.612743139266968
-10474.0,-7305.0,-7890.0,21.70489501953125
-9396.0,-6960.0,-9266.0,21.72347617149353
-9475.0,-5858.0,-9257.0,21.76232099533081
-8351.0,-9491.0,-7794.0,21.781838178634644
-10541.0,-7520.0,-7622.0,21.797363996505737
-9569.0,-6097.0,-9255.0,21.833609104156494
-8262.0,-9487.0,-8404.0,21.869351148605347
-10538.0,-7532.0,-7638.0,21.975428104400635
-8336.0,-7303.0,-9639.0,21.99281120300293
-10450.0,-6927.0,-8102.0,22.03514814376831
-10484.0,-7534.0,-7633.0,22.08281707763672
-9983.0,-5883.0,-8863.0,22.183988094329834
-10449.0,-6952.0,-8161.0,22.201122045516968
-8895.0,-7180.0,-9427.0,22.226394176483154
-8576.0,-9501.0,-7675.0,22.289074182510376
-10448.0,-7297.0,-8014.0,22.311840057373047
-10299.0,-6735.0,-8389.0,22.35134720802307
-9936.0,-5824.0,-8877.0,22.38631510734558
-10271.0,-8017.0,-7656.0,22.421480178833008
-10432.0,-7167.0,-8034.0,22.494121074676514
-10467.0,-7605.0,-7617.0,22.509323120117188
-10421.0,-7168.0,-8154.0,22.620472192764282
-10379.0,-7030.0,-8298.0,22.678192138671875
-8682.0,-9492.0,-7676.0,22.696062088012695
-9913.0,-8738.0,-6182.0,22.71075201034546
-7097.0,-8441.0,-9579.0,22.751068115234375
-7450.0,-8245.0,-9590.0,22.765597105026245
-7823.0,-7837.0,-9608.0,22.83784818649292
-9944.0,-6127.0,-8854.0,22.869784116744995
-9944.0,-5935.0,-8861.0,22.904510021209717
-10506.0,-7371.0,-7798.0,22.946141004562378
-10525.0,-7405.0,-7647.0,22.9778790473938
-7948.0,-7980.0,-9602.0,23.029497146606445
-10501.0,-7434.0,-7750.0,23.048142194747925
-9576.0,-8971.0,-6083.0,23.065185070037842
-8162.0,-7662.0,-9605.0,23.117220163345337
-8310.0,-7434.0,-9589.0,23.168840169906616
-10490.0,-7256.0,-7823.0,23.188690185546875
-7501.0,-8518.0,-9558.0,23.240562200546265
-10252.0,-8091.0,-7105.0,23.258678197860718
-9843.0,-8744.0,-7112.0,23.27604103088379
-9839.0,-8756.0,-6143.0,23.384172201156616
-10425.0,-7467.0,-7761.0,23.570959091186523
-9177.0,-6398.0,-9351.0,23.619182109832764
-8213.0,-7935.0,-9573.0,23.638751983642578
-8406.0,-7580.0,-9527.0,23.682536125183105
-9154.0,-6948.0,-9275.0,23.716870069503784
-10331.0,-6746.0,-8346.0,23.800513982772827
-10424.0,-7563.0,-7675.0,23.817110061645508
-9553.0,-9002.0,-6351.0,23.857248067855835
-10322.0,-6852.0,-8316.0,23.88019609451294
-10220.0,-6665.0,-8442.0,23.97850799560547
-8728.0,-7047.0,-9559.0,23.9966402053833
-8743.0,-9455.0,-7496.0,24.018315076828003
-8771.0,-9378.0,-7390.0,24.058573007583618
-8829.0,-7359.0,-9509.0,24.076375007629395
-10282.0,-6998.0,-8340.0,24.099792003631592
-9426.0,-6110.0,-9251.0,24.123625993728638
-10244.0,-8148.0,-7511.0,24.139255046844482
-8429.0,-9441.0,-8225.0,24.174950122833252
-10214.0,-7220.0,-8390.0,24.199029207229614
-10171.0,-6954.0,-8520.0,24.224202156066895
-9436.0,-6639.0,-9247.0,24.267055988311768
-10222.0,-8260.0,-6933.0,24.28171420097351
-10409.0,-7531.0,-7833.0,24.30062699317932
-10393.0,-7332.0,-8060.0,24.339970111846924
-9872.0,-5868.0,-8980.0,24.36438012123108
-9627.0,-6910.0,-9203.0,24.407252073287964
-9844.0,-6084.0,-8973.0,24.492063999176025
-9491.0,-9028.0,-7256.0,24.544687032699585
-7549.0,-8232.0,-9551.0,24.689139127731323
-8314.0,-9484.0,-7981.0,24.709460020065308
-9835.0,-5986.0,-9011.0,24.78679919242859
-10382.0,-7402.0,-7973.0,24.865374088287354
-10217.0,-8171.0,-7007.0,24.87948203086853
-9547.0,-6279.0,-9214.0,24.933049201965332
-9873.0,-8708.0,-7102.0,24.991846084594727
-8949.0,-9341.0,-7434.0,25.036558151245117
-9642.0,-5991.0,-9125.0,25.098924160003662
-10407.0,-7175.0,-8057.0,25.1391019821167
-7424.0,-8554.0,-9549.0,25.171092987060547
-9817.0,-5955.0,-9113.0,25.190648078918457
-8985.0,-6986.0,-9383.0,25.215696096420288
-10164.0,-8186.0,-7149.0,25.231489181518555
-8529.0,-7400.0,-9509.0,25.283624172210693
-7570.0,-8403.0,-9507.0,25.30121111869812
-8422.0,-7577.0,-9486.0,25.33267903327942
-10345.0,-7537.0,-7752.0,25.39153814315796
-10342.0,-7610.0,-7605.0,25.449616193771362
-10317.0,-7580.0,-7812.0,25.501235008239746
-10365.0,-7037.0,-8201.0,25.520578145980835
-8481.0,-9438.0,-7802.0,25.580474138259888
-9497.0,-8976.0,-6579.0,25.655887126922607
-10143.0,-8211.0,-7068.0,25.68944215774536
-10342.0,-7093.0,-8181.0,25.709662199020386
-8687.0,-7526.0,-9477.0,25.75621509552002
-7993.0,-8203.0,-9504.0,25.774465084075928
-10300.0,-7651.0,-7796.0,25.850279092788696
-7871.0,-8016.0,-9593.0,25.89362621307373
-8281.0,-7585.0,-9515.0,25.94865918159485
-8355.0,-7657.0,-9491.0,25.99320101737976
-10171.0,-8168.0,-7008.0,26.033862113952637
-7102.0,-8645.0,-9490.0,26.054850101470947
-10344.0,-7449.0,-7957.0,26.076595067977905
-7505.0,-8234.0,-9523.0,26.14192008972168
-10340.0,-7264.0,-8117.0,26.16523814201355
-10130.0,-8357.0,-7016.0,26.237335205078125
-10325.0,-7235.0,-8273.0,26.27798318862915
-9819.0,-6634.0,-8997.0,26.32779598236084
-8756.0,-9346.0,-7548.0,26.405301094055176
-9820.0,-6166.0,-8925.0,26.43447208404541
-8525.0,-9436.0,-7830.0,26.468789100646973
-10155.0,-6647.0,-8552.0,26.48635721206665
-7609.0,-8352.0,-9479.0,26.531108140945435
-10132.0,-6781.0,-8568.0,26.568647146224976
-8313.0,-7697.0,-9449.0,26.61618399620056
-10290.0,-7451.0,-7952.0,26.729133129119873
-9789.0,-6119.0,-9019.0,26.773682117462158
-7528.0,-8647.0,-9418.0,26.79197406768799
-10273.0,-7522.0,-7936.0,26.816365003585815
-9777.0,-6173.0,-9033.0,26.886516094207764
-10105.0,-6652.0,-8708.0,26.931185007095337
-8685.0,-9381.0,-7712.0,26.94995903968811
-9021.0,-7083.0,-9303.0,26.97359299659729
-8700.0,-9375.0,-7497.0,27.010109186172485
-7643.0,-8240.0,-9476.0,27.07540011405945
-8693.0,-9365.0,-7592.0,27.1167471408844
-10367.0,-7393.0,-7977.0,27.132160186767578
-10236.0,-7657.0,-7715.0,27.16262698173523
-9736.0,-6051.0,-9076.0,27.184879064559937
-8589.0,-9392.0,-7727.0,27.204166173934937
-10274.0,-7382.0,-7981.0,27.246042013168335
-8230.0,-7710.0,-9449.0,27.294925212860107
-10213.0,-7943.0,-7872.0,27.354319095611572
-10268.0,-7337.0,-8048.0,27.378679990768433
-7406.0,-9083.0,-8935.0,27.416869163513184
-10125.0,-8268.0,-7090.0,27.434648036956787
-8774.0,-9338.0,-7606.0,27.457082986831665
-10234.0,-7528.0,-8005.0,27.51057004928589
-8923.0,-6998.0,-9338.0,27.539650201797485
-8240.0,-8064.0,-9433.0,27.58878803253174
-10056.0,-6725.0,-8655.0,27.643301010131836
-7718.0,-8277.0,-9475.0,27.75362515449524
-8364.0,-7803.0,-9423.0,27.785325050354004
-8936.0,-7078.0,-9321.0,27.814609050750732
-10255.0,-7302.0,-8128.0,27.840432167053223
-9029.0,-7491.0,-9297.0,27.959290981292725
-10254.0,-7035.0,-8286.0,28.004964113235474
-10284.0,-7536.0,-7821.0,28.029667139053345
-8638.0,-7618.0,-9415.0,28.06372904777527
-10231.0,-7384.0,-8080.0,28.183489084243774
-10216.0,-7536.0,-7947.0,28.28117299079895
-7463.0,-8739.0,-9397.0,28.344569206237793
-8117.0,-7942.0,-9494.0,28.42694115638733
-10093.0,-8259.0,-7128.0,28.45143413543701
-8691.0,-9302.0,-7856.0,28.521432161331177
-10257.0,-7407.0,-7961.0,28.541234016418457
-8087.0,-7977.0,-9483.0,28.60186505317688
-9124.0,-9301.0,-7634.0,28.643644094467163
-8498.0,-9307.0,-7970.0,28.744969129562378
-10121.0,-8166.0,-7335.0,28.76295804977417
-10020.0,-7137.0,-8709.0,28.919496059417725
-9994.0,-6637.0,-8825.0,28.941631078720093
-10216.0,-7355.0,-8236.0,29.018659114837646
-9669.0,-7048.0,-9059.0,29.04899501800537
-8513.0,-7623.0,-9403.0,29.093762159347534
-10087.0,-8315.0,-7074.0,29.14504098892212
-8662.0,-7753.0,-9393.0,29.172706127166748
-10077.0,-8194.0,-7690.0,29.1957790851593
-7640.0,-8515.0,-9439.0,29.268311977386475
-10258.0,-7513.0,-7940.0,29.28777503967285
-10047.0,-7266.0,-8569.0,29.312159061431885
-10016.0,-8388.0,-7053.0,29.359852075576782
-10227.0,-7466.0,-8034.0,29.434290170669556
-10028.0,-6941.0,-8648.0,29.50815510749817
-10158.0,-7281.0,-8452.0,29.551720142364502
-10072.0,-8283.0,-7232.0,29.574730157852173
-7866.0,-8235.0,-9405.0,29.597429037094116
-8022.0,-8194.0,-9479.0,29.617130994796753
-10209.0,-7566.0,-8039.0,29.727747201919556
-8960.0,-7213.0,-9299.0,29.813575983047485
-7672.0,-8333.0,-9435.0,29.849220991134644
-7132.0,-8763.0,-9336.0,29.8678081035614
-10215.0,-7448.0,-8152.0,29.887943983078003
-8704.0,-7364.0,-9497.0,29.907251119613647
-8170.0,-8068.0,-9447.0,29.94900107383728
-8868.0,-7473.0,-9395.0,30.01777410507202
-7950.0,-8336.0,-9378.0,30.103944063186646
-10203.0,-7645.0,-7895.0,30.13208508491516
-7524.0,-8459.0,-9467.0,30.169941186904907
-9721.0,-6549.0,-9032.0,30.245052099227905
-8767.0,-9276.0,-7635.0,30.26306700706482
-8698.0,-9272.0,-7764.0,30.281407117843628
-7544.0,-9079.0,-8950.0,30.346988201141357
-9096.0,-7001.0,-9266.0,30.369084119796753
-8755.0,-9258.0,-7753.0,30.40739917755127
-8299.0,-7895.0,-9402.0,30.430145978927612
-10012.0,-8286.0,-7298.0,30.49480414390564
-7871.0,-9276.0,-8653.0,30.57353401184082
-10178.0,-7583.0,-7931.0,30.60442614555359
-8499.0,-9282.0,-7911.0,30.6246440410614
-8371.0,-9367.0,-8441.0,30.643534183502197
-8523.0,-9269.0,-7936.0,30.664306163787842
-7588.0,-9077.0,-8978.0,30.681786060333252
-10089.0,-7003.0,-8454.0,30.700423002243042
-10135.0,-7795.0,-7923.0,30.89785408973694
-9939.0,-6773.0,-8710.0,30.942670106887817
-9889.0,-6771.0,-8834.0,30.974395990371704
-7702.0,-8343.0,-9375.0,30.995866060256958
-9084.0,-7302.0,-9221.0,31.053208112716675
-8562.0,-9263.0,-7867.0,31.15397000312805
-8001.0,-8609.0,-9346.0,31.17772912979126
-10151.0,-7492.0,-8255.0,31.207754135131836
-10200.0,-7240.0,-8261.0,31.225847005844116
-10059.0,-8202.0,-7245.0,31.250569105148315
-10142.0,-7577.0,-7984.0,31.28026008605957
-10173.0,-7310.0,-8296.0,31.298893213272095
-8629.0,-9214.0,-8026.0,31.338680028915405
-8081.0,-9177.0,-8551.0,31.3907949924469
-10125.0,-7648.0,-7968.0,31.48974108695984
-8713.0,-8026.0,-9361.0,31.510932207107544
-8455.0,-9265.0,-8028.0,31.53354501724243
-9105.0,-9221.0,-7781.0,31.606338024139404
-9938.0,-6519.0,-8840.0,31.664668083190918
-9193.0,-6990.0,-9265.0,31.89996314048767
-8175.0,-8156.0,-9412.0,31.979470014572144
-8457.0,-9256.0,-8025.0,32.06847906112671
-10087.0,-7498.0,-8174.0,32.10226511955261
-10119.0,-8153.0,-7499.0,32.119832038879395
-10083.0,-7510.0,-8112.0,32.22316002845764
-9153.0,-7208.0,-9185.0,32.31684398651123
-10117.0,-7807.0,-8011.0,32.3416211605072
-10082.0,-7658.0,-8187.0,32.48334097862244
-9959.0,-8218.0,-7355.0,32.51015615463257
-10186.0,-8074.0,-7727.0,32.529000997543335
-9870.0,-6584.0,-8857.0,32.549434185028076
-8786.0,-7492.0,-9383.0,32.609408140182495
-8440.0,-9233.0,-8186.0,32.66804218292236
-7745.0,-9133.0,-8824.0,32.707327127456665
-10001.0,-8356.0,-7211.0,32.768943071365356
-9958.0,-8314.0,-7269.0,32.79683017730713
-8454.0,-9211.0,-8198.0,32.81813406944275
-10084.0,-7571.0,-8027.0,32.85263705253601
-9953.0,-8414.0,-7468.0,32.88535809516907
-9820.0,-6865.0,-8870.0,32.93419003486633
-10105.0,-7340.0,-8353.0,33.00138020515442
-8709.0,-9202.0,-7851.0,33.04440498352051
-8504.0,-9189.0,-8083.0,33.12426400184631
-8671.0,-9143.0,-7904.0,33.21391415596008
-9863.0,-7131.0,-8740.0,33.2444531917572
-8255.0,-9122.0,-8587.0,33.34139919281006
-8796.0,-9168.0,-7847.0,33.37033009529114
-9954.0,-8212.0,-7514.0,33.3957622051239
-7871.0,-9084.0,-8660.0,33.415738105773926
-8215.0,-8291.0,-9349.0,33.43671798706055
-8837.0,-7765.0,-9351.0,33.46744918823242
-9193.0,-7062.0,-9161.0,33.53363919258118
-10050.0,-7400.0,-8286.0,33.555129051208496
-8054.0,-9048.0,-8691.0,33.57745409011841
-10105.0,-8151.0,-7630.0,33.63954710960388
-8066.0,-8161.0,-9359.0,33.658504009246826
-9271.0,-6965.0,-9254.0,33.761916160583496
-9196.0,-7086.0,-9131.0,33.818300008773804
-8741.0,-9139.0,-7890.0,33.84207320213318
-9220.0,-7119.0,-9125.0,33.88593006134033
-8541.0,-9174.0,-8096.0,33.949400186538696
-7912.0,-9087.0,-8645.0,33.97468709945679
-8738.0,-9094.0,-8063.0,34.00616502761841
-10040.0,-7448.0,-8435.0,34.02742600440979
-8061.0,-9039.0,-8906.0,34.07089900970459
-8477.0,-9155.0,-8218.0,34.18664598464966
-8191.0,-8156.0,-9371.0,34.22457504272461
-9221.0,-7215.0,-9091.0,34.2579391002655
-9246.0,-7269.0,-9077.0,34.292744159698486
-9763.0,-6687.0,-8888.0,34.363195180892944
-10059.0,-7714.0,-8167.0,34.43589115142822
-8566.0,-9136.0,-8062.0,34.52521014213562
-7727.0,-9074.0,-8859.0,34.54281401634216
-9180.0,-7448.0,-9159.0,34.568480014801025
-8144.0,-9075.0,-8656.0,34.588417053222656
-10159.0,-7945.0,-7867.0,34.62261700630188
-10112.0,-7851.0,-7903.0,34.644209146499634
-8532.0,-9136.0,-8103.0,34.673811197280884
-10127.0,-8007.0,-7855.0,34.691100120544434
-8339.0,-8030.0,-9339.0,34.71043419837952
-10042.0,-7804.0,-8211.0,34.75377607345581
-9747.0,-7049.0,-8916.0,34.807214975357056
-8363.0,-8063.0,-9333.0,34.83275103569031
-8483.0,-9100.0,-8312.0,34.86522102355957
-8864.0,-9138.0,-7790.0,34.90433597564697
-9354.0,-7080.0,-9063.0,34.94233012199402
-8563.0,-9091.0,-8235.0,34.99322319030762
-8798.0,-9125.0,-7879.0,35.019010066986084
-8317.0,-8074.0,-9282.0,35.092385053634644
-9214.0,-9101.0,-7818.0,35.1354820728302
-7870.0,-8612.0,-9238.0,35.15535497665405
-7630.0,-8693.0,-9218.0,35.26606607437134
-10042.0,-7612.0,-8218.0,35.2896192073822
-10100.0,-7878.0,-7995.0,35.338168144226074
-8230.0,-8270.0,-9257.0,35.400071144104004
-8374.0,-9220.0,-8275.0,35.453843116760254
-9789.0,-7187.0,-8772.0,35.48083806037903
-10022.0,-7453.0,-8266.0,35.50210118293762
-9927.0,-8502.0,-7339.0,35.555485010147095
-10026.0,-7497.0,-8243.0,35.621278047561646
-8854.0,-7480.0,-9298.0,35.6677131652832
-9990.0,-7635.0,-8270.0,35.69526815414429
-9696.0,-7177.0,-8919.0,35.721693992614746
-10045.0,-7721.0,-8070.0,35.80005717277527
-9696.0,-6776.0,-8948.0,35.86487817764282
-8342.0,-8110.0,-9233.0,35.93533515930176
-9876.0,-8223.0,-7535.0,35.976590156555176
-8875.0,-9068.0,-7877.0,36.09534502029419
-9959.0,-7472.0,-8310.0,36.12089800834656
-8795.0,-9080.0,-8052.0,36.15057420730591
-8602.0,-9085.0,-8166.0,36.230499029159546
-8854.0,-7492.0,-9257.0,36.25146818161011
-8949.0,-7498.0,-9222.0,36.2953200340271
-9867.0,-8229.0,-7512.0,36.40437602996826
-8880.0,-7980.0,-9182.0,36.479005098342896
-9272.0,-9175.0,-7602.0,36.49684405326843
-9837.0,-8283.0,-7470.0,36.58291816711426
-9835.0,-8412.0,-7543.0,36.62743306159973
-10104.0,-8063.0,-7835.0,36.672245025634766
-10033.0,-7286.0,-8440.0,36.69283103942871
-9952.0,-8199.0,-7678.0,36.72072911262512
-8089.0,-8333.0,-9259.0,36.77437615394592
-9983.0,-7270.0,-8453.0,36.79846811294556
-9917.0,-7334.0,-8454.0,36.824952125549316
-9958.0,-7497.0,-8369.0,36.855979204177856
-10026.0,-7915.0,-7886.0,36.919183015823364
-9922.0,-7271.0,-8557.0,36.96987509727478
-9878.0,-8200.0,-7551.0,37.020724058151245
-9196.0,-7445.0,-9118.0,37.16446399688721
-9916.0,-7359.0,-8513.0,37.1887481212616
-9694.0,-6639.0,-8985.0,37.21412920951843
-7702.0,-8966.0,-9056.0,37.3018000125885
-9913.0,-7173.0,-8595.0,37.34127616882324
-8378.0,-8144.0,-9225.0,37.42176914215088
-10020.0,-7948.0,-7986.0,37.49622416496277
-8625.0,-9029.0,-8186.0,37.55810618400574
-9931.0,-7568.0,-8398.0,37.69228410720825
-9835.0,-8220.0,-7550.0,37.795504093170166
-10061.0,-8079.0,-7715.0,37.82444405555725
-7642.0,-8871.0,-9215.0,37.84320616722107
-8818.0,-9024.0,-8072.0,37.91958808898926
-8948.0,-7809.0,-9171.0,37.991743087768555
-9832.0,-8232.0,-7566.0,38.032023191452026
-9943.0,-8101.0,-7716.0,38.11394000053406
-9895.0,-7142.0,-8697.0,38.134260177612305
-9889.0,-7631.0,-8624.0,38.20017409324646
-8679.0,-9027.0,-8191.0,38.23537802696228
-9369.0,-7089.0,-9059.0,38.265331983566284
-8384.0,-8074.0,-9234.0,38.31070399284363
-8172.0,-8424.0,-9223.0,38.365214109420776
-8582.0,-8029.0,-9253.0,38.39292120933533
-8234.0,-8371.0,-9202.0,38.4177770614624
-9992.0,-7991.0,-8046.0,38.44576716423035
-9815.0,-8215.0,-7633.0,38.49016714096069
-8458.0,-9075.0,-8365.0,38.539510011672974
-9398.0,-7316.0,-9042.0,38.62981414794922
-7683.0,-8682.0,-9207.0,38.705366134643555
-8366.0,-8159.0,-9199.0,38.76764798164368
-10088.0,-7948.0,-7860.0,38.791414976119995
-10050.0,-8065.0,-7830.0,38.81338810920715
-10047.0,-8077.0,-7846.0,38.84174108505249
-8907.0,-9005.0,-7916.0,38.89098906517029
-9920.0,-8615.0,-7187.0,38.91096520423889
-8962.0,-9034.0,-7873.0,39.00292706489563
-9639.0,-8902.0,-7224.0,39.02595901489258
-9938.0,-8197.0,-7809.0,39.104560136795044
-9502.0,-6915.0,-9191.0,39.23484015464783
-9863.0,-8508.0,-7258.0,39.2614631652832
-9814.0,-8244.0,-7654.0,39.319722175598145
-8275.0,-8386.0,-9190.0,39.45756220817566
-9862.0,-8541.0,-7403.0,39.48161005973816
-8407.0,-8030.0,-9213.0,39.5330011844635
-8771.0,-8100.0,-9145.0,39.56635308265686
-9833.0,-7154.0,-8652.0,39.645249128341675
-9809.0,-8404.0,-7667.0,39.69537615776062
-8319.0,-9078.0,-8484.0,39.71583604812622
-8486.0,-9032.0,-8305.0,39.74234104156494
-8504.0,-9024.0,-8363.0,39.820303201675415
-9943.0,-7488.0,-8373.0,39.84783411026001
-9867.0,-8478.0,-7451.0,39.87432312965393
-8587.0,-9076.0,-8170.0,39.93032217025757
-9822.0,-7221.0,-8646.0,39.955188035964966
-8059.0,-8683.0,-9130.0,39.97881197929382
-9915.0,-7704.0,-8366.0,40.04057598114014
-9029.0,-8990.0,-8219.0,40.117128133773804
-9941.0,-7712.0,-8242.0,40.179078102111816
-9978.0,-7810.0,-8130.0,40.23934602737427
-8544.0,-9011.0,-8382.0,40.29106903076172
-8951.0,-7509.0,-9145.0,40.31624698638916
-9934.0,-8012.0,-7969.0,40.34723901748657
-9038.0,-7615.0,-9127.0,40.37444806098938
-9968.0,-7841.0,-8102.0,40.39946103096008
-9846.0,-8579.0,-7242.0,40.445693016052246
-7754.0,-8943.0,-9004.0,40.567015171051025
-8382.0,-8245.0,-9170.0,40.63026714324951
-8593.0,-9000.0,-8249.0,40.89743113517761
-9915.0,-7453.0,-8423.0,40.96949219703674
-10005.0,-7939.0,-7990.0,40.98993420600891
-9911.0,-8068.0,-7949.0,41.07960820198059
-9229.0,-9133.0,-7660.0,41.21461200714111
-8722.0,-7848.0,-9234.0,41.27212905883789
-8283.0,-9072.0,-8537.0,41.29753613471985
-8497.0,-8962.0,-8392.0,41.33061504364014
-9897.0,-8671.0,-7167.0,41.427608013153076
-9813.0,-8202.0,-7797.0,41.471616983413696
-7561.0,-8948.0,-9118.0,41.518240213394165
-8200.0,-9036.0,-8787.0,41.612441062927246
-9950.0,-7853.0,-8190.0,41.63629913330078
-7670.0,-8828.0,-9155.0,41.66382908821106
-8428.0,-8958.0,-8521.0,41.69704818725586
-9839.0,-8597.0,-7383.0,41.78334617614746
-8367.0,-8990.0,-8608.0,41.81430912017822
-9754.0,-7251.0,-8703.0,41.88119101524353
-9055.0,-7453.0,-9147.0,42.00184512138367
-8839.0,-8121.0,-9127.0,42.03687810897827
-9782.0,-8275.0,-7807.0,42.11882710456848
-9933.0,-7924.0,-8174.0,42.14409804344177
-9816.0,-7316.0,-8632.0,42.174299001693726
-9922.0,-8082.0,-7834.0,42.204005002975464
-8168.0,-8563.0,-9167.0,42.23349404335022
-9130.0,-8994.0,-7865.0,42.29554104804993
-8170.0,-8919.0,-8943.0,42.37762498855591
-9832.0,-8086.0,-7833.0,42.51640200614929
-8567.0,-8955.0,-8402.0,42.561413049697876
-9544.0,-7053.0,-9047.0,42.630091190338135
-9804.0,-8104.0,-7835.0,42.77838706970215
-9401.0,-7066.0,-9043.0,42.81156802177429
-9053.0,-7624.0,-9123.0,42.86089515686035
-9219.0,-7562.0,-9045.0,42.893803119659424
-9722.0,-7677.0,-8803.0,42.92547106742859
-9818.0,-8622.0,-7302.0,42.94725203514099
-7671.0,-8803.0,-9096.0,42.9933180809021
-7780.0,-8728.0,-9092.0,43.01634407043457
-9840.0,-8685.0,-7178.0,43.0618200302124
-7586.0,-8910.0,-9084.0,43.08228611946106
-8539.0,-8162.0,-9127.0,43.115947008132935
-8645.0,-8952.0,-8292.0,43.19679307937622
-9786.0,-8138.0,-8001.0,43.33565402030945
-9087.0,-7565.0,-9081.0,43.3641631603241
-9878.0,-7767.0,-8249.0,43.39586806297302
-9872.0,-8074.0,-8018.0,43.4568932056427
-9364.0,-9078.0,-7519.0,43.70374608039856
-9805.0,-8768.0,-7250.0,43.78306818008423
-9788.0,-8505.0,-7458.0,43.87097406387329
-9749.0,-7405.0,-8692.0,43.90200614929199
-8228.0,-8993.0,-8727.0,44.00603914260864
-9786.0,-8460.0,-7647.0,44.10777020454407
-9473.0,-8958.0,-7556.0,44.15402412414551
-9657.0,-8894.0,-7282.0,44.262107133865356
-7807.0,-8857.0,-8952.0,44.29380202293396
-9420.0,-7362.0,-9027.0,44.36649012565613
-8344.0,-8292.0,-9154.0,44.4958221912384
-8431.0,-8946.0,-8505.0,44.5407440662384
-8485.0,-8944.0,-8510.0,44.63368320465088
-9860.0,-7739.0,-8412.0,44.66347813606262
-7809.0,-8825.0,-9036.0,44.72017002105713
-9285.0,-9029.0,-7654.0,44.74183416366577
-8383.0,-8220.0,-9111.0,44.843011140823364
-9844.0,-8534.0,-7431.0,44.876713037490845
-8405.0,-8273.0,-9085.0,44.91026306152344
-9763.0,-8194.0,-7981.0,44.9833869934082
-7762.0,-8731.0,-9072.0,45.036126136779785
-9896.0,-8059.0,-7953.0,45.08801603317261
-9562.0,-7084.0,-8945.0,45.1181800365448
-9876.0,-7938.0,-8185.0,45.22730612754822
-8624.0,-8941.0,-8391.0,45.25914406776428
-9306.0,-9004.0,-7735.0,45.279821157455444
-8835.0,-8907.0,-8538.0,45.31853008270264
-9650.0,-8832.0,-7311.0,45.374829053878784
-9754.0,-8439.0,-7713.0,45.41913318634033
-9849.0,-7809.0,-8325.0,45.4473671913147
-9022.0,-7702.0,-9100.0,45.47393798828125
-9273.0,-7321.0,-9030.0,45.50874304771423
-8414.0,-8383.0,-9071.0,45.578408002853394
-9853.0,-7994.0,-8165.0,45.61412000656128
-8229.0,-8968.0,-8668.0,45.73501515388489
-8253.0,-8955.0,-8693.0,45.759989976882935
-9772.0,-8467.0,-7550.0,45.865700006484985
-8446.0,-8201.0,-9067.0,45.90310311317444
-7863.0,-8823.0,-9041.0,45.92819404602051
-9917.0,-7809.0,-8199.0,45.952473163604736
-9790.0,-8759.0,-7254.0,45.99883008003235
-9313.0,-8986.0,-7594.0,46.02382302284241
-7734.0,-8784.0,-9052.0,46.08924698829651
-9785.0,-8670.0,-7328.0,46.174493074417114
-9811.0,-7856.0,-8309.0,46.217971086502075
-9758.0,-8541.0,-7468.0,46.26799011230469
-9581.0,-8828.0,-7440.0,46.294591188430786
-8350.0,-8308.0,-9131.0,46.34425711631775
-8501.0,-8942.0,-8491.0,46.518158197402954
-9728.0,-8481.0,-7570.0,46.55146098136902
-8292.0,-8949.0,-8624.0,46.60627508163452
-8198.0,-8422.0,-9181.0,46.65493297576904
-9867.0,-7996.0,-8034.0,46.71288299560547
-9239.0,-8874.0,-7902.0,46.87745714187622
-9767.0,-8058.0,-8148.0,46.91824007034302
-9787.0,-8548.0,-7442.0,46.944682121276855
-8298.0,-8327.0,-9099.0,47.04107403755188
-9738.0,-8424.0,-8008.0,47.085108041763306
-8392.0,-8952.0,-8574.0,47.11019706726074
-9222.0,-7586.0,-9015.0,47.13952708244324
-8575.0,-8240.0,-9056.0,47.36968517303467
-9246.0,-7619.0,-9009.0,47.48690605163574
-9726.0,-8532.0,-7506.0,47.522006034851074
-9763.0,-8630.0,-7394.0,47.54824113845825
-8309.0,-8916.0,-8824.0,47.63222599029541
-9408.0,-8992.0,-7506.0,47.77832102775574
-9137.0,-7581.0,-9033.0,47.802273988723755
-8276.0,-8397.0,-9088.0,47.930843114852905
-9747.0,-8694.0,-7466.0,47.957762002944946
-9394.0,-8909.0,-7691.0,47.984503984451294
-8277.0,-8742.0,-8966.0,48.08172917366028
-9747.0,-7883.0,-8189.0,48.15797400474548
-9731.0,-8805.0,-7141.0,48.26577305793762
-9740.0,-7929.0,-8288.0,48.33740210533142
-8362.0,-8945.0,-8610.0,48.35971713066101
-8232.0,-8519.0,-9064.0,48.384308099746704
-8191.0,-8504.0,-9076.0,48.51644206047058
-9273.0,-7369.0,-9000.0,48.54350209236145
-9253.0,-8867.0,-7999.0,48.57357406616211
-9149.0,-7630.0,-9010.0,48.67435002326965
-9780.0,-7751.0,-8587.0,48.70042300224304
-9762.0,-8726.0,-7308.0,48.721779108047485
-8989.0,-7707.0,-9065.0,48.748629093170166
-9292.0,-7378.0,-8999.0,48.83441615104675
-9723.0,-8544.0,-7522.0,48.8963360786438
-9013.0,-7842.0,-9043.0,48.92619609832764
-9571.0,-7182.0,-8907.0,48.966875076293945
-9086.0,-7658.0,-8997.0,49.02129912376404
-8439.0,-8888.0,-8608.0,49.050968170166016
-9311.0,-8941.0,-7783.0,49.076773166656494
-8373.0,-8872.0,-8721.0,49.105515003204346
-9566.0,-7245.0,-8804.0,49.15377616882324
-9565.0,-7270.0,-8863.0,49.19999814033508
-9380.0,-7580.0,-8947.0,49.23985719680786
-7919.0,-8725.0,-8973.0,49.32370209693909
-8714.0,-8126.0,-9115.0,49.52032804489136
-9676.0,-8790.0,-7291.0,49.565479040145874
-9759.0,-8712.0,-7348.0,49.58748197555542
-9705.0,-8556.0,-7610.0,49.62268304824829
-8571.0,-8139.0,-9111.0,49.713536977767944
-7973.0,-8723.0,-8978.0,49.77396607398987
-8466.0,-8360.0,-9019.0,49.807785987854004
-7928.0,-8686.0,-9022.0,49.831693172454834
-8302.0,-8515.0,-9050.0,49.90132212638855
-9214.0,-8909.0,-7825.0,49.95457720756531
-9701.0,-7935.0,-8357.0,50.02240610122681
-9680.0,-8350.0,-8224.0,50.17633318901062
-9747.0,-8079.0,-8006.0,50.21929907798767
-9458.0,-7411.0,-8883.0,50.29510498046875
-9115.0,-7763.0,-8992.0,50.546117067337036
-9753.0,-8661.0,-7366.0,50.56760811805725
-8944.0,-7936.0,-9079.0,50.5912971496582
-9751.0,-7943.0,-8173.0,50.95110607147217
-8540.0,-8826.0,-8542.0,51.057024002075195
-9700.0,-8645.0,-7476.0,51.08281207084656
-8084.0,-8645.0,-9096.0,51.15179920196533
-8724.0,-8204.0,-9010.0,51.18457508087158
-8471.0,-8825.0,-8647.0,51.28377103805542
-9682.0,-7855.0,-8504.0,51.32119607925415
-9522.0,-8761.0,-7568.0,51.34890913963318
-9663.0,-8587.0,-7513.0,51.458885192871094
-9724.0,-7814.0,-8313.0,51.54943108558655
-8401.0,-8829.0,-8661.0,51.68216013908386
-8558.0,-8242.0,-8980.0,51.85718297958374
-9638.0,-8814.0,-7429.0,51.92209506034851
-8386.0,-8430.0,-9010.0,51.94628715515137
-9406.0,-8825.0,-7612.0,51.97203302383423
-8775.0,-8477.0,-8978.0,52.014374017715454
-9700.0,-8524.0,-7630.0,52.08807897567749
-8237.0,-8607.0,-9029.0,52.13820004463196
-9255.0,-8912.0,-7810.0,52.20485305786133
-9674.0,-8451.0,-7888.0,52.23481798171997
-9420.0,-8821.0,-7820.0,52.287737131118774
-8594.0,-8824.0,-8547.0,52.31342101097107
-9728.0,-7999.0,-8153.0,52.402276039123535
-9103.0,-8865.0,-8005.0,52.44275999069214
-8474.0,-8813.0,-8631.0,52.557831048965454
-9645.0,-8559.0,-7676.0,52.5916850566864
-8528.0,-8811.0,-8636.0,52.801167011260986
-9673.0,-8731.0,-7357.0,52.82038402557373
-9141.0,-8858.0,-8240.0,52.86932897567749
-9646.0,-8602.0,-7497.0,52.939773082733154
-9668.0,-8458.0,-7722.0,52.96990203857422
-9642.0,-8571.0,-7692.0,52.99632906913757
-9468.0,-8763.0,-7563.0,53.12117314338684
-9661.0,-8758.0,-7449.0,53.16514015197754
-9676.0,-7973.0,-8391.0,53.202397108078
-9137.0,-7931.0,-8965.0,53.225914001464844
-8974.0,-8904.0,-8419.0,53.33953499794006
-9634.0,-8629.0,-7589.0,53.41041016578674
-9486.0,-8755.0,-7621.0,53.44127011299133
-8234.0,-8875.0,-8840.0,53.558021068573
-9592.0,-8758.0,-7527.0,53.58438014984131
-8412.0,-8759.0,-8748.0,53.65484809875488
-8377.0,-8437.0,-8991.0,53.69357514381409
-8223.0,-8642.0,-8977.0,53.766194105148315
-9177.0,-7785.0,-8941.0,53.849061012268066
-8335.0,-8816.0,-8750.0,53.87025213241577
-8951.0,-7854.0,-8998.0,53.99693417549133
-9592.0,-8055.0,-8320.0,54.215312004089355
-8416.0,-8739.0,-8847.0,54.294448137283325
-9614.0,-8664.0,-7485.0,54.32283020019531
-8944.0,-8787.0,-8575.0,54.382513999938965
-9593.0,-8465.0,-7761.0,54.42465019226074
-8467.0,-8724.0,-8702.0,54.503008127212524
-9596.0,-8676.0,-7573.0,54.60281205177307
-9587.0,-8485.0,-7892.0,54.65645909309387
-9258.0,-8801.0,-7846.0,54.777045011520386
-9491.0,-8718.0,-7624.0,54.9025981426239
-8882.0,-8336.0,-8958.0,54.93510603904724
-9182.0,-7625.0,-8928.0,54.95972299575806
-9479.0,-8693.0,-7650.0,55.021231174468994
-9006.0,-8075.0,-8948.0,55.055347204208374
-9323.0,-8789.0,-7862.0,55.09443712234497
-9261.0,-7700.0,-8901.0,55.18354415893555
-8425.0,-8514.0,-8950.0,55.30528211593628
-8551.0,-8756.0,-8629.0,55.33390808105469
-9576.0,-8555.0,-7805.0,55.36630916595459
-9620.0,-8594.0,-7621.0,55.42948603630066
-9764.0,-7636.0,-8612.0,55.550353050231934
-9533.0,-8691.0,-7655.0,55.584670066833496
-8583.0,-8693.0,-8668.0,55.636709213256836
-9413.0,-7573.0,-8830.0,55.692188024520874
-9467.0,-8675.0,-7768.0,55.748974084854126
-9554.0,-8699.0,-7580.0,55.77195715904236
-9618.0,-7899.0,-8607.0,55.88548016548157
-8371.0,-8516.0,-8945.0,55.91046714782715
-8343.0,-8563.0,-8884.0,55.97203516960144
-9264.0,-8722.0,-7990.0,56.01780700683594
-8606.0,-8721.0,-8583.0,56.058436155319214
-9565.0,-8629.0,-7667.0,56.21539521217346
-9212.0,-8745.0,-8042.0,56.280816078186035
-8444.0,-8696.0,-8787.0,56.304150104522705
-9591.0,-8587.0,-7647.0,56.334007024765015
-9403.0,-8719.0,-7871.0,56.35997009277344
-9655.0,-7756.0,-8575.0,56.38545298576355
-9316.0,-7584.0,-8831.0,56.43829917907715
-9271.0,-8692.0,-7898.0,56.573185205459595
-8637.0,-8691.0,-8673.0,56.631386041641235
-8536.0,-8599.0,-8704.0,56.68420910835266
-9274.0,-8680.0,-7882.0,56.71171498298645
-9565.0,-8098.0,-8300.0,56.767741203308105
-9328.0,-8678.0,-7887.0,56.88305997848511
-9588.0,-8573.0,-7687.0,56.962515115737915
-8579.0,-8592.0,-8723.0,57.14645504951477
-9539.0,-8690.0,-7584.0,57.20146298408508
-9179.0,-7719.0,-8889.0,57.2242431640625
-9512.0,-7961.0,-8564.0,57.265947103500366
-9551.0,-7978.0,-8379.0,57.306092977523804
-9249.0,-7715.0,-8875.0,57.32865619659424
-9281.0,-8651.0,-8006.0,57.357470989227295
-8292.0,-8721.0,-8874.0,57.41038417816162
-9474.0,-8657.0,-7712.0,57.47402215003967
-9509.0,-8019.0,-8570.0,57.5408890247345
-9002.0,-8861.0,-8359.0,57.55708312988281
-9167.0,-8682.0,-8043.0,57.58294606208801
-9597.0,-7682.0,-8791.0,57.6410231590271
-9152.0,-8650.0,-8201.0,57.66884517669678
-9299.0,-8639.0,-7918.0,57.77673316001892
-9495.0,-8632.0,-7708.0,57.807918071746826
-9562.0,-8583.0,-7867.0,57.83153700828552
-9460.0,-7767.0,-8659.0,57.86752009391785
-9180.0,-7796.0,-8864.0,57.891337156295776
-9233.0,-7864.0,-8807.0,57.98083019256592
-8404.0,-8561.0,-8850.0,58.03562116622925
-8633.0,-8590.0,-8728.0,58.06936502456665
-9202.0,-8634.0,-8160.0,58.09840703010559
-8483.0,-8588.0,-8734.0,58.12697911262512
-9508.0,-8585.0,-7862.0,58.158661127090454
-9502.0,-8592.0,-7696.0,58.18858599662781
-8482.0,-8560.0,-8765.0,58.24295401573181
-9500.0,-8132.0,-8250.0,58.2843451499939
-9341.0,-8631.0,-8041.0,58.31731605529785
-8949.0,-8614.0,-8642.0,58.55585718154907
-9221.0,-8714.0,-8013.0,58.65046310424805
-9055.0,-7980.0,-8899.0,58.67646598815918
-9502.0,-8028.0,-8355.0,58.7066650390625
-9152.0,-8012.0,-8857.0,58.77953600883484
-8440.0,-8595.0,-8842.0,58.80835700035095
-9613.0,-8429.0,-7996.0,58.871153116226196
-9421.0,-8619.0,-7866.0,58.967533111572266
-9462.0,-8148.0,-8399.0,59.02413201332092
-9465.0,-8594.0,-7868.0,59.05647420883179
-9482.0,-8207.0,-8290.0,59.163063049316406
-9083.0,-8784.0,-8456.0,59.24946212768555
-8833.0,-8551.0,-8762.0,59.300812005996704
-9571.0,-8470.0,-8187.0,59.45366716384888
-9345.0,-8607.0,-7903.0,59.57511019706726
-9467.0,-8060.0,-8308.0,59.642826080322266
-8457.0,-8550.0,-8839.0,59.67068004608154
-8897.0,-8195.0,-8911.0,59.74051117897034
-9488.0,-8227.0,-8225.0,59.847167015075684
-9422.0,-7718.0,-8803.0,59.91007900238037
-9369.0,-8588.0,-7981.0,59.94984006881714
-9450.0,-7689.0,-8764.0,60.03692698478699
-9216.0,-8606.0,-8098.0,60.20338416099548
-9304.0,-7885.0,-8786.0,60.2316210269928
-8564.0,-8511.0,-8831.0,60.296364068984985
-9004.0,-8138.0,-8889.0,60.36668109893799
-9475.0,-8024.0,-8447.0,60.47146821022034
-9616.0,-8377.0,-8104.0,60.59258317947388
-9244.0,-8553.0,-8118.0,60.737683057785034
-9383.0,-8560.0,-7919.0,60.84756803512573
-9073.0,-7937.0,-8884.0,60.90561819076538
-9373.0,-7791.0,-8750.0,60.979276180267334
-9507.0,-8497.0,-8067.0,61.09691309928894
-9437.0,-8558.0,-7924.0,61.30013108253479
-9450.0,-8511.0,-8078.0,61.41415309906006
-9303.0,-8518.0,-8051.0,61.50998520851135
-9345.0,-8007.0,-8743.0,61.550743103027344
-9033.0,-8204.0,-8808.0,61.57607316970825
-9311.0,-8514.0,-8197.0,61.64801502227783
-9403.0,-8081.0,-8527.0,61.82244920730591
-9166.0,-8628.0,-8213.0,61.84109902381897
-9111.0,-8549.0,-8403.0,61.94995307922363
-8946.0,-8292.0,-8855.0,62.011929988861084
-9456.0,-8218.0,-8263.0,62.04847002029419
-9448.0,-8155.0,-8302.0,62.12513709068298
-9191.0,-8537.0,-8228.0,62.16788601875305
-9212.0,-7934.0,-8765.0,62.19336700439453
-9124.0,-8176.0,-8763.0,62.2771110534668
-9435.0,-8242.0,-8367.0,62.33381509780884
-9136.0,-8511.0,-8369.0,62.56275820732117
-9381.0,-8244.0,-8362.0,62.76412105560303
-9376.0,-8288.0,-8254.0,62.8830931186676
-9493.0,-7904.0,-8595.0,62.97588300704956
-9398.0,-8144.0,-8479.0,63.051751136779785
-9415.0,-7929.0,-8606.0,63.0864200592041
-9275.0,-8508.0,-8250.0,63.14146018028259
-9195.0,-8005.0,-8749.0,63.24595308303833
-9175.0,-8505.0,-8300.0,63.28010320663452
-9364.0,-8315.0,-8346.0,63.36204504966736
-8967.0,-8539.0,-8602.0,63.548190116882324
-9350.0,-8280.0,-8378.0,63.59646201133728
-9314.0,-8502.0,-8181.0,63.62858510017395
-9368.0,-8500.0,-8186.0,63.72288703918457
-8942.0,-8431.0,-8799.0,63.756089210510254
-9334.0,-8150.0,-8398.0,63.79030108451843
-9323.0,-8151.0,-8518.0,63.827516078948975
-9321.0,-8273.0,-8404.0,63.864272117614746
-9031.0,-8495.0,-8499.0,63.889808177948
-9138.0,-8019.0,-8760.0,63.93586611747742
-9290.0,-8483.0,-8496.0,63.968459129333496
-9179.0,-8141.0,-8717.0,64.03055214881897
-9326.0,-8362.0,-8330.0,64.07544612884521
-9160.0,-8496.0,-8304.0,64.13188314437866
-9555.0,-8355.0,-8212.0,64.1627151966095
-9384.0,-8024.0,-8558.0,64.18708109855652
-9010.0,-8260.0,-8788.0,64.20612120628357
-9477.0,-8380.0,-8223.0,64.28410315513611
-9346.0,-8095.0,-8538.0,64.30881810188293
-9318.0,-8259.0,-8444.0,64.34309816360474
-9308.0,-8070.0,-8626.0,64.48671317100525
-9446.0,-8475.0,-8175.0,64.52182197570801
-9053.0,-8475.0,-8619.0,64.64540815353394
-9423.0,-8382.0,-8218.0,64.74262809753418
-9391.0,-8444.0,-8206.0,64.80883407592773
-9331.0,-8014.0,-8646.0,64.84308099746704
-9380.0,-8391.0,-8224.0,64.88367819786072
-9281.0,-8013.0,-8662.0,64.94449019432068
-8856.0,-8492.0,-8671.0,65.0170350074768
-9306.0,-8241.0,-8562.0,65.18179512023926
-9211.0,-8081.0,-8627.0,65.22475600242615
-9050.0,-8265.0,-8720.0,65.35552906990051
-8965.0,-8372.0,-8708.0,65.50626420974731
-9113.0,-8246.0,-8676.0,65.72694516181946
-9295.0,-8315.0,-8424.0,65.75801706314087
-8975.0,-8273.0,-8680.0,65.80751299858093
-9254.0,-8072.0,-8621.0,65.83649015426636
-9222.0,-8134.0,-8609.0,65.90102314949036
-9075.0,-8293.0,-8660.0,65.92117500305176
-9117.0,-8431.0,-8516.0,66.00506114959717
-9004.0,-8366.0,-8639.0,66.05139708518982
-9151.0,-8305.0,-8623.0,66.148766040802
-9140.0,-8375.0,-8536.0,66.16762399673462
-9177.0,-8214.0,-8609.0,66.32019019126892
-9205.0,-8149.0,-8593.0,66.38705205917358
-9068.0,-8334.0,-8572.0,66.40403819084167
-9214.0,-8290.0,-8541.0,66.58867716789246
-9197.0,-8361.0,-8525.0,66.60590410232544
