z1,z2,z3,time
-6335.0,-4667.0,-10910.0,0.005484104156494141
-5324.0,-10401.0,-5831.0,0.009400129318237305
-10821.0,-5680.0,-6803.0,0.015030145645141602
-6211.0,-5075.0,-10902.0,0.02154994010925293
-5171.0,-10358.0,-6048.0,0.026510000228881836
-6759.0,-5077.0,-10888.0,0.03109002113342285
-6553.0,-5354.0,-10879.0,0.03582596778869629
-5866.0,-10351.0,-5736.0,0.04062008857727051
-6552.0,-10325.0,-6216.0,0.04588794708251953
-5142.0,-10291.0,-6380.0,0.051876068115234375
-6384.0,-5443.0,-10865.0,0.05716300010681152
-6645.0,-5465.0,-10855.0,0.06231498718261719
-6476.0,-5554.0,-10841.0,0.06722307205200195
-5863.0,-10273.0,-6611.0,0.07248497009277344
-6206.0,-5835.0,-10825.0,0.07735896110534668
-10781.0,-6014.0,-6168.0,0.08687996864318848
-5905.0,-10224.0,-6625.0,0.09990501403808594
-4994.0,-10186.0,-6631.0,0.10569310188293457
-6084.0,-10170.0,-6647.0,0.11172604560852051
-6595.0,-10155.0,-6724.0,0.11899399757385254
-6164.0,-5884.0,-10811.0,0.12334513664245605
-4741.0,-10108.0,-6851.0,0.13367199897766113
-6163.0,-5937.0,-10797.0,0.13817405700683594
-10787.0,-5519.0,-6959.0,0.14192509651184082
-6121.0,-5986.0,-10783.0,0.14635705947875977
-6014.0,-10106.0,-6941.0,0.15166997909545898
-10773.0,-6133.0,-6310.0,0.15784192085266113
-5861.0,-6049.0,-10737.0,0.1628429889678955
-5819.0,-6098.0,-10723.0,0.1696310043334961
-5906.0,-10103.0,-7119.0,0.17448997497558594
-10782.0,-5513.0,-7389.0,0.17902302742004395
-10768.0,-6195.0,-6276.0,0.18429803848266602
-6206.0,-6167.0,-10697.0,0.18964695930480957
-10746.0,-6498.0,-6918.0,0.19433808326721191
-5722.0,-6184.0,-10663.0,0.2015831470489502
-6678.0,-6340.0,-10652.0,0.2103409767150879
-5577.0,-10036.0,-7167.0,0.22324609756469727
-5907.0,-9998.0,-7230.0,0.22863197326660156
-6038.0,-6500.0,-10626.0,0.23478913307189941
-5722.0,-9951.0,-7353.0,0.24187707901000977
-6664.0,-10284.0,-6137.0,0.2461390495300293
-10738.0,-6566.0,-6076.0,0.2500951290130615
-4564.0,-9936.0,-7434.0,0.2567100524902344
-6706.0,-10235.0,-6151.0,0.2606699466705322
-5689.0,-6526.0,-10596.0,0.2688889503479004
-10657.0,-5439.0,-7650.0,0.2731010913848877
-6774.0,-10184.0,-5629.0,0.27832913398742676
-10731.0,-6606.0,-5648.0,0.28252506256103516
-5646.0,-6628.0,-10568.0,0.2910480499267578
-5949.0,-9893.0,-7445.0,0.2974550724029541
-5841.0,-9890.0,-7623.0,0.30605196952819824
-10619.0,-6647.0,-5727.0,0.3153650760650635
-7324.0,-10148.0,-5617.0,0.3195760250091553
-10614.0,-6709.0,-5693.0,0.3265841007232666
-7072.0,-4575.0,-10883.0,0.3306550979614258
-6319.0,-6935.0,-10510.0,0.3358471393585205
-10605.0,-6731.0,-5657.0,0.3448460102081299
-10591.0,-6795.0,-6979.0,0.3518359661102295
-5950.0,-9828.0,-7738.0,0.35633397102355957
-10584.0,-7131.0,-6477.0,0.36230993270874023
-10549.0,-5436.0,-7828.0,0.36719298362731934
-4979.0,-9825.0,-7774.0,0.3720409870147705
-5021.0,-9776.0,-7788.0,0.37721800804138184
-5957.0,-9758.0,-7800.0,0.38335108757019043
-5310.0,-9741.0,-7813.0,0.3885159492492676
-5657.0,-9738.0,-7857.0,0.39358091354370117
-7082.0,-5203.0,-10757.0,0.39876794815063477
-6367.0,-6971.0,-10423.0,0.404555082321167
-7245.0,-5028.0,-10738.0,0.4100649356842041
-10477.0,-6549.0,-7840.0,0.41733407974243164
-10474.0,-6254.0,-7943.0,0.4257011413574219
-5914.0,-9682.0,-7910.0,0.4315330982208252
-6303.0,-7034.0,-10352.0,0.4376220703125
-4837.0,-9661.0,-8108.0,0.4431779384613037
-6866.0,-7090.0,-10313.0,0.45261192321777344
-10422.0,-5649.0,-7973.0,0.4631321430206299
-10579.0,-7193.0,-6443.0,0.4695749282836914
-6824.0,-7139.0,-10299.0,0.4796640872955322
-10413.0,-6557.0,-7982.0,0.48715996742248535
-10410.0,-6262.0,-8085.0,0.4961109161376953
-7347.0,-5056.0,-10733.0,0.5004739761352539
-7407.0,-9967.0,-5682.0,0.5066180229187012
-6227.0,-7478.0,-10257.0,0.5149369239807129
-10529.0,-7251.0,-6642.0,0.5209000110626221
-10389.0,-6418.0,-8102.0,0.5296289920806885
-7558.0,-4526.0,-10733.0,0.5338699817657471
-10524.0,-7313.0,-6608.0,0.5388660430908203
-7774.0,-9947.0,-6222.0,0.5448610782623291
-4879.0,-9612.0,-8122.0,0.5541360378265381
-10325.0,-6426.0,-8244.0,0.5635890960693359
-4982.0,-9576.0,-8294.0,0.5701301097869873
-10459.0,-7445.0,-6621.0,0.5754530429840088
-10276.0,-5650.0,-8289.0,0.5808260440826416
-10458.0,-7651.0,-6348.0,0.5854499340057373
-5024.0,-9527.0,-8308.0,0.5933511257171631
-10222.0,-5789.0,-8412.0,0.5994729995727539
-7776.0,-5213.0,-10702.0,0.6042540073394775
-6409.0,-9484.0,-8319.0,0.6108860969543457
-4950.0,-9444.0,-8471.0,0.6209900379180908
-5225.0,-7491.0,-10105.0,0.6282269954681396
-6479.0,-7501.0,-10083.0,0.6359720230102539
-4968.0,-7547.0,-10052.0,0.6452009677886963
-10221.0,-5770.0,-8454.0,0.6518011093139648
-6196.0,-7652.0,-10036.0,0.6599750518798828
-10167.0,-5909.0,-8577.0,0.6654689311981201
-5203.0,-9362.0,-8479.0,0.6724600791931152
-7781.0,-9877.0,-6284.0,0.678380012512207
-6480.0,-9316.0,-8668.0,0.689795970916748
-7954.0,-9855.0,-5621.0,0.6961691379547119
-10416.0,-7700.0,-6334.0,0.7006890773773193
-7826.0,-5077.0,-10521.0,0.7084579467773438
-6546.0,-7750.0,-9988.0,0.715933084487915
-10415.0,-7821.0,-5840.0,0.7226841449737549
-7956.0,-4971.0,-10499.0,0.7291159629821777
-10114.0,-5786.0,-8590.0,0.7341189384460449
-10082.0,-6596.0,-8711.0,0.7395260334014893
-6539.0,-7820.0,-9926.0,0.7466700077056885
-7996.0,-9806.0,-5635.0,0.7514870166778564
-6522.0,-9267.0,-8682.0,0.7585189342498779
-10345.0,-7868.0,-5985.0,0.7630059719085693
-5173.0,-9157.0,-8734.0,0.7707140445709229
-8089.0,-9755.0,-5830.0,0.7790091037750244
-8138.0,-5383.0,-10461.0,0.7838220596313477
-6545.0,-7948.0,-9917.0,0.790611982345581
-9972.0,-6029.0,-8817.0,0.7960789203643799
-10290.0,-7988.0,-6150.0,0.802778959274292
-5215.0,-9108.0,-8748.0,0.8119189739227295
-6995.0,-9067.0,-8818.0,0.8208010196685791
-8148.0,-9754.0,-5301.0,0.8263421058654785
-6368.0,-9061.0,-8821.0,0.8354129791259766
-6516.0,-9046.0,-9030.0,0.8423500061035156
-9871.0,-5956.0,-9057.0,0.8586230278015137
-6503.0,-7997.0,-9903.0,0.8637099266052246
-10220.0,-8182.0,-6129.0,0.8719460964202881
-8157.0,-9704.0,-5308.0,0.87807297706604
-8269.0,-9663.0,-5229.0,0.8867969512939453
-6098.0,-8067.0,-9792.0,0.892164945602417
-8218.0,-5449.0,-10349.0,0.8990931510925293
-6104.0,-8195.0,-9783.0,0.904015064239502
-8247.0,-4578.0,-10338.0,0.9103739261627197
-8296.0,-9628.0,-6434.0,0.9161710739135742
-8465.0,-5265.0,-10307.0,0.9236409664154053
-8311.0,-9614.0,-5243.0,0.929163932800293
-8395.0,-9608.0,-5755.0,0.9345989227294922
-6558.0,-8997.0,-9044.0,0.9397289752960205
-10115.0,-8233.0,-6155.0,0.9485700130462646
-5931.0,-8991.0,-9047.0,0.9536430835723877
-6338.0,-8856.0,-9076.0,0.9622249603271484
-9829.0,-6018.0,-9244.0,0.967634916305542
-6380.0,-8807.0,-9090.0,0.9780309200286865
-6864.0,-8220.0,-9648.0,0.9876511096954346
-10073.0,-8282.0,-6141.0,0.9951469898223877
-6404.0,-8791.0,-9183.0,1.0049800872802734
-8469.0,-9606.0,-5771.0,1.0101821422576904
-6822.0,-8269.0,-9634.0,1.020798921585083
-10007.0,-8388.0,-5826.0,1.0277879238128662
-6815.0,-8339.0,-9572.0,1.0355100631713867
-8476.0,-9536.0,-5833.0,1.0433549880981445
-5901.0,-8786.0,-9302.0,1.0487771034240723
-8518.0,-9487.0,-5847.0,1.0570249557495117
-8489.0,-5466.0,-10076.0,1.0760269165039062
-8598.0,-9457.0,-5442.0,1.0867829322814941
-6466.0,-8365.0,-9542.0,1.0960469245910645
-8827.0,-5435.0,-10066.0,1.1116490364074707
-10002.0,-8450.0,-5792.0,1.1179029941558838
-9552.0,-5684.0,-9326.0,1.1261780261993408
-6134.0,-8400.0,-9528.0,1.1345090866088867
-6423.0,-8467.0,-9514.0,1.1410980224609375
-6368.0,-8645.0,-9355.0,1.148941993713379
-9933.0,-8492.0,-5887.0,1.1587820053100586
-8672.0,-9455.0,-5458.0,1.1654479503631592
-9546.0,-5556.0,-9335.0,1.1719751358032227
-9511.0,-5548.0,-9584.0,1.1805839538574219
-9925.0,-8531.0,-6209.0,1.1901159286499023
-6410.0,-8596.0,-9369.0,1.2013680934906006
-6416.0,-8537.0,-9452.0,1.208245038986206
-6300.0,-8588.0,-9422.0,1.215022087097168
-8710.0,-9416.0,-5363.0,1.2223820686340332
-9924.0,-8652.0,-5715.0,1.2293980121612549
-8784.0,-9414.0,-5379.0,1.2364120483398438
-6374.0,-8586.0,-9438.0,1.2425041198730469
-8847.0,-9357.0,-5287.0,1.2576699256896973
-9882.0,-8701.0,-5701.0,1.264491081237793
-8959.0,-9316.0,-5208.0,1.2739250659942627
-9778.0,-8789.0,-5948.0,1.2818520069122314
-8907.0,-5501.0,-9954.0,1.2925419807434082
-9212.0,-5743.0,-9592.0,1.3044869899749756
-9191.0,-6651.0,-9668.0,1.3143970966339111
-9702.0,-8793.0,-6302.0,1.3251440525054932
-9605.0,-8811.0,-6611.0,1.3365440368652344
-8931.0,-4691.0,-9856.0,1.34580397605896
-9598.0,-8881.0,-6549.0,1.3577830791473389
-9001.0,-9267.0,-5222.0,1.3665730953216553
-9149.0,-5378.0,-9825.0,1.3742220401763916
-9058.0,-9191.0,-6481.0,1.3945951461791992
-9556.0,-8930.0,-6535.0,1.4039819240570068
-9100.0,-9142.0,-6495.0,1.4138209819793701
-9378.0,-8937.0,-6123.0,1.4267549514770508
-9357.0,-8958.0,-5491.0,1.4452271461486816
-9120.0,-9138.0,-5654.0,1.4545540809631348
-9303.0,-8991.0,-6182.0,1.4716291427612305
-9157.0,-9128.0,-6415.0,1.4815471172332764
-9280.0,-9050.0,-5894.0,1.4945991039276123
-9232.0,-9097.0,-5575.0,1.5048329830169678
-5387.0,-10330.0,-5948.0,1.5242290496826172
-6594.0,-10276.0,-6230.0,1.5569679737091064
-10779.0,-5729.0,-6789.0,1.6030900478363037
-5979.0,-9895.0,-7406.0,1.6128571033477783
-10778.0,-5850.0,-6295.0,1.6203489303588867
-5975.0,-10232.0,-6532.0,1.62968111038208
-10773.0,-5837.0,-6384.0,1.6635360717773438
-6013.0,-10227.0,-6447.0,1.674325942993164
-6563.0,-10191.0,-6435.0,1.6837499141693115
-10756.0,-5747.0,-6457.0,1.6917641162872314
-10751.0,-5874.0,-6782.0,1.6998839378356934
-10751.0,-6105.0,-6349.0,1.7079780101776123
-6889.0,-4971.0,-10866.0,1.7233140468597412
-6017.0,-10183.0,-6546.0,1.749756097793579
-6867.0,-10133.0,-5824.0,1.7694170475006104
-10674.0,-6574.0,-6218.0,1.806117057800293
-7029.0,-4677.0,-10855.0,1.8317511081695557
-10606.0,-6610.0,-6151.0,1.8574719429016113
-6590.0,-5166.0,-10874.0,1.8742220401763916
-10600.0,-6611.0,-6392.0,1.8978769779205322
-10598.0,-6619.0,-6364.0,1.9138569831848145
-7022.0,-4747.0,-10793.0,1.9246299266815186
-10717.0,-5713.0,-6938.0,1.9331879615783691
-10593.0,-6681.0,-6330.0,1.950645923614502
-7115.0,-10100.0,-6362.0,1.969085931777954
-10716.0,-5805.0,-6954.0,1.977466106414795
-6707.0,-10114.0,-6645.0,1.9885749816894531
-6716.0,-5179.0,-10860.0,2.0059080123901367
-10682.0,-6506.0,-7060.0,2.023021936416626
-6980.0,-4796.0,-10779.0,2.0761420726776123
-6460.0,-5633.0,-10783.0,2.0859570503234863
-6849.0,-5103.0,-10851.0,2.150515079498291
-6159.0,-10021.0,-7127.0,2.159604072570801
-5840.0,-10011.0,-7129.0,2.168781042098999
-6127.0,-10000.0,-7155.0,2.1780741214752197
-6586.0,-5646.0,-10769.0,2.1962180137634277
-10679.0,-5516.0,-7137.0,2.20735502243042
-10677.0,-5594.0,-7233.0,2.2166850566864014
-6126.0,-10065.0,-6862.0,2.231616973876953
-5988.0,-6009.0,-10737.0,2.2424139976501465
-6427.0,-5673.0,-10765.0,2.2619810104370117
-6114.0,-6056.0,-10721.0,2.311861991882324
-6681.0,-5279.0,-10811.0,2.348245143890381
-6417.0,-5735.0,-10755.0,2.360239028930664
-6807.0,-5152.0,-10837.0,2.386924982070923
-6883.0,-5030.0,-10783.0,2.4640979766845703
-6709.0,-5249.0,-10798.0,2.4743621349334717
-10662.0,-5833.0,-7103.0,2.483607053756714
-6768.0,-5429.0,-10771.0,2.5084710121154785
-6254.0,-5871.0,-10738.0,2.529520034790039
-6710.0,-5238.0,-10777.0,2.540679931640625
-5053.0,-9797.0,-7760.0,2.5765531063079834
-6018.0,-10062.0,-7040.0,2.585669994354248
-6529.0,-10063.0,-6734.0,2.5962910652160645
-6629.0,-5544.0,-10797.0,2.6108040809631348
-10638.0,-5668.0,-7139.0,2.6244919300079346
-6523.0,-10055.0,-6764.0,2.648529052734375
-6667.0,-5298.0,-10784.0,2.6607229709625244
-6839.0,-5143.0,-10776.0,2.743978977203369
-6797.0,-5192.0,-10762.0,2.773656129837036
-6056.0,-10057.0,-6955.0,2.786418914794922
-6384.0,-5775.0,-10737.0,2.801590919494629
-6421.0,-10027.0,-6769.0,2.8437089920043945
-10616.0,-5640.0,-7178.0,2.8789429664611816
-7227.0,-10059.0,-6283.0,2.887843132019043
-5603.0,-9761.0,-7748.0,2.956299066543579
-10614.0,-5541.0,-7622.0,2.9879729747772217
-10643.0,-6509.0,-6420.0,3.024991989135742
-10634.0,-6539.0,-6997.0,3.0534019470214844
-6320.0,-5779.0,-10730.0,3.066956043243408
-6596.0,-5584.0,-10779.0,3.080487012863159
-5583.0,-9655.0,-8020.0,3.0929651260375977
-6212.0,-5920.0,-10724.0,3.1085879802703857
-6413.0,-5861.0,-10713.0,3.136831045150757
-6913.0,-5292.0,-10743.0,3.1560590267181396
-10633.0,-5730.0,-7105.0,3.1701509952545166
-6386.0,-10019.0,-7018.0,3.19844913482666
-10621.0,-5729.0,-7114.0,3.229773998260498
-10613.0,-5602.0,-7375.0,3.2435109615325928
-10604.0,-6334.0,-7252.0,3.2700181007385254
-10609.0,-5710.0,-7116.0,3.2852470874786377
-10607.0,-5611.0,-7560.0,3.3296380043029785
-6211.0,-5973.0,-10710.0,3.349982976913452
-6469.0,-5624.0,-10779.0,3.3629519939422607
-5949.0,-9949.0,-7244.0,3.4368579387664795
-6249.0,-5911.0,-10715.0,3.47525691986084
-6553.0,-5686.0,-10751.0,3.5113940238952637
-5834.0,-9910.0,-7274.0,3.5725901126861572
-7378.0,-4952.0,-10729.0,3.6786439418792725
-6726.0,-5478.0,-10757.0,3.701401948928833
-6426.0,-5726.0,-10751.0,3.7163069248199463
-6277.0,-5881.0,-10702.0,3.732694149017334
-7039.0,-5305.0,-10729.0,3.7671890258789062
-6579.0,-5716.0,-10707.0,3.812324047088623
-6244.0,-5950.0,-10699.0,3.833799123764038
-6638.0,-5535.0,-10793.0,3.8697640895843506
-6870.0,-5394.0,-10715.0,3.9240520000457764
-6505.0,-5972.0,-10689.0,3.947711944580078
-7295.0,-10008.0,-5761.0,3.9831490516662598
-10599.0,-5821.0,-7390.0,4.020736932754517
-6725.0,-5531.0,-10743.0,4.086267948150635
-7294.0,-5804.0,-10693.0,4.1063549518585205
-4949.0,-9620.0,-8029.0,4.208509922027588
-6683.0,-5580.0,-10729.0,4.230502128601074
-6336.0,-6061.0,-10675.0,4.2691779136657715
-6595.0,-5637.0,-10765.0,4.348412036895752
-6619.0,-5584.0,-10722.0,4.441002130508423
-6029.0,-6529.0,-10530.0,4.506437063217163
-5625.0,-9606.0,-8034.0,4.522086143493652
-5461.0,-9597.0,-8082.0,4.579602956771851
-7110.0,-10079.0,-6374.0,4.6391260623931885
-6530.0,-9942.0,-7228.0,4.666980981826782
-6743.0,-10017.0,-6507.0,4.772757053375244
-7178.0,-5145.0,-10719.0,4.9371631145477295
-7290.0,-9987.0,-5773.0,4.966735124588013
-7117.0,-10009.0,-6436.0,5.009484052658081
-7285.0,-9981.0,-6203.0,5.023787975311279
-6431.0,-9987.0,-6844.0,5.041962146759033
-7337.0,-9959.0,-5775.0,5.054877042770386
-10587.0,-5633.0,-7629.0,5.100091934204102
-6271.0,-9980.0,-7048.0,5.116415977478027
-10569.0,-6326.0,-7501.0,5.1666319370269775
-6498.0,-9978.0,-6939.0,5.216213941574097
-6201.0,-9972.0,-7141.0,5.231729030609131
-6650.0,-5835.0,-10661.0,5.257906913757324
-6127.0,-9889.0,-7304.0,5.3012449741363525
-7009.0,-10006.0,-6614.0,5.3228819370269775
-7324.0,-9950.0,-6473.0,5.39789605140686
-10578.0,-5850.0,-7270.0,5.424288034439087
-5094.0,-9535.0,-8215.0,5.5637171268463135
-6393.0,-9949.0,-7080.0,5.580744028091431
-6667.0,-10035.0,-6657.0,5.6078691482543945
-6678.0,-9974.0,-6789.0,5.680393934249878
-6635.0,-10014.0,-6685.0,5.727330923080444
-10532.0,-6429.0,-7675.0,5.7737650871276855
-6114.0,-6388.0,-10593.0,5.801124095916748
-6673.0,-9953.0,-6801.0,5.880794048309326
-6091.0,-9854.0,-7327.0,5.925540924072266
-6613.0,-9951.0,-7005.0,5.946326971054077
-6709.0,-9986.0,-6671.0,5.970428943634033
-5991.0,-9844.0,-7459.0,5.985288143157959
-10566.0,-6590.0,-7519.0,5.998072147369385
-10532.0,-5753.0,-7794.0,6.029617071151733
-6072.0,-6427.0,-10558.0,6.0755839347839355
-5985.0,-9836.0,-7489.0,6.092989921569824
-6134.0,-9819.0,-7366.0,6.129094123840332
-10565.0,-5660.0,-7546.0,6.160232067108154
-5132.0,-9530.0,-8130.0,6.198641061782837
-6720.0,-9925.0,-6803.0,6.221683025360107
-6151.0,-6345.0,-10538.0,6.245924949645996
-6195.0,-6384.0,-10524.0,6.2682881355285645
-6107.0,-6458.0,-10531.0,6.286355972290039
-10544.0,-5735.0,-7601.0,6.339613914489746
-6743.0,-9906.0,-6656.0,6.367131948471069
-6176.0,-9881.0,-7231.0,6.386520147323608
-6465.0,-9846.0,-7256.0,6.4616920948028564
-6071.0,-6480.0,-10544.0,6.480173110961914
-6129.0,-9816.0,-7382.0,6.529935121536255
-6545.0,-9529.0,-8164.0,6.563377141952515
-7052.0,-9904.0,-6642.0,6.59454607963562
-6094.0,-9808.0,-7631.0,6.6374969482421875
-6458.0,-9842.0,-7268.0,6.665630102157593
-7288.0,-5863.0,-10610.0,6.705296993255615
-6150.0,-6398.0,-10524.0,6.726896047592163
-6743.0,-9901.0,-6690.0,6.798501968383789
-6165.0,-9826.0,-7313.0,6.8394060134887695
-6443.0,-6527.0,-10518.0,6.886121988296509
-6093.0,-9839.0,-7311.0,6.9057300090789795
-7050.0,-9887.0,-6866.0,7.021158933639526
-6715.0,-9904.0,-6815.0,7.171036005020142
-6204.0,-6375.0,-10520.0,7.199129104614258
-10537.0,-5805.0,-7539.0,7.260069131851196
-6356.0,-9814.0,-7273.0,7.368054151535034
-6683.0,-9904.0,-6860.0,7.4010210037231445
-5436.0,-9506.0,-8172.0,7.420107126235962
-5136.0,-9486.0,-8229.0,7.436474084854126
-6272.0,-9804.0,-7490.0,7.464849948883057
-7173.0,-6262.0,-10598.0,7.507461071014404
-10536.0,-5897.0,-7555.0,7.524349927902222
-10507.0,-5485.0,-7814.0,7.561613082885742
-10584.0,-6835.0,-6551.0,7.713887929916382
-6635.0,-9898.0,-6868.0,7.792288064956665
-7222.0,-10038.0,-6295.0,7.8050150871276855
-6618.0,-9889.0,-7039.0,7.87282395362854
-6674.0,-9888.0,-7094.0,7.93118691444397
-10506.0,-5538.0,-7800.0,7.947134017944336
-7212.0,-9991.0,-6552.0,7.965867042541504
-10479.0,-5630.0,-7807.0,7.982612133026123
-5094.0,-9424.0,-8364.0,8.002519130706787
-10536.0,-6915.0,-7144.0,8.134169101715088
-7607.0,-5302.0,-10688.0,8.149861097335815
-5999.0,-9709.0,-7814.0,8.164726972579956
-7229.0,-9968.0,-6357.0,8.217067956924438
-6474.0,-9697.0,-7815.0,8.295197010040283
-10570.0,-6547.0,-7139.0,8.335159063339233
-6471.0,-9787.0,-7339.0,8.406497955322266
-6818.0,-9868.0,-6987.0,8.445635080337524
-5062.0,-9403.0,-8392.0,8.465599060058594
-5920.0,-9623.0,-7993.0,8.50009799003601
-6436.0,-9779.0,-7588.0,8.556425094604492
-7227.0,-9976.0,-6329.0,8.591814994812012
-7593.0,-5609.0,-10685.0,8.60800313949585
-6190.0,-7524.0,-10045.0,8.644813060760498
-5927.0,-9553.0,-8055.0,8.666194915771484
-6062.0,-9787.0,-7659.0,8.701065063476562
-10489.0,-5855.0,-7766.0,8.719165086746216
-5436.0,-9395.0,-8321.0,8.790705919265747
-5405.0,-9375.0,-8341.0,8.819206953048706
-6710.0,-9865.0,-7165.0,8.864918947219849
-6067.0,-9725.0,-7693.0,8.971167087554932
-5136.0,-9375.0,-8378.0,9.001274108886719
-7085.0,-9895.0,-6617.0,9.087607145309448
-6567.0,-6349.0,-10504.0,9.228124141693115
-6573.0,-6421.0,-10496.0,9.277064085006714
-6069.0,-9717.0,-7721.0,9.29441213607788
-7846.0,-9829.0,-5829.0,9.339631080627441
-7164.0,-9863.0,-6563.0,9.360084056854248
-7471.0,-9826.0,-7184.0,9.413591146469116
-6600.0,-9774.0,-7261.0,9.442353963851929
-7045.0,-9866.0,-6878.0,9.465044021606445
-6136.0,-9759.0,-7645.0,9.484893083572388
-7160.0,-9839.0,-6944.0,9.506789922714233
-6786.0,-9847.0,-7015.0,9.536499977111816
-10482.0,-5925.0,-7704.0,9.55488395690918
-6207.0,-9591.0,-7994.0,9.576153993606567
-7080.0,-9874.0,-6629.0,9.764089107513428
-7337.0,-9877.0,-6448.0,9.788388967514038
-7085.0,-9872.0,-6647.0,9.84276795387268
-7823.0,-9828.0,-6298.0,9.934494972229004
-6674.0,-9772.0,-7277.0,9.966768980026245
-7472.0,-9705.0,-7678.0,10.093539953231812
-7006.0,-6583.0,-10479.0,10.120249032974243
-6040.0,-9336.0,-8418.0,10.15169906616211
-6508.0,-9744.0,-7284.0,10.284057140350342
-10529.0,-6955.0,-6716.0,10.302134037017822
-6714.0,-6486.0,-10480.0,10.345761060714722
-6548.0,-9738.0,-7509.0,10.38071608543396
-6000.0,-9656.0,-7828.0,10.523663997650146
-7977.0,-9796.0,-5909.0,10.593662977218628
-10496.0,-7034.0,-7249.0,10.800835132598877
-6042.0,-9607.0,-7842.0,10.823287010192871
-6964.0,-6632.0,-10465.0,10.873489141464233
-6069.0,-9606.0,-7870.0,10.967670917510986
-8100.0,-9718.0,-5388.0,10.98183298110962
-6982.0,-9711.0,-7345.0,11.076578140258789
-7131.0,-6311.0,-10584.0,11.114618062973022
-5497.0,-9327.0,-8444.0,11.135467052459717
-8170.0,-9662.0,-6789.0,11.154719114303589
-7033.0,-6769.0,-10432.0,11.230700016021729
-7202.0,-9754.0,-7229.0,11.289858102798462
-8199.0,-9655.0,-5322.0,11.3907630443573
-7424.0,-5698.0,-10671.0,11.404772996902466
-6742.0,-6332.0,-10510.0,11.425393104553223
-10489.0,-7290.0,-6955.0,11.447093963623047
-7609.0,-5534.0,-10583.0,11.463534116744995
-8094.0,-9693.0,-5864.0,11.483716011047363
-10524.0,-6639.0,-7505.0,11.505665063858032
-7671.0,-5294.0,-10546.0,11.52425503730774
-8096.0,-9685.0,-5892.0,11.572844982147217
-7637.0,-9781.0,-6574.0,11.693949937820435
-10502.0,-6829.0,-7228.0,11.862330913543701
-7914.0,-5020.0,-10485.0,11.926015138626099
-10350.0,-7806.0,-6019.0,12.04096794128418
-7426.0,-5930.0,-10566.0,12.058166980743408
-7760.0,-5312.0,-10544.0,12.078310012817383
-7784.0,-5126.0,-10507.0,12.113064050674438
-7636.0,-5720.0,-10536.0,12.133366107940674
-7824.0,-9775.0,-6312.0,12.166846990585327
-7875.0,-5853.0,-10476.0,12.186200141906738
-7984.0,-9726.0,-5971.0,12.206119060516357
-10501.0,-6676.0,-7357.0,12.339440107345581
-7440.0,-5623.0,-10569.0,12.359569072723389
-7866.0,-9726.0,-6326.0,12.379539012908936
-7432.0,-6058.0,-10557.0,12.418720006942749
-6991.0,-6818.0,-10418.0,12.460681915283203
-6983.0,-9590.0,-7839.0,12.600547075271606
-6406.0,-9574.0,-7843.0,12.667226076126099
-10496.0,-6738.0,-7323.0,12.682584047317505
-6438.0,-9551.0,-7987.0,12.732738971710205
-10454.0,-7507.0,-6587.0,12.74789309501648
-7912.0,-9691.0,-6274.0,12.768832921981812
-6515.0,-9324.0,-8419.0,12.793225049972534
-6805.0,-6886.0,-10360.0,12.840336084365845
-10502.0,-6598.0,-7661.0,12.88941502571106
-10304.0,-7741.0,-6413.0,12.906461000442505
-7749.0,-9740.0,-6495.0,12.946260929107666
-5515.0,-9128.0,-8691.0,12.998004913330078
-7467.0,-5809.0,-10522.0,13.016704082489014
-7997.0,-9685.0,-6129.0,13.11191201210022
-10472.0,-6923.0,-7286.0,13.12932801246643
-7632.0,-9760.0,-6586.0,13.152275085449219
-10234.0,-5699.0,-8275.0,13.16821813583374
-10419.0,-7484.0,-6934.0,13.187282085418701
-10479.0,-6648.0,-7396.0,13.204023122787476
-10299.0,-7804.0,-6648.0,13.239012956619263
-10461.0,-6715.0,-7670.0,13.255365133285522
-10369.0,-7610.0,-6669.0,13.275330066680908
-7485.0,-9716.0,-7226.0,13.305073022842407
-7263.0,-6147.0,-10543.0,13.347269058227539
-6571.0,-6958.0,-10336.0,13.368588924407959
-7514.0,-9656.0,-7692.0,13.39098310470581
-7824.0,-9707.0,-6792.0,13.42300295829773
-10466.0,-7109.0,-7123.0,13.462660074234009
-6586.0,-9656.0,-7736.0,13.517009973526001
-8026.0,-9677.0,-5985.0,13.539003133773804
-10458.0,-6778.0,-7329.0,13.555527925491333
-10230.0,-7372.0,-8275.0,13.628693103790283
-10436.0,-6736.0,-7413.0,13.662766933441162
-10432.0,-7042.0,-7391.0,13.746125936508179
-10453.0,-6840.0,-7295.0,13.763795137405396
-7031.0,-6314.0,-10456.0,13.786497116088867
-7148.0,-6370.0,-10444.0,13.808987140655518
-6591.0,-9594.0,-7770.0,13.83930492401123
-7800.0,-9732.0,-6353.0,13.931848049163818
-7207.0,-6189.0,-10530.0,13.997062921524048
-7833.0,-5902.0,-10462.0,14.07616114616394
-10453.0,-7136.0,-7221.0,14.092029094696045
-7662.0,-6102.0,-10443.0,14.11884093284607
-8012.0,-9670.0,-6261.0,14.156310081481934
-10431.0,-6356.0,-7915.0,14.208802938461304
-7744.0,-9719.0,-6507.0,14.230150938034058
-10346.0,-7692.0,-6427.0,14.384294033050537
-7237.0,-6254.0,-10456.0,14.409920930862427
-10432.0,-6746.0,-7465.0,14.463911056518555
-10446.0,-7206.0,-7159.0,14.525933980941772
-6887.0,-9650.0,-7695.0,14.569039106369019
-10418.0,-6817.0,-7642.0,14.618858098983765
-7281.0,-6265.0,-10420.0,14.719594955444336
-7656.0,-5974.0,-10452.0,14.739153146743774
-7025.0,-9541.0,-7853.0,14.76752495765686
-6638.0,-7207.0,-10241.0,14.79080605506897
-7154.0,-6311.0,-10527.0,14.80623197555542
-7115.0,-6410.0,-10426.0,14.859056949615479
-10181.0,-6596.0,-8320.0,14.881289958953857
-7619.0,-6204.0,-10415.0,14.976485013961792
-7164.0,-6291.0,-10502.0,15.02086591720581
-10454.0,-7051.0,-7168.0,15.038502931594849
-10235.0,-7913.0,-6441.0,15.128880977630615
-7195.0,-6303.0,-10442.0,15.197916030883789
-7040.0,-6510.0,-10411.0,15.281790018081665
-7969.0,-5472.0,-10447.0,15.299166917800903
-7535.0,-6432.0,-10357.0,15.353421926498413
-7674.0,-9675.0,-6871.0,15.38183307647705
-10179.0,-5819.0,-8440.0,15.427865982055664
-10406.0,-7215.0,-7106.0,15.47964596748352
-10424.0,-6426.0,-7853.0,15.497189044952393
-10411.0,-6887.0,-7580.0,15.538234949111938
-7202.0,-6347.0,-10440.0,15.575323104858398
-10404.0,-7255.0,-7145.0,15.614843130111694
-7081.0,-6805.0,-10345.0,15.731570959091187
-6631.0,-7277.0,-10179.0,15.75068211555481
-10407.0,-6743.0,-7819.0,15.805027961730957
-7218.0,-6303.0,-10385.0,15.852900981903076
-10172.0,-5889.0,-8378.0,15.87564206123352
-7228.0,-6283.0,-10360.0,15.963635921478271
-7157.0,-6361.0,-10440.0,15.982336044311523
-10316.0,-7487.0,-6682.0,16.001615047454834
-7243.0,-6335.0,-10358.0,16.058794021606445
-10307.0,-7496.0,-6686.0,16.110777139663696
-10399.0,-7285.0,-7044.0,16.127233028411865
-7176.0,-6364.0,-10416.0,16.177042961120605
-6873.0,-9499.0,-7935.0,16.203066110610962
-7493.0,-6481.0,-10343.0,16.23678708076477
-10306.0,-7513.0,-6735.0,16.40225911140442
-7955.0,-5779.0,-10444.0,16.419425010681152
-7597.0,-9675.0,-7147.0,16.53035593032837
-10364.0,-7308.0,-7173.0,16.568257093429565
-10402.0,-7117.0,-7265.0,16.589076042175293
-10369.0,-6936.0,-7566.0,16.64563298225403
-10301.0,-7575.0,-6701.0,16.71656608581543
-6425.0,-7337.0,-10179.0,16.893994092941284
-10357.0,-7334.0,-7030.0,16.94554305076599
-8324.0,-9572.0,-6724.0,16.965769052505493
-8095.0,-5485.0,-10433.0,16.98271608352661
-7492.0,-6534.0,-10329.0,17.011377096176147
-10151.0,-5964.0,-8433.0,17.036039113998413
-10286.0,-7535.0,-6820.0,17.057637929916382
-10205.0,-7921.0,-6273.0,17.076858043670654
-10394.0,-7233.0,-7299.0,17.122668981552124
-10193.0,-7962.0,-6427.0,17.1804461479187
-10351.0,-7335.0,-7271.0,17.204146146774292
-10349.0,-7343.0,-7243.0,17.22554111480713
-10356.0,-7007.0,-7745.0,17.26764702796936
-10344.0,-7405.0,-7209.0,17.309147119522095
-10284.0,-7543.0,-6792.0,17.35187602043152
-8667.0,-9449.0,-5888.0,17.372852087020874
-6947.0,-9497.0,-7951.0,17.41353702545166
-10279.0,-7605.0,-6758.0,17.436629056930542
-10389.0,-7144.0,-7363.0,17.459190130233765
-10146.0,-6588.0,-8569.0,17.544666051864624
-7450.0,-6583.0,-10315.0,17.571604013442993
-6637.0,-7405.0,-10170.0,17.591145992279053
-6839.0,-9494.0,-8129.0,17.61259913444519
-7039.0,-6854.0,-10331.0,17.63471007347107
-7961.0,-5907.0,-10435.0,17.65495014190674
-10178.0,-8029.0,-6229.0,17.69440007209778
-10343.0,-6751.0,-7961.0,17.71461796760559
-10251.0,-7635.0,-6771.0,17.737194061279297
-8088.0,-5555.0,-10371.0,17.778995037078857
-8339.0,-9526.0,-6462.0,17.82344913482666
-10281.0,-7529.0,-7250.0,17.89664602279663
-10261.0,-7607.0,-6847.0,17.94073796272278
-7667.0,-9657.0,-6908.0,18.010234117507935
-10274.0,-7599.0,-7188.0,18.08521604537964
-7792.0,-5996.0,-10421.0,18.10926103591919
-8392.0,-9521.0,-6202.0,18.13110113143921
-10324.0,-7427.0,-7278.0,18.152838945388794
-10316.0,-7126.0,-7850.0,18.18213415145874
-7114.0,-6586.0,-10301.0,18.205989122390747
-10237.0,-7654.0,-6744.0,18.22991394996643
-7120.0,-6714.0,-10292.0,18.278002977371216
-8122.0,-9626.0,-6876.0,18.30500292778015
-10369.0,-6546.0,-8018.0,18.32561492919922
-10329.0,-7069.0,-7386.0,18.348850965499878
-10279.0,-7537.0,-7222.0,18.397918939590454
-10217.0,-7833.0,-8002.0,18.45464015007019
-10302.0,-7454.0,-7195.0,18.478477954864502
-7639.0,-9626.0,-7161.0,18.53087306022644
-10236.0,-7792.0,-6935.0,18.562777996063232
-6431.0,-7465.0,-10170.0,18.581449031829834
-10169.0,-8051.0,-6193.0,18.67407512664795
-10170.0,-7999.0,-6279.0,18.69711399078369
-8094.0,-5683.0,-10362.0,18.745986938476562
-7522.0,-6609.0,-10277.0,18.82518696784973
-10347.0,-6467.0,-8088.0,18.845415115356445
-6954.0,-6859.0,-10298.0,18.941004037857056
-10382.0,-7214.0,-7301.0,18.961228132247925
-6587.0,-9480.0,-8178.0,18.98142695426941
-10212.0,-7881.0,-6701.0,19.009660959243774
-10310.0,-7244.0,-7365.0,19.032026052474976
-10165.0,-8061.0,-6245.0,19.079155921936035
-6886.0,-6899.0,-10262.0,19.103528022766113
-7476.0,-6613.0,-10271.0,19.166595935821533
-6822.0,-9437.0,-8199.0,19.233066082000732
-10127.0,-8101.0,-6251.0,19.255736112594604
-7861.0,-9601.0,-7089.0,19.28605604171753
-7434.0,-6662.0,-10257.0,19.322783946990967
-10165.0,-7993.0,-6725.0,19.366384029388428
-8504.0,-9480.0,-6123.0,19.41897201538086
-7918.0,-6009.0,-10407.0,19.440016984939575
-6914.0,-7126.0,-10226.0,19.522094011306763
-10354.0,-6825.0,-7784.0,19.547096014022827
-8779.0,-9408.0,-5809.0,19.568522930145264
-7749.0,-6098.0,-10393.0,19.664135932922363
-10305.0,-6554.0,-8160.0,19.710288047790527
-7463.0,-9333.0,-8238.0,19.74822998046875
-10123.0,-8042.0,-6711.0,19.79705810546875
-10286.0,-7201.0,-7724.0,19.87289595603943
-8296.0,-5354.0,-10293.0,19.946244955062866
-8176.0,-5498.0,-10335.0,19.968775987625122
-10003.0,-8329.0,-6286.0,19.98963499069214
-7039.0,-6886.0,-10202.0,20.032535076141357
-6664.0,-7548.0,-10031.0,20.05987811088562
-10208.0,-7891.0,-6753.0,20.109210968017578
-7141.0,-6772.0,-10254.0,20.138674020767212
-10327.0,-6595.0,-8004.0,20.16236114501953
-7527.0,-9667.0,-7240.0,20.20858597755432
-7528.0,-9546.0,-7734.0,20.23150110244751
-10122.0,-8163.0,-6217.0,20.276499032974243
-10340.0,-7263.0,-7287.0,20.301669120788574
-7708.0,-6174.0,-10357.0,20.330796003341675
-10170.0,-7931.0,-6759.0,20.359792947769165
-7612.0,-6274.0,-10353.0,20.38372492790222
-6872.0,-7175.0,-10212.0,20.408483028411865
-10323.0,-6760.0,-7986.0,20.456372022628784
-7097.0,-6761.0,-10290.0,20.58056402206421
-7395.0,-6939.0,-10191.0,20.63678812980652
-8670.0,-9435.0,-5513.0,20.66195511817932
-6836.0,-9327.0,-8241.0,20.712679147720337
-10321.0,-6768.0,-7958.0,20.739362955093384
-7479.0,-6711.0,-10249.0,20.904221057891846
-8052.0,-5732.0,-10348.0,21.04051113128662
-8128.0,-5610.0,-10294.0,21.08830499649048
-10121.0,-8050.0,-6683.0,21.142679929733276
-10282.0,-7274.0,-7378.0,21.174256086349487
-10116.0,-8112.0,-6649.0,21.27874207496643
-10166.0,-7940.0,-6739.0,21.30526304244995
-6589.0,-7648.0,-10016.0,21.33049201965332
-10282.0,-6669.0,-8080.0,21.383749961853027
-6686.0,-7243.0,-10154.0,21.458558082580566
-8789.0,-9352.0,-5413.0,21.506129026412964
-9997.0,-8444.0,-6222.0,21.532684087753296
-8791.0,-9344.0,-5441.0,21.611525058746338
-10273.0,-7296.0,-7342.0,21.641796112060547
-8889.0,-9308.0,-5301.0,21.727774143218994
-8282.0,-5661.0,-10290.0,21.77408194541931
-7055.0,-6810.0,-10276.0,21.864624977111816
-7675.0,-9554.0,-7365.0,21.903090953826904
-10299.0,-6740.0,-7997.0,21.959672927856445
-8833.0,-9295.0,-5455.0,22.10565996170044
-7911.0,-6079.0,-10345.0,22.134282112121582
-7983.0,-5856.0,-10298.0,22.20400905609131
-7449.0,-6781.0,-10244.0,22.235132932662964
-7353.0,-6988.0,-10177.0,22.27087092399597
-7570.0,-6323.0,-10339.0,22.29894995689392
-7666.0,-6223.0,-10343.0,22.360476970672607
-10273.0,-7228.0,-7822.0,22.393166065216064
-7100.0,-6807.0,-10214.0,22.555691957473755
-10240.0,-7438.0,-7344.0,22.6212100982666
-7082.0,-6784.0,-10230.0,22.656042098999023
-10120.0,-8171.0,-6189.0,22.703779935836792
-8455.0,-5305.0,-10232.0,22.796206951141357
-7059.0,-9456.0,-7872.0,22.847422122955322
-10283.0,-6475.0,-8230.0,22.870028972625732
-10068.0,-8129.0,-6737.0,22.920863151550293
-6719.0,-7220.0,-10143.0,22.99851107597351
-10316.0,-6830.0,-7924.0,23.02530002593994
-7998.0,-5890.0,-10295.0,23.053945064544678
-10232.0,-7648.0,-7174.0,23.084272146224976
-7145.0,-6797.0,-10203.0,23.141767024993896
-6595.0,-7454.0,-10156.0,23.16530203819275
-10244.0,-7250.0,-7710.0,23.1966609954834
-7869.0,-6128.0,-10331.0,23.250096082687378
-7794.0,-6228.0,-10316.0,23.280395030975342
-10067.0,-8250.0,-6243.0,23.329394102096558
-7735.0,-6360.0,-10310.0,23.357128143310547
-10108.0,-8223.0,-6208.0,23.380099058151245
-8113.0,-5750.0,-10276.0,23.411010026931763
-8384.0,-5591.0,-10227.0,23.498379945755005
-10239.0,-7530.0,-7360.0,23.59932804107666
-7694.0,-9564.0,-7091.0,23.627861976623535
-6756.0,-7327.0,-10135.0,23.651564121246338
-6767.0,-9306.0,-8250.0,23.731162071228027
-6930.0,-7082.0,-10171.0,23.790569067001343
-7462.0,-9454.0,-7744.0,23.82057809829712
-6951.0,-9453.0,-8050.0,23.872440099716187
-10263.0,-6603.0,-8146.0,23.90176010131836
-7700.0,-6217.0,-10317.0,23.92994713783264
-10231.0,-7277.0,-7808.0,23.995222091674805
-8917.0,-9289.0,-5967.0,24.02300000190735
-8237.0,-6023.0,-10235.0,24.05355215072632
-6985.0,-9458.0,-7856.0,24.108222007751465
-7742.0,-6168.0,-10331.0,24.136647939682007
-6808.0,-9286.0,-8439.0,24.16639804840088
-10057.0,-8148.0,-6396.0,24.194067001342773
-7360.0,-9450.0,-7831.0,24.222599983215332
-8537.0,-9438.0,-6026.0,24.37088394165039
-7352.0,-7041.0,-10163.0,24.5160870552063
-10259.0,-6768.0,-8128.0,24.715129137039185
-7693.0,-6409.0,-10296.0,24.778640031814575
-6989.0,-9448.0,-7965.0,24.805354118347168
-10052.0,-8210.0,-6362.0,24.886336088180542
-10292.0,-7015.0,-7887.0,24.944169998168945
-8282.0,-9621.0,-6710.0,24.992433071136475
-7787.0,-9513.0,-7286.0,25.027987003326416
-6980.0,-7221.0,-10126.0,25.0604510307312
-10279.0,-6817.0,-7944.0,25.360208988189697
-7955.0,-5992.0,-10267.0,25.41783595085144
-7516.0,-6481.0,-10286.0,25.468585968017578
-8344.0,-9485.0,-6289.0,25.545491933822632
-8164.0,-9577.0,-6890.0,25.602389097213745
-8611.0,-9436.0,-6042.0,25.628348112106323
-8485.0,-9470.0,-6397.0,25.70713710784912
-8946.0,-9232.0,-6560.0,25.797441005706787
-8183.0,-9568.0,-6895.0,25.861277103424072
-7094.0,-9430.0,-7882.0,25.88982605934143
-10257.0,-6789.0,-7983.0,25.917500972747803
-7310.0,-7090.0,-10149.0,25.948272943496704
-7931.0,-9554.0,-6944.0,25.978729963302612
-10278.0,-6870.0,-7930.0,26.005198001861572
-7582.0,-6419.0,-10274.0,26.11762809753418
-6643.0,-7490.0,-10069.0,26.14034914970398
-10045.0,-8280.0,-6300.0,26.190169095993042
-7101.0,-9407.0,-7886.0,26.22268795967102
-7064.0,-9394.0,-7906.0,26.25415802001953
-7526.0,-6461.0,-10261.0,26.288383960723877
-10171.0,-7878.0,-6773.0,26.318786144256592
-7742.0,-6458.0,-10245.0,26.411477088928223
-6713.0,-7429.0,-10107.0,26.464826107025146
-7309.0,-7288.0,-10078.0,26.497254133224487
-10256.0,-6828.0,-8014.0,26.558439016342163
-6888.0,-7131.0,-10157.0,26.739882946014404
-10235.0,-6748.0,-8139.0,26.76738691329956
-10149.0,-7850.0,-6812.0,26.7956600189209
-7046.0,-9394.0,-7969.0,26.885504961013794
-8460.0,-5326.0,-10220.0,26.94135308265686
-6974.0,-7093.0,-10135.0,26.966519117355347
-6923.0,-9380.0,-8057.0,27.002892017364502
-7902.0,-6182.0,-10218.0,27.038005113601685
-9891.0,-8572.0,-6311.0,27.096310138702393
-10257.0,-6776.0,-8100.0,27.160681009292603
-10050.0,-8218.0,-6334.0,27.186137914657593
-7573.0,-6547.0,-10231.0,27.22515606880188
-6911.0,-9351.0,-8123.0,27.264323949813843
-10274.0,-6879.0,-7910.0,27.292541980743408
-10252.0,-7134.0,-7992.0,27.386213064193726
-8213.0,-9492.0,-7297.0,27.450653076171875
-6706.0,-7499.0,-10045.0,27.474677085876465
-10273.0,-6932.0,-7896.0,27.65833306312561
-8449.0,-5364.0,-10149.0,27.68690800666809
-10148.0,-7889.0,-6843.0,27.74894905090332
-7927.0,-6004.0,-10243.0,27.807459115982056
-7751.0,-6330.0,-10288.0,27.977131128311157
-6996.0,-9378.0,-8027.0,28.041477918624878
-10040.0,-8274.0,-6730.0,28.07243013381958
-7668.0,-9536.0,-7402.0,28.123119115829468
-8527.0,-9421.0,-6411.0,28.218441009521484
-10237.0,-7586.0,-7208.0,28.413257122039795
-7402.0,-9401.0,-7845.0,28.47686791419983
-8195.0,-6072.0,-10221.0,28.544116973876953
-7783.0,-6396.0,-10223.0,28.61694598197937
-10252.0,-6838.0,-8066.0,28.64491295814514
-8616.0,-9374.0,-6076.0,28.675034999847412
-8444.0,-6049.0,-10123.0,28.70702600479126
-8225.0,-9519.0,-6909.0,28.762471914291382
-7862.0,-6314.0,-10203.0,28.801875114440918
-7204.0,-9376.0,-8024.0,28.834398984909058
-10124.0,-7902.0,-6819.0,28.868345022201538
-6685.0,-7441.0,-10083.0,28.931448936462402
-8624.0,-9338.0,-6037.0,28.963781118392944
-6960.0,-7314.0,-10048.0,29.038267135620117
-7123.0,-7356.0,-10020.0,29.07547903060913
-9849.0,-8621.0,-6297.0,29.135183095932007
-7443.0,-6653.0,-10253.0,29.25898504257202
-7575.0,-6489.0,-10212.0,29.36501407623291
-10119.0,-7896.0,-7249.0,29.399052143096924
-8707.0,-9329.0,-5810.0,29.468465089797974
-8542.0,-9375.0,-6149.0,29.5013370513916
-8732.0,-9324.0,-6851.0,29.535537004470825
-7649.0,-6563.0,-10170.0,29.63495397567749
-7640.0,-9505.0,-7655.0,29.66230607032776
-8654.0,-9334.0,-6070.0,29.75752902030945
-7282.0,-7102.0,-10125.0,29.790573120117188
-10106.0,-7938.0,-6829.0,29.87854814529419
-7303.0,-7160.0,-10087.0,30.109573125839233
-6882.0,-9284.0,-8455.0,30.214690923690796
-8194.0,-6125.0,-10207.0,30.28477907180786
-10128.0,-7980.0,-6745.0,30.388314962387085
-6917.0,-7416.0,-10020.0,30.553746938705444
-7568.0,-6681.0,-10191.0,30.659963130950928
-10110.0,-8080.0,-6751.0,30.73730206489563
-6774.0,-9281.0,-8633.0,30.853660106658936
-8456.0,-5853.0,-10121.0,30.915306091308594
-10082.0,-7951.0,-6805.0,31.05127501487732
-10274.0,-7175.0,-7836.0,31.153990030288696
-8602.0,-9367.0,-6352.0,31.186597108840942
-8341.0,-5693.0,-10199.0,31.24759292602539
-8346.0,-9456.0,-6524.0,31.276514053344727
-9929.0,-6131.0,-8789.0,31.391147136688232
-7717.0,-9505.0,-7379.0,31.45304012298584
-10054.0,-7981.0,-6818.0,31.5224609375
-8437.0,-9434.0,-6484.0,31.58784294128418
-10096.0,-7932.0,-6832.0,31.6200590133667
-7954.0,-6190.0,-10196.0,31.65723204612732
-9779.0,-8668.0,-6442.0,31.68674111366272
-10077.0,-7945.0,-7235.0,31.721668004989624
-7744.0,-6400.0,-10226.0,31.784584999084473
-9998.0,-8323.0,-6716.0,31.948740005493164
-7912.0,-6239.0,-10182.0,32.10177993774414
-7570.0,-6645.0,-10190.0,32.17583703994751
-9934.0,-8371.0,-6381.0,32.27730107307434
-8280.0,-6179.0,-10166.0,32.30610799789429
-7905.0,-6470.0,-10134.0,32.42198395729065
-8333.0,-9522.0,-6731.0,32.479377031326294
-8736.0,-9297.0,-5958.0,32.51439905166626
-10139.0,-6658.0,-8507.0,32.542909145355225
-7142.0,-7609.0,-9959.0,32.6430139541626
-10053.0,-8034.0,-6804.0,32.74669694900513
-7736.0,-6559.0,-10120.0,32.82459998130798
-7610.0,-9341.0,-7869.0,32.86633610725403
-7606.0,-6665.0,-10142.0,32.90575814247131
-7820.0,-6363.0,-10189.0,32.99196696281433
-7472.0,-6781.0,-10187.0,33.17034292221069
-8212.0,-9613.0,-6803.0,33.22428607940674
-10013.0,-7993.0,-6900.0,33.26635193824768
-7526.0,-6730.0,-10177.0,33.30233597755432
-7868.0,-9464.0,-7361.0,33.34042811393738
-9864.0,-6026.0,-8995.0,33.40246605873108
-7981.0,-6374.0,-10174.0,33.53026008605957
-7498.0,-9341.0,-7989.0,33.564051151275635
-7430.0,-6830.0,-10173.0,33.59857511520386
-8152.0,-6174.0,-10193.0,33.69271111488342
-7710.0,-9487.0,-7416.0,33.831583976745605
-7757.0,-6401.0,-10154.0,33.93625497817993
-8388.0,-9407.0,-6538.0,34.043246030807495
-7779.0,-6457.0,-10148.0,34.11035895347595
-8325.0,-5772.0,-10141.0,34.17755103111267
-9893.0,-8374.0,-6742.0,34.204594135284424
-7616.0,-6717.0,-10104.0,34.302600145339966
-9892.0,-8451.0,-6805.0,34.36185693740845
-7662.0,-9451.0,-7503.0,34.50092601776123
-9922.0,-6201.0,-8727.0,34.63230800628662
-9827.0,-6316.0,-8838.0,34.66347908973694
-7639.0,-6603.0,-10095.0,34.77408409118652
-10110.0,-6674.0,-8400.0,34.802695989608765
-7527.0,-6747.0,-10162.0,34.89805793762207
-10006.0,-8113.0,-6886.0,34.97204113006592
-7472.0,-9409.0,-7752.0,35.00615310668945
-7440.0,-6810.0,-10148.0,35.0417001247406
-10011.0,-8083.0,-6790.0,35.111310958862305
-8234.0,-9585.0,-6797.0,35.139354944229126
-8334.0,-9401.0,-7225.0,35.171555042266846
-7724.0,-9435.0,-7441.0,35.26249313354492
-10104.0,-6733.0,-8317.0,35.29585409164429
-8393.0,-9400.0,-6696.0,35.32878112792969
-7543.0,-6703.0,-10107.0,35.37876892089844
-9894.0,-6231.0,-8740.0,35.407227993011475
-8658.0,-5524.0,-10052.0,35.4394690990448
-7476.0,-9404.0,-7779.0,35.4700870513916
-7443.0,-6975.0,-10104.0,35.58693814277649
-7482.0,-6761.0,-10162.0,35.67572808265686
-7466.0,-6840.0,-10104.0,35.75664210319519
-7741.0,-6631.0,-10090.0,35.85652709007263
-8165.0,-9456.0,-7384.0,35.922083139419556
-9858.0,-6417.0,-8784.0,36.06898212432861
-7486.0,-6764.0,-10104.0,36.21288514137268
-10007.0,-7961.0,-7002.0,36.37684607505798
-7060.0,-9280.0,-8314.0,36.47100901603699
-7513.0,-6773.0,-10102.0,36.55996608734131
-8490.0,-9408.0,-6431.0,36.858291149139404
-7674.0,-9394.0,-7528.0,36.9826180934906
-6793.0,-7635.0,-9929.0,37.04784107208252
-8334.0,-5763.0,-10137.0,37.077017068862915
-6956.0,-7677.0,-9901.0,37.111016035079956
-7932.0,-6493.0,-10098.0,37.16882395744324
-8479.0,-9385.0,-6498.0,37.199979066848755
-7124.0,-7303.0,-10034.0,37.37510299682617
-7520.0,-6817.0,-10100.0,37.4319589138031
-6982.0,-8018.0,-9691.0,37.558537006378174
-7574.0,-6766.0,-10090.0,37.642369985580444
-8276.0,-9536.0,-6811.0,37.66894602775574
-7974.0,-9384.0,-7452.0,37.713765144348145
-9822.0,-6075.0,-8981.0,37.74591398239136
-9993.0,-7962.0,-7402.0,37.853781938552856
-7932.0,-9433.0,-7438.0,37.89736008644104
-8111.0,-6268.0,-10152.0,37.981828927993774
-9992.0,-8083.0,-6908.0,38.05804991722107
-9895.0,-8326.0,-6464.0,38.0900399684906
-8442.0,-9372.0,-6518.0,38.12645602226257
-10097.0,-6707.0,-8493.0,38.32951998710632
-9991.0,-7970.0,-7374.0,38.36887001991272
-7758.0,-9373.0,-7457.0,38.45946907997131
-8774.0,-9275.0,-6865.0,38.505797147750854
-8644.0,-5831.0,-10049.0,38.53452205657959
-7695.0,-6635.0,-10084.0,38.59291315078735
-7696.0,-9366.0,-7522.0,38.80892300605774
-7653.0,-6684.0,-10070.0,38.86890912055969
-7931.0,-6546.0,-10084.0,39.020851135253906
-9990.0,-8022.0,-7288.0,39.061583042144775
-8505.0,-9359.0,-6617.0,39.10516810417175
-10096.0,-6760.0,-8479.0,39.19381499290466
-6466.0,-8043.0,-9691.0,39.27296304702759
-6750.0,-7737.0,-9901.0,39.30622100830078
-7081.0,-7405.0,-10006.0,39.34737205505371
-7478.0,-6866.0,-10086.0,39.45565700531006
-9880.0,-6250.0,-8713.0,39.6309540271759
-7611.0,-9365.0,-7799.0,39.66478610038757
-7557.0,-6784.0,-10066.0,39.83875012397766
-7749.0,-9340.0,-7469.0,39.91415309906006
-9998.0,-8121.0,-6830.0,39.98310208320618
-9821.0,-6188.0,-8847.0,40.046168088912964
-7482.0,-6884.0,-10051.0,40.12441802024841
-7681.0,-9359.0,-7551.0,40.170660972595215
-10067.0,-6776.0,-8372.0,40.2014479637146
-7722.0,-6821.0,-10037.0,40.32876992225647
-7599.0,-6735.0,-10080.0,40.40848898887634
-7788.0,-9337.0,-7728.0,40.497905015945435
-8532.0,-9359.0,-6445.0,40.53308892250061
-9989.0,-8143.0,-6794.0,40.575173139572144
-6228.0,-8056.0,-9689.0,40.61396908760071
-7494.0,-6822.0,-10031.0,40.70204401016235
-7680.0,-6870.0,-10023.0,40.930612087249756
-9821.0,-6128.0,-8967.0,40.96427297592163
-7606.0,-9344.0,-7811.0,41.16660499572754
-7698.0,-6733.0,-10062.0,41.219412088394165
-8325.0,-9451.0,-7218.0,41.33165407180786
-8534.0,-9351.0,-6473.0,41.365926027297974
-8554.0,-9331.0,-6439.0,41.40109610557556
-10062.0,-6782.0,-8303.0,41.43707609176636
-7295.0,-9237.0,-8335.0,41.55188798904419
-7613.0,-6756.0,-10041.0,41.74305605888367
-8788.0,-9240.0,-6032.0,41.79206299781799
-6907.0,-8118.0,-9676.0,41.830708026885986
-7645.0,-9349.0,-7620.0,41.915120124816895
-10061.0,-6835.0,-8289.0,41.9495530128479
-7889.0,-6595.0,-10070.0,42.031275033950806
-7401.0,-7024.0,-10090.0,42.11160111427307
-9985.0,-8153.0,-6846.0,42.17674708366394
-7459.0,-6931.0,-10049.0,42.28034996986389
-9986.0,-8032.0,-7340.0,42.58778715133667
-8151.0,-6372.0,-10122.0,42.71516704559326
-10054.0,-6809.0,-8465.0,42.74972605705261
-9956.0,-8170.0,-6816.0,42.81933808326721
-6924.0,-9235.0,-8469.0,43.0370831489563
-7503.0,-6942.0,-10013.0,43.10346698760986
-7400.0,-7077.0,-10076.0,43.14704513549805
-6743.0,-7807.0,-9839.0,43.18174600601196
-7974.0,-6444.0,-10112.0,43.267022132873535
-9968.0,-8063.0,-6919.0,43.336708068847656
-8345.0,-9364.0,-6783.0,43.3723840713501
-7514.0,-6876.0,-10017.0,43.6336669921875
-9779.0,-6177.0,-8953.0,43.699198961257935
-7781.0,-6689.0,-10043.0,43.77563214302063
-9948.0,-8072.0,-7346.0,43.812915086746216
-8404.0,-9354.0,-7080.0,43.85552000999451
-9947.0,-8193.0,-6852.0,43.97675704956055
-9730.0,-8753.0,-6035.0,44.11450505256653
-9843.0,-8536.0,-6398.0,44.14340305328369
-10047.0,-6879.0,-8403.0,44.17594003677368
-8435.0,-9351.0,-6710.0,44.43299698829651
-7417.0,-6980.0,-10035.0,44.56204605102539
-7439.0,-6986.0,-10023.0,44.762519121170044
-7067.0,-9210.0,-8376.0,44.82214307785034
-7358.0,-7126.0,-10062.0,44.866405963897705
-7841.0,-6881.0,-10008.0,44.94629907608032
-6858.0,-9167.0,-8561.0,44.98057007789612
-7416.0,-7033.0,-10021.0,45.06144905090332
-7509.0,-7070.0,-10004.0,45.11858606338501
-9943.0,-8202.0,-6832.0,45.29564809799194
-9943.0,-8134.0,-7312.0,45.51359295845032
-9948.0,-8140.0,-6866.0,45.549241065979004
-7800.0,-9324.0,-7471.0,45.67887091636658
-7811.0,-6951.0,-10003.0,45.74444103240967
-6865.0,-8167.0,-9662.0,45.86088514328003
-10075.0,-6666.0,-8649.0,45.88920211791992
-9772.0,-6247.0,-8891.0,45.92186713218689
-9942.0,-8255.0,-6818.0,45.9592490196228
-7889.0,-9322.0,-7587.0,46.08246111869812
-8145.0,-6244.0,-10131.0,46.20756006240845
-7357.0,-7324.0,-9991.0,46.45003008842468
-8054.0,-6632.0,-10041.0,46.59664797782898
-10018.0,-6895.0,-8296.0,46.72345304489136
-10035.0,-7913.0,-7416.0,46.76341199874878
-6701.0,-7856.0,-9825.0,46.87014102935791
-9787.0,-6067.0,-9230.0,46.89721703529358
-8062.0,-6387.0,-10076.0,46.93319392204285
-6931.0,-9165.0,-8531.0,47.04074192047119
-9937.0,-8155.0,-6981.0,47.07447814941406
-7384.0,-7156.0,-10018.0,47.19132113456726
-7109.0,-9161.0,-8390.0,47.327229022979736
-10001.0,-7022.0,-8316.0,47.36705303192139
-6957.0,-7624.0,-9915.0,47.398985147476196
-9829.0,-8472.0,-6455.0,47.42729592323303
-8097.0,-6530.0,-10069.0,47.49448299407959
-7738.0,-6791.0,-10015.0,47.54878091812134
-6446.0,-8742.0,-9197.0,47.580907106399536
-9915.0,-8200.0,-6991.0,47.76868200302124
-10033.0,-6715.0,-8635.0,47.79871106147766
-8012.0,-6681.0,-10027.0,47.92734098434448
-7024.0,-9134.0,-8486.0,47.9624719619751
-9784.0,-6418.0,-8810.0,48.06289291381836
-9763.0,-6324.0,-8980.0,48.09308314323425
-9786.0,-6120.0,-9216.0,48.123311042785645
-8784.0,-5537.0,-10038.0,48.182263135910034
-9468.0,-5650.0,-9556.0,48.213436126708984
-8273.0,-6249.0,-10104.0,48.30430793762207
-6453.0,-8672.0,-9259.0,48.36937999725342
-9537.0,-6143.0,-9314.0,48.40106701850891
-8094.0,-7142.0,-9987.0,48.44465613365173
-9851.0,-6487.0,-8722.0,48.47962403297424
-9828.0,-8549.0,-6518.0,48.57493495941162
-9983.0,-6887.0,-8545.0,48.614063024520874
-7342.0,-7205.0,-10004.0,48.64569091796875
-7617.0,-9329.0,-7904.0,48.686455965042114
-9928.0,-8315.0,-6809.0,48.823405027389526
-7172.0,-7339.0,-9947.0,48.900002002716064
-7653.0,-9316.0,-7813.0,48.977806091308594
-6914.0,-7726.0,-9887.0,49.008854150772095
-9937.0,-7030.0,-8458.0,49.05021095275879
-9787.0,-7053.0,-8752.0,49.12144899368286
-9905.0,-8242.0,-6838.0,49.184288024902344
-10032.0,-6768.0,-8621.0,49.326924085617065
-7031.0,-7899.0,-9767.0,49.44157910346985
-7171.0,-7392.0,-9933.0,49.58558011054993
-7030.0,-9075.0,-8569.0,49.65188908576965
-9990.0,-6817.0,-8607.0,49.72169303894043
-8055.0,-6579.0,-10055.0,49.77342510223389
-9725.0,-6366.0,-8874.0,49.81628203392029
-8226.0,-9398.0,-7403.0,49.8498260974884
-9877.0,-8240.0,-6997.0,49.88573694229126
-9821.0,-8619.0,-6456.0,49.920143127441406
-8351.0,-6154.0,-10048.0,50.0223069190979
-7351.0,-7196.0,-10000.0,50.155580043792725
-7204.0,-7369.0,-9922.0,50.192331075668335
-8116.0,-9307.0,-7499.0,50.283239126205444
-8650.0,-5959.0,-10040.0,50.36033892631531
-9757.0,-6196.0,-8989.0,50.430602073669434
-9752.0,-6422.0,-8754.0,50.552693128585815
-7911.0,-9294.0,-7869.0,50.59928798675537
-9720.0,-6426.0,-8952.0,50.64235210418701
-7466.0,-7172.0,-9976.0,50.75889301300049
-9713.0,-6496.0,-8890.0,50.92430806159973
-7659.0,-9280.0,-7918.0,51.00518202781677
-9744.0,-6169.0,-9202.0,51.03539991378784
-8231.0,-6298.0,-10090.0,51.07330894470215
-7945.0,-9299.0,-7675.0,51.11251711845398
-7337.0,-9188.0,-8349.0,51.30672097206116
-9873.0,-8249.0,-6977.0,51.37481212615967
-6907.0,-7796.0,-9825.0,51.411163091659546
-8823.0,-5603.0,-9982.0,51.48302412033081
-7373.0,-7280.0,-9936.0,51.76510214805603
-7675.0,-7375.0,-9902.0,51.86346197128296
-7505.0,-9271.0,-8051.0,51.90043592453003
-6989.0,-7948.0,-9753.0,51.931045055389404
-9106.0,-9131.0,-5930.0,51.99993395805359
-9872.0,-8302.0,-6963.0,52.036142110824585
-6956.0,-9077.0,-8553.0,52.107470989227295
-9467.0,-5848.0,-9485.0,52.13995409011841
-9780.0,-8513.0,-6605.0,52.171756982803345
-9920.0,-8138.0,-7025.0,52.211386919021606
-7567.0,-9230.0,-8018.0,52.35679292678833
-7002.0,-8997.0,-8880.0,52.498810052871704
-7155.0,-7471.0,-9875.0,52.54606604576111
-7344.0,-9118.0,-8411.0,52.579472064971924
-7459.0,-7242.0,-9914.0,52.716745138168335
-9878.0,-8187.0,-7011.0,52.792020082473755
-6653.0,-7951.0,-9739.0,52.86008810997009
-7342.0,-7391.0,-9885.0,52.943300008773804
-7648.0,-9295.0,-7825.0,52.97365593910217
-7190.0,-7645.0,-9872.0,53.0241219997406
-6508.0,-7994.0,-9705.0,53.05921006202698
-9168.0,-9091.0,-5973.0,53.128865003585815
-9959.0,-7071.0,-8302.0,53.33120894432068
-9737.0,-6239.0,-9140.0,53.361594915390015
-7984.0,-6693.0,-10003.0,53.41476798057556
-8230.0,-6351.0,-10076.0,53.49180006980896
-9856.0,-8159.0,-7050.0,53.642385959625244
-8188.0,-6400.0,-10062.0,53.68708610534668
-7152.0,-9059.0,-8418.0,53.772680044174194
-7032.0,-7846.0,-9781.0,53.81097602844238
-8446.0,-9305.0,-7094.0,53.88062500953674
-9952.0,-7871.0,-7496.0,54.06099200248718
-7323.0,-9037.0,-8589.0,54.13430595397949
-8777.0,-5607.0,-9976.0,54.197673082351685
-9689.0,-6506.0,-8770.0,54.290141105651855
-8364.0,-6074.0,-10017.0,54.326164960861206
-8654.0,-5692.0,-9968.0,54.36064696311951
-7299.0,-7493.0,-9857.0,54.441848039627075
-8783.0,-5735.0,-9967.0,54.475072145462036
-8308.0,-6256.0,-10020.0,54.51447105407715
-9685.0,-6919.0,-8878.0,54.60831594467163
-9844.0,-8415.0,-6892.0,54.64305591583252
-9850.0,-8185.0,-7117.0,54.682636976242065
-8142.0,-6401.0,-10026.0,54.729783058166504
-8181.0,-6470.0,-10000.0,54.82000803947449
-7074.0,-7797.0,-9795.0,54.89828896522522
-9895.0,-7079.0,-8444.0,54.939454078674316
-8607.0,-6061.0,-10012.0,54.9838809967041
-8438.0,-6150.0,-9998.0,55.2004771232605
-7659.0,-9222.0,-7945.0,55.30941891670227
-8019.0,-9297.0,-7691.0,55.34771513938904
-9754.0,-8463.0,-6982.0,55.38059997558594
-7652.0,-9292.0,-7883.0,55.58420395851135
-9773.0,-8583.0,-6543.0,55.615073919296265
-9958.0,-7124.0,-8288.0,55.650493144989014
-7513.0,-7191.0,-9904.0,55.78962993621826
-9832.0,-8206.0,-7007.0,55.86985206604004
-9690.0,-6358.0,-9123.0,55.90508413314819
-8817.0,-5475.0,-9991.0,56.151023149490356
-9951.0,-7924.0,-7482.0,56.203871965408325
-8481.0,-6048.0,-10026.0,56.24861407279968
-8301.0,-6326.0,-9958.0,56.34078097343445
-9831.0,-8211.0,-7057.0,56.388181924819946
-9730.0,-8472.0,-6692.0,56.423470973968506
-8341.0,-6194.0,-9973.0,56.464158058166504
-8528.0,-9300.0,-6905.0,56.58223605155945
-9947.0,-7181.0,-8291.0,56.62092304229736
-9822.0,-7061.0,-8503.0,56.6675980091095
-7004.0,-7713.0,-9814.0,56.749778032302856
-7473.0,-9233.0,-8194.0,56.825916051864624
-7801.0,-9203.0,-7965.0,56.86938214302063
-7005.0,-7660.0,-9828.0,56.90713405609131
-9691.0,-8539.0,-7147.0,56.945456981658936
-9705.0,-8548.0,-6575.0,56.98730802536011
-9894.0,-7132.0,-8430.0,57.09770607948303
-9959.0,-7583.0,-8061.0,57.19826698303223
-7547.0,-9222.0,-8065.0,57.290831089019775
-9669.0,-8713.0,-6898.0,57.41720414161682
-9808.0,-8234.0,-7103.0,57.4636709690094
-7411.0,-9191.0,-8283.0,57.65168809890747
-9925.0,-7864.0,-7605.0,57.724600076675415
-7044.0,-8948.0,-8894.0,57.764222145080566
-7585.0,-9192.0,-8115.0,57.83479404449463
-7519.0,-9194.0,-8105.0,57.98288297653198
-9969.0,-7942.0,-7413.0,58.03230094909668
-8100.0,-9243.0,-7888.0,58.071372985839844
-9753.0,-8584.0,-6488.0,58.10949206352234
-8215.0,-6364.0,-9980.0,58.21962094306946
-9838.0,-8141.0,-7119.0,58.273311138153076
-9731.0,-8632.0,-6529.0,58.311789989471436
-8145.0,-6566.0,-9982.0,58.47724008560181
-9831.0,-8175.0,-7391.0,58.528908014297485
-8346.0,-6215.0,-9961.0,58.57548403739929
-9835.0,-8289.0,-6983.0,58.62051296234131
-9830.0,-8351.0,-6949.0,58.945022106170654
-8277.0,-9415.0,-7305.0,59.204493045806885
-9803.0,-8241.0,-7070.0,59.294450998306274
-6962.0,-7762.0,-9800.0,59.330568075180054
-8224.0,-6484.0,-9962.0,59.375828981399536
-9801.0,-8304.0,-7041.0,59.422086000442505
-7045.0,-8895.0,-8908.0,59.46703791618347
-8410.0,-6186.0,-9957.0,59.514464139938354
-9926.0,-8030.0,-7430.0,59.556666135787964
-8480.0,-9264.0,-6992.0,59.62693905830383
-7609.0,-9181.0,-8032.0,59.71019911766052
-9647.0,-6460.0,-9095.0,60.015636920928955
-8316.0,-6360.0,-9955.0,60.05750298500061
-7954.0,-7649.0,-9821.0,60.14182710647583
-9923.0,-7954.0,-7495.0,60.24701499938965
-9672.0,-8588.0,-6557.0,60.28859496116638
-7068.0,-7669.0,-9804.0,60.41926097869873
-6626.0,-8880.0,-8958.0,60.463149070739746
-9425.0,-5897.0,-9471.0,60.54606604576111
-9902.0,-7869.0,-7541.0,60.69222092628479
-8431.0,-6220.0,-9936.0,60.73668098449707
-8376.0,-9352.0,-7239.0,60.77215504646301
-9648.0,-6407.0,-9109.0,60.902307987213135
-9852.0,-7181.0,-8416.0,61.02452898025513
-8703.0,-5863.0,-9958.0,61.06129693984985
-8381.0,-6252.0,-9926.0,61.186336040496826
-9883.0,-7913.0,-7591.0,61.25268602371216
-7758.0,-9132.0,-7983.0,61.69394493103027
-8174.0,-9296.0,-7556.0,61.86718702316284
-7671.0,-7458.0,-9837.0,62.03634715080261
-9936.0,-7398.0,-8118.0,62.08293104171753
-8600.0,-6131.0,-9950.0,62.11940002441406
-9765.0,-8246.0,-7155.0,62.28354501724243
-7037.0,-7690.0,-9803.0,62.31845498085022
-9769.0,-8183.0,-7214.0,62.36688494682312
-7561.0,-9145.0,-8119.0,62.41142010688782
-8259.0,-6375.0,-9944.0,62.47900199890137
-6516.0,-8750.0,-9104.0,62.522701025009155
-9640.0,-6951.0,-9052.0,62.57018303871155
-9711.0,-8633.0,-6474.0,62.604143142700195
-7645.0,-9129.0,-8158.0,62.84918403625488
-8533.0,-9238.0,-6939.0,62.985037088394165
-9760.0,-8343.0,-7042.0,63.27896595001221
-9789.0,-8260.0,-7043.0,63.320143938064575
-8389.0,-6269.0,-9922.0,63.364185094833374
-8274.0,-6409.0,-9941.0,63.40783095359802
-9845.0,-7251.0,-8354.0,63.575989961624146
-8865.0,-5550.0,-9940.0,63.64647197723389
-9828.0,-8359.0,-6921.0,63.678098917007446
-9858.0,-7445.0,-8073.0,63.86580991744995
-9762.0,-8253.0,-7152.0,63.91693902015686
-8182.0,-6533.0,-9948.0,63.96378803253174
-9362.0,-5929.0,-9329.0,64.00569891929626
-9909.0,-7973.0,-7468.0,64.11795997619629
-9823.0,-8421.0,-6887.0,64.26009106636047
-7408.0,-9020.0,-8698.0,64.29931712150574
-8483.0,-6280.0,-9921.0,64.47051405906677
-9761.0,-8290.0,-7056.0,64.51532912254333
-8980.0,-5467.0,-9811.0,64.71801805496216
-9847.0,-7624.0,-8140.0,64.76673793792725
-9902.0,-8043.0,-7406.0,64.89595413208008
-9461.0,-5720.0,-9494.0,64.9601800441742
-9882.0,-7966.0,-7577.0,65.00286507606506
-8535.0,-9230.0,-6967.0,65.14442491531372
-8103.0,-6615.0,-9968.0,65.18247413635254
-6883.0,-8812.0,-8971.0,65.22135710716248
-8558.0,-6180.0,-9936.0,65.27151393890381
-8338.0,-6354.0,-9898.0,65.33613014221191
-9617.0,-6209.0,-9202.0,65.41730999946594
-9333.0,-6815.0,-9334.0,65.50458693504333
-9733.0,-8269.0,-7073.0,65.5535659790039
-7087.0,-8846.0,-8922.0,65.62431812286377
-8453.0,-9235.0,-7156.0,65.66304206848145
-7351.0,-9078.0,-8391.0,65.69879293441772
-8689.0,-9213.0,-7000.0,65.74181008338928
-9724.0,-8197.0,-7214.0,65.89909410476685
-7719.0,-9127.0,-8174.0,65.98132801055908
-9881.0,-8003.0,-7481.0,66.04264807701111
-9660.0,-6107.0,-9230.0,66.08242893218994
-9342.0,-5637.0,-9570.0,66.1185040473938
-8383.0,-9282.0,-7301.0,66.15565514564514
-8227.0,-6582.0,-9940.0,66.25104808807373
-8148.0,-9279.0,-7801.0,66.28628206253052
-8002.0,-7685.0,-9734.0,66.34869813919067
-9380.0,-5653.0,-9501.0,66.38679099082947
-9329.0,-5990.0,-9435.0,66.42493891716003
-9844.0,-7868.0,-7674.0,66.48257493972778
-8817.0,-5662.0,-9899.0,66.64454293251038
-8273.0,-6462.0,-9927.0,66.69834399223328
-7358.0,-9045.0,-8340.0,66.73888492584229
-9299.0,-5739.0,-9542.0,66.78126811981201
-9874.0,-8073.0,-7419.0,66.8271689414978
-8741.0,-5784.0,-9953.0,67.05630207061768
-6568.0,-8781.0,-9044.0,67.0986180305481
-9863.0,-8102.0,-7313.0,67.1581859588623
-8296.0,-9311.0,-7362.0,67.23412013053894
-9833.0,-8085.0,-7501.0,67.2939441204071
-9722.0,-8348.0,-7127.0,67.41703510284424
-7463.0,-9037.0,-8312.0,67.5141921043396
-8581.0,-9210.0,-7178.0,67.55667614936829
-6809.0,-8814.0,-8955.0,67.59848403930664
-8851.0,-5636.0,-9835.0,67.75273704528809
-9145.0,-5905.0,-9726.0,67.78838610649109
-9716.0,-8202.0,-7325.0,67.83852910995483
-8314.0,-6369.0,-9907.0,67.95553803443909
-7723.0,-9124.0,-8232.0,67.99589014053345
-6890.0,-8742.0,-9033.0,68.08150100708008
-9261.0,-9040.0,-6168.0,68.11861205101013
-8181.0,-6586.0,-9934.0,68.1765239238739
-7653.0,-9059.0,-8266.0,68.22117805480957
-9218.0,-5871.0,-9583.0,68.26324796676636
-8440.0,-6382.0,-9893.0,68.50143599510193
-9714.0,-8217.0,-7239.0,68.60111713409424
-8139.0,-6635.0,-9920.0,68.66297698020935
-9618.0,-6156.0,-9216.0,69.09016609191895
-9822.0,-7399.0,-8196.0,69.2017891407013
-6520.0,-8745.0,-9131.0,69.24167013168335
-9835.0,-7877.0,-7678.0,69.35079407691956
-8868.0,-5571.0,-9808.0,69.39444708824158
-9575.0,-6258.0,-9188.0,69.4390549659729
-9817.0,-7123.0,-8469.0,69.49273109436035
-8969.0,-6231.0,-9771.0,69.58011507987976
-9840.0,-8015.0,-7563.0,69.72403907775879
-8513.0,-6542.0,-9881.0,69.79041314125061
-8183.0,-9287.0,-7552.0,69.91407799720764
-8102.0,-6668.0,-9954.0,69.96325206756592
-9691.0,-8243.0,-7221.0,70.0799880027771
-9834.0,-7930.0,-7664.0,70.12994909286499
-7085.0,-7726.0,-9716.0,70.18716096878052
-9719.0,-8177.0,-7542.0,70.24340796470642
-7443.0,-9028.0,-8449.0,70.28695106506348
-9817.0,-7419.0,-8395.0,70.42530703544617
-8687.0,-5942.0,-9900.0,70.66097807884216
-8781.0,-9205.0,-6927.0,70.84539198875427
-8248.0,-9275.0,-7449.0,70.9290509223938
-9718.0,-8392.0,-7028.0,70.9718189239502
-8778.0,-5796.0,-9880.0,71.12580108642578
-7230.0,-7705.0,-9703.0,71.313068151474
-8809.0,-5685.0,-9821.0,71.36226511001587
-8231.0,-6511.0,-9913.0,71.43493413925171
-9568.0,-6328.0,-9126.0,71.48404693603516
-9488.0,-6262.0,-9238.0,71.66297602653503
-8878.0,-9187.0,-6618.0,71.70376110076904
-8267.0,-6640.0,-9893.0,71.771409034729
-8773.0,-5775.0,-9892.0,71.85016703605652
-9782.0,-7411.0,-8644.0,71.96920108795166
-9720.0,-8302.0,-7138.0,72.01586413383484
-8731.0,-5824.0,-9878.0,72.11975193023682
-9530.0,-6213.0,-9252.0,72.1995689868927
-9487.0,-6315.0,-9224.0,72.29393196105957
-6683.0,-8725.0,-9149.0,72.39783596992493
-8291.0,-9290.0,-7374.0,72.43457412719727
-9255.0,-6643.0,-9526.0,72.51884293556213
-8417.0,-9220.0,-7317.0,72.69201993942261
-9838.0,-7927.0,-7591.0,72.96507096290588
-8211.0,-6661.0,-9882.0,73.18467092514038
-8808.0,-5738.0,-9807.0,73.23706698417664
-9682.0,-8252.0,-7171.0,73.28653407096863
-9820.0,-7923.0,-7940.0,73.51264810562134
-8702.0,-6061.0,-9887.0,73.56625509262085
-7229.0,-7758.0,-9689.0,73.62604093551636
-8825.0,-5673.0,-9780.0,73.6747100353241
-9681.0,-8257.0,-7221.0,73.72887897491455
-8047.0,-9097.0,-7945.0,73.7750871181488
-9809.0,-7522.0,-8230.0,73.8839659690857
-9328.0,-6188.0,-9364.0,73.97228407859802
-9672.0,-8266.0,-7225.0,74.02030897140503
-8736.0,-5845.0,-9866.0,74.08502697944641
-7742.0,-7172.0,-9842.0,74.18302798271179
-9682.0,-8246.0,-7200.0,74.28417015075684
-8051.0,-9094.0,-8003.0,74.56032013893127
-9018.0,-5483.0,-9742.0,74.59727501869202
-9801.0,-7970.0,-7646.0,74.65644001960754
-8098.0,-6729.0,-9879.0,74.78098893165588
-9706.0,-8427.0,-7069.0,74.82284212112427
-8338.0,-9262.0,-7376.0,74.86273002624512
-8178.0,-6701.0,-9864.0,75.06465101242065
-8243.0,-9254.0,-7461.0,75.10500001907349
-9670.0,-8345.0,-7238.0,75.20348596572876
-8696.0,-5933.0,-9896.0,75.40825605392456
-9691.0,-8217.0,-7296.0,75.62030005455017
-8735.0,-5978.0,-9813.0,76.00980710983276
-8333.0,-9241.0,-7388.0,76.04570293426514
-7551.0,-9031.0,-8271.0,76.08771705627441
-8767.0,-5834.0,-9809.0,76.14138603210449
-8216.0,-9247.0,-7570.0,76.17984700202942
-9671.0,-8224.0,-7732.0,76.22387504577637
-8959.0,-9138.0,-6666.0,76.39246392250061
-7680.0,-9013.0,-8381.0,76.60720109939575
-8132.0,-9080.0,-8054.0,76.70465397834778
-9477.0,-6355.0,-9149.0,76.75040197372437
-9364.0,-6358.0,-9258.0,77.08051609992981
-8253.0,-9240.0,-7407.0,77.16109609603882
-7844.0,-7200.0,-9837.0,77.51346397399902
-9795.0,-8029.0,-7563.0,77.5688259601593
-8290.0,-9226.0,-7463.0,77.74332809448242
-9354.0,-6539.0,-9297.0,77.78639101982117
-9322.0,-6060.0,-9373.0,77.87454795837402
-9792.0,-7979.0,-7650.0,77.92763495445251
-6725.0,-8676.0,-9163.0,77.96303701400757
-7187.0,-7807.0,-9675.0,78.02442502975464
-9670.0,-8246.0,-7280.0,78.06776905059814
-8132.0,-6705.0,-9858.0,78.11907005310059
-8447.0,-9184.0,-7588.0,78.24923610687256
-9467.0,-7307.0,-9110.0,78.29158306121826
-9449.0,-6385.0,-9162.0,78.33401703834534
-8168.0,-6763.0,-9854.0,78.38620901107788
-9284.0,-6039.0,-9379.0,78.51048707962036
-9785.0,-8049.0,-7588.0,78.57039093971252
-9298.0,-5937.0,-9471.0,78.66059994697571
-7180.0,-7877.0,-9613.0,78.84818196296692
-9260.0,-6019.0,-9390.0,78.92930698394775
-8078.0,-7241.0,-9829.0,79.26556396484375
-8285.0,-9205.0,-7475.0,79.30220198631287
-8885.0,-9135.0,-6732.0,79.4152569770813
-6955.0,-8635.0,-9221.0,79.45021295547485
-8617.0,-6212.0,-9845.0,79.61514091491699
-9668.0,-8254.0,-7252.0,79.74582409858704
-9605.0,-6509.0,-9081.0,79.7819881439209
-9438.0,-6434.0,-9148.0,79.94136500358582
-9445.0,-6364.0,-9210.0,79.9796199798584
-8660.0,-6110.0,-9873.0,80.07128596305847
-9521.0,-6447.0,-9109.0,80.20183300971985
-9284.0,-8937.0,-6852.0,80.3695719242096
-9714.0,-8039.0,-7657.0,80.42581701278687
-9762.0,-8075.0,-7570.0,80.47826814651489
-9766.0,-7962.0,-7895.0,80.65922999382019
-9804.0,-7880.0,-8122.0,80.70809292793274
-7726.0,-9057.0,-8236.0,80.7551679611206
-9628.0,-8326.0,-7704.0,80.80201411247253
-8659.0,-6163.0,-9859.0,80.84829998016357
-9646.0,-8249.0,-7470.0,80.89884495735168
-8533.0,-9174.0,-7265.0,81.01535201072693
-7807.0,-9013.0,-8059.0,81.17613196372986
-8190.0,-9217.0,-7614.0,81.20920896530151
-9266.0,-8978.0,-6202.0,81.35419797897339
-9267.0,-5949.0,-9452.0,81.3910801410675
-8139.0,-9010.0,-8116.0,81.54349994659424
-8641.0,-9177.0,-7087.0,81.57808995246887
-9706.0,-7445.0,-8248.0,81.6216070652008
-8470.0,-6644.0,-9853.0,81.7323260307312
-8532.0,-6804.0,-9808.0,81.79094505310059
-9256.0,-5986.0,-9457.0,81.83133506774902
-8138.0,-6833.0,-9849.0,81.91678404808044
-8261.0,-6845.0,-9846.0,82.05373191833496
-9300.0,-6169.0,-9366.0,82.10346293449402
-9228.0,-8960.0,-6764.0,82.15262508392334
-9479.0,-6496.0,-9095.0,82.34259009361267
-7787.0,-7334.0,-9823.0,82.40913510322571
-8988.0,-9183.0,-6574.0,82.48642611503601
-9804.0,-7584.0,-8196.0,82.65123200416565
-9643.0,-8503.0,-7234.0,82.73890805244446
-9696.0,-7581.0,-8374.0,82.78893399238586
-7100.0,-8810.0,-8737.0,82.83681297302246
-9727.0,-7967.0,-7712.0,82.96854305267334
-9478.0,-6549.0,-9081.0,83.04902505874634
-7393.0,-7747.0,-9675.0,83.1642861366272
-9398.0,-6483.0,-9193.0,83.20263814926147
-9418.0,-6531.0,-9155.0,83.24737000465393
-6932.0,-8693.0,-9047.0,83.33026504516602
-9007.0,-9174.0,-6579.0,83.36321711540222
-8220.0,-6652.0,-9878.0,83.46362900733948
-8643.0,-6242.0,-9801.0,83.5524001121521
-7516.0,-7946.0,-9600.0,83.60515713691711
-9705.0,-7498.0,-8234.0,83.65514612197876
-8845.0,-9107.0,-7214.0,83.76907896995544
-7736.0,-8990.0,-8469.0,83.88475704193115
-9599.0,-8760.0,-7043.0,83.9795069694519
-8232.0,-9168.0,-7628.0,84.02406406402588
-7328.0,-8803.0,-8708.0,84.07383394241333
-8177.0,-6754.0,-9850.0,84.12163400650024
-9685.0,-8016.0,-7698.0,84.19008994102478
-9169.0,-8970.0,-6467.0,84.57176303863525
-7209.0,-8797.0,-8736.0,84.89648509025574
-6853.0,-8607.0,-9226.0,84.93083095550537
-9649.0,-8588.0,-7133.0,85.0650749206543
-8184.0,-9132.0,-7715.0,85.11008596420288
-9678.0,-8086.0,-7636.0,85.15953302383423
-9158.0,-9007.0,-6909.0,85.20112991333008
-6529.0,-8585.0,-9303.0,85.23937892913818
-9696.0,-8077.0,-7560.0,85.28301811218262
-7768.0,-9008.0,-8250.0,85.42470407485962
-8546.0,-6522.0,-9799.0,85.54587197303772
-9695.0,-8130.0,-7546.0,85.58963012695312
-8692.0,-6080.0,-9785.0,85.73388409614563
-6945.0,-8386.0,-9330.0,85.97403001785278
-9670.0,-7156.0,-8797.0,86.05604100227356
-7268.0,-7803.0,-9606.0,86.13086009025574
-7211.0,-8782.0,-8742.0,86.21682691574097
-6923.0,-8342.0,-9394.0,86.26108813285828
-8459.0,-9171.0,-7331.0,86.33644795417786
-6620.0,-8351.0,-9378.0,86.42989802360535
-7150.0,-8770.0,-8757.0,86.53730297088623
-8601.0,-6291.0,-9787.0,86.63266706466675
-9782.0,-7115.0,-8718.0,86.66826605796814
-8670.0,-6426.0,-9779.0,86.87343502044678
-8731.0,-9164.0,-7014.0,86.9511649608612
-9600.0,-8392.0,-7383.0,86.9965751171112
-8775.0,-9154.0,-7359.0,87.07972598075867
-7941.0,-8110.0,-9548.0,87.17142605781555
-6847.0,-8666.0,-9143.0,87.40633797645569
-9708.0,-7964.0,-8019.0,87.56351613998413
-9286.0,-6237.0,-9350.0,87.60068392753601
-9692.0,-7625.0,-8275.0,87.69440913200378
-6845.0,-8544.0,-9317.0,87.92250514030457
-8489.0,-7060.0,-9790.0,87.99230313301086
-7478.0,-8758.0,-8765.0,88.15102100372314
-6891.0,-8733.0,-8934.0,88.19799613952637
-8233.0,-9115.0,-7642.0,88.2359869480133
-7000.0,-8709.0,-8926.0,88.28379511833191
-7450.0,-8958.0,-8511.0,88.36009407043457
-7002.0,-8701.0,-8954.0,88.6551570892334
-9557.0,-8775.0,-6698.0,88.72600793838501
-7218.0,-8712.0,-8804.0,88.87168192863464
-7771.0,-8998.0,-8220.0,89.2362470626831
-8454.0,-9114.0,-7650.0,89.31921100616455
-9258.0,-6218.0,-9352.0,89.36928009986877
-8008.0,-8983.0,-8152.0,89.42183899879456
-9665.0,-8220.0,-8001.0,89.5293779373169
-8191.0,-9094.0,-7726.0,89.822016954422
-9648.0,-8641.0,-7119.0,89.8526599407196
-9678.0,-7759.0,-8274.0,89.90865302085876
-9001.0,-9089.0,-6680.0,90.02127814292908
-9406.0,-6641.0,-9144.0,90.1933491230011
-8989.0,-9062.0,-7068.0,90.2356550693512
-9550.0,-8845.0,-6636.0,90.26785802841187
-8330.0,-9075.0,-7721.0,90.46752405166626
-6863.0,-8567.0,-9301.0,90.50630903244019
-9397.0,-6807.0,-9192.0,90.58537602424622
-7006.0,-8696.0,-8981.0,90.74892902374268
-7695.0,-9010.0,-8280.0,90.83296513557434
-7277.0,-7794.0,-9602.0,91.05124807357788
-7492.0,-8909.0,-8525.0,91.21217513084412
-9049.0,-9125.0,-6593.0,91.36933207511902
-9465.0,-8783.0,-6771.0,91.40571308135986
-7960.0,-8947.0,-8239.0,91.51937198638916
-8185.0,-9079.0,-7729.0,91.61308813095093
-8610.0,-6282.0,-9783.0,91.66287302970886
-7166.0,-8691.0,-8815.0,91.73600506782532
-8404.0,-9073.0,-7737.0,91.77047300338745
-9634.0,-7010.0,-8969.0,91.83020997047424
-9326.0,-8888.0,-6866.0,91.91682505607605
-7639.0,-8907.0,-8530.0,91.99425196647644
-8460.0,-9050.0,-7825.0,92.03222107887268
-9662.0,-7420.0,-8530.0,92.15821409225464
-9656.0,-7479.0,-8447.0,92.26554298400879
-7547.0,-8680.0,-8819.0,92.3340699672699
-9558.0,-8441.0,-7369.0,92.527508020401
-7681.0,-8858.0,-8544.0,92.62115693092346
-7178.0,-8671.0,-8835.0,92.79554414749146
-9508.0,-8894.0,-6622.0,92.8719789981842
-8466.0,-9101.0,-7393.0,92.94421410560608
-7015.0,-8121.0,-9498.0,93.03045797348022
-6867.0,-8135.0,-9478.0,93.15794897079468
-6972.0,-8223.0,-9470.0,93.25592398643494
-7415.0,-8816.0,-8693.0,93.319669008255
-9627.0,-7412.0,-8779.0,93.41093802452087
-7118.0,-8655.0,-8902.0,93.52540397644043
-8782.0,-9084.0,-7421.0,93.61407995223999
-7535.0,-8807.0,-8553.0,93.68136096000671
-9621.0,-8677.0,-6985.0,93.71536707878113
-7682.0,-8805.0,-8558.0,94.07126092910767
-7475.0,-7690.0,-9620.0,94.14151310920715
-8463.0,-9087.0,-7409.0,94.22093391418457
-7506.0,-8799.0,-8567.0,94.28998708724976
-9109.0,-9092.0,-6502.0,94.32319593429565
-7474.0,-7743.0,-9606.0,94.47080397605896
-7351.0,-8118.0,-9512.0,94.519366979599
-6933.0,-8640.0,-9061.0,94.5531849861145
-6989.0,-8640.0,-9027.0,94.66774010658264
-7044.0,-8652.0,-8968.0,94.74655508995056
-9101.0,-9021.0,-6989.0,94.78095197677612
-9519.0,-7409.0,-8957.0,94.87963008880615
-7769.0,-8955.0,-8264.0,94.92651200294495
-7513.0,-8763.0,-8617.0,94.99822807312012
-7160.0,-8648.0,-8851.0,95.13842105865479
-9474.0,-8343.0,-7635.0,95.20412802696228
-9009.0,-9042.0,-6596.0,95.39272999763489
-9643.0,-7751.0,-8523.0,95.70572113990784
-9557.0,-8494.0,-7355.0,95.77236199378967
-9601.0,-8552.0,-7220.0,95.80583000183105
-7778.0,-8928.0,-8282.0,95.85595893859863
-8800.0,-6320.0,-9757.0,95.996572971344
-8496.0,-9065.0,-7664.0,96.04375410079956
-9654.0,-7630.0,-8360.0,96.15828514099121
-9347.0,-6609.0,-9235.0,96.1910309791565
-7218.0,-8637.0,-8908.0,96.28686213493347
-8148.0,-8983.0,-7875.0,96.40329504013062
-9606.0,-8690.0,-7105.0,96.43346309661865
-9444.0,-8434.0,-7816.0,96.60112309455872
-9357.0,-8780.0,-6949.0,96.64452815055847
-9644.0,-7479.0,-8527.0,96.68940591812134
-7053.0,-8646.0,-8934.0,96.73263812065125
-8467.0,-8980.0,-7887.0,96.77938795089722
-8577.0,-6534.0,-9739.0,96.8432719707489
-7820.0,-8879.0,-8296.0,96.93413209915161
-7811.0,-8906.0,-8278.0,97.00024509429932
-7063.0,-8638.0,-9043.0,97.11282300949097
-7542.0,-8659.0,-8831.0,97.21593594551086
-7301.0,-8290.0,-9422.0,97.38471293449402
-7967.0,-8877.0,-8301.0,97.54049491882324
-7007.0,-8639.0,-8988.0,97.58043503761292
-7283.0,-8605.0,-8992.0,97.88987302780151
-7818.0,-8836.0,-8340.0,98.04822611808777
-9585.0,-7903.0,-8153.0,98.0915310382843
-7175.0,-8636.0,-8914.0,98.28562593460083
-8997.0,-9023.0,-6746.0,98.38085007667542
-9600.0,-8605.0,-7206.0,98.44472813606262
-7097.0,-8630.0,-8922.0,98.50419402122498
-7989.0,-8146.0,-9461.0,98.55742001533508
-8732.0,-9043.0,-7508.0,98.59474492073059
-9103.0,-5954.0,-9712.0,98.91819596290588
-8644.0,-6763.0,-9729.0,99.06419205665588
-9515.0,-8543.0,-7341.0,99.37891006469727
-8181.0,-8961.0,-8130.0,99.59232711791992
-9580.0,-7923.0,-8352.0,99.67979097366333
-9665.0,-7924.0,-8075.0,99.72640800476074
-6961.0,-8610.0,-9048.0,99.75924110412598
-7586.0,-8761.0,-8587.0,99.8091390132904
-8334.0,-7222.0,-9762.0,99.84185194969177
-8167.0,-8810.0,-8370.0,99.91454291343689
-8920.0,-6350.0,-9695.0,99.96154594421387
-7008.0,-8606.0,-9091.0,99.99554395675659
-7344.0,-8188.0,-9450.0,100.12671399116516
-7227.0,-8628.0,-8904.0,100.19049096107483
-7261.0,-8610.0,-8832.0,100.4806170463562
-9643.0,-7455.0,-8597.0,100.57933902740479
-9102.0,-6007.0,-9698.0,100.61190700531006
-7993.0,-7845.0,-9562.0,100.67790198326111
-8340.0,-7350.0,-9753.0,100.84316897392273
-9558.0,-8654.0,-7192.0,100.87058901786804
-7520.0,-8722.0,-8621.0,100.93201899528503
-6965.0,-8293.0,-9408.0,100.96516394615173
-8793.0,-6390.0,-9695.0,101.0058479309082
-9363.0,-8569.0,-7376.0,101.05404305458069
-7555.0,-8714.0,-8631.0,101.26475310325623
-7772.0,-8792.0,-8485.0,101.32360100746155
-9376.0,-8435.0,-7613.0,101.37661814689636
-7681.0,-8859.0,-8520.0,101.47480607032776
-9508.0,-8613.0,-7279.0,101.54061603546143
-8287.0,-8939.0,-7922.0,101.68802809715271
-7105.0,-8589.0,-9057.0,101.72699904441833
-9271.0,-8790.0,-7272.0,101.76471400260925
-9334.0,-8484.0,-7599.0,101.8798439502716
-9553.0,-7965.0,-8154.0,102.0092511177063
-8009.0,-8828.0,-8315.0,102.24073100090027
-8015.0,-8913.0,-8214.0,102.40507006645203
-7012.0,-8223.0,-9436.0,102.45267105102539
-9241.0,-8826.0,-7001.0,102.48982214927673
-7015.0,-8536.0,-9153.0,102.53863596916199
-8497.0,-9012.0,-7678.0,102.57446002960205
-8684.0,-9007.0,-7595.0,102.61314511299133
-9593.0,-7462.0,-8625.0,102.65191602706909
-8976.0,-5994.0,-9712.0,102.68849301338196
-8663.0,-6496.0,-9717.0,102.79520511627197
-7441.0,-8586.0,-9071.0,102.83172512054443
-9060.0,-6056.0,-9684.0,102.92048192024231
-8919.0,-6403.0,-9681.0,102.99342513084412
-9532.0,-7520.0,-8606.0,103.03961610794067
-7475.0,-8591.0,-8877.0,103.14816904067993
-7992.0,-8784.0,-8405.0,103.28017902374268
-9542.0,-8005.0,-8125.0,103.35454297065735
-9551.0,-8724.0,-7130.0,103.38409304618835
-8182.0,-8908.0,-8144.0,103.43740701675415
-7628.0,-8712.0,-8601.0,103.50645995140076
-8239.0,-8903.0,-8009.0,103.5601909160614
-7724.0,-8756.0,-8572.0,103.61891794204712
-8751.0,-6439.0,-9681.0,103.78490400314331
-7730.0,-8841.0,-8471.0,103.90301513671875
-7027.0,-8548.0,-9086.0,103.93995904922485
-9285.0,-6848.0,-9271.0,104.15413808822632
-9327.0,-8767.0,-7360.0,104.24112105369568
-8665.0,-6487.0,-9692.0,104.41936612129211
-7756.0,-8690.0,-8605.0,104.73215794563293
-7695.0,-8748.0,-8586.0,104.8711199760437
-8878.0,-6238.0,-9725.0,104.90782904624939
-9283.0,-8777.0,-7015.0,105.05537796020508
-7581.0,-8664.0,-8640.0,105.16738200187683
-8836.0,-6287.0,-9711.0,105.21250796318054
-7743.0,-8784.0,-8499.0,105.26071095466614
-7191.0,-8537.0,-9072.0,105.39449906349182
-7112.0,-8519.0,-9119.0,105.4376790523529
-9207.0,-8888.0,-6985.0,105.56905794143677
-9333.0,-8537.0,-7585.0,105.60868906974792
-8886.0,-9014.0,-7226.0,105.67760300636292
-8057.0,-8864.0,-8228.0,105.78184700012207
-7855.0,-8743.0,-8420.0,106.07137513160706
-9256.0,-6864.0,-9164.0,106.25037693977356
-9441.0,-8263.0,-8231.0,106.44422698020935
-9545.0,-7426.0,-8712.0,106.4797010421753
-7629.0,-8659.0,-8615.0,106.5592429637909
-7549.0,-8589.0,-8893.0,106.61347007751465
-9489.0,-7776.0,-8588.0,106.67001008987427
-9354.0,-8609.0,-7364.0,106.70776200294495
-6957.0,-8503.0,-9238.0,106.78713798522949
-7697.0,-8658.0,-8696.0,106.84474110603333
-7999.0,-8714.0,-8467.0,106.91264414787292
-6989.0,-8524.0,-9210.0,107.00910806655884
-9242.0,-7104.0,-9253.0,107.05621910095215
-6952.0,-8316.0,-9392.0,107.19597101211548
-9531.0,-7496.0,-8676.0,107.27846503257751
-8530.0,-9003.0,-7680.0,107.3127019405365
-8962.0,-6301.0,-9709.0,107.40445399284363
-8307.0,-8888.0,-7939.0,107.50171399116516
-7331.0,-8495.0,-9167.0,107.70599508285522
-6902.0,-8488.0,-9302.0,107.7910590171814
-8824.0,-9035.0,-7435.0,107.91241407394409
-8224.0,-8859.0,-8158.0,108.05377697944641
-7807.0,-8707.0,-8507.0,108.15061712265015
-8314.0,-8818.0,-8001.0,108.22341704368591
-9050.0,-9004.0,-7087.0,108.25905704498291
-7039.0,-8296.0,-9342.0,108.3476390838623
-8509.0,-8931.0,-7901.0,108.54304099082947
-7122.0,-8314.0,-9340.0,108.59123110771179
-8058.0,-8811.0,-8242.0,108.72648501396179
-9200.0,-8958.0,-6923.0,108.75707912445068
-9159.0,-8852.0,-7072.0,108.87249803543091
-9306.0,-8573.0,-7451.0,108.9112639427185
-6903.0,-8435.0,-9316.0,109.13524508476257
-9002.0,-8968.0,-7174.0,109.29191398620605
-7031.0,-8475.0,-9224.0,109.37175798416138
-8539.0,-8963.0,-7692.0,109.41242694854736
-9515.0,-7970.0,-8239.0,109.44969201087952
-6939.0,-8445.0,-9247.0,109.62256503105164
-7118.0,-8350.0,-9292.0,109.71255707740784
-7569.0,-8603.0,-8697.0,109.8800539970398
-7646.0,-8599.0,-8701.0,109.99010491371155
-9488.0,-7752.0,-8658.0,110.02854108810425
-8081.0,-7603.0,-9714.0,110.05861806869507
-8691.0,-8937.0,-7657.0,110.10339093208313
-9532.0,-7887.0,-8439.0,110.2225410938263
-9477.0,-7458.0,-8943.0,110.26950407028198
-7588.0,-8594.0,-8702.0,110.41124200820923
-7704.0,-8588.0,-8758.0,110.73037910461426
-9221.0,-6856.0,-9413.0,110.76456308364868
-8510.0,-8878.0,-7915.0,111.1478259563446
-7786.0,-8682.0,-8527.0,111.19805693626404
-9291.0,-8586.0,-7571.0,111.31063199043274
-8366.0,-8805.0,-8083.0,111.56568312644958
-7819.0,-8673.0,-8502.0,111.61236906051636
-8552.0,-8829.0,-7929.0,111.68352198600769
-8825.0,-8982.0,-7449.0,111.71868991851807
-7033.0,-8355.0,-9259.0,111.7706310749054
-8928.0,-8965.0,-7240.0,111.87949109077454
-7058.0,-8434.0,-9181.0,111.92463302612305
-8517.0,-6826.0,-9779.0,112.02164101600647
-9284.0,-8656.0,-7509.0,112.05647706985474
-7875.0,-8650.0,-8590.0,112.12034511566162
-9380.0,-7749.0,-8836.0,112.27100205421448
-8041.0,-8665.0,-8481.0,112.34251809120178
-8867.0,-8933.0,-7463.0,112.48411893844604
-9109.0,-8811.0,-7159.0,112.51746606826782
-7814.0,-8652.0,-8514.0,112.56705212593079
-8596.0,-6796.0,-9666.0,112.61120200157166
-9152.0,-8922.0,-7010.0,112.6423511505127
-7374.0,-8393.0,-9195.0,112.75643110275269
-8553.0,-7052.0,-9648.0,112.97468113899231
-9201.0,-8285.0,-7881.0,113.19834208488464
-7738.0,-8646.0,-8614.0,113.33921813964844
-8586.0,-8844.0,-7709.0,113.39192199707031
-9286.0,-8448.0,-7686.0,113.4801709651947
-8733.0,-8888.0,-7671.0,113.52845501899719
-9321.0,-8618.0,-7362.0,113.56121492385864
-7799.0,-8588.0,-8633.0,113.78136801719666
-7640.0,-8581.0,-8784.0,114.05865406990051
-9068.0,-8845.0,-7121.0,114.14421701431274
-9067.0,-8860.0,-7145.0,114.20566391944885
-9285.0,-8501.0,-7672.0,114.36697793006897
-9445.0,-7962.0,-8332.0,114.49318099021912
-9146.0,-8373.0,-7864.0,114.59792613983154
-8783.0,-7194.0,-9592.0,114.65466809272766
-9052.0,-8872.0,-7104.0,114.69226002693176
-8121.0,-7352.0,-9680.0,114.76328301429749
-8114.0,-7387.0,-9657.0,114.84453701972961
-9110.0,-8971.0,-6996.0,114.90675210952759
-7713.0,-8579.0,-8754.0,114.95631098747253
-8264.0,-8777.0,-8088.0,115.03799295425415
-8935.0,-8895.0,-7302.0,115.10331892967224
-8384.0,-7141.0,-9634.0,115.15203714370728
-7769.0,-8556.0,-8842.0,115.21732211112976
-8318.0,-8769.0,-8170.0,115.4349639415741
-8739.0,-8973.0,-7570.0,115.51978611946106
-7870.0,-8629.0,-8602.0,115.60671210289001
-7778.0,-8567.0,-8651.0,115.71687507629395
-9201.0,-6939.0,-9297.0,115.85564398765564
-8852.0,-8756.0,-7933.0,115.96532607078552
-7591.0,-8540.0,-8907.0,116.02131009101868
-8042.0,-8612.0,-8495.0,116.13740992546082
-8455.0,-8746.0,-7990.0,116.21294403076172
-9086.0,-6732.0,-9512.0,116.25568509101868
-9129.0,-8330.0,-8282.0,116.43199610710144
-8216.0,-8741.0,-8175.0,116.50833702087402
-9040.0,-8853.0,-7254.0,116.55000305175781
-8754.0,-8960.0,-7450.0,116.58296298980713
-8940.0,-8913.0,-7183.0,116.64756393432617
-9230.0,-8684.0,-7421.0,116.68438792228699
-9403.0,-8011.0,-8318.0,116.71686697006226
-9454.0,-7802.0,-8504.0,116.74909210205078
-8196.0,-8718.0,-8229.0,116.83997392654419
-7717.0,-8561.0,-8660.0,116.93180203437805
-8593.0,-8774.0,-7771.0,117.02030396461487
-8998.0,-8902.0,-7240.0,117.2842059135437
-7729.0,-8560.0,-8771.0,117.33801507949829
-9243.0,-8550.0,-7658.0,117.37480092048645
-8173.0,-7671.0,-9634.0,117.42050909996033
-7592.0,-8487.0,-8921.0,117.47063493728638
-8110.0,-8611.0,-8576.0,117.57482504844666
-8734.0,-8835.0,-7685.0,117.69638705253601
-8781.0,-8924.0,-7584.0,117.73165893554688
-7664.0,-8347.0,-9275.0,117.86404204368591
-8210.0,-8708.0,-8398.0,117.98747396469116
-9116.0,-8464.0,-8045.0,118.21693897247314
-7877.0,-8559.0,-8664.0,118.2917070388794
-8776.0,-8786.0,-7699.0,118.48122692108154
-7484.0,-8484.0,-9099.0,118.58257102966309
-9393.0,-7860.0,-8485.0,118.67810392379761
-8421.0,-7085.0,-9628.0,118.72844409942627
-8950.0,-8866.0,-7327.0,118.76641011238098
-9350.0,-8116.0,-8467.0,118.8061170578003
-8270.0,-8716.0,-8245.0,118.94344711303711
-9015.0,-8700.0,-7410.0,118.99897909164429
-9178.0,-7112.0,-9395.0,119.35880303382874
-9050.0,-8467.0,-7735.0,119.44390511512756
-8115.0,-8668.0,-8415.0,119.51372504234314
-7592.0,-8545.0,-8871.0,119.61213994026184
-9236.0,-8620.0,-7596.0,119.70073008537292
-9009.0,-8479.0,-7817.0,119.85501909255981
-9393.0,-8227.0,-8318.0,119.9286720752716
-8804.0,-8720.0,-8020.0,119.98893594741821
-8271.0,-8740.0,-8175.0,120.13761711120605
-8885.0,-8854.0,-7389.0,120.17866897583008
-8999.0,-8797.0,-7589.0,120.26080513000488
-9213.0,-7120.0,-9146.0,120.29793214797974
-9008.0,-8738.0,-7399.0,120.44041895866394
-8377.0,-7333.0,-9613.0,120.5377471446991
-7459.0,-8179.0,-9284.0,120.59508299827576
-9118.0,-8332.0,-8062.0,120.73125696182251
-9007.0,-8569.0,-7707.0,120.9282169342041
-8782.0,-8871.0,-7598.0,121.12780094146729
-7595.0,-8203.0,-9279.0,121.19148302078247
-8924.0,-8849.0,-7572.0,121.23178505897522
-9142.0,-8375.0,-7854.0,121.34179091453552
-7500.0,-8477.0,-8951.0,121.47226905822754
-9053.0,-7015.0,-9477.0,121.59054112434387
-9338.0,-7798.0,-8822.0,121.67746901512146
-9098.0,-7298.0,-9126.0,121.7293930053711
-8351.0,-7424.0,-9599.0,121.8107271194458
-7841.0,-8519.0,-8692.0,122.02677392959595
-9328.0,-7647.0,-8989.0,122.15283513069153
-9220.0,-7820.0,-8489.0,122.20948314666748
-8425.0,-8715.0,-8110.0,122.25858998298645
-9055.0,-8605.0,-7620.0,122.3360481262207
-9009.0,-8685.0,-7413.0,122.39237999916077
-9115.0,-7828.0,-8517.0,122.6618709564209
-7555.0,-8452.0,-8937.0,122.78159713745117
-8959.0,-8857.0,-7323.0,122.87090706825256
-7603.0,-8488.0,-8850.0,123.0196521282196
-9073.0,-7193.0,-9239.0,123.07184195518494
-8992.0,-8817.0,-7341.0,123.12105011940002
-9006.0,-8514.0,-7828.0,123.30612301826477
-8126.0,-8532.0,-8634.0,123.65197706222534
-7812.0,-8454.0,-8870.0,123.71758008003235
-9048.0,-8465.0,-7842.0,124.06544399261475
-8378.0,-7187.0,-9600.0,124.18344807624817
-7539.0,-8398.0,-8952.0,124.23825907707214
-8116.0,-8414.0,-8948.0,124.29619002342224
-7543.0,-8396.0,-8986.0,124.54175806045532
-9109.0,-7960.0,-8622.0,124.94906711578369
-8078.0,-8496.0,-8721.0,125.03623914718628
-9110.0,-7807.0,-8529.0,125.15492701530457
-8380.0,-8694.0,-8149.0,125.28198099136353
-9104.0,-7468.0,-9062.0,125.4103651046753
-8278.0,-8670.0,-8237.0,125.48475193977356
-7634.0,-8438.0,-8935.0,125.64945197105408
-8956.0,-6838.0,-9534.0,125.68296504020691
-8277.0,-8646.0,-8307.0,125.95563197135925
-9267.0,-7966.0,-8473.0,126.00463604927063
-8320.0,-8621.0,-8251.0,126.07976698875427
-8963.0,-8616.0,-7800.0,126.15060114860535
-8824.0,-8822.0,-7612.0,126.22225213050842
-9406.0,-7766.0,-8591.0,126.34952402114868
-9005.0,-8567.0,-7814.0,126.43968892097473
-7504.0,-8391.0,-9177.0,126.73836898803711
-8071.0,-7643.0,-9639.0,126.76272201538086
-8507.0,-7053.0,-9612.0,126.87350010871887
-8492.0,-8653.0,-8070.0,126.97119498252869
-8702.0,-7520.0,-9512.0,127.04682493209839
-8441.0,-8636.0,-8168.0,127.19352197647095
-7919.0,-8510.0,-8678.0,127.33227396011353
-8519.0,-7265.0,-9535.0,127.36496901512146
-7616.0,-8394.0,-8956.0,127.50527596473694
-7920.0,-8515.0,-8642.0,127.6681809425354
-8956.0,-8686.0,-7738.0,127.725506067276
-9062.0,-7279.0,-9176.0,127.76469898223877
-7641.0,-8368.0,-8997.0,127.8163321018219
-8184.0,-8590.0,-8469.0,128.47645211219788
-8418.0,-8612.0,-8376.0,128.5701880455017
-7596.0,-8170.0,-9281.0,128.61403894424438
-7557.0,-8362.0,-9047.0,128.67353010177612
-8164.0,-8450.0,-8861.0,128.97850704193115
-8232.0,-8626.0,-8382.0,129.01446104049683
-8958.0,-8478.0,-7915.0,129.1061611175537
-9040.0,-7476.0,-9204.0,129.29934310913086
-8957.0,-8531.0,-7901.0,129.59318494796753
-8065.0,-7702.0,-9556.0,129.8674659729004
-8943.0,-7299.0,-9261.0,129.91179013252258
-8605.0,-8616.0,-8078.0,129.97515296936035
-9080.0,-7820.0,-8766.0,130.05237793922424
-8425.0,-7369.0,-9526.0,130.1792619228363
-8560.0,-8596.0,-8153.0,130.2384490966797
-8847.0,-8618.0,-8048.0,130.36073994636536
-9006.0,-8373.0,-8141.0,130.56942009925842
-8114.0,-7754.0,-9490.0,130.60789608955383
-8179.0,-8569.0,-8481.0,130.63979697227478
-9067.0,-8009.0,-8608.0,130.68066692352295
-8869.0,-7223.0,-9371.0,130.77129411697388
-9041.0,-7849.0,-8624.0,130.81609296798706
-8875.0,-8700.0,-7687.0,130.8585500717163
-9006.0,-7841.0,-8873.0,130.90742206573486
-8226.0,-7642.0,-9504.0,131.0504219532013
-8234.0,-8535.0,-8456.0,131.1401960849762
-8957.0,-7326.0,-9210.0,131.27495694160461
-7402.0,-8363.0,-9182.0,131.30021595954895
-9081.0,-8160.0,-8368.0,131.42312002182007
-8915.0,-8580.0,-7887.0,131.47860193252563
-8054.0,-8359.0,-8957.0,131.52189803123474
-8227.0,-8605.0,-8394.0,131.64982795715332
-8871.0,-8703.0,-7629.0,131.69251799583435
-8997.0,-8001.0,-8701.0,131.85203313827515
-8431.0,-8518.0,-8482.0,131.90592312812805
-8186.0,-8499.0,-8543.0,131.96567511558533
-8895.0,-8654.0,-7961.0,132.0206480026245
-8479.0,-8554.0,-8395.0,132.0697100162506
-8423.0,-8592.0,-8177.0,132.55687594413757
-8991.0,-8416.0,-8054.0,132.61085891723633
-9017.0,-7624.0,-9046.0,132.64169812202454
-8955.0,-8050.0,-8687.0,132.70571494102478
-8438.0,-8581.0,-8347.0,132.85892701148987
-7990.0,-8342.0,-9027.0,132.9565110206604
-8908.0,-8650.0,-7825.0,133.03652095794678
-8105.0,-7804.0,-9483.0,133.06188702583313
-8990.0,-8392.0,-8124.0,133.19108891487122
-8555.0,-8575.0,-8165.0,133.31183695793152
-9028.0,-8310.0,-8351.0,133.54428100585938
-8659.0,-7622.0,-9484.0,133.57329106330872
-8980.0,-8274.0,-8438.0,133.6180670261383
-8530.0,-8571.0,-8297.0,133.73336601257324
-8835.0,-7296.0,-9439.0,133.87302899360657
-8858.0,-8541.0,-8068.0,133.92698693275452
-8773.0,-7234.0,-9517.0,134.1440761089325
-8942.0,-8356.0,-8211.0,134.24959802627563
-8807.0,-8524.0,-8166.0,134.4590139389038
-8974.0,-7726.0,-9018.0,134.5023651123047
-8228.0,-8450.0,-8557.0,134.64785814285278
-8941.0,-8160.0,-8645.0,134.70683598518372
-7951.0,-7894.0,-9548.0,134.81595492362976
-8406.0,-8466.0,-8492.0,135.04601502418518
-8643.0,-7701.0,-9426.0,135.1435329914093
-8063.0,-7853.0,-9469.0,135.2940149307251
-8864.0,-7381.0,-9281.0,135.49051809310913
-8941.0,-7864.0,-8719.0,135.51987314224243
-8935.0,-7557.0,-9048.0,135.57143211364746
-8930.0,-7487.0,-9050.0,135.62672805786133
-8915.0,-7694.0,-9109.0,135.71428108215332
-8943.0,-8380.0,-8141.0,135.9255919456482
-8920.0,-7336.0,-9217.0,135.9521460533142
-8746.0,-8582.0,-8147.0,136.07764101028442
-8925.0,-7845.0,-8942.0,136.13032913208008
-8610.0,-7741.0,-9408.0,136.15742707252502
-8006.0,-8323.0,-9044.0,136.2076849937439
-8891.0,-7871.0,-8747.0,136.4420039653778
-9075.0,-7799.0,-8778.0,136.50680804252625
-8939.0,-7996.0,-8702.0,136.5512409210205
-8969.0,-8201.0,-8447.0,136.84562492370605
-8024.0,-8154.0,-9212.0,136.88453912734985
-8801.0,-8360.0,-8511.0,137.0921630859375
-8868.0,-7909.0,-8756.0,137.14291095733643
-8759.0,-8488.0,-8253.0,137.3286271095276
-7707.0,-8162.0,-9200.0,137.39292407035828
-7992.0,-8317.0,-9046.0,137.44234895706177
-8232.0,-8448.0,-8591.0,137.54208612442017
-8067.0,-8265.0,-9063.0,137.62484312057495
-8019.0,-7862.0,-9317.0,137.754812002182
-8040.0,-8170.0,-9117.0,137.8984410762787
-8305.0,-8446.0,-8561.0,137.9681260585785
-8886.0,-7850.0,-8759.0,138.01775193214417
-8003.0,-7881.0,-9300.0,138.05151295661926
-7755.0,-8198.0,-9113.0,138.09690713882446
-7694.0,-8256.0,-9094.0,138.2699329853058
-8162.0,-7790.0,-9403.0,138.33583903312683
-8967.0,-7796.0,-8956.0,138.4129581451416
-8562.0,-8505.0,-8227.0,138.46152710914612
-8108.0,-7813.0,-9407.0,138.48782300949097
-8832.0,-7873.0,-8763.0,138.52243900299072
-8211.0,-7939.0,-9288.0,138.62093710899353
-8829.0,-8160.0,-8765.0,138.6752109527588
-8846.0,-7550.0,-9113.0,138.71892499923706
-8829.0,-7905.0,-8798.0,138.80864214897156
-8830.0,-7929.0,-8728.0,138.9312789440155
-8169.0,-8430.0,-8662.0,139.0158920288086
-8765.0,-7716.0,-9232.0,139.09639406204224
-8492.0,-8420.0,-8632.0,139.1868839263916
-8101.0,-7848.0,-9384.0,139.41015696525574
-8937.0,-8163.0,-8587.0,139.5298249721527
-8819.0,-7395.0,-9281.0,139.58846807479858
-8803.0,-8228.0,-8528.0,139.68406105041504
-8256.0,-8214.0,-9082.0,139.78633308410645
-8826.0,-7325.0,-9343.0,139.90272092819214
-8810.0,-7404.0,-9285.0,139.9822289943695
-8156.0,-7849.0,-9320.0,140.13362908363342
-8829.0,-7864.0,-8839.0,140.18670392036438
-8803.0,-7439.0,-9262.0,140.22684407234192
-8269.0,-7753.0,-9355.0,140.366446018219
-8321.0,-8427.0,-8578.0,140.47940707206726
-8816.0,-7345.0,-9368.0,140.59472799301147
-8718.0,-8399.0,-8441.0,140.65592312812805
-8353.0,-8399.0,-8880.0,140.72632598876953
-8213.0,-7807.0,-9305.0,140.91899514198303
-8820.0,-7873.0,-8843.0,140.96767210960388
-8514.0,-8469.0,-8314.0,141.11968207359314
-8787.0,-7913.0,-8825.0,141.21861100196838
-8137.0,-7941.0,-9272.0,141.25240111351013
-8958.0,-7805.0,-8960.0,141.28173208236694
-8144.0,-7959.0,-9235.0,141.52554512023926
-8777.0,-7444.0,-9267.0,141.5893590450287
-8760.0,-8016.0,-8769.0,141.64665699005127
-8807.0,-7395.0,-9361.0,141.68445110321045
-8556.0,-8420.0,-8328.0,142.02331709861755
-8481.0,-8422.0,-8412.0,142.12304711341858
-8756.0,-7950.0,-8835.0,142.18534207344055
-8794.0,-7856.0,-9088.0,142.53413891792297
-8213.0,-8103.0,-9231.0,142.64829897880554
-8851.0,-7842.0,-9008.0,142.67674493789673
-8605.0,-8403.0,-8255.0,142.99832892417908
-8752.0,-7905.0,-9074.0,143.0520839691162
-8787.0,-8209.0,-8751.0,143.26097202301025
-8454.0,-8502.0,-8405.0,143.55044412612915
-8497.0,-8400.0,-8433.0,143.70491909980774
-8760.0,-7695.0,-9244.0,143.73133993148804
-8695.0,-7803.0,-9273.0,143.76730608940125
-8765.0,-7444.0,-9347.0,143.79901003837585
-8778.0,-7255.0,-9505.0,143.8192949295044
-8719.0,-8031.0,-8781.0,143.98343706130981
-8803.0,-7806.0,-9095.0,144.00708603858948
-8793.0,-7345.0,-9425.0,144.15500807762146
-8713.0,-8206.0,-8817.0,144.25748205184937
-8708.0,-7914.0,-8922.0,144.29104614257812
-8675.0,-7954.0,-8904.0,144.3850920200348
-8756.0,-8317.0,-8668.0,144.47037291526794
-8653.0,-7852.0,-9259.0,144.68872094154358
-8665.0,-8170.0,-8904.0,144.86915493011475
-8261.0,-7856.0,-9190.0,145.19655108451843
-8701.0,-7888.0,-9172.0,145.23770904541016
-8681.0,-8369.0,-8651.0,145.28188395500183
-8118.0,-8282.0,-8965.0,145.3118269443512
-8640.0,-7946.0,-9153.0,145.37180304527283
-8743.0,-7839.0,-9186.0,145.39387607574463
-8691.0,-7737.0,-9339.0,145.46975708007812
-8694.0,-7908.0,-8924.0,145.49171805381775
-8682.0,-7897.0,-9167.0,145.62713813781738
-8444.0,-8384.0,-8719.0,145.6567931175232
-8626.0,-8056.0,-9111.0,145.74412894248962
-8284.0,-8255.0,-8884.0,145.76510310173035
-8256.0,-7918.0,-9156.0,145.79117012023926
-8304.0,-8250.0,-8995.0,145.8123860359192
-8082.0,-8121.0,-9131.0,145.88966703414917
-8627.0,-8252.0,-8677.0,145.9343740940094
-8254.0,-8050.0,-9139.0,146.15919995307922
-8396.0,-8214.0,-8805.0,146.405592918396
-8353.0,-8103.0,-8954.0,146.59020900726318
-8652.0,-7692.0,-9422.0,146.7318570613861
-8302.0,-8086.0,-9052.0,146.97304606437683
