z1,z2,z3,time
-6852.0,-5183.0,-11411.0,0.004027843475341797
-6267.0,-10358.0,-5237.0,0.008066892623901367
-12020.0,-5793.0,-7335.0,0.01184701919555664
-6294.0,-10192.0,-5402.0,0.017786026000976562
-6311.0,-10155.0,-5450.0,0.02402186393737793
-6829.0,-10128.0,-6050.0,0.034713029861450195
-6471.0,-10304.0,-4699.0,0.038877010345458984
-6712.0,-10244.0,-4586.0,0.04431605339050293
-6774.0,-10203.0,-4599.0,0.04879498481750488
-7061.0,-10115.0,-6210.0,0.05472683906555176
-6878.0,-10174.0,-4605.0,0.06324195861816406
-6998.0,-10061.0,-6647.0,0.06937694549560547
-7492.0,-10123.0,-5746.0,0.07456088066101074
-7030.0,-4246.0,-11330.0,0.07840490341186523
-7146.0,-6106.0,-11321.0,0.08258605003356934
-7452.0,-5240.0,-11273.0,0.0905299186706543
-6455.0,-10030.0,-6650.0,0.09505105018615723
-7988.0,-9992.0,-6822.0,0.10090398788452148
-6895.0,-9975.0,-6962.0,0.11043000221252441
-7516.0,-10110.0,-5737.0,0.11586785316467285
-7677.0,-10093.0,-5220.0,0.1240849494934082
-7863.0,-5027.0,-11263.0,0.1285569667816162
-7898.0,-9913.0,-7029.0,0.13368797302246094
-8066.0,-10084.0,-4812.0,0.13949799537658691
-6636.0,-9861.0,-7172.0,0.14560604095458984
-6855.0,-9815.0,-7432.0,0.15116095542907715
-8009.0,-4772.0,-11198.0,0.1553058624267578
-12002.0,-6733.0,-7711.0,0.15880703926086426
-8388.0,-9986.0,-6408.0,0.1662309169769287
-8235.0,-4956.0,-11150.0,0.1707620620727539
-6312.0,-9784.0,-7435.0,0.17591595649719238
-6647.0,-9769.0,-7471.0,0.1841599941253662
-6104.0,-9738.0,-7474.0,0.18992090225219727
-7641.0,-9728.0,-7587.0,0.195512056350708
-7551.0,-9649.0,-7794.0,0.20601201057434082
-6868.0,-6322.0,-11304.0,0.21125197410583496
-8317.0,-4789.0,-11087.0,0.2162778377532959
-8683.0,-9922.0,-6090.0,0.2205028533935547
-8390.0,-5229.0,-11083.0,0.22517704963684082
-7744.0,-9610.0,-7958.0,0.2302098274230957
-8529.0,-5879.0,-11060.0,0.23498106002807617
-11986.0,-5594.0,-7818.0,0.23918390274047852
-6806.0,-6558.0,-11152.0,0.2455599308013916
-8574.0,-5882.0,-11026.0,0.2512040138244629
-11969.0,-5357.0,-7896.0,0.25554800033569336
-7654.0,-9531.0,-8165.0,0.26201891899108887
-8782.0,-5928.0,-10987.0,0.2679920196533203
-8812.0,-9732.0,-5899.0,0.27503299713134766
-11894.0,-5421.0,-7985.0,0.2792978286743164
-6629.0,-6733.0,-11113.0,0.2834010124206543
-11864.0,-5081.0,-8036.0,0.2887568473815918
-9201.0,-9723.0,-5491.0,0.2942769527435303
-11838.0,-6073.0,-8333.0,0.30217885971069336
-7773.0,-9476.0,-8236.0,0.3075418472290039
-8794.0,-4476.0,-10954.0,0.3126089572906494
-9131.0,-5414.0,-10951.0,0.31745100021362305
-6185.0,-9418.0,-8294.0,0.32334089279174805
-6186.0,-6860.0,-11036.0,0.32843899726867676
-8776.0,-9414.0,-8303.0,0.33302998542785645
-11847.0,-6952.0,-7742.0,0.33772897720336914
-7683.0,-9397.0,-8443.0,0.3426690101623535
-7863.0,-7394.0,-10948.0,0.34961390495300293
-7514.0,-9362.0,-8446.0,0.3541140556335449
-7370.0,-9321.0,-8493.0,0.3593928813934326
-11750.0,-5104.0,-8396.0,0.3637869358062744
-7424.0,-9283.0,-8653.0,0.3687398433685303
-11834.0,-6993.0,-7157.0,0.37278199195861816
-11738.0,-6199.0,-8463.0,0.37688398361206055
-9236.0,-9498.0,-5925.0,0.38472604751586914
-9216.0,-5470.0,-10897.0,0.3888969421386719
-11796.0,-6996.0,-7723.0,0.3942389488220215
-9294.0,-9476.0,-5870.0,0.4031999111175537
-11737.0,-7210.0,-7163.0,0.41132187843322754
-11733.0,-4867.0,-8474.0,0.41592884063720703
-11668.0,-5096.0,-8510.0,0.4205899238586426
-9415.0,-9467.0,-5967.0,0.4262118339538574
-9272.0,-5408.0,-10870.0,0.43286800384521484
-11658.0,-4931.0,-8563.0,0.4373049736022949
-7789.0,-9196.0,-8657.0,0.44260191917419434
-7925.0,-9166.0,-8703.0,0.44879603385925293
-9279.0,-5147.0,-10765.0,0.4554100036621094
-9571.0,-5389.0,-10725.0,0.4622368812561035
-11628.0,-4591.0,-8614.0,0.46996593475341797
-7241.0,-9154.0,-8777.0,0.47608184814453125
-11586.0,-4873.0,-8616.0,0.48493289947509766
-11547.0,-5997.0,-8780.0,0.4955320358276367
-9452.0,-9423.0,-5780.0,0.5040130615234375
-11691.0,-7217.0,-7102.0,0.5086898803710938
-9512.0,-9302.0,-5988.0,0.5191569328308105
-11664.0,-7248.0,-7074.0,0.5267188549041748
-7418.0,-9139.0,-8887.0,0.5333008766174316
-11596.0,-7252.0,-7453.0,0.5410819053649902
-11583.0,-7400.0,-7609.0,0.5474610328674316
-9539.0,-9271.0,-6016.0,0.5527338981628418
-9563.0,-9258.0,-6007.0,0.55771803855896
-9678.0,-9232.0,-6007.0,0.5674810409545898
-7151.0,-9075.0,-8984.0,0.5733020305633545
-11536.0,-5774.0,-8804.0,0.578603982925415
-11531.0,-4858.0,-8887.0,0.5837428569793701
-6393.0,-7397.0,-10717.0,0.5896868705749512
-7695.0,-7507.0,-10704.0,0.596470832824707
-11566.0,-7626.0,-6960.0,0.6023449897766113
-9672.0,-4929.0,-10646.0,0.6068618297576904
-7101.0,-9047.0,-8985.0,0.6137468814849854
-7376.0,-9002.0,-9087.0,0.6208639144897461
-9704.0,-9216.0,-5717.0,0.6265430450439453
-11482.0,-6316.0,-8978.0,0.6322338581085205
-9773.0,-9197.0,-5656.0,0.6383788585662842
-7903.0,-7553.0,-10665.0,0.643610954284668
-9683.0,-4932.0,-10640.0,0.6508519649505615
-9737.0,-5398.0,-10537.0,0.6583828926086426
-7612.0,-7694.0,-10659.0,0.6639649868011475
-11402.0,-5048.0,-9078.0,0.6733579635620117
-7011.0,-8968.0,-9192.0,0.68035888671875
-9883.0,-9185.0,-5759.0,0.6859438419342041
-9793.0,-5336.0,-10510.0,0.6937189102172852
-9837.0,-6187.0,-10491.0,0.7025289535522461
-11451.0,-7652.0,-6960.0,0.7071678638458252
-11372.0,-4708.0,-9129.0,0.7133748531341553
-8705.0,-8954.0,-9215.0,0.7185468673706055
-9892.0,-8987.0,-5620.0,0.7277779579162598
-9956.0,-8982.0,-5662.0,0.7342870235443115
-11427.0,-7665.0,-6969.0,0.73972487449646
-7226.0,-8903.0,-9287.0,0.7451269626617432
-7387.0,-7732.0,-10556.0,0.7516288757324219
-11393.0,-7704.0,-7184.0,0.7605669498443604
-9848.0,-6190.0,-10485.0,0.7698760032653809
-11267.0,-6023.0,-9186.0,0.7790539264678955
-9931.0,-5043.0,-10436.0,0.7881278991699219
-7210.0,-7907.0,-10517.0,0.7960538864135742
-11278.0,-7730.0,-7184.0,0.8026318550109863
-10002.0,-8975.0,-5723.0,0.8087689876556396
-11245.0,-7852.0,-7084.0,0.817162036895752
-7018.0,-8857.0,-9326.0,0.8245880603790283
-11223.0,-6202.0,-9188.0,0.8302910327911377
-11218.0,-4870.0,-9199.0,0.836266040802002
-11188.0,-5718.0,-9486.0,0.8421189785003662
-9942.0,-5046.0,-10430.0,0.8493578433990479
-10071.0,-8956.0,-5662.0,0.8559730052947998
-5716.0,-8747.0,-9339.0,0.8659019470214844
-10102.0,-4784.0,-10385.0,0.87335205078125
-8432.0,-8738.0,-9570.0,0.8843479156494141
-10134.0,-8885.0,-6048.0,0.8960368633270264
-11194.0,-7864.0,-7402.0,0.9018919467926025
-11185.0,-7907.0,-7025.0,0.9086110591888428
-7183.0,-8073.0,-10352.0,0.9190199375152588
-10148.0,-8782.0,-5332.0,0.9266748428344727
-10195.0,-8760.0,-5711.0,0.9341299533843994
-11131.0,-7937.0,-6889.0,0.9407649040222168
-10113.0,-4787.0,-10379.0,0.9460840225219727
-11021.0,-7942.0,-7626.0,0.9543910026550293
-10132.0,-5124.0,-10334.0,0.9609689712524414
-11012.0,-7985.0,-7249.0,0.9704890251159668
-10219.0,-8747.0,-5702.0,0.9770209789276123
-10143.0,-5127.0,-10328.0,0.9826929569244385
-10212.0,-6392.0,-10234.0,0.9981558322906494
-10314.0,-8712.0,-5351.0,1.0166089534759521
-10994.0,-8152.0,-6795.0,1.0259618759155273
-7197.0,-8631.0,-9619.0,1.0351479053497314
-11028.0,-5856.0,-9495.0,1.0423338413238525
-10223.0,-6395.0,-10228.0,1.0502488613128662
-11023.0,-4524.0,-9506.0,1.05977201461792
-6968.0,-8138.0,-10257.0,1.0665888786315918
-10266.0,-6403.0,-10168.0,1.074826955795288
-10994.0,-6073.0,-9587.0,1.0813748836517334
-6922.0,-8582.0,-9622.0,1.091392993927002
-8697.0,-8540.0,-9714.0,1.1017429828643799
-10368.0,-8682.0,-5487.0,1.1090450286865234
-10302.0,-6101.0,-10157.0,1.119873046875
-7176.0,-8184.0,-10218.0,1.1259639263153076
-10313.0,-6104.0,-10151.0,1.1328928470611572
-10399.0,-8667.0,-6964.0,1.13962984085083
-10983.0,-6070.0,-9593.0,1.1460368633270264
-10927.0,-5724.0,-9645.0,1.152390956878662
-10391.0,-5238.0,-10124.0,1.1594998836517334
-10940.0,-8182.0,-6659.0,1.1656880378723145
-8478.0,-8294.0,-10205.0,1.171825885772705
-10495.0,-8623.0,-7198.0,1.180738925933838
-7137.0,-8517.0,-9717.0,1.188452959060669
-7164.0,-8480.0,-9749.0,1.1996028423309326
-10821.0,-8230.0,-7019.0,1.2089879512786865
-10799.0,-5727.0,-9894.0,1.2196259498596191
-7224.0,-8465.0,-9784.0,1.2284629344940186
-10402.0,-5241.0,-10118.0,1.2366008758544922
-10407.0,-6377.0,-10017.0,1.2450389862060547
-10418.0,-6380.0,-10011.0,1.2535369396209717
-10733.0,-8254.0,-5063.0,1.264719009399414
-6997.0,-8410.0,-9925.0,1.2743968963623047
-10479.0,-6105.0,-10001.0,1.283505916595459
-10519.0,-8499.0,-5450.0,1.2930169105529785
-10717.0,-8355.0,-6886.0,1.3037400245666504
-7218.0,-8321.0,-10018.0,1.3135390281677246
-10523.0,-8471.0,-7013.0,1.3225438594818115
-10528.0,-8456.0,-5827.0,1.3343608379364014
-10574.0,-8449.0,-5888.0,1.3433139324188232
-10594.0,-6079.0,-10001.0,1.3627560138702393
-10582.0,-8426.0,-5963.0,1.3752949237823486
-10608.0,-8410.0,-5673.0,1.3859210014343262
-10696.0,-8393.0,-6789.0,1.3946199417114258
-10695.0,-8409.0,-6094.0,1.4044599533081055
-10788.0,-5724.0,-9900.0,1.4200258255004883
-6408.0,-10250.0,-5136.0,1.4363150596618652
-6763.0,-10200.0,-4605.0,1.453207015991211
-6649.0,-10190.0,-5023.0,1.4637680053710938
-6796.0,-10162.0,-4632.0,1.48344087600708
-6785.0,-10159.0,-4638.0,1.4939148426055908
-6711.0,-10149.0,-5036.0,1.5043559074401855
-6737.0,-10140.0,-4660.0,1.515228033065796
-6700.0,-10146.0,-5042.0,1.596531867980957
-7681.0,-10069.0,-5337.0,1.669348955154419
-7750.0,-10050.0,-5276.0,1.6858570575714111
-7811.0,-10046.0,-5419.0,1.6937580108642578
-7976.0,-10005.0,-5019.0,1.7035188674926758
-7666.0,-10090.0,-5226.0,1.711871862411499
-7635.0,-10076.0,-5276.0,1.7218608856201172
-7085.0,-10102.0,-6201.0,1.7306809425354004
-7281.0,-10075.0,-5751.0,1.739776849746704
-7429.0,-10069.0,-6183.0,1.7485630512237549
-7611.0,-10075.0,-5386.0,1.7618918418884277
-7665.0,-10045.0,-5522.0,1.8432798385620117
-7739.0,-10047.0,-5282.0,1.8663439750671387
-7743.0,-10038.0,-5586.0,1.8967878818511963
-7732.0,-10035.0,-5592.0,1.9261560440063477
-7548.0,-10021.0,-5823.0,1.9376778602600098
-7633.0,-10015.0,-5645.0,1.9588408470153809
-7453.0,-10056.0,-6174.0,1.9680850505828857
-7022.0,-10048.0,-6638.0,1.980677843093872
-7144.0,-10020.0,-6391.0,2.002629041671753
-7657.0,-10002.0,-5636.0,2.0685949325561523
-7163.0,-10006.0,-6348.0,2.1158459186553955
-6760.0,-9844.0,-7036.0,2.2012088298797607
-6786.0,-9839.0,-7081.0,2.2242188453674316
-7133.0,-9814.0,-7074.0,2.292374849319458
-7217.0,-5808.0,-11268.0,2.3022210597991943
-8247.0,-9813.0,-7147.0,2.313775062561035
-7425.0,-5854.0,-11229.0,2.326482057571411
-7678.0,-5424.0,-11225.0,2.336798906326294
-7154.0,-9796.0,-7287.0,2.348465919494629
-7886.0,-5470.0,-11186.0,2.3803069591522217
-7957.0,-9763.0,-7321.0,2.390018939971924
-7936.0,-4824.0,-11166.0,2.4093968868255615
-8157.0,-9734.0,-7354.0,2.4214260578155518
-7748.0,-5641.0,-11212.0,2.4301319122314453
-7704.0,-9782.0,-7150.0,2.4872629642486572
-7894.0,-5386.0,-11147.0,2.523468017578125
-7972.0,-6347.0,-11135.0,2.5353610515594482
-8377.0,-9983.0,-6414.0,2.5440030097961426
-8283.0,-9928.0,-6504.0,2.5527589321136475
-8182.0,-5183.0,-11122.0,2.5660040378570557
-8298.0,-9907.0,-6615.0,2.5880260467529297
-8815.0,-9670.0,-6739.0,2.5985538959503174
-8853.0,-9667.0,-6173.0,2.6089470386505127
-7352.0,-5906.0,-11197.0,2.618360996246338
-8672.0,-9919.0,-6096.0,2.630635976791382
-8443.0,-9790.0,-6495.0,2.6420819759368896
-6941.0,-6119.0,-11207.0,2.6512038707733154
-8886.0,-9663.0,-6572.0,2.6625289916992188
-7167.0,-6303.0,-11159.0,2.6744680404663086
-7833.0,-5697.0,-11158.0,2.697108030319214
-8932.0,-9656.0,-6633.0,2.718487024307251
-8287.0,-9904.0,-6621.0,2.733242988586426
-8651.0,-9749.0,-6416.0,2.758704900741577
-9151.0,-9640.0,-5882.0,2.807734966278076
-8028.0,-6285.0,-11108.0,2.830962896347046
-7173.0,-6736.0,-11023.0,2.855437994003296
-7978.0,-6780.0,-10999.0,2.8651909828186035
-8801.0,-9729.0,-5905.0,2.876009941101074
-8746.0,-9714.0,-6065.0,2.9022810459136963
-8180.0,-6393.0,-11096.0,2.9361460208892822
-7025.0,-6468.0,-11128.0,2.9987308979034424
-8342.0,-9778.0,-6796.0,3.066727876663208
-8683.0,-9707.0,-6539.0,3.116525888442993
-6789.0,-6595.0,-11104.0,3.1273748874664307
-8707.0,-9694.0,-6530.0,3.1395668983459473
-8366.0,-9765.0,-6787.0,3.1680338382720947
-8715.0,-9671.0,-6605.0,3.1903040409088135
-8542.0,-9749.0,-6829.0,3.2278549671173096
-7068.0,-6476.0,-11068.0,3.2577970027923584
-7079.0,-6479.0,-11062.0,3.2832460403442383
-9175.0,-9524.0,-6230.0,3.3087520599365234
-9199.0,-9511.0,-6221.0,3.3488898277282715
-7375.0,-6349.0,-11120.0,3.361487865447998
-8943.0,-9628.0,-6736.0,3.402966022491455
-8073.0,-9698.0,-7578.0,3.4163689613342285
-8988.0,-9592.0,-6515.0,3.4416120052337646
-8588.0,-9742.0,-6890.0,3.4517650604248047
-7302.0,-6401.0,-11088.0,3.468456983566284
-9033.0,-9581.0,-6202.0,3.513542890548706
-8591.0,-9727.0,-6890.0,3.5273048877716064
-7569.0,-6471.0,-11038.0,3.5748720169067383
-8396.0,-9748.0,-6932.0,3.586146831512451
-9071.0,-9553.0,-6224.0,3.625253915786743
-7861.0,-9626.0,-7681.0,3.6480958461761475
-9117.0,-9546.0,-6285.0,3.660101890563965
-8639.0,-9686.0,-6697.0,3.6919569969177246
-8422.0,-9700.0,-7096.0,3.706143856048584
-9120.0,-9531.0,-6285.0,3.720720052719116
-8686.0,-9692.0,-6539.0,3.827246904373169
-8415.0,-9676.0,-7153.0,3.8910770416259766
-8420.0,-9735.0,-6923.0,3.902008056640625
-8240.0,-9639.0,-7535.0,3.9169299602508545
-8439.0,-9663.0,-7144.0,3.944243907928467
-8628.0,-9683.0,-6703.0,3.9586000442504883
-9244.0,-9475.0,-6000.0,4.009698867797852
-8303.0,-9693.0,-7098.0,4.0225608348846436
-9225.0,-9495.0,-5931.0,4.033990859985352
-8501.0,-9648.0,-7097.0,4.066477060317993
-9060.0,-9550.0,-6230.0,4.09076189994812
-9290.0,-9468.0,-6061.0,4.1023759841918945
-11839.0,-6140.0,-8011.0,4.127864837646484
-8804.0,-9667.0,-6745.0,4.141909837722778
-8601.0,-9666.0,-6807.0,4.173146963119507
-8633.0,-9577.0,-6893.0,4.204922914505005
-8261.0,-9620.0,-7267.0,4.22024393081665
-9106.0,-9543.0,-6291.0,4.261955976486206
-9233.0,-9472.0,-6006.0,4.278471946716309
-9015.0,-9473.0,-6381.0,4.3054280281066895
-8538.0,-9612.0,-7244.0,4.334903001785278
-8686.0,-9538.0,-6749.0,4.370097875595093
-8675.0,-9535.0,-6755.0,4.41369891166687
-8726.0,-9534.0,-6933.0,4.435138940811157
-8048.0,-9602.0,-7696.0,4.467558860778809
-9021.0,-9470.0,-6615.0,4.51735782623291
-11897.0,-6457.0,-7851.0,4.5320658683776855
-9067.0,-9463.0,-6676.0,4.564995050430298
-7900.0,-9549.0,-7912.0,4.578284978866577
-8549.0,-9607.0,-6904.0,4.595124959945679
-9279.0,-9465.0,-6067.0,4.6104888916015625
-8839.0,-9657.0,-6730.0,4.625450849533081
-9357.0,-9458.0,-6131.0,4.643725872039795
-8588.0,-9598.0,-6929.0,4.6653149127960205
-9404.0,-9464.0,-5973.0,4.7697389125823975
-8556.0,-9556.0,-6949.0,4.807952880859375
-9070.0,-9448.0,-6676.0,4.860458850860596
-8300.0,-9544.0,-7280.0,4.87976598739624
-8250.0,-9617.0,-7273.0,4.897861003875732
-9125.0,-9441.0,-6621.0,4.920655012130737
-8545.0,-9553.0,-6955.0,4.957308053970337
-8580.0,-9543.0,-6940.0,4.9792070388793945
-8599.0,-9525.0,-7135.0,5.05889105796814
-9149.0,-9428.0,-6612.0,5.116840839385986
-8326.0,-9540.0,-7347.0,5.136965990066528
-9244.0,-9393.0,-6261.0,5.157805919647217
-8569.0,-9540.0,-6946.0,5.196526050567627
-8783.0,-9497.0,-7065.0,5.253865003585815
-11886.0,-5473.0,-7906.0,5.333138942718506
-8715.0,-9531.0,-6939.0,5.357528924942017
-9109.0,-9528.0,-6291.0,5.371619939804077
-9186.0,-9415.0,-6316.0,5.430080890655518
-11972.0,-6393.0,-7762.0,5.497643947601318
-8977.0,-9589.0,-6521.0,5.533854961395264
-8983.0,-9498.0,-6593.0,5.555367946624756
-8684.0,-9514.0,-6946.0,5.578856945037842
-8330.0,-9527.0,-7263.0,5.638144016265869
-8604.0,-9513.0,-6981.0,5.6671528816223145
-9365.0,-9384.0,-6358.0,5.684301853179932
-8498.0,-9513.0,-7436.0,5.707125902175903
-8628.0,-9500.0,-6972.0,5.755815029144287
-8251.0,-6095.0,-11043.0,5.77354097366333
-9402.0,-9340.0,-6171.0,5.844748020172119
-8827.0,-9468.0,-6912.0,5.873247861862183
-11844.0,-5916.0,-7876.0,5.887231826782227
-11843.0,-5465.0,-7966.0,5.948848009109497
-7917.0,-9532.0,-7734.0,5.968571901321411
-8199.0,-9532.0,-7581.0,6.145761013031006
-8828.0,-9654.0,-6736.0,6.162191867828369
-9194.0,-9392.0,-6391.0,6.239388942718506
-8253.0,-9502.0,-7717.0,6.264340877532959
-9175.0,-9412.0,-6322.0,6.284960031509399
-8063.0,-9533.0,-7631.0,6.320574998855591
-9176.0,-9408.0,-7889.0,6.343000888824463
-9240.0,-9385.0,-6452.0,6.362405061721802
-8842.0,-9461.0,-6856.0,6.389572858810425
-7938.0,-9488.0,-7845.0,6.511291980743408
-8399.0,-9503.0,-7614.0,6.551674842834473
-8851.0,-9455.0,-6903.0,6.578166961669922
-9501.0,-9299.0,-5994.0,6.597890853881836
-9010.0,-9467.0,-6621.0,6.6352598667144775
-8956.0,-9419.0,-6841.0,6.769090890884399
-8173.0,-9470.0,-7822.0,6.838474988937378
-9417.0,-9257.0,-6110.0,6.875041961669922
-8698.0,-9484.0,-7469.0,7.0369298458099365
-9439.0,-9239.0,-6407.0,7.068831920623779
-8406.0,-6368.0,-10976.0,7.155151844024658
-9056.0,-9460.0,-6682.0,7.175537824630737
-8994.0,-9438.0,-6699.0,7.198706865310669
-7810.0,-9470.0,-8119.0,7.217021942138672
-9447.0,-9216.0,-6482.0,7.237856864929199
-9183.0,-9389.0,-6397.0,7.257244825363159
-9547.0,-9215.0,-6616.0,7.293767929077148
-8983.0,-9435.0,-6705.0,7.337322950363159
-8793.0,-9449.0,-7118.0,7.476446866989136
-9018.0,-9411.0,-7221.0,7.499599933624268
-7936.0,-9460.0,-7955.0,7.520580053329468
-9415.0,-9252.0,-6416.0,7.54702091217041
-8893.0,-9412.0,-7315.0,7.579179048538208
-9762.0,-9194.0,-5662.0,7.623126983642578
-8839.0,-9442.0,-7179.0,7.652921915054321
-9380.0,-9259.0,-6298.0,7.67595100402832
-9712.0,-9193.0,-5792.0,7.691779851913452
-9354.0,-9381.0,-6364.0,7.778519868850708
-9307.0,-9375.0,-6522.0,7.8976829051971436
-9229.0,-9382.0,-6458.0,7.91815185546875
-8162.0,-9467.0,-7828.0,7.9610748291015625
-8075.0,-9436.0,-7861.0,8.003891944885254
-8723.0,-9475.0,-7539.0,8.104449987411499
-8842.0,-9427.0,-7179.0,8.179370880126953
-8847.0,-9419.0,-7254.0,8.262052059173584
-8198.0,-6322.0,-11015.0,8.277674913406372
-8272.0,-9430.0,-7938.0,8.33731484413147
-8855.0,-5725.0,-10890.0,8.353085994720459
-9813.0,-9161.0,-6930.0,8.421699047088623
-9667.0,-9229.0,-6013.0,8.44878602027893
-9059.0,-9445.0,-6682.0,8.476523876190186
-9295.0,-9360.0,-7529.0,8.49781584739685
-11608.0,-5198.0,-8551.0,8.554492950439453
-9585.0,-9212.0,-6050.0,8.63224196434021
-9349.0,-9330.0,-7665.0,8.700037956237793
-8535.0,-6312.0,-10924.0,8.751168966293335
-9369.0,-9256.0,-6304.0,8.772855997085571
-8435.0,-9441.0,-7747.0,8.845757961273193
-8552.0,-9483.0,-7572.0,8.893868923187256
-9571.0,-9202.0,-6607.0,8.911181926727295
-9588.0,-9174.0,-6192.0,8.953686952590942
-9675.0,-9173.0,-6613.0,9.027643918991089
-8929.0,-5801.0,-10854.0,9.044872999191284
-8063.0,-6761.0,-10960.0,9.135416984558105
-11638.0,-5538.0,-8500.0,9.176347970962524
-9368.0,-9246.0,-6574.0,9.299425840377808
-9371.0,-9231.0,-6574.0,9.348196983337402
-9426.0,-9224.0,-6519.0,9.397017002105713
-9857.0,-8986.0,-6498.0,9.467721939086914
-9081.0,-5909.0,-10842.0,9.487476825714111
-7574.0,-9261.0,-8562.0,9.50613284111023
-8580.0,-6315.0,-10890.0,9.583566904067993
-8271.0,-6807.0,-10921.0,9.603955030441284
-8743.0,-9417.0,-7357.0,9.643872022628784
-9881.0,-8973.0,-6489.0,9.867598056793213
-9918.0,-8960.0,-6193.0,9.90386700630188
-8620.0,-6293.0,-10885.0,9.923256874084473
-7896.0,-9300.0,-8425.0,9.943336963653564
-11571.0,-6258.0,-8506.0,10.022536039352417
-9376.0,-9223.0,-6649.0,10.060349941253662
-11549.0,-6401.0,-8533.0,10.127364873886108
-9357.0,-9243.0,-6580.0,10.238690853118896
-10013.0,-8947.0,-5826.0,10.277843952178955
-8705.0,-6349.0,-10831.0,10.298020839691162
-9360.0,-9228.0,-6580.0,10.36569595336914
-7688.0,-9254.0,-8464.0,10.523046970367432
-7591.0,-9224.0,-8610.0,10.56240200996399
-11509.0,-6070.0,-8862.0,10.580405950546265
-7906.0,-9238.0,-8482.0,10.636289834976196
-10060.0,-8953.0,-5668.0,10.653302907943726
-9365.0,-9220.0,-6655.0,10.688524007797241
-9137.0,-5847.0,-10815.0,10.708734035491943
-9536.0,-9212.0,-6622.0,10.758033037185669
-9424.0,-9170.0,-7338.0,10.798215866088867
-9400.0,-9210.0,-6640.0,10.868716955184937
-7921.0,-9236.0,-8555.0,10.888974905014038
-9976.0,-8938.0,-6138.0,10.90854001045227
-10039.0,-8920.0,-6399.0,10.926278829574585
-9389.0,-9207.0,-6646.0,11.00270390510559
-8420.0,-6926.0,-10873.0,11.02504587173462
-8726.0,-6060.0,-10825.0,11.048787832260132
-9504.0,-9181.0,-6646.0,11.155767917633057
-11498.0,-6067.0,-8868.0,11.234560012817383
-8752.0,-5976.0,-10815.0,11.258272886276245
-10227.0,-8691.0,-6302.0,11.334575891494751
-9222.0,-5903.0,-10761.0,11.403067827224731
-8761.0,-6287.0,-10804.0,11.426002979278564
-8904.0,-6084.0,-10803.0,11.495965957641602
-11830.0,-6372.0,-8296.0,11.59774398803711
-9591.0,-5609.0,-10639.0,11.687387943267822
-9309.0,-5487.0,-10714.0,11.729182958602905
-7886.0,-6936.0,-10921.0,11.772300004959106
-8113.0,-9273.0,-8394.0,11.793498039245605
-8443.0,-6468.0,-10846.0,11.833891868591309
-7677.0,-9054.0,-8916.0,11.854270935058594
-9634.0,-5066.0,-10593.0,11.876036882400513
-8212.0,-6880.0,-10912.0,11.896931886672974
-7717.0,-9120.0,-8742.0,11.917526960372925
-7322.0,-9040.0,-8927.0,11.998656034469604
-10253.0,-8675.0,-6012.0,12.064725875854492
-7469.0,-9008.0,-8955.0,12.085208892822266
-9676.0,-5665.0,-10585.0,12.104938983917236
-7439.0,-9109.0,-8776.0,12.12462306022644
-9246.0,-7167.0,-10687.0,12.147557020187378
-8491.0,-6628.0,-10820.0,12.192335844039917
-9323.0,-5443.0,-10682.0,12.215061902999878
-11313.0,-5911.0,-9111.0,12.234299898147583
-7809.0,-9094.0,-8814.0,12.294802904129028
-9560.0,-9199.0,-6613.0,12.360151052474976
-10278.0,-8669.0,-7707.0,12.382920026779175
-9334.0,-5446.0,-10676.0,12.40333104133606
-9456.0,-6003.0,-10674.0,12.425036907196045
-7934.0,-7096.0,-10895.0,12.512331008911133
-10147.0,-8737.0,-5892.0,12.55531096458435
-8952.0,-6244.0,-10777.0,12.661309957504272
-8563.0,-6514.0,-10800.0,12.689972877502441
-10193.0,-8730.0,-5953.0,12.730572938919067
-8077.0,-9230.0,-8449.0,12.77500295639038
-7168.0,-8956.0,-9126.0,12.913809061050415
-8094.0,-6982.0,-10882.0,12.935171842575073
-7649.0,-9089.0,-8865.0,12.97659683227539
-9907.0,-8957.0,-6199.0,13.004387855529785
-9926.0,-8937.0,-6268.0,13.028053045272827
-9908.0,-8953.0,-7766.0,13.056999921798706
-8960.0,-6022.0,-10776.0,13.081620931625366
-8432.0,-6542.0,-10823.0,13.121716976165771
-9929.0,-8932.0,-6296.0,13.144459009170532
-8989.0,-6074.0,-10748.0,13.189138889312744
-9972.0,-8930.0,-6329.0,13.210893869400024
-8088.0,-9177.0,-8512.0,13.328942060470581
-8640.0,-6588.0,-10784.0,13.38418197631836
-11789.0,-6635.0,-7902.0,13.477988004684448
-8998.0,-9248.0,-8314.0,13.502774953842163
-9003.0,-6030.0,-10716.0,13.528337001800537
-8205.0,-9219.0,-8337.0,13.556572914123535
-7466.0,-9081.0,-8880.0,13.574666023254395
-9034.0,-6077.0,-10714.0,13.599339008331299
-11691.0,-7013.0,-7788.0,13.637434005737305
-9497.0,-9132.0,-7007.0,13.69087290763855
-9008.0,-9186.0,-8371.0,13.739332914352417
-11388.0,-5847.0,-9022.0,13.759701013565063
-10081.0,-8875.0,-7542.0,13.787046909332275
-11681.0,-7022.0,-7723.0,13.807641983032227
-9107.0,-6517.0,-10710.0,13.925623893737793
-9915.0,-8934.0,-6274.0,13.952780961990356
-11664.0,-7185.0,-7186.0,13.99356484413147
-7987.0,-9151.0,-8656.0,14.070432901382446
-8142.0,-7142.0,-10856.0,14.090534925460815
-8899.0,-6471.0,-10749.0,14.175626039505005
-11788.0,-6568.0,-8224.0,14.196176052093506
-11661.0,-7071.0,-7381.0,14.31609296798706
-9208.0,-9157.0,-8404.0,14.347341060638428
-7687.0,-8992.0,-8973.0,14.420594930648804
-8115.0,-9140.0,-8544.0,14.497427940368652
-10151.0,-8709.0,-7455.0,14.530841827392578
-9486.0,-9129.0,-7013.0,14.610045909881592
-10088.0,-8730.0,-6311.0,14.671440839767456
-9961.0,-8927.0,-6335.0,14.699920892715454
-9546.0,-9124.0,-7830.0,14.773777961730957
-10095.0,-8728.0,-6102.0,14.810603857040405
-8651.0,-8984.0,-9079.0,14.861461877822876
-8286.0,-9132.0,-8511.0,14.962113857269287
-10109.0,-8723.0,-7357.0,15.028625011444092
-10092.0,-5317.0,-10365.0,15.25734806060791
-11614.0,-7102.0,-7577.0,15.276042938232422
-10112.0,-8717.0,-6302.0,15.316787004470825
-8570.0,-6788.0,-10776.0,15.33799695968628
-9027.0,-9114.0,-8592.0,15.47810697555542
-10027.0,-8905.0,-7406.0,15.550595045089722
-11606.0,-7201.0,-7776.0,15.591552972793579
-7948.0,-9070.0,-8720.0,15.636647939682007
-9667.0,-9122.0,-7087.0,15.721494913101196
-8069.0,-7194.0,-10824.0,15.741879940032959
-7819.0,-9032.0,-8871.0,15.768298864364624
-11755.0,-6779.0,-7909.0,15.787976026535034
-7829.0,-9063.0,-8722.0,15.830183029174805
-8215.0,-6939.0,-10759.0,15.856031894683838
-7976.0,-9035.0,-8771.0,15.886631965637207
-8725.0,-6569.0,-10745.0,15.912904977798462
-11653.0,-7245.0,-7080.0,15.933142900466919
-7212.0,-8761.0,-9315.0,15.957538843154907
-8393.0,-6963.0,-10737.0,16.032147884368896
-8714.0,-9038.0,-8642.0,16.07245898246765
-9904.0,-6536.0,-10433.0,16.17687702178955
-9165.0,-9405.0,-7895.0,16.196048974990845
-8192.0,-7080.0,-10721.0,16.24201488494873
-8895.0,-9366.0,-7943.0,16.264286994934082
-7892.0,-7369.0,-10785.0,16.346264839172363
-8576.0,-6684.0,-10766.0,16.469876050949097
-9587.0,-6528.0,-10618.0,16.490453004837036
-8626.0,-6726.0,-10749.0,16.5678288936615
-8768.0,-9008.0,-8778.0,16.64371085166931
-8052.0,-7231.0,-10776.0,16.70588183403015
-8085.0,-9028.0,-8694.0,16.73999285697937
-10228.0,-8675.0,-6997.0,16.773293018341064
-8768.0,-9000.0,-8802.0,16.83124089241028
-11773.0,-6604.0,-8110.0,16.90577483177185
-8441.0,-7123.0,-10711.0,16.97292685508728
-8949.0,-9336.0,-8079.0,17.02064299583435
-7389.0,-8867.0,-9219.0,17.04084801673889
-7512.0,-8851.0,-9242.0,17.066612005233765
-7833.0,-8993.0,-8870.0,17.0939519405365
-8711.0,-6782.0,-10695.0,17.13984990119934
-9284.0,-9357.0,-7535.0,17.19034504890442
-8015.0,-7255.0,-10682.0,17.23826003074646
-8065.0,-8992.0,-8828.0,17.289000034332275
-8553.0,-6825.0,-10728.0,17.31845188140869
-11678.0,-6211.0,-8342.0,17.385781049728394
-11555.0,-7623.0,-6966.0,17.42705988883972
-8038.0,-9020.0,-8724.0,17.489466905593872
-9656.0,-9119.0,-7093.0,17.519320964813232
-9413.0,-9167.0,-7344.0,17.545183897018433
-9763.0,-9078.0,-7321.0,17.573025941848755
-7393.0,-8844.0,-9244.0,17.595566987991333
-11509.0,-7404.0,-7217.0,17.618132829666138
-11722.0,-6759.0,-8117.0,17.674731969833374
-7420.0,-8807.0,-9276.0,17.698312997817993
-9379.0,-9149.0,-8371.0,17.77277898788452
-7370.0,-7769.0,-10508.0,17.798065900802612
-11485.0,-7417.0,-7226.0,17.82539701461792
-11654.0,-6677.0,-8393.0,17.874804973602295
-7953.0,-7282.0,-10676.0,17.931879997253418
-11436.0,-7607.0,-7314.0,17.961782932281494
-11704.0,-6823.0,-7890.0,18.011389017105103
-8115.0,-9011.0,-8677.0,18.19802498817444
-7304.0,-8805.0,-9281.0,18.28666090965271
-7835.0,-8752.0,-9292.0,18.339915990829468
-8264.0,-7298.0,-10672.0,18.390544891357422
-7383.0,-8753.0,-9282.0,18.445284843444824
-7381.0,-7899.0,-10484.0,18.475128889083862
-8530.0,-6921.0,-10711.0,18.57878589630127
-11532.0,-6399.0,-8587.0,18.703414916992188
-8609.0,-6763.0,-10701.0,18.910912036895752
-8161.0,-7367.0,-10657.0,18.934711933135986
-8368.0,-7175.0,-10679.0,18.960131883621216
-10216.0,-8688.0,-6308.0,19.025791883468628
-10205.0,-8679.0,-7591.0,19.0622239112854
-11745.0,-6560.0,-8284.0,19.142598867416382
-11624.0,-6337.0,-8444.0,19.242424964904785
-7558.0,-7724.0,-10523.0,19.320796012878418
-11599.0,-6840.0,-7955.0,19.47921085357666
-9338.0,-9327.0,-7671.0,19.5261390209198
-9787.0,-8962.0,-7669.0,19.557554960250854
-7655.0,-7640.0,-10639.0,19.63174605369568
-11595.0,-6863.0,-7805.0,19.785058975219727
-7995.0,-7726.0,-10498.0,19.965061902999878
-7734.0,-7850.0,-10475.0,19.990565061569214
-11589.0,-6849.0,-7890.0,20.06820797920227
-9055.0,-9228.0,-7934.0,20.090656042099
-11734.0,-6557.0,-8290.0,20.14153003692627
-11585.0,-7034.0,-7826.0,20.242307901382446
-8063.0,-7415.0,-10656.0,20.266052961349487
-7830.0,-7605.0,-10633.0,20.314414978027344
-7591.0,-8799.0,-9243.0,20.392127990722656
-7637.0,-8780.0,-9245.0,20.42072296142578
-11704.0,-6760.0,-8002.0,20.445204973220825
-11618.0,-6823.0,-8141.0,20.4723219871521
-11693.0,-6820.0,-7896.0,20.529638051986694
-11762.0,-6601.0,-8116.0,20.555157899856567
-11574.0,-7031.0,-7832.0,20.714640855789185
-11555.0,-7056.0,-7836.0,20.740461826324463
-11505.0,-6428.0,-8689.0,20.764428853988647
-9154.0,-9187.0,-8268.0,20.78954005241394
-11549.0,-6979.0,-8033.0,20.8159658908844
-11785.0,-6993.0,-7729.0,20.837211847305298
-7381.0,-8028.0,-10351.0,20.936187028884888
-9552.0,-9071.0,-8147.0,20.99385905265808
-9977.0,-5343.0,-10365.0,21.089151859283447
-7990.0,-7467.0,-10624.0,21.16176700592041
-9719.0,-9046.0,-7606.0,21.192134857177734
-7479.0,-7905.0,-10389.0,21.214613914489746
-7813.0,-7642.0,-10585.0,21.237557888031006
-7787.0,-7680.0,-10537.0,21.338608026504517
-10073.0,-6151.0,-10361.0,21.418876886367798
-10563.0,-8446.0,-5894.0,21.60116195678711
-10544.0,-8433.0,-7110.0,21.67355990409851
-8576.0,-7221.0,-10640.0,21.716552019119263
-8151.0,-7483.0,-10575.0,21.773771047592163
-10108.0,-6456.0,-10258.0,21.889912843704224
-11628.0,-6706.0,-8233.0,21.933873891830444
-8092.0,-7523.0,-10549.0,22.007465839385986
-7942.0,-7896.0,-10436.0,22.031326055526733
-11529.0,-6454.0,-8434.0,22.054491996765137
-8399.0,-7396.0,-10601.0,22.103571891784668
-11491.0,-6084.0,-8693.0,22.124889850616455
-11486.0,-6269.0,-8695.0,22.167199850082397
-11595.0,-7198.0,-7782.0,22.188410997390747
-8191.0,-7350.0,-10640.0,22.25811505317688
-11425.0,-7453.0,-7699.0,22.283110857009888
-7886.0,-7590.0,-10617.0,22.305588006973267
-9171.0,-9170.0,-8090.0,22.40765905380249
-8328.0,-7308.0,-10614.0,22.46772599220276
-11544.0,-7053.0,-7842.0,22.537559986114502
-11534.0,-7015.0,-7919.0,22.56479787826538
-8103.0,-7526.0,-10543.0,22.692420959472656
-10571.0,-8423.0,-5969.0,22.715929985046387
-11611.0,-6743.0,-8185.0,22.77114987373352
-8202.0,-7534.0,-10520.0,22.799572944641113
-10568.0,-8420.0,-7101.0,22.820970058441162
-11503.0,-6513.0,-8608.0,22.85034203529358
-7911.0,-7675.0,-10514.0,22.92625403404236
-11491.0,-7227.0,-7776.0,22.949169874191284
-11503.0,-6849.0,-8141.0,22.978044986724854
-11523.0,-7075.0,-7813.0,23.072722911834717
-9081.0,-8029.0,-10273.0,23.144409894943237
-7482.0,-8054.0,-10207.0,23.16761088371277
-7717.0,-7934.0,-10333.0,23.192643880844116
-11498.0,-7023.0,-8014.0,23.280447006225586
-11364.0,-7609.0,-7485.0,23.301666021347046
-11476.0,-7182.0,-8130.0,23.455169916152954
-11607.0,-6820.0,-8147.0,23.477391958236694
-11499.0,-6896.0,-8424.0,23.555959939956665
-11440.0,-7271.0,-7757.0,23.584674835205078
-11564.0,-6812.0,-8207.0,23.607282876968384
-7477.0,-8603.0,-9576.0,23.703793048858643
-7548.0,-7969.0,-10308.0,23.726879835128784
-7515.0,-8564.0,-9590.0,23.756126880645752
-11526.0,-6687.0,-8239.0,23.78425097465515
-11523.0,-7012.0,-7925.0,23.89571785926819
-7269.0,-8557.0,-9615.0,24.14062190055847
-11362.0,-6076.0,-9004.0,24.16244101524353
-11484.0,-6932.0,-8310.0,24.18764591217041
-11435.0,-7334.0,-7617.0,24.214473009109497
-8129.0,-7586.0,-10488.0,24.26792883872986
-9160.0,-7756.0,-10473.0,24.291890859603882
-11382.0,-7701.0,-7190.0,24.31278896331787
-11493.0,-6630.0,-8516.0,24.337143898010254
-8559.0,-7258.0,-10592.0,24.473477840423584
-7469.0,-8021.0,-10307.0,24.49595594406128
-11332.0,-7700.0,-7320.0,24.51970386505127
-11351.0,-6073.0,-9010.0,24.541931867599487
-8289.0,-7448.0,-10479.0,24.62291193008423
-10586.0,-8398.0,-7526.0,24.78569197654724
-7922.0,-7778.0,-10466.0,24.81047797203064
-9647.0,-9036.0,-7796.0,24.834398984909058
-9474.0,-9114.0,-8020.0,25.004535913467407
-8119.0,-7721.0,-10475.0,25.02932095527649
-11461.0,-7218.0,-8016.0,25.055574893951416
-10683.0,-8394.0,-7101.0,25.081110954284668
-11195.0,-7769.0,-7475.0,25.107842922210693
-11487.0,-7020.0,-8020.0,25.160367965698242
-11366.0,-7419.0,-8020.0,25.3141348361969
-11439.0,-7260.0,-7819.0,25.408956050872803
-7558.0,-8407.0,-9877.0,25.450031042099
-11326.0,-7612.0,-8051.0,25.471943855285645
-11441.0,-6381.0,-8704.0,25.518802881240845
-11482.0,-6627.0,-8522.0,25.562578916549683
-11441.0,-6579.0,-8584.0,25.65637493133545
-11430.0,-6378.0,-8710.0,25.722930908203125
-11222.0,-7712.0,-7217.0,25.74373984336853
-11425.0,-6548.0,-8792.0,25.815793991088867
-11075.0,-7912.0,-7762.0,25.863950967788696
-11487.0,-6736.0,-8436.0,25.931896924972534
-11147.0,-5783.0,-9212.0,25.957030057907104
-11429.0,-7268.0,-7763.0,25.983222007751465
-11072.0,-7930.0,-7308.0,26.006041049957275
-7335.0,-8472.0,-9716.0,26.050080060958862
-11263.0,-7685.0,-7538.0,26.119257926940918
-9472.0,-7142.0,-10567.0,26.18965482711792
-11458.0,-6961.0,-8150.0,26.217846870422363
-11402.0,-6747.0,-8625.0,26.27242398262024
-11428.0,-7257.0,-7825.0,26.29982900619507
-10980.0,-8120.0,-6926.0,26.32103204727173
-11379.0,-7234.0,-7950.0,26.349705934524536
-11211.0,-7709.0,-7223.0,26.371657848358154
-11028.0,-7934.0,-7383.0,26.41548800468445
-9683.0,-8991.0,-7663.0,26.436404943466187
-11448.0,-6940.0,-8405.0,26.49525785446167
-11138.0,-6213.0,-9377.0,26.518385887145996
-11447.0,-6958.0,-8156.0,26.592607021331787
-11396.0,-7002.0,-8137.0,26.71683096885681
-9498.0,-9101.0,-8011.0,26.735198974609375
-11369.0,-6958.0,-8310.0,26.776237964630127
-11366.0,-7069.0,-8181.0,26.812306880950928
-7231.0,-8354.0,-9918.0,26.857905864715576
-7395.0,-8457.0,-9751.0,26.98172092437744
-9761.0,-6586.0,-10462.0,27.087687015533447
-11087.0,-7905.0,-7174.0,27.1079740524292
-11145.0,-6574.0,-9198.0,27.15961503982544
-11251.0,-6246.0,-9014.0,27.184533834457397
-7483.0,-8579.0,-9574.0,27.213758945465088
-7888.0,-7926.0,-10300.0,27.391499996185303
-8918.0,-8978.0,-8711.0,27.415947914123535
-11263.0,-6406.0,-9002.0,27.43972682952881
-9672.0,-8988.0,-7669.0,27.493316888809204
-9737.0,-8961.0,-7799.0,27.5416898727417
-11358.0,-7012.0,-8331.0,27.570019960403442
-11414.0,-6545.0,-8798.0,27.617816925048828
-7350.0,-8361.0,-9916.0,27.669095993041992
-7439.0,-8400.0,-9879.0,27.688573837280273
-8099.0,-7884.0,-10370.0,27.740075826644897
-9600.0,-9030.0,-7954.0,27.76043701171875
-11374.0,-6703.0,-8799.0,27.805497884750366
-11352.0,-6378.0,-8864.0,27.832576036453247
-9089.0,-8443.0,-9774.0,27.90918493270874
-10320.0,-6006.0,-10108.0,27.995961904525757
-10369.0,-6450.0,-10099.0,28.09806799888611
-11344.0,-6749.0,-8553.0,28.155720949172974
-11343.0,-6957.0,-8470.0,28.18783187866211
-9427.0,-9108.0,-8178.0,28.20954704284668
-10884.0,-8164.0,-6692.0,28.235486030578613
-10944.0,-8069.0,-7186.0,28.260661840438843
-11399.0,-6577.0,-8632.0,28.334666967391968
-9222.0,-8964.0,-8524.0,28.35767102241516
-11388.0,-6574.0,-8638.0,28.403972864151
-11368.0,-7231.0,-7956.0,28.451947927474976
-11351.0,-7110.0,-8374.0,28.476228952407837
-10873.0,-8161.0,-6698.0,28.547488927841187
-10016.0,-8902.0,-7412.0,28.571051836013794
-9726.0,-8958.0,-7805.0,28.61595392227173
-11473.0,-6929.0,-8316.0,28.63666296005249
-9960.0,-8884.0,-7445.0,28.71860098838806
-11350.0,-6498.0,-8813.0,28.7718288898468
-9751.0,-8911.0,-7929.0,28.79566502571106
-10217.0,-8672.0,-7003.0,28.823421001434326
-11450.0,-7215.0,-8022.0,28.949843883514404
-11333.0,-6768.0,-8525.0,29.00853991508484
-11312.0,-6571.0,-8895.0,29.0314838886261
-11080.0,-7882.0,-7348.0,29.224982023239136
-11322.0,-6790.0,-8520.0,29.257882833480835
-8822.0,-8970.0,-8938.0,29.352275848388672
-10910.0,-8137.0,-7265.0,29.376142024993896
-7429.0,-8309.0,-9917.0,29.397114992141724
-11329.0,-7151.0,-8341.0,29.426027059555054
-11319.0,-7251.0,-8230.0,29.455549955368042
-11219.0,-7653.0,-7823.0,29.53686499595642
-11301.0,-6568.0,-8901.0,29.61046004295349
-11079.0,-7890.0,-7402.0,29.632801055908203
-11308.0,-6929.0,-8722.0,29.66432499885559
-11273.0,-6571.0,-8949.0,29.686939001083374
-10388.0,-8664.0,-6970.0,29.87921905517578
-8935.0,-8941.0,-8759.0,29.902060985565186
-11322.0,-6765.0,-8531.0,29.93098497390747
-10324.0,-8631.0,-7231.0,29.950692892074585
-11093.0,-6325.0,-9386.0,29.97178292274475
-11191.0,-7687.0,-7709.0,30.027595043182373
-11220.0,-6398.0,-9062.0,30.06772804260254
-11092.0,-7693.0,-7571.0,30.123113870620728
-8989.0,-8911.0,-8895.0,30.17967987060547
-11082.0,-6322.0,-9392.0,30.20111584663391
-11084.0,-7728.0,-7481.0,30.22819685935974
-9589.0,-9027.0,-7960.0,30.321372032165527
-11437.0,-6937.0,-8411.0,30.412632942199707
-9488.0,-6701.0,-10527.0,30.43087887763977
-9580.0,-8919.0,-7962.0,30.453125
-9633.0,-8908.0,-8054.0,30.53396487236023
-11230.0,-6563.0,-9009.0,30.621429920196533
-9211.0,-8961.0,-8530.0,30.643617868423462
-11183.0,-7861.0,-7408.0,30.71417999267578
-9112.0,-8914.0,-8545.0,30.736804962158203
-9499.0,-6704.0,-10521.0,30.77453589439392
-10070.0,-8872.0,-7548.0,30.792664051055908
-11315.0,-7609.0,-8057.0,30.86626386642456
-9416.0,-9105.0,-8184.0,30.904221057891846
-9924.0,-8833.0,-7705.0,30.927531957626343
-9897.0,-8950.0,-7772.0,30.948811054229736
-11310.0,-7252.0,-8111.0,30.99208402633667
-11300.0,-7260.0,-8074.0,31.017958879470825
-9525.0,-6764.0,-10466.0,31.03651189804077
-9439.0,-8906.0,-8351.0,31.060762882232666
-11340.0,-7107.0,-8380.0,31.0867178440094
-9160.0,-8903.0,-8862.0,31.184694051742554
-11359.0,-6739.0,-8685.0,31.214237928390503
-11333.0,-6966.0,-8405.0,31.278259992599487
-11209.0,-6395.0,-9068.0,31.298228979110718
-11235.0,-7344.0,-8291.0,31.353792905807495
-9977.0,-8822.0,-7797.0,31.407225847244263
-9508.0,-8959.0,-8180.0,31.504931926727295
-11292.0,-7088.0,-8402.0,31.56336498260498
-9858.0,-8870.0,-8157.0,31.583487033843994
-9233.0,-8914.0,-8468.0,31.609216928482056
-7448.0,-8331.0,-9908.0,31.629875898361206
-9681.0,-8881.0,-7956.0,31.721163988113403
-11278.0,-7132.0,-8434.0,31.757537841796875
-10098.0,-8720.0,-7363.0,31.780122995376587
-9389.0,-8905.0,-8481.0,31.80222988128662
-7402.0,-8346.0,-9885.0,32.06072497367859
-9737.0,-8879.0,-8060.0,32.08287692070007
-11267.0,-7192.0,-8328.0,32.119791984558105
-9560.0,-8897.0,-8448.0,32.16356801986694
-9622.0,-8905.0,-8060.0,32.18582105636597
-11270.0,-6767.0,-8823.0,32.210171937942505
-11267.0,-7129.0,-8440.0,32.23906397819519
-10968.0,-7953.0,-7534.0,32.299187898635864
-11348.0,-6736.0,-8691.0,32.35594582557678
-11247.0,-7053.0,-8529.0,32.38688397407532
-11259.0,-6937.0,-8541.0,32.46981501579285
-9687.0,-8878.0,-8190.0,32.55164098739624
-10031.0,-8792.0,-7933.0,32.57612705230713
-10914.0,-7983.0,-7398.0,32.62383198738098
-9560.0,-6694.0,-10453.0,32.71809005737305
-7637.0,-8355.0,-9878.0,32.76450204849243
-11018.0,-5973.0,-9403.0,32.785260915756226
-11259.0,-6764.0,-8829.0,32.81200098991394
-11216.0,-6756.0,-8889.0,32.840155839920044
-11007.0,-5970.0,-9409.0,32.90792489051819
-11234.0,-7439.0,-8218.0,32.93703603744507
-9947.0,-6182.0,-10329.0,33.009284019470215
-11237.0,-7243.0,-8344.0,33.04261302947998
-8795.0,-8842.0,-8943.0,33.122426986694336
-10807.0,-8198.0,-7150.0,33.17407584190369
-7715.0,-8395.0,-9811.0,33.20037388801575
-8812.0,-8805.0,-8991.0,33.22488188743591
-9287.0,-8884.0,-8604.0,33.2968590259552
-9744.0,-6674.0,-10442.0,33.31919503211975
-11115.0,-7682.0,-7817.0,33.342121839523315
-10711.0,-8242.0,-6916.0,33.36575388908386
-11318.0,-7148.0,-8347.0,33.39009404182434
-10899.0,-8134.0,-7271.0,33.442962884902954
-11219.0,-6560.0,-9015.0,33.468591928482056
-9958.0,-6185.0,-10323.0,33.4913489818573
-10873.0,-8090.0,-7526.0,33.56380295753479
-9938.0,-6590.0,-10306.0,33.5869300365448
-9378.0,-8902.0,-8487.0,33.61540484428406
-11158.0,-6439.0,-9049.0,33.6390118598938
-11236.0,-7050.0,-8535.0,33.714661836624146
-11248.0,-6934.0,-8547.0,33.939892053604126
-11204.0,-6958.0,-8716.0,33.96895790100098
-10700.0,-8239.0,-6922.0,34.08240985870361
-11236.0,-7136.0,-8374.0,34.160202980041504
-11197.0,-6597.0,-8895.0,34.35150504112244
-11181.0,-7244.0,-8422.0,34.40396189689636
-9966.0,-8819.0,-7803.0,34.447969913482666
-7610.0,-8392.0,-9846.0,34.50166392326355
-10451.0,-8591.0,-7483.0,34.5258309841156
-11193.0,-7042.0,-8595.0,34.620465993881226
-11152.0,-7254.0,-8533.0,34.74274301528931
-9910.0,-8801.0,-7836.0,34.785881996154785
-11134.0,-6744.0,-8916.0,34.817967891693115
-11155.0,-6793.0,-8823.0,34.912622928619385
-8832.0,-8732.0,-9156.0,34.94581198692322
-8730.0,-8711.0,-9279.0,34.969419956207275
-11134.0,-6571.0,-9204.0,34.99217200279236
-8966.0,-8834.0,-8910.0,35.09497785568237
-10107.0,-8677.0,-7740.0,35.139381885528564
-11211.0,-7638.0,-8051.0,35.17910385131836
-11123.0,-6249.0,-9263.0,35.20442986488342
-9544.0,-7140.0,-10396.0,35.39152193069458
-11123.0,-6741.0,-8922.0,35.42198705673218
-9044.0,-8804.0,-8949.0,35.44968605041504
-10737.0,-8215.0,-7489.0,35.47449803352356
-11110.0,-6905.0,-8832.0,35.544081926345825
-9331.0,-8868.0,-8805.0,35.59338998794556
-11115.0,-6620.0,-8952.0,35.64685583114624
-9676.0,-8875.0,-8196.0,35.68905782699585
-9508.0,-6801.0,-10418.0,35.71012997627258
-11169.0,-7570.0,-8214.0,35.74176001548767
-10907.0,-7960.0,-7572.0,35.76759886741638
-11064.0,-7909.0,-7768.0,35.790910959243774
-9630.0,-8849.0,-8660.0,35.841217041015625
-9458.0,-8876.0,-8571.0,35.86310005187988
-9787.0,-6682.0,-10382.0,35.893420934677124
-9711.0,-7081.0,-10353.0,35.92215585708618
-11054.0,-7683.0,-8087.0,35.95133090019226
-11053.0,-7691.0,-8141.0,36.0257568359375
-10906.0,-7968.0,-7626.0,36.117023944854736
-9798.0,-6685.0,-10376.0,36.1929669380188
-11163.0,-7245.0,-8307.0,36.33633589744568
-10834.0,-6211.0,-9596.0,36.39832401275635
-11042.0,-7885.0,-7914.0,36.42582297325134
-11104.0,-7679.0,-7823.0,36.45146703720093
-10791.0,-8185.0,-7625.0,36.502665996551514
-10823.0,-6208.0,-9602.0,36.52943396568298
-8983.0,-8797.0,-8958.0,36.55396604537964
-11186.0,-6959.0,-8601.0,36.60951495170593
-7725.0,-8348.0,-9834.0,36.6377489566803
-11113.0,-7162.0,-8698.0,36.67328906059265
-11090.0,-7361.0,-8531.0,36.71982192993164
-11170.0,-7241.0,-8428.0,36.768003940582275
-11115.0,-6589.0,-9009.0,36.802428007125854
-10807.0,-6371.0,-9603.0,36.82856297492981
-10767.0,-6564.0,-9634.0,36.98390483856201
-7974.0,-8310.0,-9840.0,37.00860595703125
-11163.0,-7158.0,-8434.0,37.04500102996826
-9485.0,-6897.0,-10401.0,37.07210993766785
-9525.0,-6801.0,-10397.0,37.09939098358154
-11113.0,-6709.0,-8958.0,37.16990900039673
-8605.0,-8660.0,-9346.0,37.26130199432373
-11112.0,-6246.0,-9269.0,37.2820188999176
-7896.0,-8340.0,-9801.0,37.34412598609924
-11061.0,-6766.0,-8976.0,37.445488929748535
-9019.0,-8708.0,-9067.0,37.47530484199524
-11223.0,-7436.0,-8224.0,37.545382022857666
-11061.0,-6609.0,-9018.0,37.833125829696655
-11207.0,-6762.0,-8842.0,37.85741996765137
-9549.0,-8894.0,-8454.0,37.87975192070007
-10756.0,-6561.0,-9640.0,37.902360916137695
-11112.0,-6785.0,-8883.0,37.9322190284729
-10980.0,-6266.0,-9467.0,37.95607304573059
-11077.0,-7397.0,-8381.0,38.0147168636322
-10749.0,-6222.0,-9785.0,38.12769603729248
-10672.0,-8391.0,-7107.0,38.15265893936157
-11072.0,-6439.0,-9300.0,38.18103504180908
-9733.0,-8819.0,-8224.0,38.20603895187378
-10667.0,-8272.0,-7277.0,38.32414484024048
-10020.0,-8789.0,-7939.0,38.37604093551636
-9176.0,-7315.0,-10433.0,38.39872097969055
-11057.0,-7441.0,-9021.0,38.4377920627594
-9886.0,-8732.0,-8145.0,38.459019899368286
-9846.0,-6642.0,-10408.0,38.608433961868286
-9187.0,-7318.0,-10427.0,38.65987300872803
-11106.0,-6801.0,-8877.0,38.74279189109802
-11093.0,-6942.0,-8784.0,38.778403997421265
-9847.0,-8867.0,-8163.0,38.80143904685974
-11043.0,-6861.0,-9025.0,38.83716082572937
-9684.0,-8819.0,-8796.0,38.8839590549469
-10035.0,-8667.0,-7930.0,38.90545582771301
-11014.0,-6598.0,-9186.0,38.950172901153564
-9233.0,-7553.0,-10376.0,39.02111482620239
-10059.0,-8654.0,-7921.0,39.04307794570923
-11068.0,-7446.0,-8311.0,39.10742402076721
-11103.0,-6826.0,-8866.0,39.149471044540405
-9903.0,-8715.0,-7967.0,39.19664001464844
-11193.0,-6955.0,-8722.0,39.230209827423096
-8956.0,-8654.0,-9504.0,39.25857400894165
-11104.0,-6774.0,-8916.0,39.292320013046265
-11075.0,-6722.0,-8944.0,39.35555982589722
-10864.0,-7982.0,-7528.0,39.439048051834106
-11013.0,-6756.0,-9033.0,39.485867977142334
-11102.0,-7159.0,-8704.0,39.526357889175415
-10855.0,-8012.0,-7607.0,39.55339694023132
-9459.0,-8857.0,-8693.0,39.57598400115967
-10512.0,-8402.0,-7134.0,39.60064387321472
-11100.0,-7005.0,-8721.0,39.678942918777466
-11003.0,-7054.0,-9056.0,39.748034954071045
-10159.0,-8653.0,-8055.0,39.77748489379883
-9940.0,-8702.0,-8281.0,39.801005840301514
-11089.0,-7019.0,-8746.0,39.841044902801514
-11099.0,-6902.0,-8838.0,39.88001799583435
-9393.0,-7415.0,-10367.0,39.95516800880432
-11101.0,-6782.0,-8889.0,39.9843909740448
-11065.0,-7599.0,-8208.0,40.019338846206665
-11010.0,-7939.0,-7632.0,40.358901023864746
-11031.0,-7882.0,-7920.0,40.386536836624146
-11119.0,-7465.0,-8218.0,40.41665601730347
-9149.0,-8773.0,-8886.0,40.44236993789673
-8821.0,-8729.0,-9162.0,40.54883098602295
-10469.0,-8424.0,-7937.0,40.574880838394165
-11092.0,-6823.0,-8872.0,40.69491004943848
-10501.0,-8399.0,-7140.0,40.71995496749878
-10960.0,-7938.0,-7762.0,40.7432918548584
-10970.0,-7887.0,-8085.0,40.770684003829956
-10642.0,-8346.0,-7713.0,40.79804301261902
-9803.0,-8771.0,-8436.0,40.95285105705261
-10898.0,-6254.0,-9494.0,41.004475831985474
-11067.0,-7498.0,-8261.0,41.03979992866516
-9722.0,-8816.0,-8230.0,41.09371900558472
-10996.0,-6693.0,-9235.0,41.136245012283325
-11082.0,-6939.0,-8790.0,41.24168395996094
-11109.0,-7246.0,-8593.0,41.29201793670654
-9073.0,-8670.0,-9227.0,41.34480094909668
-10332.0,-8575.0,-7831.0,41.54856896400452
-9211.0,-8745.0,-8906.0,41.57445502281189
-9772.0,-6718.0,-10268.0,41.64508295059204
-10850.0,-7950.0,-7659.0,41.737897872924805
-9988.0,-8661.0,-8088.0,41.76335692405701
-11025.0,-6554.0,-9206.0,41.795044898986816
-10978.0,-6351.0,-9386.0,42.07518982887268
-10887.0,-6251.0,-9500.0,42.12155485153198
-10823.0,-8007.0,-7917.0,42.15092086791992
-9074.0,-8723.0,-8907.0,42.179136991500854
-11068.0,-7403.0,-8334.0,42.218307971954346
-9425.0,-8705.0,-9006.0,42.28416705131531
-10844.0,-8009.0,-7613.0,42.33781290054321
-10879.0,-6099.0,-9587.0,42.36465096473694
-11056.0,-7495.0,-8267.0,42.44048094749451
-11028.0,-7639.0,-8342.0,42.615715980529785
-10839.0,-7947.0,-7665.0,42.644359827041626
-9761.0,-6765.0,-10267.0,42.67108392715454
-10961.0,-6388.0,-9338.0,42.699559926986694
-9993.0,-6482.0,-10258.0,42.838974952697754
-10968.0,-6468.0,-9294.0,42.87086296081543
-10877.0,-6219.0,-9536.0,43.03875494003296
-10228.0,-8586.0,-8098.0,43.13522982597351
-11098.0,-7243.0,-8599.0,43.17117500305176
-10003.0,-6788.0,-10232.0,43.19814085960388
-10004.0,-6485.0,-10252.0,43.38170599937439
-10401.0,-8508.0,-7874.0,43.42524600028992
-10971.0,-6272.0,-9420.0,43.4496910572052
-9942.0,-6526.0,-10239.0,43.499594926834106
-10912.0,-6577.0,-9309.0,43.53438901901245
-9784.0,-6878.0,-10256.0,43.58171987533569
-10864.0,-7900.0,-7789.0,43.609297037124634
-10886.0,-6460.0,-9408.0,43.73867893218994
-10622.0,-8390.0,-7237.0,43.7942898273468
-8134.0,-8308.0,-9780.0,43.852460861206055
-9382.0,-8737.0,-8873.0,43.96890592575073
-10992.0,-7051.0,-9062.0,44.009997844696045
-10738.0,-6219.0,-9791.0,44.3896849155426
-10849.0,-7937.0,-7882.0,44.41787886619568
-10985.0,-6712.0,-9207.0,44.455843925476074
-10789.0,-8139.0,-8008.0,44.49251389503479
-10876.0,-6295.0,-9461.0,44.651840925216675
-10618.0,-5979.0,-9817.0,44.698282957077026
-11017.0,-7636.0,-8348.0,44.78120398521423
-10981.0,-6729.0,-9121.0,44.87714886665344
-10982.0,-7509.0,-8450.0,45.02797889709473
-10957.0,-6465.0,-9300.0,45.098811864852905
-10273.0,-6305.0,-10125.0,45.11727499961853
-11003.0,-6595.0,-9192.0,45.16863989830017
-10875.0,-6457.0,-9414.0,45.201793909072876
-11054.0,-7596.0,-8214.0,45.2316210269928
-10042.0,-6647.0,-10151.0,45.28093695640564
-9592.0,-7150.0,-10339.0,45.29971790313721
-10284.0,-6308.0,-10119.0,45.34273600578308
-10863.0,-6412.0,-9416.0,45.374155044555664
-10964.0,-6826.0,-9121.0,45.40801787376404
-10830.0,-6569.0,-9423.0,45.441709995269775
-10612.0,-6386.0,-9820.0,45.52496695518494
-10913.0,-7665.0,-8342.0,45.55540084838867
-9534.0,-7256.0,-10314.0,45.58758091926575
-10820.0,-6404.0,-9476.0,45.66082787513733
-10959.0,-7884.0,-8091.0,45.70737290382385
-10949.0,-7720.0,-8135.0,45.843250036239624
-9977.0,-8658.0,-8094.0,45.96214485168457
-10825.0,-6276.0,-9554.0,45.988608837127686
-10884.0,-6580.0,-9357.0,46.024585008621216
-10865.0,-6292.0,-9467.0,46.046756982803345
-10002.0,-8611.0,-8218.0,46.07107186317444
-10407.0,-8429.0,-7488.0,46.11395788192749
-10839.0,-6232.0,-9522.0,46.13622188568115
-10898.0,-7701.0,-8228.0,46.172945976257324
-9240.0,-8611.0,-9184.0,46.23000502586365
-10202.0,-6509.0,-10142.0,46.30504894256592
-10148.0,-8650.0,-8061.0,46.37552499771118
-10970.0,-6726.0,-9127.0,46.41677498817444
-10897.0,-7752.0,-8187.0,46.47623896598816
-10847.0,-7891.0,-8265.0,46.505987882614136
-10877.0,-6672.0,-9276.0,46.56184196472168
-9836.0,-8649.0,-8536.0,46.58515286445618
-10035.0,-8638.0,-8066.0,46.60624599456787
-10813.0,-6325.0,-9510.0,46.65738296508789
-10909.0,-6789.0,-9133.0,46.704203844070435
-10838.0,-7934.0,-7888.0,46.73310685157776
-10938.0,-7717.0,-8141.0,46.80731797218323
-10978.0,-7556.0,-8733.0,46.86145901679993
-9794.0,-7043.0,-10203.0,46.96156883239746
-10873.0,-6756.0,-9171.0,47.03058695793152
-10726.0,-8212.0,-7495.0,47.118645906448364
-9767.0,-6915.0,-10208.0,47.165597915649414
-9796.0,-7070.0,-10164.0,47.24094200134277
-10670.0,-8194.0,-7528.0,47.265251874923706
-10057.0,-8594.0,-8131.0,47.2865149974823
-9759.0,-8659.0,-8469.0,47.31119394302368
-9861.0,-7133.0,-10159.0,47.343814849853516
-10873.0,-6577.0,-9363.0,47.471834897994995
-10887.0,-7761.0,-8122.0,47.60787796974182
-10814.0,-7899.0,-7919.0,47.63779902458191
-10209.0,-6588.0,-10108.0,47.69309902191162
-9853.0,-8632.0,-8358.0,47.77270793914795
-10803.0,-7896.0,-7925.0,47.805387020111084
-10814.0,-6273.0,-9560.0,47.82776188850403
-10854.0,-6871.0,-9109.0,47.90026783943176
-10872.0,-6653.0,-9288.0,48.13159894943237
-10870.0,-6773.0,-9237.0,48.240320920944214
-10811.0,-6410.0,-9429.0,48.39242696762085
-9890.0,-8619.0,-8672.0,48.41247797012329
-10926.0,-7618.0,-8465.0,48.4426109790802
-9340.0,-8143.0,-10063.0,48.46863889694214
-10808.0,-6606.0,-9303.0,48.49869894981384
-10803.0,-6441.0,-9428.0,48.52762794494629
-10774.0,-6466.0,-9591.0,48.556411027908325
-9475.0,-7296.0,-10288.0,48.584561824798584
-10887.0,-7698.0,-8234.0,48.645216941833496
-10853.0,-6810.0,-9189.0,48.74615693092346
-9427.0,-7469.0,-10240.0,48.78770899772644
-10321.0,-8572.0,-7837.0,48.87575602531433
-10974.0,-6709.0,-9213.0,48.9067599773407
-10780.0,-8182.0,-7631.0,48.927923917770386
-10797.0,-6603.0,-9309.0,49.00656199455261
-10700.0,-8168.0,-7750.0,49.04982590675354
-10009.0,-8571.0,-8312.0,49.108301877975464
-10769.0,-6606.0,-9357.0,49.15122699737549
-10763.0,-6636.0,-9309.0,49.194530963897705
-10833.0,-7188.0,-9104.0,49.23226594924927
-10829.0,-6752.0,-9278.0,49.36830687522888
-10109.0,-8570.0,-8446.0,49.454586029052734
-10826.0,-6948.0,-9152.0,49.507246017456055
-9635.0,-7158.0,-10279.0,49.53439784049988
-9985.0,-8584.0,-8321.0,49.62214398384094
-9956.0,-6932.0,-10155.0,49.64807486534119
-9930.0,-8613.0,-8389.0,49.669848918914795
-10840.0,-7868.0,-8439.0,49.76405596733093
-10575.0,-8395.0,-7532.0,49.78654384613037
-9486.0,-7299.0,-10282.0,49.85764503479004
-10514.0,-8388.0,-7716.0,49.87833285331726
-9542.0,-7172.0,-10275.0,49.907673835754395
-10742.0,-7066.0,-9311.0,49.974613904953
-10197.0,-6704.0,-10096.0,50.000653982162476
-10282.0,-8492.0,-8222.0,50.02098488807678
-10734.0,-6775.0,-9319.0,50.06574988365173
-10752.0,-6643.0,-9309.0,50.16428184509277
-9538.0,-8676.0,-8827.0,50.18613791465759
-10866.0,-6669.0,-9282.0,50.25845789909363
-9646.0,-7161.0,-10273.0,50.313112020492554
-9339.0,-8560.0,-9284.0,50.361984968185425
-10777.0,-7939.0,-8053.0,50.38892102241516
-10746.0,-6647.0,-9290.0,50.429019927978516
-9701.0,-7271.0,-10168.0,50.463446855545044
-10734.0,-6750.0,-9330.0,50.53766894340515
-9690.0,-8648.0,-8639.0,50.562273025512695
-10826.0,-6827.0,-9283.0,50.6361780166626
-10490.0,-6108.0,-9995.0,50.775728940963745
-10425.0,-6282.0,-9968.0,50.83828401565552
-9325.0,-7726.0,-10209.0,50.894639015197754
-10725.0,-6695.0,-9433.0,51.14284086227417
-10462.0,-6142.0,-9953.0,51.1829559803009
-10745.0,-6580.0,-9612.0,51.23979687690735
-10726.0,-6598.0,-9417.0,51.31751585006714
-10815.0,-6945.0,-9158.0,51.3722460269928
-9465.0,-7413.0,-10196.0,51.446038007736206
-9592.0,-8646.0,-8963.0,51.49444603919983
-9221.0,-7669.0,-10364.0,51.51947999000549
-10811.0,-6863.0,-9169.0,51.59735989570618
-9411.0,-8603.0,-9151.0,51.641711950302124
-10723.0,-6255.0,-9677.0,51.66759705543518
-10766.0,-7936.0,-8059.0,51.760884046554565
-10800.0,-6860.0,-9175.0,51.80465483665466
-10538.0,-8375.0,-7707.0,51.823962926864624
-10744.0,-7912.0,-8205.0,51.89469504356384
-10473.0,-6145.0,-9947.0,51.91457200050354
-10782.0,-6873.0,-9280.0,51.95436692237854
-10439.0,-6238.0,-9936.0,51.97401285171509
-10871.0,-7597.0,-8505.0,52.00605392456055
-10029.0,-6729.0,-10058.0,52.03081393241882
-9492.0,-7667.0,-10166.0,52.058434009552
-10704.0,-8055.0,-8277.0,52.12658190727234
-10365.0,-8453.0,-7931.0,52.15111994743347
-10367.0,-6570.0,-10048.0,52.183104038238525
-9938.0,-8578.0,-8479.0,52.276371002197266
-9712.0,-7274.0,-10162.0,52.305444955825806
-10713.0,-6553.0,-9700.0,52.35532593727112
-8964.0,-8534.0,-9346.0,52.45416498184204
-9652.0,-7529.0,-10157.0,52.581429958343506
-10644.0,-8150.0,-7783.0,52.607324838638306
-10450.0,-6241.0,-9930.0,52.62799000740051
-10596.0,-8191.0,-7976.0,52.65332388877869
-10743.0,-7920.0,-8259.0,52.71258187294006
-9152.0,-8497.0,-9337.0,52.737448930740356
-10498.0,-6260.0,-9908.0,52.76157999038696
-10760.0,-7053.0,-9206.0,52.89711284637451
-10075.0,-6771.0,-10009.0,52.97564888000488
-8568.0,-8182.0,-9933.0,53.04351305961609
-8868.0,-8532.0,-9681.0,53.06929683685303
-10000.0,-6843.0,-10079.0,53.17033505439758
-10508.0,-6450.0,-9844.0,53.2560498714447
-10822.0,-7185.0,-9110.0,53.3240430355072
-10863.0,-7582.0,-8733.0,53.48045492172241
-10804.0,-6964.0,-9130.0,53.55369186401367
-10633.0,-8147.0,-7789.0,53.579938888549805
-10571.0,-6278.0,-9834.0,53.60283803939819
-10822.0,-7647.0,-8459.0,53.63490390777588
-10542.0,-8221.0,-7840.0,53.660934925079346
-10716.0,-6714.0,-9334.0,53.6966278553009
-10848.0,-7618.0,-8619.0,53.72531700134277
-9410.0,-7506.0,-10192.0,53.78181505203247
-10888.0,-7080.0,-9056.0,53.82110404968262
-10701.0,-6755.0,-9527.0,53.87095499038696
-10354.0,-8450.0,-7937.0,53.97497797012329
-10673.0,-6299.0,-9711.0,54.00048804283142
-10298.0,-8432.0,-7970.0,54.135398864746094
-9872.0,-7136.0,-10153.0,54.16352987289429
-10811.0,-7644.0,-8465.0,54.343705892562866
-10057.0,-7064.0,-10005.0,54.37644386291504
-10797.0,-7808.0,-8656.0,54.46621298789978
-9879.0,-7038.0,-10110.0,54.49445104598999
-8776.0,-8267.0,-9914.0,54.52026700973511
-10744.0,-6940.0,-9266.0,54.560081005096436
-8981.0,-8497.0,-9394.0,54.72829294204712
-10419.0,-8423.0,-8067.0,54.75260806083679
-10582.0,-6281.0,-9828.0,54.795148849487305
-9961.0,-6919.0,-10031.0,54.82965803146362
-9954.0,-7017.0,-10074.0,54.91020584106445
-10503.0,-8385.0,-7722.0,54.96970891952515
-10723.0,-6772.0,-9325.0,55.00295305252075
-10086.0,-6774.0,-10003.0,55.031946897506714
-9811.0,-8597.0,-8737.0,55.17943596839905
-9983.0,-6880.0,-10031.0,55.213812828063965
-9387.0,-7602.0,-10175.0,55.24552083015442
-10704.0,-6780.0,-9330.0,55.37671685218811
-9152.0,-8489.0,-9361.0,55.49278783798218
-10131.0,-6785.0,-9983.0,55.52226400375366
-10476.0,-6301.0,-9875.0,55.54624104499817
-10731.0,-7063.0,-9317.0,55.58006501197815
-10688.0,-7055.0,-9377.0,55.641347885131836
-9719.0,-7176.0,-10119.0,55.664904832839966
-9193.0,-7686.0,-10311.0,55.690211057662964
-10715.0,-6783.0,-9324.0,55.764899015426636
-9821.0,-7144.0,-10085.0,55.88180494308472
-10252.0,-6596.0,-10048.0,56.08513689041138
-9709.0,-8576.0,-8860.0,56.113112926483154
-9927.0,-8575.0,-8485.0,56.1371488571167
-9504.0,-8530.0,-9020.0,56.18749785423279
-9762.0,-7184.0,-10059.0,56.21563196182251
-10271.0,-8489.0,-8228.0,56.29845595359802
-9972.0,-6922.0,-10025.0,56.38318991661072
-8989.0,-8486.0,-9528.0,56.40445685386658
-9984.0,-8519.0,-8513.0,56.43088102340698
-10121.0,-8450.0,-8358.0,56.45914006233215
-10497.0,-6447.0,-9850.0,56.48392987251282
-9151.0,-7817.0,-10110.0,56.50740694999695
-10263.0,-6599.0,-10042.0,56.530267000198364
-10235.0,-6633.0,-10000.0,56.59296798706055
-9035.0,-8473.0,-9638.0,56.677305936813354
-10191.0,-8402.0,-8570.0,56.90930700302124
-10098.0,-8567.0,-8452.0,56.93677997589111
-10142.0,-6788.0,-9977.0,57.014699935913086
-10670.0,-8123.0,-8356.0,57.04183483123779
-10527.0,-8372.0,-7713.0,57.06361794471741
-10082.0,-6851.0,-9965.0,57.15546488761902
-10967.0,-7553.0,-8739.0,57.29799795150757
-9415.0,-8540.0,-9059.0,57.353235960006714
-9973.0,-8516.0,-8519.0,57.40324687957764
-9773.0,-7187.0,-10053.0,57.43929386138916
-10801.0,-7450.0,-8829.0,57.48142600059509
-9800.0,-8594.0,-8743.0,57.51002883911133
-9858.0,-7329.0,-10033.0,57.575490951538086
-10683.0,-6756.0,-9412.0,57.6542329788208
-10535.0,-8198.0,-8014.0,57.6837420463562
-10668.0,-7450.0,-9429.0,57.728270053863525
-9904.0,-8426.0,-8792.0,57.76130199432373
-9960.0,-6976.0,-10014.0,57.84954285621643
-10730.0,-7133.0,-9146.0,57.89497089385986
-10246.0,-6636.0,-9994.0,58.008211851119995
-8878.0,-8288.0,-9791.0,58.03272795677185
-10705.0,-7635.0,-8823.0,58.107475996017456
-10301.0,-6761.0,-9941.0,58.13814687728882
-10493.0,-8212.0,-7916.0,58.23630905151367
-9890.0,-7123.0,-10048.0,58.342790842056274
-10690.0,-6752.0,-9533.0,58.40118384361267
-9162.0,-7820.0,-10104.0,58.42730903625488
-9437.0,-8499.0,-9092.0,58.454978942871094
-9210.0,-7839.0,-10082.0,58.483968019485474
-10682.0,-7921.0,-8529.0,58.50982594490051
-10100.0,-7072.0,-9945.0,58.546496868133545
-9963.0,-8416.0,-8575.0,58.580129861831665
-9288.0,-8467.0,-9383.0,58.640944957733154
-10652.0,-6590.0,-9634.0,58.67830801010132
-10408.0,-8420.0,-8073.0,58.76988196372986
-9691.0,-7388.0,-10076.0,58.871126890182495
-8867.0,-8285.0,-9797.0,58.91270589828491
-10732.0,-7917.0,-8265.0,58.93960905075073
-10492.0,-8220.0,-7970.0,59.00150203704834
-9688.0,-8461.0,-8969.0,59.03611898422241
-10837.0,-7615.0,-8625.0,59.07202100753784
-10614.0,-6604.0,-9600.0,59.13683104515076
-10286.0,-8338.0,-8355.0,59.173877000808716
-10731.0,-7236.0,-9029.0,59.216912031173706
-9738.0,-8462.0,-8839.0,59.25673484802246
-10331.0,-8302.0,-8134.0,59.37035393714905
-9450.0,-8470.0,-9046.0,59.43820405006409
-10111.0,-7075.0,-9939.0,59.57027292251587
-10720.0,-7233.0,-9035.0,59.64260482788086
-10393.0,-6476.0,-9844.0,59.723631858825684
-10019.0,-8429.0,-8481.0,59.79372596740723
-10607.0,-6702.0,-9643.0,59.82972693443298
-10676.0,-7257.0,-9204.0,59.90871286392212
-9206.0,-8459.0,-9497.0,59.99907302856445
-10718.0,-7249.0,-9134.0,60.08443593978882
-10572.0,-6397.0,-9746.0,60.113332986831665
-9606.0,-8453.0,-9083.0,60.18608999252319
-10187.0,-6894.0,-9911.0,60.22750997543335
-9677.0,-8458.0,-8975.0,60.26296305656433
-10568.0,-6474.0,-9708.0,60.366644859313965
-10589.0,-8168.0,-8150.0,60.48202204704285
-10659.0,-6951.0,-9455.0,60.560466051101685
-9549.0,-7747.0,-10065.0,60.65354895591736
-10392.0,-6779.0,-9824.0,60.72208595275879
-9450.0,-8462.0,-9070.0,60.813140869140625
-10513.0,-6437.0,-9720.0,60.85111999511719
-10262.0,-8381.0,-8230.0,60.88490390777588
-9698.0,-7467.0,-10042.0,60.98227095603943
-9933.0,-7131.0,-9988.0,61.11817002296448
-10327.0,-6581.0,-9898.0,61.17657494544983
-10430.0,-8261.0,-7957.0,61.253859996795654
-10486.0,-6466.0,-9822.0,61.286948919296265
-10017.0,-8397.0,-8613.0,61.31855297088623
-10338.0,-6584.0,-9892.0,61.534745931625366
-9400.0,-8473.0,-9175.0,61.55823588371277
-10337.0,-6585.0,-9859.0,61.61811089515686
-9964.0,-8408.0,-8521.0,61.643168926239014
-10348.0,-6588.0,-9853.0,61.682514905929565
-10459.0,-8260.0,-8131.0,61.855806827545166
-10403.0,-6782.0,-9818.0,61.916861057281494
-10325.0,-6701.0,-9847.0,61.95509696006775
-10355.0,-8289.0,-8125.0,61.9841468334198
-9504.0,-8432.0,-9206.0,62.01352500915527
-10320.0,-8299.0,-8140.0,62.10332894325256
-10790.0,-7447.0,-8835.0,62.14153003692627
-10648.0,-6948.0,-9461.0,62.21210289001465
-10110.0,-8447.0,-8364.0,62.319998025894165
-10686.0,-7476.0,-8829.0,62.36951494216919
-10294.0,-8290.0,-8395.0,62.500465869903564
-10719.0,-7442.0,-8943.0,62.54326796531677
-10605.0,-6940.0,-9521.0,62.74472093582153
-10409.0,-6501.0,-9744.0,62.78381085395813
-10635.0,-7457.0,-8922.0,62.89802598953247
-10561.0,-6394.0,-9752.0,63.06028485298157
-10727.0,-7856.0,-8444.0,63.09490394592285
-9595.0,-8450.0,-9089.0,63.122623920440674
-10324.0,-8225.0,-8342.0,63.1574330329895
-10431.0,-6638.0,-9743.0,63.193065881729126
-9960.0,-7385.0,-9958.0,63.231569051742554
-10623.0,-7623.0,-8850.0,63.35527992248535
-10716.0,-7853.0,-8450.0,63.38700604438782
-10006.0,-8394.0,-8619.0,63.57564401626587
-9893.0,-8423.0,-8798.0,63.67804503440857
-10494.0,-6643.0,-9724.0,63.71452283859253
-10694.0,-7829.0,-8596.0,63.741945028305054
-10198.0,-6897.0,-9905.0,63.776373863220215
-10336.0,-6704.0,-9841.0,63.85440993309021
-9944.0,-7134.0,-9982.0,63.96463203430176
-9950.0,-8376.0,-8652.0,63.995659828186035
-9776.0,-8349.0,-8826.0,64.06540989875793
-10609.0,-6582.0,-9694.0,64.25007200241089
-10696.0,-7641.0,-8776.0,64.32794284820557
-10481.0,-8217.0,-7976.0,64.38989806175232
-10259.0,-6957.0,-9869.0,64.41962099075317
-9519.0,-7642.0,-10073.0,64.52328991889954
-9698.0,-8446.0,-8884.0,64.58745384216309
-10479.0,-8180.0,-8047.0,64.63311791419983
-10612.0,-7620.0,-8856.0,64.68061590194702
-9843.0,-8346.0,-9252.0,64.73391389846802
-10628.0,-7645.0,-8756.0,64.81100988388062
-9708.0,-7632.0,-9989.0,64.91806483268738
-10586.0,-6816.0,-9557.0,65.04813289642334
-10442.0,-6641.0,-9737.0,65.0832359790802
-10621.0,-7694.0,-8698.0,65.16272687911987
-10608.0,-7486.0,-9024.0,65.22067785263062
-10326.0,-8208.0,-8212.0,65.25252485275269
-10344.0,-8286.0,-8131.0,65.28015804290771
-10693.0,-7837.0,-8650.0,65.31127595901489
-10397.0,-8202.0,-8446.0,65.34790301322937
-8943.0,-8208.0,-9871.0,65.3751380443573
-9377.0,-8424.0,-9440.0,65.48812699317932
-9737.0,-7518.0,-9968.0,65.52717995643616
-10055.0,-7184.0,-9954.0,65.81018996238708
-10071.0,-8367.0,-8749.0,65.91950583457947
-10659.0,-8120.0,-8362.0,66.02023196220398
-10597.0,-6698.0,-9682.0,66.04699397087097
-10118.0,-6977.0,-9896.0,66.14160490036011
-10578.0,-7950.0,-8523.0,66.22962188720703
-10468.0,-8177.0,-8053.0,66.26162886619568
-10531.0,-6779.0,-9569.0,66.37170505523682
-10121.0,-6902.0,-9891.0,66.41336584091187
-9676.0,-8405.0,-9295.0,66.44113397598267
-10582.0,-7515.0,-8864.0,66.56128692626953
-10578.0,-7562.0,-9147.0,66.90429306030273
-10504.0,-6808.0,-9671.0,66.98374795913696
-10601.0,-7664.0,-8817.0,67.02241587638855
-9333.0,-8446.0,-9347.0,67.07687187194824
-9387.0,-8416.0,-9483.0,67.10483288764954
-10236.0,-8337.0,-8485.0,67.15694093704224
-9560.0,-7750.0,-10059.0,67.18464589118958
-10549.0,-7696.0,-8869.0,67.23743486404419
-10598.0,-6579.0,-9700.0,67.28992295265198
-10539.0,-7705.0,-8804.0,67.36702299118042
-10546.0,-8108.0,-8367.0,67.4416298866272
-10121.0,-8368.0,-8619.0,67.51059293746948
-10516.0,-7991.0,-8510.0,67.54556894302368
-10634.0,-7453.0,-9132.0,67.60826587677002
-9686.0,-7583.0,-10030.0,67.82067894935608
-10288.0,-6843.0,-9848.0,67.85028386116028
-10492.0,-8138.0,-8231.0,67.88370084762573
-10537.0,-7898.0,-8696.0,67.99732899665833
-10586.0,-6695.0,-9688.0,68.02263402938843
-10491.0,-8166.0,-8299.0,68.23905992507935
-9509.0,-7758.0,-9991.0,68.26476287841797
-10128.0,-6981.0,-9857.0,68.37303900718689
-10631.0,-7878.0,-8637.0,68.47237300872803
-9379.0,-8002.0,-9982.0,68.55972194671631
-10502.0,-6893.0,-9590.0,68.6080858707428
-9179.0,-8331.0,-9502.0,68.66490697860718
-9971.0,-7388.0,-9952.0,68.74889087677002
-9881.0,-8322.0,-8863.0,68.78823685646057
-10140.0,-7026.0,-9855.0,68.95279884338379
-9742.0,-7417.0,-9885.0,69.0542140007019
-9196.0,-8294.0,-9550.0,69.08116698265076
-9769.0,-7545.0,-9880.0,69.30781102180481
-10526.0,-7895.0,-8702.0,69.37176299095154
-10513.0,-8081.0,-8519.0,69.40433597564697
-10177.0,-7011.0,-9819.0,69.48006796836853
-10499.0,-7835.0,-8947.0,69.54817986488342
-10564.0,-7601.0,-8878.0,69.60111784934998
-10060.0,-8364.0,-8755.0,69.63084197044373
-10657.0,-7447.0,-9435.0,69.6739490032196
-10344.0,-6952.0,-9776.0,69.80708289146423
-10141.0,-8319.0,-8961.0,69.8393280506134
-10603.0,-7060.0,-9470.0,69.91729283332825
-9567.0,-7652.0,-10016.0,69.97394585609436
-10426.0,-6833.0,-9697.0,70.0676908493042
-10596.0,-6699.0,-9649.0,70.09695601463318
-10477.0,-6678.0,-9690.0,70.29569005966187
-9450.0,-7798.0,-9965.0,70.35326886177063
-10085.0,-7108.0,-9831.0,70.3940360546112
-10437.0,-6836.0,-9691.0,70.43209886550903
-10429.0,-6758.0,-9692.0,70.54927587509155
-9790.0,-7640.0,-9875.0,70.63171982765198
-10550.0,-7645.0,-8910.0,70.75956702232361
-10241.0,-8263.0,-8492.0,71.01660394668579
-9978.0,-7290.0,-9909.0,71.0656349658966
-10183.0,-7034.0,-9795.0,71.18613791465759
-10495.0,-6985.0,-9509.0,71.25723505020142
-10590.0,-7661.0,-8823.0,71.29574799537659
-10107.0,-7433.0,-9766.0,71.35572004318237
-10194.0,-7037.0,-9789.0,71.41501998901367
-9544.0,-8365.0,-9397.0,71.44714903831482
-9189.0,-8215.0,-9584.0,71.576180934906
-9950.0,-7502.0,-9866.0,71.62088704109192
-10184.0,-7090.0,-9785.0,71.67542505264282
-9114.0,-8200.0,-9838.0,71.69632697105408
-10515.0,-7980.0,-8572.0,71.74017691612244
-10440.0,-6761.0,-9686.0,71.80015802383423
-10082.0,-7132.0,-9830.0,71.92117500305176
-10472.0,-6949.0,-9527.0,72.09077191352844
-10539.0,-7642.0,-8916.0,72.21175694465637
-10455.0,-7178.0,-9540.0,72.39569687843323
-10196.0,-7064.0,-9750.0,72.50270700454712
-9461.0,-7801.0,-9959.0,72.56182789802551
-10682.0,-7834.0,-8656.0,72.5846848487854
-10225.0,-8334.0,-8491.0,72.66751503944397
-10222.0,-7034.0,-9741.0,72.74512600898743
-9546.0,-7943.0,-9939.0,72.79300999641418
-10567.0,-7947.0,-8529.0,72.82098388671875
-9610.0,-7660.0,-9956.0,72.99426484107971
-10205.0,-8209.0,-8690.0,73.02188396453857
-10060.0,-7157.0,-9768.0,73.12574291229248
-10444.0,-7175.0,-9546.0,73.16840887069702
-9428.0,-8293.0,-9508.0,73.19960498809814
-10416.0,-6950.0,-9605.0,73.24210000038147
-10438.0,-6999.0,-9564.0,73.40382194519043
-10492.0,-7010.0,-9498.0,73.44864988327026
-10346.0,-8183.0,-8539.0,73.51900887489319
-10483.0,-6952.0,-9521.0,73.55160188674927
-10441.0,-8083.0,-8690.0,73.73139595985413
-10443.0,-8129.0,-8307.0,73.81785798072815
-10167.0,-7127.0,-9737.0,73.87080097198486
-9621.0,-7663.0,-9950.0,73.93126487731934
-10342.0,-7072.0,-9725.0,74.04261803627014
-10474.0,-7591.0,-9141.0,74.13458395004272
-9582.0,-7677.0,-9903.0,74.1578619480133
-10442.0,-8137.0,-8361.0,74.21161603927612
-9403.0,-8197.0,-9626.0,74.23886203765869
-10400.0,-6837.0,-9665.0,74.32563495635986
-10393.0,-6882.0,-9688.0,74.38179397583008
-10426.0,-6954.0,-9566.0,74.54328489303589
-10462.0,-7080.0,-9497.0,74.76879286766052
-9593.0,-7680.0,-9897.0,74.88419604301453
-10481.0,-7007.0,-9504.0,74.964026927948
-9619.0,-7740.0,-9842.0,74.98756790161133
-10499.0,-7089.0,-9464.0,75.04428291320801
-10382.0,-6879.0,-9694.0,75.09658598899841
-10457.0,-7628.0,-9093.0,75.28163886070251
-10185.0,-7061.0,-9756.0,75.3508050441742
-10108.0,-7167.0,-9711.0,75.41156196594238
-10119.0,-7170.0,-9705.0,75.5040328502655
-10431.0,-8134.0,-8367.0,75.59325385093689
-10372.0,-8150.0,-8647.0,75.62773299217224
-9654.0,-7670.0,-9829.0,75.73259592056274
-10361.0,-6913.0,-9617.0,75.99598097801208
-10210.0,-7135.0,-9677.0,76.05019497871399
-10451.0,-7877.0,-8847.0,76.1773419380188
-10488.0,-7086.0,-9470.0,76.23724603652954
-10221.0,-7138.0,-9671.0,76.29201102256775
-10180.0,-7230.0,-9669.0,76.37720704078674
-9935.0,-8292.0,-8999.0,76.41586399078369
-9240.0,-8186.0,-9817.0,76.571359872818
-10360.0,-6970.0,-9600.0,76.62000703811646
-10227.0,-7098.0,-9725.0,76.66136384010315
-9809.0,-7516.0,-9797.0,76.79789090156555
-9714.0,-7717.0,-9801.0,76.82902002334595
-10453.0,-7705.0,-9055.0,76.92182683944702
-10238.0,-7101.0,-9719.0,77.07813882827759
-10349.0,-6967.0,-9606.0,77.1461968421936
-9607.0,-7856.0,-9830.0,77.47818088531494
-9947.0,-7571.0,-9775.0,77.51102805137634
-10470.0,-7487.0,-9186.0,77.68189001083374
-10430.0,-7991.0,-8761.0,77.71714091300964
-9893.0,-8207.0,-9174.0,77.74674105644226
-9584.0,-8232.0,-9462.0,77.76946496963501
-9666.0,-8240.0,-9348.0,77.78628301620483
-10194.0,-8206.0,-8696.0,77.89568996429443
-10156.0,-8179.0,-8761.0,78.05115699768066
-9725.0,-7720.0,-9795.0,78.07221984863281
-9629.0,-7905.0,-9789.0,78.15703797340393
-10202.0,-7432.0,-9634.0,78.23961091041565
-10276.0,-7263.0,-9618.0,78.31049585342407
-9447.0,-7994.0,-9839.0,78.33062601089478
-10467.0,-7512.0,-9175.0,78.37423706054688
-9638.0,-8116.0,-9772.0,78.4186339378357
-10274.0,-8142.0,-8733.0,78.44625997543335
-10117.0,-7290.0,-9654.0,78.5275330543518
-10433.0,-7194.0,-9518.0,78.57587194442749
-10430.0,-7680.0,-9217.0,78.63385605812073
-9881.0,-7658.0,-9758.0,78.71555805206299
-10361.0,-8147.0,-8653.0,78.74290704727173
-9675.0,-7753.0,-9748.0,78.7658360004425
-9976.0,-8169.0,-9024.0,78.92615389823914
-10378.0,-7284.0,-9495.0,78.97128200531006
-10378.0,-7742.0,-8949.0,79.0854320526123
-10369.0,-7897.0,-8833.0,79.136971950531
-10332.0,-7894.0,-8990.0,79.21124601364136
-9430.0,-8031.0,-9791.0,79.34459185600281
-10456.0,-7509.0,-9181.0,79.38010597229004
-9892.0,-7661.0,-9752.0,79.43977999687195
-9976.0,-7457.0,-9754.0,79.46669483184814
-9748.0,-7771.0,-9674.0,79.5485029220581
-10419.0,-7677.0,-9223.0,79.59135699272156
-10270.0,-8129.0,-8770.0,79.61853885650635
-9458.0,-8212.0,-9466.0,79.67625284194946
-10413.0,-7501.0,-9241.0,79.7230589389801
-9972.0,-8156.0,-9061.0,79.74986505508423
-10333.0,-7905.0,-8928.0,79.79626703262329
-9653.0,-7794.0,-9715.0,79.82089185714722
-9457.0,-8159.0,-9786.0,79.85592889785767
-9711.0,-7913.0,-9675.0,79.8873360157013
-10446.0,-7625.0,-9099.0,80.04381203651428
-10322.0,-8067.0,-9038.0,80.14575600624084
-10155.0,-8126.0,-9081.0,80.19546604156494
-9688.0,-8199.0,-9381.0,80.27829003334045
-10032.0,-7566.0,-9682.0,80.30574297904968
-9759.0,-7774.0,-9668.0,80.34578394889832
-10440.0,-7874.0,-8853.0,80.48526501655579
-10401.0,-7456.0,-9243.0,80.52320384979248
-10383.0,-7491.0,-9255.0,80.64060187339783
-10395.0,-7864.0,-8941.0,80.78139400482178
-10049.0,-8146.0,-9128.0,80.80396389961243
-9701.0,-8170.0,-9335.0,80.91960883140564
-9823.0,-7821.0,-9653.0,80.96662402153015
-10463.0,-7588.0,-9147.0,81.01066088676453
-9755.0,-8132.0,-9495.0,81.03971099853516
-10214.0,-8116.0,-8864.0,81.0664279460907
-10354.0,-7467.0,-9318.0,81.18421697616577
-9857.0,-8153.0,-9372.0,81.26481604576111
-10367.0,-7281.0,-9501.0,81.33962798118591
-10360.0,-7379.0,-9544.0,81.43918991088867
-10296.0,-8100.0,-8930.0,81.46304702758789
-10347.0,-7565.0,-9361.0,81.54842185974121
-10315.0,-7706.0,-9217.0,81.9366979598999
-9640.0,-8180.0,-9403.0,81.97907996177673
-10322.0,-7729.0,-9043.0,82.0861668586731
-9908.0,-7633.0,-9665.0,82.11909699440002
-10311.0,-8064.0,-9044.0,82.28708004951477
-10300.0,-7742.0,-9103.0,82.3263669013977
-10035.0,-7491.0,-9677.0,82.42190790176392
-10087.0,-7458.0,-9634.0,82.46239185333252
-9629.0,-8177.0,-9409.0,82.5036849975586
-9919.0,-7636.0,-9659.0,82.53468203544617
-9866.0,-7694.0,-9644.0,82.60777497291565
-10215.0,-8108.0,-8810.0,82.63120198249817
-10234.0,-7459.0,-9546.0,82.76973986625671
-10030.0,-7686.0,-9631.0,82.84681391716003
-9998.0,-8127.0,-9221.0,82.970223903656
-10098.0,-7461.0,-9628.0,83.00427103042603
-10075.0,-7574.0,-9622.0,83.07096600532532
-10384.0,-7861.0,-8947.0,83.09874486923218
-10293.0,-7843.0,-9064.0,83.18899583816528
-10321.0,-7598.0,-9253.0,83.22902297973633
-9915.0,-7712.0,-9631.0,83.39537405967712
-10249.0,-7932.0,-9140.0,83.62012386322021
-10289.0,-7739.0,-9109.0,83.71215295791626
-9926.0,-7715.0,-9625.0,83.86731791496277
-10336.0,-7562.0,-9367.0,83.92362785339355
-10223.0,-7629.0,-9264.0,83.97280502319336
-9888.0,-8019.0,-9579.0,83.99948501586914
-9898.0,-7749.0,-9583.0,84.03701686859131
-10108.0,-7626.0,-9575.0,84.07554388046265
-10086.0,-7577.0,-9616.0,84.26749992370605
-9846.0,-8150.0,-9378.0,84.28902292251587
-10274.0,-7430.0,-9463.0,84.32576704025269
-10205.0,-7593.0,-9268.0,84.41567301750183
-10197.0,-7536.0,-9418.0,84.54061603546143
-10190.0,-7634.0,-9461.0,84.60964894294739
-10097.0,-7623.0,-9581.0,84.64647102355957
-9922.0,-8073.0,-9452.0,84.67174696922302
-9663.0,-7959.0,-9662.0,84.75247383117676
-10240.0,-7721.0,-9157.0,84.79112601280212
-10201.0,-7670.0,-9231.0,84.88724684715271
-10115.0,-7528.0,-9532.0,85.04891085624695
-10186.0,-7992.0,-9288.0,85.18748593330383
-10158.0,-7536.0,-9472.0,85.28813600540161
-10071.0,-8105.0,-9161.0,85.53414988517761
-10144.0,-8123.0,-9087.0,85.63984799385071
-9646.0,-7996.0,-9614.0,85.70593094825745
-9927.0,-7878.0,-9498.0,85.74773788452148
-10094.0,-7819.0,-9455.0,85.83839392662048
-9909.0,-7752.0,-9577.0,85.87710785865784
-10179.0,-7631.0,-9467.0,86.11721086502075
-10023.0,-8086.0,-9183.0,86.13277697563171
-10083.0,-8002.0,-9121.0,86.17486190795898
-9905.0,-7829.0,-9539.0,86.20104598999023
-10157.0,-7759.0,-9307.0,86.2529718875885
-10057.0,-7634.0,-9507.0,86.52874183654785
-10012.0,-8083.0,-9189.0,86.58102703094482
-10155.0,-7732.0,-9346.0,86.62658786773682
-9951.0,-7959.0,-9431.0,86.8752498626709
-10082.0,-7935.0,-9443.0,87.0346360206604
