z1,z2,z3
-7891.0,-6530.0,-14327.0
-11364.0,-6354.0,-9192.0
-5322.0,-12637.0,-7666.0
-6075.0,-12599.0,-8419.0
-6160.0,-12595.0,-8474.0
-5574.0,-12535.0,-8741.0
-5659.0,-12531.0,-8796.0
-5273.0,-12500.0,-9278.0
-11357.0,-7451.0,-9652.0
-5357.0,-12467.0,-9574.0
-11349.0,-6337.0,-9833.0
-6310.0,-12370.0,-9799.0
-5343.0,-12610.0,-7396.0
-7411.0,-7213.0,-14274.0
-11303.0,-5596.0,-10229.0
-6395.0,-12366.0,-9854.0
-4733.0,-12304.0,-10014.0
-6258.0,-12208.0,-10040.0
-5777.0,-12206.0,-10172.0
-11273.0,-5978.0,-10240.0
-11267.0,-5298.0,-10629.0
-5862.0,-12202.0,-10227.0
-4870.0,-12168.0,-10322.0
-11282.0,-7677.0,-9696.0
-5761.0,-12122.0,-10649.0
-7133.0,-7231.0,-14242.0
-7076.0,-7697.0,-14231.0
-6312.0,-12498.0,-6975.0
-11261.0,-8087.0,-9089.0
-11250.0,-5289.0,-10647.0
-11225.0,-5640.0,-10662.0
-11192.0,-5524.0,-10673.0
-11171.0,-5346.0,-10713.0
-11157.0,-6710.0,-10724.0
-11150.0,-6076.0,-11114.0
-6353.0,-12491.0,-7000.0
-5802.0,-12115.0,-10674.0
-5887.0,-12111.0,-10729.0
-6438.0,-12487.0,-7055.0
-6282.0,-11983.0,-10879.0
-6543.0,-12423.0,-8320.0
-6780.0,-7960.0,-14158.0
-7125.0,-11965.0,-10894.0
-6628.0,-12419.0,-8375.0
-5923.0,-11887.0,-10935.0
-11152.0,-8371.0,-9006.0
-5964.0,-11880.0,-10960.0
-6049.0,-11876.0,-11015.0
-6669.0,-12412.0,-8400.0
-11075.0,-6302.0,-11158.0
-6670.0,-12396.0,-8388.0
-6711.0,-12389.0,-8413.0
-6219.0,-11769.0,-11257.0
-11016.0,-5308.0,-11222.0
-6732.0,-12362.0,-8143.0
-6795.0,-12301.0,-8351.0
-11009.0,-5901.0,-11435.0
-6803.0,-7975.0,-14116.0
-6778.0,-8206.0,-14111.0
-6922.0,-12294.0,-9463.0
-11089.0,-8432.0,-8798.0
-5840.0,-11714.0,-11263.0
-5925.0,-11710.0,-11318.0
-7116.0,-12241.0,-7906.0
-11076.0,-8632.0,-7439.0
-5908.0,-11701.0,-11336.0
-10951.0,-5942.0,-11592.0
-5426.0,-11631.0,-11389.0
-6665.0,-8382.0,-14090.0
-5467.0,-11624.0,-11414.0
-5552.0,-11620.0,-11469.0
-7142.0,-11608.0,-11610.0
-7200.0,-12186.0,-8044.0
-10941.0,-5744.0,-11674.0
-10993.0,-8994.0,-8508.0
-6482.0,-8469.0,-14038.0
-7437.0,-12172.0,-7933.0
-10899.0,-6086.0,-11707.0
-6432.0,-11545.0,-12065.0
-10866.0,-5970.0,-11718.0
-10800.0,-5569.0,-11995.0
-6985.0,-8528.0,-14032.0
-6369.0,-8645.0,-14017.0
-6392.0,-8660.0,-13975.0
-7466.0,-12087.0,-8309.0
-7792.0,-8674.0,-13965.0
-6425.0,-8776.0,-13964.0
-7482.0,-12069.0,-8139.0
-7487.0,-12060.0,-8039.0
-7524.0,-12046.0,-8152.0
-10987.0,-9005.0,-8531.0
-10947.0,-9240.0,-8344.0
-7536.0,-12033.0,-7827.0
-10742.0,-5610.0,-12152.0
-7621.0,-12029.0,-7882.0
-7825.0,-8790.0,-13954.0
-6393.0,-8892.0,-13909.0
-7662.0,-12022.0,-7907.0
-7705.0,-11996.0,-8178.0
-6280.0,-9068.0,-13888.0
-10555.0,-6260.0,-12165.0
-5484.0,-11267.0,-12130.0
-10550.0,-6273.0,-12184.0
-7746.0,-11989.0,-8203.0
-10532.0,-5787.0,-12210.0
-10527.0,-5800.0,-12229.0
-5569.0,-11263.0,-12185.0
-7947.0,-11973.0,-7847.0
-10926.0,-9267.0,-8614.0
-10474.0,-5828.0,-12367.0
-10820.0,-9473.0,-8458.0
-7163.0,-11198.0,-12217.0
-6879.0,-11132.0,-12357.0
-7414.0,-9475.0,-13813.0
-10469.0,-5841.0,-12386.0
-10316.0,-5737.0,-12437.0
-7968.0,-11946.0,-7577.0
-10283.0,-5523.0,-12487.0
-6544.0,-11090.0,-12501.0
-8094.0,-11898.0,-9026.0
-10799.0,-9500.0,-8728.0
-10263.0,-5575.0,-12492.0
-10682.0,-9643.0,-7471.0
-10246.0,-5566.0,-12510.0
-10221.0,-5917.0,-12525.0
-10205.0,-5207.0,-12587.0
-8234.0,-5514.0,-14297.0
-8189.0,-11881.0,-8684.0
-7719.0,-10929.0,-12523.0
-10136.0,-6978.0,-12605.0
-10119.0,-5799.0,-12624.0
-6645.0,-10821.0,-12590.0
-10079.0,-6910.0,-12625.0
-10078.0,-7213.0,-12631.0
-10051.0,-6869.0,-12686.0
-10617.0,-9821.0,-8629.0
-5686.0,-10795.0,-12602.0
-8247.0,-11840.0,-8527.0
-7275.0,-10743.0,-12653.0
-10015.0,-5741.0,-12702.0
-10010.0,-5754.0,-12721.0
-9997.0,-5656.0,-12788.0
-7136.0,-9493.0,-13781.0
-6991.0,-10677.0,-12793.0
-8277.0,-11763.0,-7847.0
-7121.0,-9617.0,-13737.0
-8414.0,-11731.0,-8658.0
-9992.0,-5669.0,-12807.0
-9977.0,-4772.0,-12864.0
-10555.0,-9876.0,-7585.0
-6296.0,-9696.0,-13615.0
-9972.0,-4785.0,-12883.0
-6807.0,-10586.0,-12876.0
-10467.0,-9923.0,-8291.0
-9939.0,-5697.0,-12945.0
-8285.0,-5528.0,-14215.0
-8435.0,-11704.0,-8388.0
-10446.0,-9950.0,-8561.0
-8498.0,-11698.0,-8954.0
-6783.0,-9943.0,-13614.0
-8563.0,-6237.0,-14201.0
-9934.0,-5710.0,-12964.0
-10427.0,-10005.0,-8455.0
-6618.0,-10571.0,-12878.0
-6650.0,-10456.0,-12904.0
-9914.0,-5762.0,-12969.0
-9877.0,-6091.0,-12983.0
-9872.0,-6104.0,-13002.0
-6633.0,-10447.0,-12922.0
-8519.0,-11671.0,-8684.0
-6683.0,-10420.0,-13179.0
-9839.0,-5988.0,-13013.0
-10330.0,-10026.0,-7611.0
-9823.0,-5797.0,-13034.0
-8556.0,-11657.0,-8797.0
-10309.0,-10075.0,-8464.0
-9818.0,-5810.0,-13053.0
-9775.0,-5973.0,-13082.0
-8577.0,-11630.0,-8527.0
-8629.0,-11573.0,-8733.0
-10303.0,-10086.0,-8487.0
-9770.0,-5986.0,-13101.0
-10246.0,-10114.0,-7673.0
-9683.0,-5089.0,-13128.0
-10245.0,-10374.0,-8392.0
-9666.0,-5928.0,-13179.0
-8638.0,-11559.0,-7422.0
-8724.0,-11556.0,-8391.0
-9646.0,-5980.0,-13184.0
-6800.0,-9952.0,-13596.0
-9628.0,-4959.0,-13341.0
-7019.0,-9961.0,-13364.0
-6745.0,-9992.0,-13358.0
-8710.0,-5578.0,-14198.0
-8744.0,-11521.0,-8658.0
-6762.0,-10001.0,-13340.0
-5849.0,-10109.0,-13323.0
-8802.0,-11480.0,-8501.0
-6666.0,-10411.0,-13197.0
-5834.0,-10233.0,-13279.0
-8807.0,-11460.0,-8866.0
-8828.0,-11433.0,-8596.0
-8865.0,-11419.0,-8709.0
-9592.0,-5555.0,-13348.0
-6730.0,-10116.0,-13314.0
-9587.0,-5568.0,-13367.0
-6924.0,-10118.0,-13293.0
-8718.0,-5844.0,-13984.0
-9560.0,-5455.0,-13399.0
-8949.0,-11406.0,-8365.0
-8735.0,-5853.0,-13966.0
-10144.0,-10709.0,-7989.0
-8786.0,-5622.0,-13955.0
-9555.0,-5468.0,-13418.0
-9453.0,-4961.0,-13443.0
-8789.0,-6147.0,-13915.0
-9420.0,-4747.0,-13493.0
-8809.0,-6095.0,-13910.0
-9026.0,-11404.0,-8753.0
-8851.0,-5753.0,-13877.0
-9384.0,-5917.0,-13504.0
-9352.0,-5817.0,-13555.0
-9211.0,-5642.0,-13876.0
-9227.0,-11388.0,-8397.0
-9319.0,-5786.0,-13582.0
-9310.0,-6159.0,-13588.0
-9287.0,-5686.0,-13633.0
-9243.0,-5742.0,-13825.0
-9910.0,-10728.0,-8564.0
-9248.0,-11361.0,-8127.0
-9829.0,-10758.0,-8411.0
-9311.0,-11355.0,-8693.0
-9823.0,-10769.0,-8434.0
-9760.0,-10830.0,-8226.0
-9332.0,-11328.0,-8423.0
-9557.0,-11178.0,-8397.0
-9739.0,-10857.0,-8496.0
-9685.0,-10878.0,-8590.0
-9667.0,-10993.0,-8125.0
-9609.0,-11034.0,-8282.0
-6258.0,-12472.0,-8380.0
-6343.0,-12468.0,-8435.0
-6385.0,-12445.0,-8448.0
-6427.0,-12435.0,-8731.0
-11295.0,-6043.0,-9884.0
-11294.0,-5951.0,-9970.0
-11274.0,-6087.0,-10011.0
-11261.0,-5938.0,-10262.0
-11258.0,-6403.0,-10466.0
-5558.0,-12451.0,-9218.0
-6058.0,-12472.0,-8724.0
-11284.0,-6044.0,-9946.0
-11257.0,-5391.0,-10605.0
-11280.0,-6167.0,-9840.0
-5599.0,-12444.0,-9243.0
-11266.0,-6513.0,-9992.0
-5684.0,-12440.0,-9298.0
-11233.0,-6754.0,-10481.0
-5953.0,-12414.0,-8859.0
-11339.0,-6430.0,-9809.0
-11263.0,-6071.0,-10216.0
-11240.0,-5382.0,-10623.0
-4824.0,-12303.0,-9947.0
-6038.0,-12410.0,-8914.0
-11278.0,-6907.0,-9827.0
-5705.0,-12396.0,-9171.0
-6342.0,-12439.0,-8676.0
-5378.0,-12423.0,-9447.0
-6363.0,-12266.0,-9905.0
-5008.0,-12245.0,-9958.0
-5093.0,-12241.0,-10013.0
-11216.0,-6745.0,-10499.0
-11215.0,-5733.0,-10638.0
-6469.0,-12412.0,-8744.0
-11210.0,-5764.0,-10618.0
-11200.0,-5857.0,-10594.0
-11068.0,-8477.0,-7864.0
-11047.0,-8504.0,-8134.0
-11249.0,-6504.0,-10010.0
-11183.0,-6629.0,-10510.0
-11043.0,-8604.0,-8907.0
-11158.0,-6980.0,-10525.0
-5098.0,-12228.0,-9994.0
-11022.0,-8631.0,-9177.0
-6490.0,-12385.0,-8474.0
-11227.0,-7291.0,-9833.0
-11216.0,-7276.0,-9973.0
-6511.0,-12354.0,-9443.0
-11237.0,-7289.0,-9725.0
-6596.0,-12350.0,-9498.0
-6721.0,-12310.0,-9819.0
-11068.0,-8476.0,-8925.0
-6957.0,-12212.0,-8117.0
-6637.0,-12343.0,-9523.0
-11208.0,-6845.0,-9979.0
-6958.0,-12209.0,-8375.0
-6999.0,-12202.0,-8400.0
-11206.0,-7318.0,-10103.0
-6680.0,-12317.0,-9794.0
-11195.0,-7686.0,-9366.0
-11161.0,-6890.0,-10110.0
-11192.0,-8085.0,-9177.0
-11140.0,-6701.0,-10742.0
-11158.0,-7317.0,-10130.0
-11134.0,-6237.0,-10769.0
-7000.0,-12186.0,-8388.0
-7041.0,-12179.0,-8413.0
-11117.0,-6228.0,-10787.0
-11092.0,-6579.0,-10802.0
-11164.0,-7840.0,-9488.0
-7242.0,-12163.0,-8057.0
-11078.0,-6716.0,-10990.0
-11047.0,-8503.0,-9195.0
-7055.0,-12147.0,-8289.0
-7147.0,-12144.0,-9437.0
-11227.0,-7382.0,-9701.0
-11213.0,-7675.0,-9784.0
-7263.0,-12125.0,-8252.0
-6946.0,-12160.0,-9793.0
-11148.0,-7119.0,-10212.0
-11143.0,-7867.0,-9758.0
-11158.0,-7380.0,-9789.0
-11158.0,-7346.0,-9791.0
-11141.0,-7337.0,-9809.0
-7424.0,-12110.0,-8296.0
-11137.0,-7390.0,-9918.0
-11120.0,-7912.0,-9410.0
-11006.0,-6300.0,-11246.0
-11117.0,-8311.0,-9221.0
-11133.0,-7716.0,-10122.0
-11143.0,-7104.0,-10481.0
-11157.0,-7691.0,-9508.0
-11116.0,-8073.0,-9406.0
-7168.0,-12117.0,-9167.0
-11112.0,-7152.0,-10634.0
-11137.0,-7316.0,-10191.0
-7231.0,-12111.0,-9733.0
-10948.0,-6378.0,-11284.0
-7425.0,-12094.0,-8284.0
-11106.0,-7461.0,-10245.0
-11082.0,-6936.0,-10768.0
-11106.0,-8075.0,-9514.0
-11024.0,-6422.0,-11041.0
-10937.0,-6541.0,-11311.0
-10906.0,-6720.0,-11317.0
-7252.0,-12084.0,-9463.0
-11087.0,-7263.0,-10394.0
-6062.0,-12157.0,-10112.0
-11106.0,-8166.0,-9382.0
-11016.0,-6535.0,-11045.0
-11007.0,-6413.0,-11059.0
-7282.0,-12069.0,-8483.0
-10982.0,-6764.0,-11074.0
-7620.0,-12000.0,-8123.0
-11112.0,-7538.0,-10162.0
-11089.0,-8066.0,-9532.0
-10958.0,-6576.0,-11202.0
-7392.0,-12041.0,-9419.0
-11085.0,-8102.0,-9784.0
-10985.0,-8839.0,-8933.0
-6147.0,-12153.0,-10167.0
-6595.0,-12321.0,-9739.0
-7483.0,-12053.0,-8127.0
-11068.0,-8459.0,-9068.0
-11083.0,-8369.0,-9094.0
-11068.0,-6809.0,-10966.0
-11073.0,-7345.0,-10256.0
-11123.0,-7809.0,-10098.0
-11060.0,-8193.0,-9282.0
-10983.0,-6419.0,-11056.0
-11067.0,-7315.0,-10399.0
-10883.0,-6247.0,-11362.0
-6188.0,-12146.0,-10192.0
-10797.0,-5968.0,-11806.0
-11028.0,-8205.0,-9309.0
-11030.0,-7417.0,-10488.0
-11012.0,-8480.0,-9541.0
-7476.0,-12008.0,-9715.0
-7492.0,-12000.0,-8292.0
-11057.0,-7408.0,-10375.0
-11003.0,-6942.0,-11034.0
-5982.0,-12100.0,-10336.0
-10879.0,-6582.0,-11468.0
-11061.0,-7138.0,-10716.0
-11037.0,-8164.0,-9470.0
-11016.0,-8174.0,-9599.0
-7399.0,-12010.0,-9327.0
-11029.0,-6860.0,-10795.0
-7552.0,-11996.0,-8930.0
-11013.0,-6934.0,-10856.0
-11025.0,-8604.0,-9120.0
-11095.0,-7529.0,-10180.0
-11068.0,-8093.0,-9802.0
-11015.0,-7254.0,-10552.0
-11064.0,-7714.0,-10210.0
-11022.0,-7888.0,-10162.0
-11033.0,-7594.0,-10282.0
-11037.0,-8130.0,-9472.0
-11020.0,-8121.0,-9490.0
-10993.0,-7035.0,-11010.0
-10882.0,-6294.0,-11329.0
-11080.0,-7653.0,-10136.0
-6003.0,-12099.0,-10318.0
-11062.0,-7542.0,-10235.0
-7767.0,-11962.0,-7933.0
-10683.0,-6160.0,-11807.0
-10678.0,-6173.0,-11826.0
-6472.0,-12135.0,-10085.0
-7677.0,-11992.0,-9359.0
-6067.0,-12096.0,-10391.0
-10825.0,-6288.0,-11519.0
-10999.0,-7449.0,-10532.0
-10949.0,-6648.0,-11085.0
-10673.0,-5962.0,-11889.0
-7904.0,-11930.0,-8744.0
-11009.0,-7356.0,-10556.0
-11007.0,-7184.0,-10581.0
-10934.0,-6940.0,-11122.0
-10964.0,-8866.0,-9203.0
-10992.0,-7541.0,-10443.0
-10999.0,-7328.0,-10613.0
-11016.0,-8100.0,-9872.0
-7766.0,-11954.0,-8989.0
-6647.0,-12233.0,-9857.0
-6689.0,-12210.0,-9870.0
-10927.0,-6634.0,-11287.0
-10807.0,-6203.0,-11605.0
-10954.0,-7086.0,-10839.0
-6088.0,-12095.0,-10373.0
-10984.0,-7302.0,-10705.0
-6129.0,-12088.0,-10398.0
-5908.0,-12067.0,-10602.0
-10668.0,-5975.0,-11908.0
-10999.0,-8165.0,-9617.0
-6557.0,-12131.0,-10140.0
-6848.0,-12217.0,-9501.0
-10970.0,-8346.0,-9708.0
-6087.0,-12066.0,-10614.0
-10999.0,-8091.0,-9890.0
-10968.0,-8830.0,-8951.0
-10631.0,-6304.0,-11922.0
-10933.0,-7288.0,-10787.0
-10991.0,-8302.0,-9581.0
-10993.0,-7798.0,-10271.0
-10991.0,-7936.0,-10315.0
-6890.0,-12194.0,-9514.0
-10895.0,-8938.0,-9018.0
-10626.0,-6317.0,-11941.0
-6172.0,-12062.0,-10669.0
-6820.0,-12171.0,-9713.0
-11054.0,-7807.0,-10186.0
-10950.0,-6879.0,-11048.0
-6213.0,-12055.0,-10694.0
-10593.0,-6201.0,-11952.0
-10974.0,-8293.0,-9599.0
-10950.0,-6866.0,-11061.0
-11002.0,-8573.0,-9517.0
-10759.0,-6113.0,-11611.0
-10560.0,-5979.0,-12089.0
-10769.0,-6311.0,-11529.0
-10749.0,-6244.0,-11762.0
-10982.0,-7634.0,-10419.0
-6301.0,-12041.0,-10360.0
-10751.0,-6732.0,-11539.0
-10989.0,-7940.0,-10254.0
-10979.0,-8033.0,-10230.0
-10810.0,-6412.0,-11475.0
-10750.0,-6669.0,-11594.0
-10953.0,-8337.0,-9726.0
-10892.0,-7114.0,-11074.0
-10957.0,-7500.0,-10671.0
-7915.0,-11904.0,-8970.0
-10954.0,-7058.0,-10895.0
-10903.0,-6820.0,-11194.0
-10941.0,-8326.0,-9916.0
-10768.0,-6754.0,-11508.0
-10875.0,-9253.0,-8696.0
-10879.0,-7284.0,-10939.0
-11037.0,-7764.0,-10206.0
-6905.0,-12167.0,-9768.0
-10940.0,-6959.0,-11037.0
-10971.0,-8617.0,-9259.0
-10947.0,-7593.0,-10647.0
-6414.0,-12039.0,-10338.0
-10958.0,-7820.0,-10326.0
-10891.0,-6844.0,-11273.0
-10940.0,-7922.0,-10397.0
-10873.0,-6604.0,-11328.0
-10863.0,-9053.0,-8992.0
-6615.0,-12090.0,-9983.0
-10955.0,-7328.0,-10696.0
-10717.0,-6455.0,-11644.0
-10869.0,-6675.0,-11444.0
-11005.0,-7879.0,-10180.0
-10924.0,-7033.0,-11098.0
-10886.0,-7326.0,-10784.0
-10934.0,-8053.0,-9925.0
-10940.0,-7491.0,-10689.0
-10968.0,-8350.0,-9647.0
-10854.0,-6914.0,-11145.0
-10961.0,-8466.0,-9623.0
-10924.0,-8081.0,-9970.0
-10920.0,-8736.0,-9309.0
-6967.0,-12133.0,-9523.0
-10924.0,-7675.0,-10576.0
-10947.0,-8857.0,-9221.0
-10882.0,-7726.0,-10715.0
-6648.0,-12217.0,-9845.0
-10823.0,-7112.0,-11162.0
-10692.0,-6710.0,-11751.0
-6757.0,-12086.0,-10025.0
-10861.0,-7548.0,-10755.0
-10816.0,-7070.0,-11317.0
-10918.0,-8369.0,-10380.0
-10852.0,-6806.0,-11276.0
-10903.0,-8727.0,-9327.0
-10826.0,-6713.0,-11351.0
-10865.0,-7185.0,-11081.0
-10875.0,-7092.0,-11105.0
-10831.0,-6968.0,-11130.0
-10901.0,-8652.0,-9581.0
-6525.0,-12031.0,-10191.0
-6234.0,-12011.0,-10567.0
-10816.0,-7325.0,-10992.0
-10907.0,-7806.0,-10408.0
-10943.0,-8478.0,-9629.0
-6799.0,-12108.0,-9809.0
-10855.0,-7382.0,-10770.0
-10889.0,-7818.0,-10414.0
-10799.0,-6784.0,-11358.0
-10809.0,-6691.0,-11382.0
-10813.0,-7724.0,-10803.0
-10908.0,-8403.0,-9637.0
-10669.0,-6237.0,-11796.0
-10903.0,-8423.0,-9685.0
-10857.0,-9265.0,-8702.0
-10778.0,-6870.0,-11388.0
-6842.0,-12082.0,-10080.0
-10847.0,-9114.0,-9066.0
-6501.0,-12000.0,-10212.0
-10806.0,-7418.0,-10968.0
-10951.0,-8559.0,-9599.0
-10826.0,-7208.0,-10966.0
-6872.0,-12083.0,-9831.0
-10834.0,-7460.0,-10760.0
-6586.0,-11992.0,-10300.0
-10828.0,-7432.0,-10766.0
-6307.0,-11976.0,-10363.0
-10919.0,-8332.0,-9790.0
-10872.0,-7819.0,-10691.0
-10930.0,-7584.0,-10665.0
-6348.0,-11969.0,-10388.0
-10827.0,-7478.0,-10767.0
-10878.0,-8929.0,-9036.0
-10901.0,-8417.0,-10222.0
-10868.0,-8704.0,-9673.0
-10897.0,-8434.0,-9708.0
-6831.0,-12090.0,-9806.0
-6883.0,-12075.0,-10105.0
-10913.0,-8852.0,-9285.0
-6483.0,-11967.0,-10523.0
-10895.0,-8572.0,-9752.0
-10810.0,-7282.0,-11027.0
-10803.0,-9464.0,-8476.0
-6809.0,-11998.0,-10143.0
-10844.0,-8924.0,-9100.0
-10837.0,-9207.0,-9042.0
-10933.0,-8571.0,-9605.0
-10747.0,-7068.0,-11405.0
-10916.0,-8528.0,-9625.0
-10796.0,-7183.0,-11169.0
-10827.0,-8915.0,-9118.0
-10621.0,-6394.0,-11833.0
-10794.0,-8009.0,-10814.0
-10858.0,-8797.0,-9649.0
-10896.0,-8843.0,-9303.0
-6420.0,-11973.0,-10326.0
-10741.0,-6825.0,-11515.0
-10787.0,-7569.0,-11073.0
-10852.0,-7968.0,-10657.0
-10822.0,-8952.0,-9291.0
-10763.0,-6994.0,-11344.0
-10878.0,-8855.0,-9309.0
-10189.0,-5498.0,-12530.0
-10188.0,-5801.0,-12536.0
-10167.0,-5623.0,-12576.0
-10806.0,-7090.0,-11193.0
-6654.0,-11986.0,-10239.0
-10555.0,-9855.0,-8384.0
-6914.0,-12060.0,-9844.0
-10826.0,-8936.0,-9106.0
-10829.0,-7663.0,-10729.0
-10755.0,-6924.0,-11373.0
-10844.0,-8558.0,-9834.0
-10764.0,-7264.0,-11145.0
-7084.0,-12059.0,-9749.0
-10729.0,-7610.0,-11230.0
-10592.0,-7155.0,-11771.0
-10698.0,-6863.0,-11422.0
-7157.0,-12034.0,-9771.0
-10884.0,-8643.0,-9599.0
-6941.0,-12034.0,-9948.0
-10820.0,-9090.0,-9335.0
-10895.0,-8864.0,-9291.0
-10538.0,-9867.0,-7603.0
-6900.0,-12041.0,-9923.0
-10153.0,-6987.0,-12587.0
-10663.0,-7209.0,-11507.0
-10806.0,-9251.0,-8784.0
-7199.0,-12011.0,-9784.0
-10564.0,-6860.0,-11822.0
-10551.0,-6357.0,-11877.0
-10844.0,-8850.0,-9373.0
-6998.0,-12004.0,-9869.0
-10640.0,-6904.0,-11579.0
-10410.0,-6182.0,-12198.0
-10695.0,-7262.0,-11233.0
-6851.0,-11975.0,-10156.0
-10688.0,-7220.0,-11388.0
-8276.0,-11755.0,-8903.0
-10843.0,-8458.0,-10379.0
-7087.0,-11969.0,-10206.0
-10393.0,-7021.0,-12249.0
-10758.0,-7366.0,-11149.0
-7315.0,-12023.0,-9671.0
-10541.0,-6450.0,-11853.0
-10849.0,-8367.0,-10468.0
-10534.0,-7196.0,-11928.0
-10827.0,-8841.0,-9391.0
-10833.0,-8629.0,-9681.0
-10541.0,-6387.0,-11867.0
-10748.0,-9486.0,-8810.0
-10622.0,-6819.0,-11665.0
-10819.0,-8686.0,-9816.0
-7039.0,-11997.0,-9894.0
-10784.0,-7968.0,-10884.0
-10782.0,-9491.0,-8746.0
-10769.0,-9076.0,-9417.0
-10826.0,-8570.0,-9840.0
-10791.0,-8602.0,-10494.0
-10736.0,-9286.0,-9106.0
-10485.0,-6316.0,-11997.0
-10331.0,-6238.0,-12318.0
-7873.0,-11927.0,-8957.0
-10757.0,-8876.0,-9713.0
-10803.0,-7817.0,-10779.0
-10253.0,-5668.0,-12468.0
-10782.0,-8849.0,-9388.0
-7321.0,-12012.0,-9648.0
-10481.0,-6462.0,-11977.0
-6249.0,-11831.0,-10900.0
-6334.0,-11827.0,-10955.0
-10748.0,-7459.0,-11125.0
-10846.0,-8059.0,-10568.0
-10776.0,-7637.0,-11008.0
-10236.0,-5659.0,-12486.0
-10798.0,-9096.0,-9209.0
-6810.0,-11982.0,-10131.0
-10443.0,-6945.0,-12002.0
-10796.0,-9100.0,-9148.0
-10786.0,-9193.0,-9124.0
-10638.0,-6938.0,-11532.0
-10430.0,-6755.0,-12030.0
-10666.0,-7822.0,-11280.0
-10794.0,-8203.0,-10683.0
-10476.0,-6475.0,-11996.0
-10282.0,-6491.0,-12399.0
-10287.0,-6210.0,-12323.0
-10731.0,-9477.0,-8828.0
-10226.0,-5989.0,-12476.0
-7735.0,-11951.0,-9202.0
-6375.0,-11820.0,-10980.0
-10633.0,-6951.0,-11551.0
-10753.0,-9003.0,-9905.0
-10807.0,-8783.0,-9731.0
-10817.0,-8690.0,-9755.0
-10472.0,-6413.0,-11997.0
-10280.0,-6224.0,-12400.0
-10421.0,-6453.0,-12134.0
-10723.0,-9322.0,-9253.0
-8224.0,-5607.0,-14273.0
-10619.0,-6982.0,-11528.0
-10718.0,-7678.0,-11165.0
-10600.0,-7421.0,-11557.0
-10776.0,-9198.0,-9127.0
-7288.0,-11953.0,-9850.0
-10751.0,-9162.0,-9150.0
-10660.0,-7608.0,-11318.0
-10313.0,-10017.0,-7629.0
-10767.0,-8694.0,-9879.0
-10731.0,-9173.0,-9186.0
-10602.0,-6973.0,-11546.0
-10658.0,-9325.0,-9049.0
-10638.0,-9411.0,-9236.0
-10797.0,-8788.0,-9734.0
-7534.0,-11967.0,-9558.0
-10680.0,-7682.0,-10893.0
-10462.0,-6506.0,-11973.0
-10658.0,-7556.0,-11494.0
-10674.0,-8056.0,-10946.0
-10725.0,-9184.0,-9209.0
-7145.0,-11928.0,-10049.0
-8098.0,-6852.0,-14248.0
-10459.0,-7422.0,-11972.0
-10756.0,-8604.0,-10094.0
-7988.0,-11897.0,-9040.0
-7372.0,-11920.0,-10146.0
-7957.0,-11894.0,-9253.0
-10716.0,-8680.0,-9961.0
-10662.0,-9171.0,-9274.0
-10574.0,-9650.0,-8754.0
-10672.0,-8044.0,-11143.0
-10400.0,-6275.0,-12174.0
-7724.0,-11909.0,-9625.0
-10395.0,-6306.0,-12154.0
-10656.0,-9182.0,-9297.0
-7324.0,-11948.0,-9834.0
-10645.0,-9018.0,-9445.0
-10654.0,-9320.0,-9341.0
-10411.0,-6492.0,-12055.0
-10715.0,-8608.0,-10450.0
-10632.0,-9422.0,-9259.0
-10638.0,-9073.0,-9520.0
-10698.0,-8645.0,-10251.0
-7714.0,-11920.0,-9326.0
-10625.0,-9153.0,-9976.0
-10595.0,-9444.0,-9380.0
-6210.0,-11661.0,-11258.0
-6251.0,-11654.0,-11283.0
-7287.0,-11730.0,-11180.0
-10401.0,-7287.0,-12035.0
-10777.0,-8194.0,-10701.0
-10692.0,-8920.0,-9923.0
-10397.0,-6639.0,-12041.0
-10554.0,-9607.0,-9007.0
-10593.0,-9454.0,-8973.0
-10685.0,-8670.0,-9974.0
-10211.0,-6010.0,-12501.0
-6234.0,-11645.0,-11301.0
-10681.0,-8693.0,-10093.0
-10773.0,-8036.0,-10819.0
-10587.0,-9465.0,-8996.0
-10774.0,-8593.0,-10512.0
-10206.0,-6041.0,-12481.0
-10663.0,-8752.0,-10565.0
-10569.0,-9483.0,-9051.0
-10321.0,-6331.0,-12294.0
-10737.0,-8270.0,-10568.0
-10637.0,-9007.0,-9717.0
-10629.0,-9072.0,-9567.0
-10736.0,-8244.0,-10840.0
-7444.0,-11908.0,-9766.0
-10196.0,-6134.0,-12457.0
-10589.0,-7554.0,-11582.0
-6420.0,-11753.0,-10901.0
-10621.0,-9204.0,-9352.0
-7745.0,-11882.0,-9355.0
-7595.0,-6793.0,-14254.0
-10610.0,-9188.0,-9557.0
-8152.0,-11857.0,-8869.0
-10179.0,-5940.0,-12512.0
-8234.0,-11778.0,-8890.0
-10542.0,-7656.0,-11583.0
-10542.0,-7462.0,-11714.0
-7540.0,-11873.0,-9645.0
-7393.0,-11893.0,-9876.0
-7999.0,-11871.0,-9266.0
-10652.0,-8800.0,-10238.0
-7660.0,-11865.0,-9664.0
-7902.0,-11842.0,-9333.0
-10721.0,-8517.0,-10539.0
-10725.0,-8070.0,-10864.0
-7461.0,-11882.0,-9776.0
-10566.0,-9807.0,-8711.0
-7701.0,-11858.0,-9689.0
-7430.0,-11879.0,-9989.0
-10169.0,-6033.0,-12488.0
-10190.0,-6476.0,-12439.0
-10702.0,-8283.0,-10700.0
-10706.0,-8260.0,-10581.0
-10586.0,-9217.0,-9635.0
-10570.0,-9456.0,-9014.0
-7490.0,-11818.0,-9773.0
-7237.0,-11825.0,-10296.0
-10669.0,-8443.0,-10954.0
-10641.0,-8906.0,-10005.0
-9990.0,-5806.0,-12726.0
-7759.0,-11817.0,-9532.0
-10541.0,-9643.0,-9154.0
-7491.0,-11802.0,-9761.0
-9980.0,-6131.0,-12767.0
-7549.0,-11798.0,-9808.0
-7451.0,-11835.0,-9862.0
-10554.0,-9224.0,-9884.0
-10009.0,-7211.0,-12719.0
-10520.0,-9670.0,-9424.0
-10169.0,-6396.0,-12440.0
-7986.0,-11809.0,-9629.0
-10544.0,-9226.0,-9443.0
-10548.0,-9510.0,-9321.0
-10620.0,-7994.0,-11389.0
-10536.0,-9235.0,-9466.0
-7473.0,-11809.0,-9791.0
-10420.0,-6848.0,-12006.0
-10418.0,-7296.0,-12017.0
-10524.0,-9251.0,-9390.0
-10418.0,-9687.0,-9107.0
-10522.0,-9256.0,-9464.0
-9679.0,-5634.0,-13115.0
-10719.0,-8235.0,-10858.0
-7477.0,-11788.0,-9957.0
-10629.0,-8837.0,-10208.0
-9604.0,-6322.0,-13217.0
-8033.0,-11794.0,-9246.0
-10410.0,-9740.0,-8867.0
-6403.0,-11626.0,-11206.0
-7627.0,-11781.0,-9727.0
-9919.0,-5749.0,-12950.0
-7609.0,-11776.0,-10403.0
-8172.0,-11754.0,-8989.0
-10277.0,-7153.0,-12284.0
-6444.0,-11619.0,-11231.0
-10532.0,-9230.0,-9758.0
-10509.0,-9267.0,-9621.0
-10569.0,-7980.0,-11471.0
-10621.0,-8030.0,-11225.0
-10623.0,-8918.0,-10011.0
-10517.0,-7381.0,-11815.0
-8034.0,-11778.0,-9234.0
-8075.0,-11771.0,-9259.0
-7340.0,-11820.0,-10197.0
-10608.0,-8888.0,-10388.0
-10490.0,-9271.0,-9827.0
-9915.0,-6032.0,-12770.0
-10485.0,-9296.0,-9699.0
-7282.0,-11803.0,-10679.0
-7393.0,-11876.0,-10019.0
-10400.0,-9854.0,-8569.0
-9911.0,-6161.0,-12780.0
-10254.0,-6680.0,-12329.0
-10395.0,-9936.0,-8643.0
-10405.0,-9786.0,-8897.0
-10618.0,-8429.0,-11036.0
-9909.0,-5842.0,-12926.0
-10482.0,-9338.0,-9628.0
-7408.0,-11792.0,-10759.0
-8213.0,-11747.0,-9014.0
-7775.0,-11769.0,-9713.0
-7115.0,-7476.0,-14201.0
-8182.0,-11744.0,-9227.0
-10439.0,-7474.0,-11977.0
-10384.0,-9813.0,-9167.0
-10591.0,-8936.0,-10230.0
-7758.0,-11760.0,-9731.0
-10616.0,-9034.0,-9987.0
-7669.0,-11758.0,-9740.0
-10349.0,-9840.0,-8651.0
-7628.0,-11765.0,-9715.0
-7682.0,-11750.0,-10312.0
-10646.0,-8743.0,-10583.0
-10343.0,-9818.0,-9103.0
-10231.0,-6583.0,-12333.0
-10548.0,-7684.0,-11577.0
-10229.0,-7031.0,-12344.0
-10342.0,-9857.0,-9510.0
-10533.0,-9634.0,-9277.0
-7462.0,-7227.0,-14192.0
-10465.0,-9375.0,-9429.0
-10592.0,-8468.0,-10972.0
-10212.0,-7022.0,-12362.0
-10457.0,-9456.0,-9802.0
-7513.0,-7331.0,-14175.0
-10533.0,-8977.0,-10387.0
-9904.0,-5855.0,-12945.0
-7143.0,-7227.0,-14210.0
-7367.0,-11799.0,-10734.0
-10387.0,-9781.0,-9068.0
-10525.0,-7647.0,-11601.0
-9885.0,-7205.0,-12802.0
-10316.0,-9959.0,-8488.0
-10614.0,-8085.0,-11300.0
-10180.0,-6569.0,-12415.0
-10545.0,-8586.0,-10699.0
-10492.0,-9258.0,-9639.0
-10514.0,-7780.0,-11626.0
-10321.0,-9874.0,-8959.0
-8224.0,-11721.0,-9240.0
-10283.0,-9973.0,-8981.0
-8007.0,-11782.0,-9359.0
-9880.0,-7218.0,-12821.0
-10612.0,-8828.0,-10226.0
-10492.0,-9245.0,-9652.0
-10501.0,-8987.0,-10279.0
-7480.0,-7215.0,-14186.0
-10296.0,-9881.0,-9074.0
-10497.0,-7670.0,-11659.0
-7723.0,-11743.0,-10337.0
-10497.0,-9193.0,-10455.0
-8044.0,-11768.0,-9472.0
-10562.0,-8229.0,-11415.0
-10277.0,-9984.0,-9004.0
-7538.0,-7100.0,-14180.0
-9410.0,-4840.0,-13469.0
-10484.0,-7697.0,-11740.0
-7817.0,-11746.0,-9726.0
-7127.0,-7711.0,-14149.0
-10243.0,-10005.0,-9200.0
-10179.0,-6906.0,-12373.0
-8245.0,-11694.0,-8970.0
-10496.0,-7828.0,-11692.0
-10155.0,-6954.0,-12382.0
-10390.0,-7420.0,-12060.0
-8286.0,-11676.0,-10309.0
-10507.0,-9223.0,-9985.0
-10467.0,-7688.0,-11758.0
-7145.0,-7699.0,-14143.0
-8202.0,-11709.0,-10013.0
-7800.0,-11737.0,-9744.0
-10154.0,-7257.0,-12388.0
-10240.0,-10073.0,-8552.0
-7924.0,-11727.0,-9981.0
-7442.0,-7773.0,-14101.0
-7235.0,-7349.0,-14143.0
-10370.0,-7472.0,-12065.0
-7912.0,-11732.0,-9667.0
-10524.0,-8630.0,-10826.0
-8149.0,-6866.0,-14166.0
-10339.0,-7352.0,-12137.0
-10451.0,-9668.0,-9512.0
-7748.0,-7506.0,-14142.0
-8200.0,-6970.0,-14149.0
-10219.0,-10174.0,-8549.0
-10539.0,-8886.0,-10476.0
-9976.0,-7095.0,-12730.0
-10235.0,-10007.0,-8991.0
-10445.0,-7814.0,-11774.0
-10234.0,-10084.0,-8575.0
-8424.0,-11652.0,-10064.0
-9953.0,-6135.0,-12740.0
-5574.0,-11250.0,-12166.0
-9948.0,-6148.0,-12759.0
-5769.0,-11218.0,-12070.0
-7465.0,-7845.0,-14085.0
-10220.0,-10015.0,-8892.0
-5854.0,-11214.0,-12125.0
-9938.0,-6241.0,-12735.0
-9443.0,-5054.0,-13419.0
-9395.0,-5313.0,-13431.0
-10214.0,-10045.0,-8796.0
-9935.0,-7134.0,-12757.0
-10443.0,-9522.0,-9913.0
-10507.0,-8678.0,-10668.0
-10511.0,-8215.0,-11497.0
-10367.0,-9673.0,-9189.0
-9917.0,-6327.0,-12765.0
-8001.0,-11725.0,-10369.0
-10528.0,-8268.0,-11275.0
-10297.0,-7694.0,-12170.0
-8010.0,-11711.0,-9674.0
-10438.0,-7869.0,-11849.0
-10205.0,-10102.0,-8969.0
-10500.0,-8794.0,-10644.0
-10563.0,-8071.0,-11382.0
-7548.0,-7096.0,-14148.0
-5895.0,-11207.0,-12150.0
-10490.0,-8413.0,-11080.0
-6831.0,-7974.0,-14076.0
-10522.0,-8577.0,-10886.0
-10288.0,-7338.0,-12219.0
-10113.0,-10380.0,-8393.0
-9867.0,-6184.0,-12959.0
-10092.0,-10407.0,-8663.0
-10432.0,-9312.0,-9984.0
-10182.0,-10308.0,-8578.0
-10494.0,-8206.0,-11515.0
-10304.0,-9865.0,-8977.0
-9803.0,-6014.0,-13021.0
-10487.0,-8812.0,-10891.0
-7026.0,-7899.0,-14072.0
-10302.0,-9870.0,-9051.0
-9798.0,-6027.0,-13040.0
-7687.0,-7537.0,-14107.0
-8506.0,-6703.0,-14190.0
-10184.0,-10129.0,-9239.0
-10494.0,-7832.0,-11631.0
-10470.0,-8309.0,-11432.0
-10338.0,-9608.0,-9543.0
-10484.0,-7925.0,-11607.0
-10438.0,-9221.0,-10073.0
-10481.0,-9121.0,-10502.0
-10081.0,-10495.0,-8367.0
-10429.0,-7567.0,-11953.0
-10474.0,-8487.0,-10892.0
-10473.0,-8616.0,-10908.0
-7217.0,-7594.0,-14102.0
-10321.0,-9599.0,-9561.0
-10464.0,-9112.0,-10520.0
-7523.0,-7327.0,-14143.0
-8524.0,-11588.0,-9920.0
-9863.0,-7209.0,-12839.0
-10380.0,-9456.0,-10099.0
-7693.0,-11743.0,-10699.0
-6849.0,-7962.0,-14070.0
-10464.0,-8618.0,-11043.0
-10439.0,-8399.0,-11162.0
-10315.0,-9562.0,-10392.0
-10545.0,-8220.0,-11433.0
-10442.0,-8835.0,-10801.0
-10260.0,-9975.0,-9022.0
-10182.0,-10160.0,-8770.0
-8466.0,-11629.0,-10077.0
-9862.0,-6197.0,-12978.0
-10479.0,-7819.0,-11710.0
-7496.0,-8067.0,-14050.0
-8564.0,-11568.0,-8890.0
-10256.0,-9963.0,-9238.0
-9571.0,-6206.0,-13228.0
-9843.0,-6370.0,-12866.0
-10407.0,-9044.0,-10540.0
-8606.0,-11545.0,-8903.0
-10452.0,-7812.0,-11714.0
-8614.0,-6251.0,-14119.0
-9552.0,-5867.0,-13229.0
-9550.0,-6028.0,-13268.0
-10310.0,-9614.0,-9589.0
-10397.0,-8863.0,-10940.0
-10476.0,-8218.0,-11521.0
-10176.0,-10319.0,-8601.0
-10473.0,-7910.0,-11621.0
-10442.0,-8213.0,-11585.0
-9838.0,-6383.0,-12885.0
-10219.0,-7388.0,-12310.0
-10380.0,-9220.0,-10224.0
-10421.0,-7860.0,-11867.0
-8711.0,-11494.0,-8754.0
-10432.0,-8454.0,-11237.0
-8482.0,-11611.0,-9907.0
-10298.0,-9574.0,-9611.0
-10161.0,-10187.0,-9040.0
-10300.0,-9707.0,-9565.0
-10438.0,-8363.0,-11326.0
-10390.0,-8979.0,-10916.0
-10387.0,-7855.0,-11931.0
-9825.0,-6207.0,-12946.0
-10256.0,-9597.0,-9598.0
-10360.0,-7565.0,-12041.0
-10252.0,-9563.0,-9651.0
-10202.0,-7379.0,-12328.0
-10246.0,-9582.0,-9674.0
-9820.0,-6220.0,-12965.0
-10363.0,-9447.0,-10117.0
-10246.0,-7680.0,-12252.0
-9535.0,-6021.0,-13337.0
-9788.0,-6120.0,-13016.0
-10060.0,-10522.0,-8637.0
-9792.0,-6356.0,-12948.0
-8753.0,-11471.0,-8767.0
-10241.0,-9654.0,-9843.0
-8649.0,-11494.0,-8898.0
-8645.0,-6371.0,-14047.0
-10436.0,-7873.0,-11788.0
-8532.0,-11499.0,-10013.0
-10352.0,-9380.0,-10327.0
-10159.0,-10310.0,-8619.0
-7183.0,-8075.0,-14049.0
-10477.0,-8254.0,-11357.0
-10426.0,-7966.0,-11764.0
-10187.0,-7054.0,-12331.0
-10400.0,-8464.0,-11129.0
-10170.0,-7045.0,-12349.0
-9765.0,-6066.0,-13058.0
-9766.0,-6263.0,-13023.0
-7921.0,-8117.0,-14033.0
-8552.0,-11487.0,-9123.0
-10121.0,-10208.0,-8695.0
-10393.0,-8544.0,-11045.0
-10380.0,-8598.0,-11352.0
-9830.0,-6127.0,-12989.0
-10020.0,-10543.0,-8292.0
-10096.0,-10371.0,-8411.0
-9760.0,-6079.0,-13077.0
-10455.0,-8628.0,-10914.0
-9793.0,-6107.0,-12997.0
-10150.0,-7386.0,-12398.0
-8669.0,-11484.0,-9111.0
-10199.0,-10042.0,-9162.0
-8026.0,-7386.0,-14137.0
-8687.0,-6029.0,-14014.0
-9664.0,-6145.0,-13122.0
-6900.0,-11537.0,-11634.0
-10370.0,-7846.0,-11949.0
-10095.0,-10305.0,-8905.0
-10436.0,-8798.0,-10973.0
-9518.0,-5478.0,-13386.0
-10133.0,-7377.0,-12416.0
-9761.0,-6276.0,-13042.0
-10214.0,-9897.0,-9989.0
-9513.0,-5491.0,-13405.0
-9687.0,-6199.0,-13080.0
-10425.0,-8204.0,-11603.0
-10239.0,-9698.0,-9650.0
-9994.0,-10640.0,-8502.0
-10328.0,-7646.0,-12017.0
-9503.0,-5921.0,-13388.0
-6633.0,-11529.0,-11709.0
-10111.0,-7010.0,-12574.0
-9659.0,-6158.0,-13141.0
-9811.0,-7128.0,-12840.0
-9810.0,-7431.0,-12846.0
-10104.0,-10199.0,-8713.0
-10421.0,-8054.0,-11736.0
-9787.0,-6369.0,-12967.0
-10343.0,-7522.0,-12061.0
-9806.0,-7141.0,-12859.0
-9530.0,-6034.0,-13356.0
-9728.0,-6160.0,-13053.0
-7334.0,-11715.0,-10797.0
-10193.0,-10072.0,-9066.0
-10108.0,-7429.0,-12497.0
-10383.0,-8455.0,-11147.0
-9498.0,-5934.0,-13407.0
-9805.0,-7444.0,-12865.0
-8707.0,-5977.0,-14009.0
-10264.0,-7578.0,-12181.0
-9692.0,-6186.0,-13061.0
-10356.0,-9018.0,-10776.0
-10418.0,-8453.0,-11547.0
-9796.0,-6406.0,-12872.0
-10145.0,-9917.0,-9271.0
-9783.0,-7087.0,-12901.0
-10363.0,-8689.0,-11026.0
-7376.0,-11692.0,-10810.0
-10218.0,-9691.0,-9813.0
-10138.0,-9942.0,-9279.0
-10138.0,-10033.0,-9247.0
-7345.0,-11689.0,-11023.0
-9636.0,-6073.0,-13160.0
-10493.0,-8227.0,-11503.0
-7335.0,-11699.0,-10785.0
-10311.0,-7637.0,-12035.0
-9778.0,-7100.0,-12920.0
-10121.0,-9915.0,-9617.0
-10312.0,-8081.0,-11975.0
-9724.0,-6286.0,-13010.0
-10335.0,-9133.0,-10570.0
-6717.0,-11496.0,-12005.0
-9719.0,-6299.0,-13029.0
-8811.0,-11430.0,-8610.0
-10370.0,-8040.0,-11818.0
-10346.0,-8637.0,-11212.0
-10418.0,-8819.0,-10813.0
-10419.0,-8295.0,-11514.0
-10115.0,-10127.0,-9327.0
-9750.0,-6379.0,-12935.0
-7602.0,-11681.0,-10758.0
-10367.0,-8439.0,-11629.0
-9712.0,-6349.0,-12982.0
-8725.0,-11430.0,-9225.0
-9745.0,-6392.0,-12954.0
-10325.0,-9047.0,-10605.0
-10225.0,-9613.0,-10441.0
-9741.0,-7429.0,-12934.0
-7381.0,-11673.0,-10919.0
-8576.0,-11444.0,-9805.0
-9707.0,-6362.0,-13001.0
-10329.0,-8840.0,-11040.0
-7849.0,-11665.0,-10488.0
-10439.0,-9144.0,-10489.0
-7880.0,-11663.0,-10790.0
-10346.0,-8849.0,-11022.0
-10363.0,-8095.0,-11893.0
-10335.0,-9428.0,-10169.0
-9622.0,-6168.0,-13109.0
-8772.0,-6138.0,-13933.0
-10312.0,-8675.0,-11108.0
-9736.0,-7442.0,-12953.0
-10097.0,-9924.0,-9758.0
-7720.0,-7653.0,-14096.0
-9973.0,-10667.0,-8772.0
-9617.0,-6181.0,-13128.0
-9730.0,-6835.0,-12956.0
-10298.0,-9059.0,-10933.0
-10318.0,-9163.0,-10581.0
-9703.0,-7326.0,-12964.0
-10092.0,-10041.0,-9397.0
-10075.0,-10398.0,-8681.0
-10295.0,-7698.0,-12109.0
-10310.0,-9202.0,-10398.0
-10386.0,-9147.0,-10488.0
-9667.0,-7352.0,-12972.0
-10294.0,-8093.0,-11981.0
-7897.0,-11637.0,-10800.0
-10398.0,-9134.0,-10491.0
-10283.0,-9378.0,-10415.0
-9662.0,-7365.0,-12991.0
-10285.0,-7791.0,-12085.0
-10074.0,-10332.0,-9175.0
-9601.0,-6721.0,-13028.0
-7450.0,-11601.0,-11104.0
-10267.0,-9088.0,-10762.0
-10297.0,-8188.0,-11647.0
-8636.0,-11432.0,-9261.0
-10260.0,-9204.0,-10738.0
-10213.0,-7564.0,-12263.0
-8008.0,-11694.0,-10277.0
-10308.0,-8948.0,-11044.0
-8820.0,-11413.0,-8883.0
-10305.0,-8730.0,-11183.0
-9643.0,-6379.0,-12995.0
-10258.0,-9297.0,-10559.0
-10003.0,-10534.0,-8310.0
-8776.0,-5979.0,-13921.0
-10270.0,-8181.0,-11651.0
-10195.0,-7576.0,-12269.0
-10263.0,-8183.0,-11711.0
-10177.0,-7411.0,-12297.0
-8763.0,-11392.0,-10173.0
-9601.0,-6422.0,-13060.0
-10040.0,-10353.0,-9371.0
-10266.0,-9113.0,-10827.0
-7486.0,-8160.0,-14026.0
-6747.0,-11496.0,-11643.0
-10086.0,-10047.0,-10060.0
-10380.0,-8854.0,-10958.0
-10144.0,-7562.0,-12351.0
-9530.0,-6245.0,-13255.0
-8821.0,-11351.0,-10016.0
-8874.0,-11344.0,-8872.0
-10013.0,-10361.0,-8746.0
-10359.0,-8962.0,-10962.0
-8167.0,-6854.0,-14160.0
-10262.0,-8768.0,-11090.0
-9596.0,-6435.0,-13079.0
-10011.0,-10393.0,-8967.0
-7471.0,-11574.0,-10834.0
-8783.0,-11389.0,-9068.0
-7337.0,-8191.0,-14001.0
-10261.0,-7977.0,-11992.0
-10363.0,-8589.0,-11370.0
-10256.0,-8238.0,-11786.0
-9047.0,-11377.0,-8483.0
-10249.0,-7604.0,-12176.0
-10243.0,-8079.0,-12063.0
-10373.0,-8970.0,-10934.0
-10338.0,-8621.0,-11339.0
-7865.0,-11537.0,-10851.0
-9594.0,-6415.0,-13193.0
-9502.0,-6204.0,-13316.0
-10329.0,-8584.0,-11434.0
-7163.0,-11564.0,-11483.0
-8714.0,-6373.0,-13959.0
-10184.0,-7870.0,-12149.0
-10288.0,-8678.0,-11369.0
-7370.0,-8307.0,-13990.0
-10249.0,-8804.0,-11237.0
-8729.0,-6088.0,-13944.0
-10252.0,-8748.0,-11423.0
-10295.0,-8623.0,-11294.0
-8588.0,-11426.0,-9452.0
-7478.0,-11515.0,-11061.0
-10321.0,-8977.0,-11004.0
-9570.0,-6601.0,-13100.0
-7237.0,-11510.0,-11330.0
-8210.0,-6966.0,-14117.0
-6873.0,-11418.0,-11794.0
-10052.0,-10132.0,-9703.0
-10187.0,-9712.0,-10463.0
-10057.0,-7415.0,-12579.0
-8922.0,-11330.0,-8876.0
-8679.0,-11425.0,-9877.0
-7543.0,-7694.0,-14037.0
-8311.0,-6798.0,-14109.0
-10069.0,-10084.0,-9861.0
-7510.0,-8802.0,-13892.0
-8233.0,-6981.0,-14075.0
-8905.0,-5909.0,-13835.0
-10254.0,-8242.0,-11725.0
-6681.0,-9010.0,-13817.0
-10228.0,-9214.0,-10630.0
-10244.0,-8335.0,-11701.0
-10208.0,-9604.0,-10459.0
-8557.0,-6717.0,-14108.0
-7619.0,-11666.0,-10737.0
-9033.0,-11373.0,-8661.0
-10256.0,-8688.0,-11261.0
-10246.0,-9203.0,-11048.0
-8251.0,-6984.0,-14067.0
-7756.0,-11497.0,-11093.0
-8959.0,-11327.0,-9771.0
-8077.0,-7400.0,-14055.0
-7075.0,-8845.0,-13885.0
-10236.0,-8822.0,-11484.0
-9400.0,-6218.0,-13380.0
-8660.0,-6079.0,-14010.0
-10075.0,-7612.0,-12442.0
-10215.0,-9232.0,-10877.0
-10254.0,-8716.0,-11265.0
-10312.0,-8575.0,-11452.0
-10208.0,-9348.0,-10853.0
-10239.0,-8229.0,-11804.0
-10198.0,-7590.0,-12258.0
-10210.0,-7963.0,-12074.0
-8693.0,-6195.0,-13999.0
-10174.0,-7830.0,-12220.0
-10218.0,-8833.0,-11066.0
-7906.0,-8004.0,-14036.0
-7849.0,-7427.0,-14078.0
-10294.0,-8587.0,-11458.0
-7418.0,-11501.0,-11155.0
-10229.0,-8188.0,-11874.0
-9969.0,-10416.0,-8954.0
-10133.0,-7571.0,-12285.0
-10123.0,-7816.0,-12302.0
-10211.0,-8910.0,-11049.0
-10260.0,-8582.0,-11522.0
-10194.0,-8845.0,-11471.0
-9368.0,-6118.0,-13431.0
-10201.0,-8824.0,-11084.0
-7969.0,-11625.0,-10420.0
-9552.0,-6438.0,-13180.0
-10193.0,-8922.0,-11055.0
-6797.0,-8863.0,-13853.0
-7242.0,-11497.0,-11311.0
-10160.0,-8899.0,-11064.0
-7522.0,-11482.0,-11332.0
-9520.0,-6338.0,-13231.0
-10160.0,-8874.0,-11223.0
-8612.0,-6255.0,-14058.0
-8095.0,-7388.0,-14049.0
-9948.0,-10435.0,-8878.0
-9519.0,-6587.0,-13182.0
-7831.0,-7481.0,-14056.0
-8301.0,-6891.0,-14085.0
-6479.0,-8868.0,-13849.0
-10214.0,-8261.0,-11773.0
-10311.0,-8596.0,-11440.0
-10105.0,-7828.0,-12308.0
-10174.0,-9387.0,-10713.0
-10036.0,-7236.0,-12618.0
-9493.0,-6494.0,-13257.0
-9492.0,-6297.0,-13292.0
-10282.0,-8987.0,-10980.0
-8185.0,-7038.0,-14049.0
-7938.0,-11622.0,-10633.0
-10188.0,-8409.0,-11755.0
-10239.0,-8423.0,-11673.0
-9936.0,-10485.0,-8874.0
-9562.0,-6345.0,-13204.0
-9342.0,-6259.0,-13537.0
-10159.0,-8917.0,-11119.0
-10287.0,-8607.0,-11421.0
-9882.0,-7604.0,-12613.0
-10243.0,-8573.0,-11540.0
-9001.0,-11304.0,-9784.0
-10170.0,-9749.0,-10264.0
-10115.0,-8063.0,-12107.0
-7730.0,-7649.0,-14064.0
-9568.0,-6605.0,-13039.0
-10269.0,-8619.0,-11427.0
-10188.0,-8215.0,-11886.0
-9528.0,-6624.0,-13087.0
-10001.0,-7535.0,-12480.0
-10197.0,-8446.0,-11660.0
-8254.0,-11576.0,-10360.0
-7817.0,-7508.0,-14054.0
-10304.0,-8968.0,-11022.0
-10186.0,-8505.0,-11560.0
-7850.0,-7624.0,-14043.0
-7185.0,-11488.0,-11574.0
-10178.0,-8174.0,-11956.0
-10116.0,-9428.0,-10870.0
-9967.0,-7234.0,-12706.0
-9994.0,-10384.0,-8985.0
-10054.0,-7814.0,-12390.0
-10205.0,-8224.0,-11868.0
-9527.0,-6644.0,-13066.0
-6894.0,-11374.0,-11667.0
-8002.0,-11505.0,-10611.0
-8362.0,-6812.0,-14027.0
-7304.0,-11373.0,-11896.0
-9419.0,-6417.0,-13295.0
-10149.0,-8945.0,-11070.0
-10185.0,-8808.0,-11566.0
-8170.0,-7162.0,-14005.0
-8848.0,-6375.0,-13824.0
-9277.0,-6043.0,-13599.0
-8661.0,-6310.0,-13973.0
-9994.0,-10257.0,-9379.0
-9937.0,-10369.0,-9172.0
-10181.0,-8464.0,-11830.0
-9877.0,-7617.0,-12632.0
-8915.0,-5905.0,-13803.0
-10082.0,-7947.0,-12118.0
-9518.0,-6705.0,-13059.0
-10095.0,-9922.0,-9782.0
-9994.0,-10173.0,-9860.0
-9391.0,-6376.0,-13356.0
-9931.0,-10426.0,-8896.0
-7425.0,-11435.0,-11475.0
-10142.0,-8947.0,-11130.0
-10153.0,-9797.0,-10106.0
-10064.0,-8049.0,-12189.0
-9245.0,-5709.0,-13620.0
-9279.0,-11286.0,-9816.0
-10237.0,-8664.0,-11451.0
-8937.0,-6009.0,-13784.0
-9951.0,-7606.0,-12525.0
-10139.0,-8487.0,-11817.0
-9460.0,-6378.0,-13268.0
-8163.0,-11490.0,-10655.0
-9927.0,-10462.0,-9148.0
-10142.0,-8908.0,-11137.0
-9591.0,-6814.0,-13004.0
-9860.0,-7608.0,-12650.0
-10140.0,-8951.0,-11069.0
-8635.0,-6464.0,-14023.0
-9847.0,-10514.0,-8942.0
-10135.0,-9157.0,-11081.0
-10133.0,-9006.0,-11144.0
-9952.0,-10407.0,-8972.0
-7461.0,-11506.0,-11079.0
-10114.0,-9567.0,-10474.0
-10125.0,-8938.0,-11148.0
-7739.0,-11488.0,-11111.0
-9513.0,-7067.0,-13089.0
-9559.0,-6744.0,-13015.0
-10118.0,-8897.0,-11210.0
-10097.0,-9558.0,-10492.0
-10132.0,-8732.0,-11593.0
-9838.0,-7241.0,-12808.0
-9477.0,-6610.0,-13169.0
-8947.0,-6005.0,-13752.0
-10163.0,-8247.0,-11855.0
-8863.0,-5932.0,-13822.0
-9517.0,-6737.0,-13042.0
-8762.0,-6231.0,-13909.0
-8503.0,-7102.0,-14001.0
-9476.0,-7047.0,-13092.0
-9240.0,-6141.0,-13636.0
-10103.0,-8160.0,-12022.0
-8352.0,-6905.0,-14003.0
-9946.0,-7619.0,-12544.0
-10031.0,-7933.0,-12200.0
-9550.0,-6805.0,-13008.0
-10088.0,-9653.0,-10499.0
-9466.0,-6619.0,-13103.0
-10218.0,-8605.0,-11509.0
-8249.0,-6988.0,-14006.0
-10130.0,-8450.0,-11912.0
-9942.0,-10317.0,-9975.0
-8261.0,-6980.0,-14035.0
-8997.0,-5870.0,-13729.0
-8264.0,-7101.0,-14003.0
-9520.0,-7012.0,-13014.0
-10108.0,-8972.0,-11555.0
-10084.0,-9438.0,-10762.0
-9462.0,-7053.0,-13171.0
-9840.0,-10522.0,-8899.0
-10013.0,-7945.0,-12206.0
-9995.0,-7605.0,-12476.0
-10115.0,-8723.0,-11611.0
-10115.0,-9838.0,-10025.0
-10080.0,-9498.0,-10924.0
-9990.0,-7972.0,-12227.0
-9826.0,-10541.0,-9212.0
-9929.0,-7610.0,-12562.0
-10143.0,-8865.0,-11241.0
-9451.0,-6517.0,-13244.0
-10033.0,-7635.0,-12429.0
-10201.0,-8734.0,-11505.0
-10112.0,-8462.0,-11918.0
-10111.0,-8573.0,-11744.0
-10079.0,-8346.0,-11929.0
-9843.0,-7228.0,-12789.0
-10109.0,-8860.0,-11305.0
-8560.0,-6636.0,-14012.0
-9962.0,-7931.0,-12288.0
-9397.0,-6617.0,-13191.0
-9545.0,-7049.0,-13004.0
-8603.0,-6545.0,-13999.0
-9912.0,-7658.0,-12404.0
-10095.0,-9838.0,-10263.0
-8121.0,-7389.0,-13988.0
-9798.0,-10545.0,-8886.0
-7961.0,-7452.0,-14003.0
-10077.0,-8374.0,-11939.0
-6942.0,-11346.0,-11979.0
-9208.0,-6041.0,-13687.0
-9348.0,-6614.0,-13192.0
-9777.0,-10564.0,-8810.0
-9347.0,-7054.0,-13194.0
-7146.0,-11555.0,-11501.0
-10073.0,-8086.0,-12094.0
-9330.0,-7045.0,-13212.0
-9328.0,-6653.0,-13294.0
-10061.0,-8448.0,-12000.0
-9904.0,-7642.0,-12531.0
-8779.0,-6240.0,-13891.0
-10123.0,-9099.0,-11120.0
-9832.0,-10492.0,-9093.0
-10018.0,-8165.0,-12025.0
-9317.0,-6299.0,-13394.0
-9865.0,-7789.0,-12500.0
-8392.0,-11552.0,-10115.0
-10002.0,-8239.0,-12086.0
-8748.0,-6411.0,-13831.0
-8704.0,-6466.0,-13935.0
-8880.0,-6475.0,-13773.0
-9909.0,-7629.0,-12512.0
-9002.0,-5857.0,-13710.0
-9349.0,-6399.0,-13343.0
-9893.0,-10719.0,-8582.0
-8254.0,-7194.0,-13979.0
-9664.0,-10905.0,-8860.0
-9765.0,-10570.0,-9263.0
-9769.0,-10553.0,-8885.0
-7918.0,-11593.0,-10673.0
-10084.0,-9143.0,-11163.0
-9920.0,-10360.0,-9190.0
-9759.0,-10603.0,-9869.0
-9791.0,-10672.0,-8746.0
-10064.0,-9572.0,-10985.0
-10198.0,-9223.0,-10895.0
-9910.0,-10453.0,-9166.0
-7387.0,-11387.0,-11482.0
-9296.0,-6553.0,-13345.0
-9259.0,-6651.0,-13382.0
-7981.0,-7778.0,-13992.0
-9910.0,-10362.0,-9298.0
-9774.0,-10720.0,-8588.0
-8511.0,-11526.0,-10283.0
-9904.0,-10416.0,-9997.0
-7331.0,-11385.0,-11488.0
-7547.0,-11443.0,-11246.0
-10191.0,-9339.0,-10871.0
-8961.0,-6357.0,-13692.0
-9754.0,-10677.0,-8841.0
-8611.0,-6650.0,-13930.0
-10084.0,-8988.0,-11287.0
-9830.0,-10505.0,-8960.0
-8164.0,-7253.0,-13971.0
-10166.0,-9371.0,-10840.0
-10164.0,-9218.0,-10959.0
-9352.0,-7041.0,-13175.0
-9716.0,-10761.0,-8745.0
-9867.0,-7930.0,-12305.0
-10001.0,-7977.0,-12198.0
-8582.0,-6747.0,-13947.0
-10028.0,-8332.0,-12011.0
-8629.0,-6638.0,-13924.0
-10139.0,-9346.0,-10941.0
-8907.0,-6063.0,-13743.0
-9227.0,-6551.0,-13433.0
-9867.0,-7827.0,-12378.0
-10022.0,-8072.0,-12176.0
-7990.0,-11474.0,-10901.0
-8114.0,-7480.0,-13975.0
-10082.0,-8992.0,-11226.0
-10069.0,-8596.0,-11731.0
-8969.0,-6040.0,-13689.0
-10074.0,-9057.0,-11198.0
-10043.0,-9982.0,-10378.0
-9987.0,-8213.0,-12178.0
-9853.0,-7994.0,-12310.0
-7580.0,-11441.0,-11175.0
-9786.0,-10543.0,-8993.0
-9851.0,-8004.0,-12366.0
-8662.0,-6754.0,-13913.0
-9936.0,-8199.0,-12260.0
-10090.0,-9674.0,-10468.0
-10101.0,-9747.0,-10352.0
-10058.0,-8655.0,-11631.0
-8912.0,-6050.0,-13724.0
-8892.0,-6187.0,-13699.0
-8146.0,-7402.0,-13967.0
-8197.0,-7369.0,-13960.0
-8300.0,-11486.0,-10367.0
-10072.0,-9085.0,-11202.0
-8713.0,-6768.0,-13831.0
-9808.0,-7527.0,-12651.0
-10066.0,-8995.0,-11542.0
-9807.0,-7830.0,-12657.0
-8283.0,-11477.0,-10385.0
-7834.0,-11423.0,-11178.0
-10057.0,-8958.0,-11637.0
-10063.0,-9015.0,-11292.0
-10147.0,-9209.0,-10977.0
-10122.0,-9337.0,-10959.0
-9095.0,-6468.0,-13458.0
-9841.0,-10417.0,-9256.0
-10060.0,-8559.0,-11826.0
-10053.0,-8614.0,-11901.0
-10070.0,-9373.0,-10966.0
-9903.0,-8083.0,-12271.0
-9860.0,-7802.0,-12519.0
-9342.0,-11135.0,-8573.0
-10046.0,-9583.0,-10567.0
-8693.0,-6575.0,-13907.0
-8170.0,-11459.0,-10563.0
-10065.0,-9269.0,-10979.0
-9803.0,-7540.0,-12670.0
-9742.0,-10651.0,-9711.0
-9885.0,-8095.0,-12277.0
-10037.0,-9054.0,-11228.0
-8315.0,-7115.0,-13921.0
-8325.0,-11454.0,-10398.0
-10012.0,-8620.0,-11650.0
-9282.0,-7023.0,-13223.0
-7990.0,-8119.0,-13945.0
-10053.0,-9208.0,-11034.0
-10038.0,-9681.0,-10538.0
-9840.0,-7627.0,-12600.0
-7778.0,-11421.0,-11184.0
-9862.0,-8122.0,-12298.0
-9819.0,-7904.0,-12417.0
-10011.0,-8637.0,-11888.0
-9802.0,-7843.0,-12676.0
-10036.0,-9368.0,-11030.0
-9954.0,-8097.0,-12189.0
-8225.0,-7308.0,-13935.0
-7710.0,-11386.0,-11415.0
-10067.0,-9173.0,-11174.0
-8308.0,-7197.0,-13920.0
-8221.0,-11449.0,-10498.0
-9835.0,-7640.0,-12619.0
-9823.0,-7812.0,-12487.0
-9093.0,-6351.0,-13515.0
-9987.0,-8371.0,-12038.0
-8554.0,-7116.0,-13919.0
-8135.0,-7658.0,-13935.0
-8744.0,-6589.0,-13825.0
-9768.0,-7454.0,-12833.0
-9355.0,-11088.0,-8590.0
-9814.0,-10467.0,-10046.0
-9280.0,-6700.0,-13226.0
-9277.0,-7036.0,-13242.0
-8536.0,-11400.0,-10076.0
-8048.0,-11433.0,-10744.0
-10032.0,-9024.0,-11294.0
-9763.0,-7467.0,-12852.0
-10008.0,-8657.0,-11638.0
-10002.0,-8663.0,-11642.0
-10025.0,-9196.0,-11161.0
-9991.0,-8648.0,-11656.0
-8753.0,-6398.0,-13812.0
-10088.0,-8473.0,-11899.0
-10028.0,-9140.0,-11347.0
-10067.0,-8979.0,-11305.0
-9696.0,-10718.0,-8998.0
-9753.0,-7503.0,-12694.0
-9375.0,-11053.0,-8857.0
-10000.0,-10082.0,-9949.0
-10025.0,-9652.0,-10578.0
-8755.0,-6426.0,-13798.0
-9601.0,-10911.0,-8294.0
-9275.0,-6713.0,-13245.0
-9975.0,-8310.0,-12093.0
-9268.0,-6182.0,-13575.0
-9983.0,-8881.0,-11675.0
-10070.0,-8485.0,-11905.0
-7410.0,-11338.0,-11548.0
-9668.0,-10869.0,-8608.0
-9250.0,-6923.0,-13274.0
-8578.0,-7711.0,-13910.0
-10019.0,-9359.0,-11048.0
-9580.0,-10938.0,-8564.0
-10029.0,-9574.0,-10585.0
-9818.0,-7825.0,-12506.0
-10143.0,-8831.0,-11553.0
-10090.0,-8755.0,-11580.0
-10026.0,-9973.0,-10396.0
-10009.0,-9214.0,-11331.0
-9733.0,-7753.0,-12695.0
-9728.0,-7766.0,-12714.0
-10097.0,-9369.0,-10928.0
-9262.0,-6252.0,-13571.0
-10076.0,-9666.0,-10496.0
-6807.0,-8859.0,-13821.0
-10022.0,-9595.0,-10972.0
-8966.0,-6344.0,-13673.0
-10122.0,-8843.0,-11482.0
-9807.0,-8166.0,-12419.0
-9956.0,-8801.0,-11753.0
-10046.0,-9006.0,-11310.0
-8059.0,-11402.0,-11086.0
-9392.0,-11023.0,-8679.0
-9985.0,-8217.0,-12117.0
-9508.0,-7147.0,-13041.0
-10015.0,-9763.0,-10467.0
-9001.0,-6140.0,-13638.0
-8364.0,-11474.0,-10299.0
-10111.0,-8731.0,-11604.0
-8448.0,-11441.0,-10595.0
-10007.0,-9307.0,-11152.0
-8572.0,-7104.0,-13913.0
-8683.0,-6668.0,-13883.0
-9945.0,-8236.0,-12165.0
-9675.0,-7638.0,-12781.0
-9792.0,-8053.0,-12422.0
-9245.0,-6936.0,-13293.0
-8342.0,-11463.0,-10380.0
-9090.0,-6481.0,-13477.0
-9787.0,-8218.0,-12424.0
-10087.0,-9382.0,-10948.0
-9809.0,-10532.0,-9230.0
-9988.0,-9624.0,-10724.0
-9765.0,-7853.0,-12644.0
-9053.0,-7021.0,-13518.0
-9412.0,-11020.0,-9096.0
-9986.0,-9717.0,-10545.0
-9048.0,-7034.0,-13537.0
-9029.0,-6181.0,-13577.0
-9017.0,-6358.0,-13591.0
-9760.0,-7866.0,-12663.0
-9230.0,-6152.0,-13622.0
-9874.0,-8389.0,-12157.0
-9835.0,-8006.0,-12316.0
-9774.0,-10533.0,-9250.0
-9834.0,-8081.0,-12359.0
-8168.0,-7774.0,-13924.0
-7619.0,-11324.0,-11474.0
-8011.0,-11430.0,-10774.0
-7362.0,-11332.0,-11739.0
-8131.0,-11390.0,-10706.0
-9116.0,-6157.0,-13609.0
-8780.0,-7252.0,-13752.0
-9229.0,-6686.0,-13308.0
-8207.0,-7365.0,-13928.0
-9748.0,-7957.0,-12505.0
-9071.0,-6158.0,-13590.0
-9086.0,-6551.0,-13512.0
-10022.0,-9178.0,-11184.0
-9933.0,-8598.0,-12071.0
-9148.0,-6257.0,-13558.0
-9012.0,-6371.0,-13610.0
-8636.0,-7476.0,-13884.0
-10016.0,-9098.0,-11355.0
-9103.0,-6258.0,-13539.0
-10001.0,-10005.0,-10365.0
-9019.0,-6274.0,-13553.0
-10021.0,-9672.0,-10556.0
-8215.0,-7401.0,-13911.0
-9433.0,-11012.0,-8700.0
-9963.0,-9907.0,-10582.0
-10019.0,-8471.0,-11987.0
-9996.0,-9040.0,-11398.0
-9954.0,-9663.0,-10584.0
-9224.0,-6699.0,-13327.0
-9946.0,-9647.0,-10711.0
-9440.0,-7136.0,-13043.0
-9979.0,-9833.0,-10521.0
-9925.0,-10308.0,-9993.0
-10002.0,-8600.0,-11983.0
-9434.0,-7070.0,-13079.0
-9384.0,-7980.0,-13065.0
-8437.0,-11449.0,-10321.0
-9969.0,-9708.0,-10563.0
-9472.0,-7236.0,-12992.0
-8991.0,-6233.0,-13614.0
-9405.0,-7369.0,-12998.0
-9127.0,-6568.0,-13407.0
-9865.0,-8125.0,-12262.0
-7535.0,-11279.0,-11589.0
-9939.0,-8792.0,-11771.0
-9403.0,-7464.0,-13011.0
-9214.0,-6792.0,-13303.0
-9915.0,-10132.0,-10449.0
-9900.0,-8482.0,-12082.0
-8100.0,-11387.0,-10919.0
-9197.0,-6671.0,-13329.0
-9187.0,-6679.0,-13335.0
-9514.0,-11007.0,-8522.0
-9894.0,-8222.0,-12247.0
-8850.0,-6529.0,-13732.0
-9936.0,-9722.0,-11056.0
-9122.0,-6581.0,-13426.0
-8734.0,-6682.0,-13801.0
-9208.0,-7265.0,-13307.0
-9624.0,-7510.0,-12796.0
-9182.0,-6692.0,-13354.0
-9386.0,-7455.0,-13029.0
-9832.0,-8441.0,-12187.0
-9908.0,-8977.0,-11801.0
-9384.0,-7141.0,-13124.0
-9203.0,-7278.0,-13326.0
-7398.0,-11316.0,-11635.0
-9117.0,-6661.0,-13383.0
-9977.0,-9126.0,-11429.0
-9112.0,-6674.0,-13402.0
-9823.0,-8139.0,-12291.0
-9995.0,-9249.0,-11191.0
-8374.0,-11353.0,-10664.0
-9647.0,-10896.0,-8878.0
-9556.0,-7596.0,-12830.0
-9939.0,-9323.0,-11245.0
-9684.0,-10692.0,-9868.0
-9177.0,-6723.0,-13334.0
-9145.0,-6656.0,-13369.0
-9815.0,-8432.0,-12205.0
-8647.0,-6878.0,-13869.0
-8136.0,-11371.0,-10815.0
-7802.0,-11323.0,-11229.0
-10011.0,-9496.0,-11012.0
-9632.0,-10836.0,-9983.0
-9098.0,-7464.0,-13409.0
-9170.0,-7162.0,-13337.0
-9901.0,-8671.0,-11966.0
-9113.0,-6871.0,-13367.0
-9741.0,-8039.0,-12504.0
-9984.0,-8612.0,-11989.0
-6549.0,-11077.0,-12482.0
-8904.0,-7258.0,-13669.0
-9140.0,-6715.0,-13341.0
-9951.0,-8496.0,-12000.0
-8786.0,-6546.0,-13726.0
-9937.0,-9419.0,-11050.0
-9965.0,-9084.0,-11437.0
-9581.0,-7836.0,-12789.0
-6829.0,-11041.0,-12441.0
-9085.0,-6561.0,-13434.0
-9723.0,-8051.0,-12510.0
-9081.0,-6771.0,-13418.0
-9118.0,-6858.0,-13348.0
-7972.0,-8131.0,-13951.0
-8324.0,-11275.0,-10898.0
-8653.0,-7485.0,-13866.0
-9901.0,-9429.0,-11057.0
-9945.0,-9026.0,-11480.0
-8846.0,-7493.0,-13695.0
-9784.0,-8617.0,-12235.0
-9897.0,-9346.0,-11232.0
-9007.0,-6451.0,-13567.0
-9697.0,-7943.0,-12587.0
-9080.0,-6574.0,-13453.0
-9967.0,-9237.0,-11318.0
-9956.0,-9293.0,-11234.0
-9423.0,-7357.0,-12992.0
-9994.0,-9487.0,-11030.0
-9973.0,-9897.0,-10423.0
-9971.0,-9615.0,-10742.0
-9549.0,-7736.0,-12840.0
-9102.0,-6949.0,-13378.0
-9379.0,-7154.0,-13143.0
-8705.0,-7478.0,-13796.0
-9699.0,-7452.0,-12921.0
-9887.0,-8799.0,-11841.0
-8951.0,-6450.0,-13668.0
-9987.0,-9130.0,-11349.0
-9539.0,-7587.0,-12848.0
-8722.0,-7487.0,-13778.0
-9884.0,-9364.0,-11479.0
-9694.0,-7465.0,-12940.0
-7918.0,-11262.0,-11379.0
-9354.0,-7355.0,-13080.0
-9625.0,-7653.0,-12765.0
-9924.0,-8916.0,-11727.0
-9859.0,-8521.0,-12109.0
-7866.0,-11308.0,-11204.0
-9777.0,-8311.0,-12400.0
-9927.0,-9038.0,-11486.0
-9574.0,-10912.0,-8981.0
-9524.0,-7496.0,-12881.0
-8644.0,-11376.0,-10193.0
-9438.0,-10992.0,-9065.0
-9658.0,-10716.0,-9194.0
-9918.0,-9733.0,-10638.0
-8734.0,-7045.0,-13753.0
-7399.0,-11275.0,-11616.0
-7404.0,-11262.0,-11597.0
-9362.0,-7145.0,-13161.0
-9002.0,-6464.0,-13586.0
-9586.0,-7823.0,-12770.0
-8855.0,-6516.0,-13713.0
-9473.0,-10991.0,-9045.0
-9563.0,-10929.0,-8582.0
-7484.0,-11229.0,-11624.0
-7381.0,-11307.0,-11653.0
-9908.0,-9124.0,-11517.0
-9883.0,-9441.0,-11063.0
-9352.0,-7880.0,-13116.0
-9358.0,-11044.0,-8875.0
-8479.0,-11426.0,-10334.0
-8865.0,-6543.0,-13673.0
-9910.0,-9831.0,-10609.0
-8604.0,-11363.0,-10384.0
-9862.0,-9645.0,-11094.0
-9873.0,-10155.0,-10436.0
-9496.0,-10951.0,-8908.0
-9960.0,-8623.0,-11970.0
-9940.0,-9212.0,-11419.0
-9517.0,-10924.0,-8638.0
-9959.0,-9138.0,-11435.0
-9853.0,-8619.0,-12147.0
-9517.0,-7821.0,-12858.0
-9282.0,-11029.0,-9023.0
-9942.0,-8635.0,-11976.0
-9870.0,-8790.0,-11859.0
-9002.0,-6827.0,-13538.0
-9310.0,-7064.0,-13162.0
-7366.0,-11216.0,-11686.0
-9309.0,-7367.0,-13168.0
-7503.0,-11175.0,-11649.0
-9723.0,-8154.0,-12437.0
-8956.0,-6437.0,-13649.0
-8027.0,-11302.0,-11137.0
-7506.0,-11153.0,-11715.0
-9242.0,-7240.0,-13277.0
-7614.0,-11242.0,-11505.0
-9473.0,-7482.0,-12963.0
-9512.0,-7834.0,-12877.0
-9507.0,-7487.0,-12899.0
-9305.0,-7077.0,-13181.0
-9679.0,-7955.0,-12593.0
-9494.0,-10964.0,-8775.0
-8050.0,-7780.0,-13904.0
-9902.0,-9807.0,-10699.0
-8851.0,-7480.0,-13676.0
-8995.0,-7256.0,-13544.0
-10015.0,-8981.0,-11624.0
-9898.0,-9070.0,-11777.0
-9554.0,-7723.0,-12821.0
-8065.0,-7893.0,-13901.0
-9900.0,-9281.0,-11299.0
-9849.0,-9436.0,-11127.0
-9914.0,-8824.0,-11740.0
-9853.0,-8766.0,-11863.0
-9872.0,-10232.0,-10020.0
-8990.0,-7269.0,-13563.0
-9672.0,-8037.0,-12592.0
-9456.0,-7473.0,-12981.0
-9843.0,-8712.0,-12123.0
-8506.0,-11400.0,-10438.0
-7232.0,-8820.0,-13860.0
-9304.0,-7380.0,-13187.0
-7478.0,-11149.0,-11795.0
-9969.0,-9905.0,-10416.0
-8117.0,-11361.0,-10929.0
-9712.0,-8444.0,-12468.0
-9505.0,-7582.0,-12912.0
-9918.0,-9128.0,-11437.0
-8921.0,-7267.0,-13651.0
-9628.0,-7941.0,-12675.0
-9293.0,-7254.0,-13195.0
-9277.0,-7267.0,-13219.0
-9613.0,-7828.0,-12678.0
-7655.0,-11235.0,-11530.0
-7254.0,-11153.0,-12046.0
-7678.0,-11286.0,-11466.0
-7849.0,-11299.0,-11222.0
-8973.0,-7260.0,-13581.0
-9488.0,-7573.0,-12930.0
-9839.0,-9407.0,-11216.0
-9862.0,-8524.0,-12073.0
-8003.0,-11271.0,-11158.0
-8926.0,-7254.0,-13632.0
-9745.0,-8356.0,-12316.0
-9272.0,-7280.0,-13238.0
-9797.0,-10458.0,-10064.0
-9912.0,-9219.0,-11348.0
-7562.0,-11146.0,-11540.0
-9691.0,-8266.0,-12508.0
-9832.0,-8764.0,-11922.0
-9894.0,-9328.0,-11255.0
-9898.0,-9235.0,-11406.0
-9416.0,-11003.0,-8718.0
-9888.0,-9248.0,-11426.0
-9969.0,-9519.0,-10999.0
-8958.0,-6701.0,-13583.0
-7628.0,-11116.0,-11690.0
-9433.0,-10993.0,-8826.0
-9107.0,-6936.0,-13359.0
-9797.0,-10202.0,-10458.0
-9894.0,-9745.0,-11043.0
-9891.0,-8621.0,-12058.0
-8988.0,-11242.0,-10147.0
-8085.0,-11261.0,-10980.0
-9990.0,-9495.0,-11023.0
-9431.0,-7505.0,-12950.0
-7347.0,-11124.0,-11926.0
-9898.0,-10123.0,-10467.0
-9065.0,-7047.0,-13415.0
-9800.0,-8556.0,-12161.0
-9855.0,-8914.0,-11815.0
-9590.0,-10859.0,-9970.0
-9852.0,-9264.0,-11530.0
-7063.0,-11077.0,-12264.0
-9832.0,-9427.0,-11145.0
-9658.0,-8150.0,-12519.0
-8158.0,-7867.0,-13900.0
-9730.0,-8377.0,-12341.0
-9887.0,-9913.0,-10538.0
-9807.0,-9459.0,-11114.0
-9893.0,-9822.0,-10627.0
-9539.0,-7883.0,-12686.0
-9589.0,-8148.0,-12607.0
-9430.0,-7808.0,-12956.0
-9790.0,-8464.0,-12174.0
-9863.0,-9774.0,-10872.0
-9845.0,-8822.0,-11828.0
-9856.0,-9890.0,-10848.0
-9280.0,-11026.0,-9097.0
-8686.0,-11353.0,-10206.0
-7742.0,-11206.0,-11461.0
-7901.0,-11253.0,-11397.0
-9841.0,-10055.0,-10487.0
-9643.0,-8442.0,-12556.0
-9485.0,-7721.0,-12909.0
-9833.0,-9350.0,-11561.0
-9525.0,-8155.0,-12744.0
-8233.0,-11213.0,-10957.0
-9808.0,-9416.0,-11218.0
-9414.0,-7496.0,-12968.0
-9860.0,-9830.0,-10686.0
-9812.0,-9025.0,-11885.0
-8525.0,-11317.0,-10467.0
-8662.0,-11322.0,-10227.0
-9571.0,-7983.0,-12635.0
-9790.0,-9489.0,-11125.0
-9828.0,-8813.0,-11846.0
-8041.0,-8133.0,-13863.0
-9791.0,-9435.0,-11278.0
-9725.0,-8408.0,-12321.0
-9398.0,-7708.0,-13007.0
-8307.0,-11266.0,-10916.0
-9835.0,-10057.0,-10653.0
-7918.0,-11227.0,-11407.0
-9800.0,-8750.0,-12030.0
-9412.0,-7820.0,-12962.0
-7560.0,-11081.0,-11921.0
-9778.0,-9447.0,-11133.0
-8210.0,-11198.0,-11030.0
-9829.0,-9006.0,-11825.0
-7940.0,-11186.0,-11470.0
-7935.0,-11236.0,-11389.0
-9839.0,-9387.0,-11389.0
-7663.0,-11129.0,-11518.0
-8673.0,-11291.0,-10569.0
-9763.0,-10241.0,-10318.0
-7259.0,-11140.0,-12027.0
-9774.0,-9662.0,-11171.0
-8216.0,-11204.0,-10975.0
-9801.0,-9250.0,-11612.0
-9778.0,-8992.0,-11907.0
-9533.0,-7747.0,-12797.0
-8474.0,-11300.0,-10489.0
-9480.0,-7734.0,-12928.0
-7710.0,-11106.0,-11512.0
-6980.0,-11053.0,-12293.0
-9554.0,-7974.0,-12653.0
-7976.0,-11221.0,-11222.0
-9715.0,-8501.0,-12297.0
-9528.0,-7760.0,-12816.0
-7996.0,-11188.0,-11464.0
-7867.0,-8448.0,-13921.0
-9553.0,-7995.0,-12641.0
-9822.0,-9398.0,-11234.0
-9780.0,-9506.0,-11125.0
-8483.0,-11272.0,-10793.0
-9349.0,-10954.0,-9282.0
-8416.0,-11341.0,-10646.0
-8443.0,-7918.0,-13845.0
-7777.0,-11087.0,-11700.0
-9767.0,-8802.0,-12122.0
-8789.0,-11251.0,-10067.0
-9551.0,-8122.0,-12632.0
-9769.0,-9487.0,-11184.0
-9536.0,-7986.0,-12659.0
-7543.0,-11072.0,-11939.0
-9797.0,-9405.0,-11374.0
-8087.0,-11183.0,-11096.0
-6911.0,-11017.0,-12383.0
-9493.0,-8055.0,-12795.0
-9759.0,-9550.0,-11252.0
-7964.0,-11088.0,-11515.0
-7472.0,-11065.0,-11967.0
-9705.0,-10282.0,-10475.0
-9546.0,-8135.0,-12651.0
-8036.0,-11236.0,-11097.0
-9797.0,-9149.0,-11841.0
-8731.0,-11292.0,-10224.0
-9551.0,-8014.0,-12638.0
-7992.0,-11208.0,-11226.0
-7348.0,-11028.0,-12204.0
-8058.0,-11160.0,-11188.0
-6834.0,-11028.0,-12422.0
-8494.0,-7932.0,-13763.0
-9505.0,-10876.0,-9071.0
-7894.0,-8792.0,-13866.0
-9760.0,-9004.0,-11913.0
-8448.0,-11312.0,-10661.0
-8093.0,-11172.0,-11073.0
-6650.0,-10808.0,-12571.0
-9757.0,-8895.0,-12098.0
-6990.0,-10960.0,-12317.0
-7959.0,-11212.0,-11240.0
-9305.0,-7440.0,-13123.0
-8311.0,-11139.0,-11042.0
-8060.0,-8456.0,-13750.0
-7997.0,-11195.0,-11207.0
-8694.0,-11264.0,-10299.0
-9240.0,-7365.0,-13256.0
-8255.0,-11137.0,-11048.0
-9257.0,-7462.0,-13131.0
-8136.0,-11121.0,-11068.0
-6894.0,-11008.0,-12401.0
-8081.0,-11133.0,-11303.0
-7952.0,-8557.0,-13840.0
-8225.0,-8161.0,-13743.0
-9774.0,-9426.0,-11296.0
-9466.0,-7946.0,-12830.0
-9783.0,-8741.0,-12048.0
-9691.0,-10524.0,-10373.0
-9774.0,-9957.0,-10770.0
-9234.0,-7718.0,-13133.0
-9774.0,-8710.0,-12211.0
-9709.0,-8843.0,-12279.0
-9232.0,-7813.0,-13146.0
-9434.0,-7846.0,-12881.0
-7007.0,-10982.0,-12286.0
-9749.0,-9458.0,-11265.0
-8096.0,-11108.0,-11259.0
-8731.0,-11250.0,-10412.0
-8054.0,-11147.0,-11307.0
-7004.0,-10085.0,-13320.0
-8187.0,-11102.0,-11279.0
-8777.0,-11202.0,-10231.0
-9702.0,-8537.0,-12444.0
-9772.0,-9431.0,-11370.0
-9583.0,-8222.0,-12581.0
-7697.0,-11044.0,-11875.0
-9732.0,-9530.0,-11282.0
-9824.0,-9790.0,-10899.0
-9218.0,-7480.0,-13239.0
-9366.0,-10924.0,-9104.0
-9461.0,-10917.0,-9879.0
-9488.0,-10867.0,-9089.0
-9659.0,-8381.0,-12482.0
-9732.0,-9449.0,-11283.0
-9730.0,-9454.0,-11357.0
-9843.0,-9354.0,-11481.0
-9844.0,-9848.0,-10856.0
-8549.0,-11233.0,-10597.0
-8348.0,-11177.0,-10943.0
-9755.0,-9172.0,-11828.0
-8250.0,-11198.0,-10936.0
-6119.0,-10184.0,-13219.0
-9235.0,-7378.0,-13275.0
-9458.0,-7973.0,-12841.0
-9578.0,-8235.0,-12600.0
-9812.0,-9760.0,-10954.0
-9649.0,-8289.0,-12495.0
-9804.0,-10086.0,-10482.0
-9055.0,-11184.0,-10263.0
-9453.0,-7986.0,-12860.0
-8250.0,-11187.0,-10967.0
-9237.0,-7800.0,-13127.0
-9818.0,-9386.0,-11450.0
-9711.0,-9557.0,-11287.0
-8541.0,-11231.0,-10636.0
-9787.0,-9888.0,-10936.0
-9332.0,-10945.0,-9300.0
-9787.0,-10077.0,-10500.0
-9530.0,-8146.0,-12608.0
-9732.0,-9193.0,-11677.0
-7969.0,-8566.0,-13822.0
-9149.0,-7478.0,-13327.0
-9711.0,-9528.0,-11341.0
-8760.0,-11193.0,-10249.0
-8233.0,-11178.0,-10985.0
-9722.0,-9599.0,-11193.0
-8528.0,-11169.0,-10999.0
-9545.0,-8705.0,-12606.0
-9009.0,-11215.0,-9877.0
-7362.0,-11000.0,-11970.0
-9738.0,-8948.0,-11923.0
-9825.0,-9676.0,-11089.0
-9755.0,-9422.0,-11388.0
-7528.0,-10981.0,-11972.0
-9023.0,-7040.0,-13442.0
-7511.0,-10972.0,-11990.0
-9025.0,-7472.0,-13410.0
-7940.0,-11057.0,-11536.0
-9020.0,-7485.0,-13429.0
-9753.0,-10072.0,-10564.0
-9426.0,-7873.0,-12892.0
-9728.0,-8904.0,-11964.0
-9525.0,-8159.0,-12627.0
-7987.0,-8518.0,-13756.0
-8292.0,-11175.0,-10949.0
-9721.0,-9417.0,-11452.0
-9513.0,-8605.0,-12657.0
-9732.0,-9980.0,-10757.0
-9688.0,-9253.0,-11672.0
-9780.0,-10193.0,-10476.0
-9728.0,-10200.0,-10546.0
-9428.0,-7924.0,-12873.0
-9709.0,-8990.0,-11995.0
-9688.0,-8665.0,-12319.0
-9097.0,-11161.0,-10276.0
-9421.0,-7886.0,-12911.0
-7383.0,-10954.0,-12057.0
-9700.0,-9585.0,-11209.0
-8504.0,-11228.0,-10666.0
-9755.0,-9788.0,-10987.0
-9757.0,-8667.0,-12231.0
-7839.0,-11048.0,-11603.0
-9046.0,-11201.0,-9990.0
-9167.0,-7466.0,-13321.0
-9742.0,-8791.0,-12187.0
-9574.0,-8272.0,-12563.0
-9080.0,-11152.0,-10294.0
-9678.0,-9346.0,-11648.0
-9460.0,-8024.0,-12822.0
-8342.0,-11097.0,-11114.0
-9696.0,-9484.0,-11438.0
-9733.0,-9934.0,-10801.0
-9783.0,-9699.0,-11076.0
-9755.0,-10225.0,-10445.0
-9215.0,-7804.0,-13164.0
-9685.0,-9596.0,-11223.0
-9728.0,-10031.0,-10800.0
-9415.0,-7932.0,-12912.0
-8735.0,-11134.0,-10359.0
-9770.0,-9385.0,-11477.0
-8599.0,-11214.0,-10607.0
-9732.0,-9685.0,-11158.0
-8487.0,-11219.0,-10684.0
-8803.0,-11131.0,-10640.0
-9671.0,-9585.0,-11275.0
-9683.0,-9615.0,-11220.0
-7998.0,-11145.0,-11313.0
-9742.0,-9689.0,-11078.0
-9719.0,-8994.0,-11915.0
-8028.0,-11073.0,-11490.0
-9680.0,-10014.0,-11031.0
-9397.0,-7944.0,-12918.0
-9719.0,-9188.0,-11784.0
-7504.0,-10950.0,-11993.0
-9712.0,-10114.0,-10980.0
-9205.0,-7700.0,-13178.0
-9812.0,-9362.0,-11490.0
-7393.0,-10950.0,-12025.0
-9655.0,-8549.0,-12330.0
-9736.0,-10063.0,-10582.0
-9780.0,-9140.0,-11859.0
-9389.0,-7971.0,-12929.0
-9716.0,-9998.0,-10927.0
-9715.0,-9715.0,-11169.0
-7561.0,-8816.0,-13810.0
-9478.0,-8221.0,-12685.0
-9639.0,-9356.0,-11576.0
-9670.0,-9720.0,-11179.0
-8699.0,-11150.0,-10463.0
-8641.0,-11191.0,-10620.0
-7487.0,-10941.0,-12011.0
-9704.0,-9408.0,-11470.0
-9635.0,-9513.0,-11489.0
-9614.0,-8588.0,-12357.0
-9677.0,-9211.0,-11771.0
-9450.0,-8381.0,-12788.0
-9384.0,-7984.0,-12948.0
-9715.0,-8690.0,-12218.0
-9635.0,-9384.0,-11555.0
-9664.0,-9640.0,-11350.0
-9200.0,-7713.0,-13197.0
-9694.0,-9548.0,-11305.0
-9657.0,-9756.0,-11326.0
-8549.0,-11142.0,-10729.0
-7472.0,-9240.0,-13787.0
-9770.0,-9048.0,-11872.0
-9699.0,-8936.0,-12255.0
-9661.0,-9229.0,-11941.0
-9636.0,-9755.0,-11387.0
-8103.0,-11057.0,-11394.0
-7872.0,-11022.0,-11767.0
-7366.0,-10945.0,-12075.0
-8559.0,-11140.0,-10621.0
-8245.0,-11061.0,-11122.0
-9725.0,-8782.0,-12205.0
-9723.0,-9072.0,-11879.0
-7851.0,-11033.0,-11547.0
-9679.0,-9475.0,-11456.0
-9690.0,-10601.0,-9957.0
-7486.0,-11004.0,-11959.0
-9418.0,-8281.0,-12839.0
-8241.0,-11033.0,-11149.0
-9694.0,-9026.0,-11884.0
-9183.0,-7704.0,-13215.0
-9601.0,-8616.0,-12508.0
-9633.0,-8535.0,-12532.0
-9593.0,-9407.0,-11542.0
-9615.0,-9774.0,-11311.0
-8610.0,-11077.0,-10947.0
-9656.0,-9230.0,-11695.0
-9640.0,-9273.0,-11694.0
-9711.0,-10191.0,-10564.0
-9381.0,-8379.0,-12876.0
-8242.0,-8170.0,-13725.0
-9150.0,-7588.0,-13226.0
-8283.0,-11010.0,-11162.0
-9656.0,-8974.0,-12162.0
-9614.0,-8997.0,-12149.0
-9603.0,-9782.0,-11060.0
-9476.0,-8240.0,-12682.0
-7937.0,-10987.0,-11546.0
-9588.0,-9417.0,-11809.0
-9654.0,-10123.0,-10584.0
-9598.0,-9015.0,-12319.0
-9619.0,-9252.0,-11928.0
-9132.0,-7600.0,-13232.0
-8223.0,-10995.0,-11287.0
-9604.0,-9343.0,-11748.0
-9588.0,-9783.0,-11075.0
-8983.0,-11116.0,-10302.0
-9618.0,-9375.0,-11573.0
-9587.0,-9856.0,-11121.0
-9559.0,-8639.0,-12495.0
-8009.0,-10985.0,-11721.0
-7489.0,-9249.0,-13769.0
-8422.0,-8181.0,-13711.0
-8093.0,-8572.0,-13739.0
-9577.0,-9425.0,-11712.0
-9130.0,-7695.0,-13245.0
-9653.0,-10426.0,-10590.0
-9113.0,-11143.0,-10106.0
-8888.0,-11107.0,-10429.0
-9656.0,-8780.0,-12293.0
-9450.0,-8385.0,-12671.0
-9598.0,-9381.0,-11585.0
-8165.0,-11036.0,-11444.0
-9573.0,-9541.0,-11765.0
-9591.0,-9018.0,-11998.0
-8587.0,-7694.0,-13713.0
-9632.0,-9540.0,-11401.0
-9636.0,-10166.0,-10719.0
-9587.0,-9152.0,-11979.0
-9591.0,-9355.0,-11603.0
-7541.0,-9242.0,-13699.0
-9116.0,-8198.0,-13280.0
-8549.0,-11125.0,-10872.0
-9646.0,-8688.0,-12306.0
-9349.0,-8279.0,-12927.0
-7816.0,-11020.0,-11773.0
-9686.0,-10223.0,-10533.0
-9155.0,-11120.0,-10119.0
-9613.0,-9626.0,-11432.0
-8592.0,-7681.0,-13694.0
-7855.0,-11013.0,-11785.0
-8496.0,-11069.0,-11050.0
-9599.0,-8712.0,-12313.0
-8825.0,-7695.0,-13643.0
-8259.0,-10979.0,-11183.0
-7799.0,-11011.0,-11791.0
-8448.0,-7905.0,-13826.0
-8630.0,-11072.0,-10658.0
-8153.0,-11014.0,-11531.0
-9659.0,-10424.0,-10424.0
-9615.0,-10827.0,-10001.0
-8098.0,-8559.0,-13720.0
-7798.0,-10945.0,-11805.0
-8011.0,-11064.0,-11508.0
-9556.0,-9038.0,-12306.0
-9604.0,-9655.0,-11438.0
-8465.0,-10955.0,-11377.0
-8729.0,-11054.0,-10678.0
-9562.0,-10582.0,-10282.0
-9111.0,-8211.0,-13299.0
-9581.0,-9526.0,-11483.0
-8135.0,-8230.0,-13706.0
-8604.0,-10997.0,-11118.0
-7697.0,-9189.0,-13698.0
-9567.0,-9827.0,-11202.0
-9598.0,-9271.0,-11852.0
-8974.0,-7458.0,-13492.0
-9547.0,-9078.0,-11993.0
-9135.0,-7682.0,-13226.0
-8633.0,-11037.0,-10810.0
-8343.0,-11024.0,-11068.0
-8621.0,-11006.0,-11100.0
-9600.0,-10181.0,-10871.0
-9322.0,-8170.0,-12962.0
-9207.0,-10976.0,-10004.0
-9556.0,-9898.0,-11049.0
-7840.0,-10922.0,-11818.0
-9084.0,-8098.0,-13331.0
-8211.0,-10973.0,-11374.0
-9524.0,-8938.0,-12357.0
-9544.0,-9042.0,-12005.0
-9592.0,-9301.0,-11756.0
-9533.0,-9059.0,-12155.0
-9560.0,-9564.0,-11538.0
-7823.0,-10913.0,-11836.0
-9579.0,-10349.0,-10628.0
-9545.0,-9879.0,-11108.0
-8512.0,-7920.0,-13757.0
-8668.0,-11036.0,-10790.0
-8140.0,-8217.0,-13687.0
-8454.0,-8281.0,-13660.0
-8824.0,-11087.0,-10513.0
-9519.0,-9094.0,-12015.0
-9079.0,-8111.0,-13350.0
-9023.0,-11084.0,-10314.0
-7731.0,-10869.0,-11910.0
-9290.0,-8070.0,-13013.0
-9556.0,-9654.0,-11465.0
-9163.0,-7723.0,-13165.0
-9162.0,-8026.0,-13171.0
-8925.0,-11028.0,-10525.0
-8517.0,-7907.0,-13738.0
-9505.0,-8739.0,-12442.0
-9529.0,-9969.0,-11056.0
-7736.0,-10856.0,-11891.0
-9158.0,-7736.0,-13184.0
-9558.0,-10204.0,-10858.0
-9529.0,-9897.0,-11278.0
-8563.0,-7934.0,-13675.0
-9518.0,-9183.0,-12111.0
-8012.0,-10839.0,-11852.0
-9554.0,-9938.0,-11042.0
-8864.0,-11076.0,-10450.0
-8046.0,-10927.0,-11600.0
-9558.0,-10759.0,-10021.0
-9550.0,-9818.0,-11220.0
-8532.0,-11116.0,-10890.0
-9280.0,-8631.0,-12664.0
-9495.0,-9580.0,-11708.0
-9157.0,-8039.0,-13190.0
-8771.0,-11031.0,-10691.0
-8333.0,-10818.0,-12006.0
-9239.0,-8056.0,-13095.0
-9181.0,-7940.0,-13140.0
-9275.0,-8644.0,-12683.0
-9573.0,-9297.0,-11848.0
-9141.0,-7727.0,-13202.0
-8847.0,-11067.0,-10468.0
-8969.0,-7471.0,-13511.0
-9491.0,-10661.0,-10304.0
-8992.0,-7655.0,-13355.0
-9208.0,-10966.0,-10276.0
-9521.0,-9899.0,-11069.0
-9229.0,-10939.0,-10006.0
-8107.0,-8377.0,-13660.0
-9537.0,-9171.0,-11969.0
-9130.0,-7926.0,-13222.0
-9508.0,-9905.0,-11458.0
-9548.0,-9823.0,-11294.0
-8711.0,-10998.0,-10883.0
-9550.0,-10349.0,-10694.0
-8987.0,-7668.0,-13374.0
-9452.0,-8782.0,-12388.0
-9485.0,-9601.0,-11469.0
-9487.0,-9924.0,-11382.0
-9139.0,-8051.0,-13196.0
-8174.0,-10970.0,-11404.0
-9476.0,-9805.0,-11509.0
-8162.0,-8574.0,-13651.0
-7887.0,-10898.0,-11811.0
-9268.0,-8398.0,-12743.0
-8951.0,-11016.0,-10353.0
-8876.0,-7709.0,-13561.0
-9556.0,-9317.0,-11860.0
-9588.0,-9754.0,-11414.0
-9125.0,-7939.0,-13241.0
-9271.0,-8156.0,-13044.0
-8899.0,-7684.0,-13536.0
-8121.0,-10914.0,-11582.0
-8249.0,-10948.0,-11382.0
-9176.0,-7953.0,-13159.0
-9522.0,-9283.0,-11930.0
-8200.0,-10899.0,-11536.0
-8041.0,-10870.0,-11747.0
-8970.0,-7659.0,-13392.0
-9263.0,-8411.0,-12762.0
-9208.0,-8053.0,-13108.0
-9474.0,-9990.0,-11101.0
-8578.0,-8047.0,-13672.0
-8914.0,-11009.0,-10584.0
-9448.0,-9292.0,-12025.0
-8583.0,-8034.0,-13653.0
-9377.0,-9008.0,-12432.0
-6688.0,-10407.0,-13160.0
-6858.0,-9717.0,-13570.0
-9253.0,-8522.0,-12699.0
-8638.0,-7708.0,-13631.0
-9529.0,-9729.0,-11419.0
-7922.0,-8632.0,-13763.0
-6928.0,-10353.0,-12931.0
-9541.0,-9441.0,-11816.0
-8018.0,-10919.0,-11681.0
-9474.0,-9599.0,-11632.0
-8948.0,-10988.0,-10388.0
-9388.0,-8826.0,-12360.0
-8983.0,-10987.0,-10368.0
-8894.0,-7697.0,-13555.0
-8950.0,-7698.0,-13454.0
-9535.0,-9341.0,-11836.0
-7848.0,-10840.0,-11819.0
-8024.0,-10861.0,-11765.0
-8702.0,-7877.0,-13607.0
-7787.0,-8839.0,-13698.0
-8801.0,-10991.0,-10762.0
-8281.0,-10864.0,-11460.0
-9518.0,-10249.0,-10745.0
-9497.0,-9350.0,-11916.0
-9248.0,-8535.0,-12718.0
-6812.0,-10573.0,-12857.0
-9381.0,-8733.0,-12525.0
-9507.0,-9982.0,-11042.0
-9514.0,-9853.0,-11375.0
-7023.0,-10562.0,-12819.0
-9445.0,-9691.0,-11836.0
-8102.0,-10822.0,-11822.0
-8040.0,-10843.0,-11772.0
-9460.0,-9933.0,-11146.0
-9518.0,-9332.0,-11854.0
-8167.0,-8561.0,-13632.0
-9577.0,-10067.0,-10997.0
-9611.0,-10449.0,-10577.0
-9486.0,-9083.0,-12162.0
-7967.0,-8570.0,-13761.0
-8956.0,-10986.0,-10597.0
-9275.0,-10908.0,-10392.0
-6996.0,-10664.0,-12774.0
-8220.0,-8339.0,-13625.0
-9512.0,-9395.0,-11821.0
-9503.0,-9990.0,-11035.0
-9240.0,-8558.0,-12846.0
-7957.0,-8663.0,-13737.0
-9495.0,-9991.0,-11040.0
-9459.0,-10006.0,-11192.0
-7175.0,-10622.0,-12700.0
-9376.0,-8746.0,-12544.0
-9138.0,-11111.0,-10137.0
-9560.0,-10058.0,-11015.0
-9514.0,-9340.0,-11847.0
-9026.0,-10949.0,-10461.0
-9345.0,-8908.0,-12483.0
-8859.0,-10950.0,-10605.0
-9460.0,-9567.0,-11880.0
-9257.0,-8373.0,-12959.0
-7006.0,-10553.0,-12837.0
-7361.0,-9648.0,-13513.0
-9583.0,-10172.0,-10889.0
-9449.0,-9181.0,-12199.0
-8876.0,-10943.0,-10772.0
-9252.0,-8386.0,-12978.0
-9492.0,-10390.0,-10851.0
-7702.0,-9176.0,-13679.0
-9529.0,-10066.0,-11024.0
-9539.0,-10468.0,-10408.0
-9449.0,-10684.0,-10291.0
-9464.0,-9057.0,-12243.0
-7891.0,-9191.0,-13677.0
-9449.0,-10217.0,-11068.0
-6762.0,-10353.0,-13007.0
-8703.0,-10996.0,-10922.0
-9480.0,-9306.0,-11917.0
-9489.0,-10135.0,-10904.0
-6979.0,-10367.0,-12849.0
-8784.0,-10982.0,-10780.0
-9440.0,-9222.0,-12054.0
-8945.0,-7711.0,-13473.0
-8032.0,-8603.0,-13704.0
-9436.0,-9379.0,-11967.0
-9198.0,-8164.0,-13045.0
-8690.0,-10934.0,-11285.0
-9193.0,-8177.0,-13064.0
-9472.0,-10126.0,-10922.0
-7847.0,-10779.0,-12452.0
-9508.0,-10476.0,-10417.0
-7066.0,-9657.0,-13499.0
-8727.0,-10914.0,-10800.0
-8237.0,-8348.0,-13607.0
-7092.0,-10598.0,-12729.0
-9433.0,-10702.0,-10461.0
-9535.0,-10090.0,-10984.0
-7907.0,-8756.0,-13719.0
-9499.0,-10516.0,-10468.0
-9225.0,-8273.0,-13010.0
-6927.0,-9719.0,-13482.0
-9487.0,-10089.0,-11011.0
-9432.0,-10208.0,-11086.0
-9460.0,-10290.0,-10902.0
-9282.0,-10887.0,-10005.0
-8426.0,-8430.0,-13583.0
-9312.0,-8731.0,-12613.0
-8679.0,-10965.0,-10943.0
-8504.0,-10862.0,-11400.0
-9432.0,-9366.0,-12086.0
-9451.0,-10536.0,-10315.0
-9224.0,-10928.0,-10162.0
-9339.0,-8808.0,-12503.0
-8721.0,-10905.0,-10907.0
-8008.0,-8677.0,-13655.0
-9166.0,-8064.0,-13096.0
-9317.0,-10885.0,-10405.0
-9307.0,-8744.0,-12632.0
-7792.0,-8826.0,-13679.0
-8825.0,-10893.0,-10807.0
-9439.0,-9977.0,-11273.0
-9428.0,-10048.0,-11120.0
-7051.0,-9725.0,-13399.0
-9161.0,-8077.0,-13115.0
-8242.0,-8335.0,-13588.0
-9436.0,-9250.0,-12033.0
-9391.0,-10725.0,-10448.0
-8642.0,-10962.0,-10973.0
-9417.0,-9081.0,-12250.0
-7297.0,-9943.0,-13396.0
-9382.0,-9424.0,-12351.0
-7949.0,-8956.0,-13651.0
-8433.0,-10855.0,-11428.0
-8748.0,-10893.0,-11128.0
-9308.0,-9006.0,-12520.0
-9147.0,-8150.0,-13127.0
-8830.0,-7682.0,-13624.0
-9368.0,-9693.0,-11680.0
-9367.0,-9730.0,-11779.0
-9018.0,-10947.0,-10500.0
-6793.0,-10330.0,-12936.0
-9220.0,-8286.0,-13029.0
-9405.0,-9209.0,-12226.0
-9482.0,-10507.0,-10486.0
-9235.0,-8571.0,-12865.0
-7067.0,-10299.0,-12942.0
-9428.0,-9467.0,-11931.0
-8882.0,-10909.0,-10635.0
-9417.0,-10029.0,-11179.0
-9276.0,-8906.0,-12571.0
-8662.0,-10956.0,-10961.0
-8625.0,-10953.0,-10991.0
-8719.0,-7886.0,-13589.0
-6998.0,-10287.0,-13051.0
-8891.0,-8096.0,-13366.0
-9369.0,-10741.0,-10290.0
-7028.0,-10549.0,-12800.0
-8934.0,-10902.0,-10615.0
-9205.0,-8857.0,-12708.0
-9380.0,-10457.0,-10742.0
-8465.0,-8223.0,-13651.0
-7102.0,-10505.0,-12753.0
-8769.0,-10891.0,-10813.0
-7376.0,-9524.0,-13557.0
-8037.0,-8590.0,-13685.0
-7083.0,-9666.0,-13481.0
-8083.0,-8617.0,-13622.0
-9400.0,-9266.0,-12137.0
-9005.0,-10885.0,-10863.0
-9421.0,-10407.0,-10603.0
-9395.0,-10050.0,-11182.0
-9376.0,-10573.0,-10795.0
-8957.0,-10913.0,-10551.0
-8897.0,-10899.0,-10645.0
-9237.0,-8957.0,-12657.0
-8606.0,-7887.0,-13569.0
-9142.0,-8163.0,-13146.0
-9375.0,-10140.0,-11106.0
-8598.0,-8057.0,-13528.0
-8470.0,-8210.0,-13632.0
-8711.0,-10907.0,-11015.0
-8851.0,-7816.0,-13438.0
-7280.0,-10730.0,-12634.0
-7966.0,-8965.0,-13633.0
-9337.0,-10751.0,-10182.0
-9416.0,-10031.0,-11258.0
-7277.0,-9668.0,-13460.0
-8473.0,-8195.0,-13629.0
-9401.0,-10047.0,-11349.0
-7510.0,-10664.0,-12556.0
-9365.0,-9781.0,-11635.0
-8369.0,-8896.0,-13572.0
-9150.0,-8499.0,-13054.0
-8098.0,-8730.0,-13619.0
-8491.0,-8183.0,-13623.0
-9300.0,-10876.0,-10423.0
-9200.0,-8870.0,-12727.0
-9318.0,-10781.0,-10004.0
-9210.0,-8439.0,-12900.0
-8760.0,-7836.0,-13450.0
-7134.0,-10403.0,-12766.0
-9422.0,-9968.0,-11291.0
-7097.0,-10585.0,-12710.0
-9359.0,-10070.0,-11336.0
-8609.0,-7999.0,-13519.0
-7119.0,-10527.0,-12722.0
-9424.0,-9469.0,-12025.0
-7558.0,-9251.0,-13681.0
-9145.0,-8512.0,-13073.0
-7682.0,-9257.0,-13598.0
-9232.0,-8970.0,-12676.0
-9036.0,-10856.0,-10485.0
-7068.0,-10349.0,-12899.0
-7276.0,-10353.0,-12789.0
-8614.0,-7986.0,-13500.0
-8505.0,-8295.0,-13578.0
-7708.0,-9258.0,-13537.0
-7434.0,-9289.0,-13531.0
-9124.0,-8175.0,-13152.0
-9190.0,-8576.0,-12875.0
-8625.0,-7935.0,-13499.0
-6810.0,-10187.0,-13065.0
-9182.0,-8599.0,-13003.0
-8819.0,-10813.0,-10978.0
-9156.0,-10849.0,-10666.0
-9346.0,-10140.0,-11172.0
-7493.0,-10655.0,-12574.0
-7124.0,-10514.0,-12703.0
-9407.0,-10240.0,-11055.0
-8549.0,-10759.0,-11606.0
-9331.0,-9410.0,-12433.0
-9324.0,-8932.0,-12459.0
-7180.0,-10609.0,-12681.0
-7139.0,-10462.0,-12730.0
-9401.0,-9879.0,-11490.0
-9026.0,-10858.0,-10593.0
-9411.0,-10618.0,-10479.0
-9390.0,-9333.0,-12182.0
-8523.0,-8283.0,-13572.0
-8690.0,-7963.0,-13496.0
-7446.0,-10494.0,-12683.0
-7107.0,-10492.0,-12734.0
-9205.0,-8452.0,-12919.0
-7451.0,-9298.0,-13513.0
-6741.0,-10185.0,-13153.0
-7978.0,-10656.0,-12125.0
-9177.0,-8612.0,-13022.0
-7460.0,-10573.0,-12640.0
-8350.0,-10461.0,-12722.0
-9208.0,-8458.0,-12897.0
-7122.0,-10453.0,-12748.0
-9353.0,-9817.0,-11636.0
-8103.0,-8717.0,-13600.0
-8542.0,-8197.0,-13541.0
-7538.0,-9641.0,-13510.0
-9413.0,-9591.0,-11887.0
-9309.0,-10245.0,-10927.0
-9144.0,-8648.0,-12747.0
-9405.0,-9521.0,-11916.0
-9300.0,-10382.0,-10946.0
-7151.0,-10412.0,-12748.0
-9113.0,-8597.0,-13091.0
-8617.0,-7971.0,-13497.0
-9203.0,-8471.0,-12916.0
-6933.0,-10340.0,-12912.0
-9386.0,-10003.0,-11446.0
-9347.0,-9844.0,-11516.0
-9357.0,-10343.0,-10868.0
-8777.0,-7845.0,-13432.0
-7259.0,-10344.0,-12807.0
-9301.0,-10243.0,-10966.0
-9112.0,-8615.0,-12818.0
-9085.0,-8642.0,-12803.0
-7156.0,-10399.0,-12729.0
-9309.0,-10137.0,-11202.0
-8584.0,-8093.0,-13524.0
-9392.0,-9369.0,-12076.0
-6746.0,-10172.0,-13134.0
-9340.0,-10334.0,-10886.0
-9386.0,-9490.0,-11918.0
-7438.0,-10118.0,-13075.0
-9309.0,-9771.0,-11936.0
-9094.0,-8663.0,-12731.0
-8649.0,-8071.0,-13446.0
-9325.0,-10159.0,-11096.0
-9060.0,-8779.0,-12741.0
-9108.0,-8610.0,-13110.0
-7073.0,-10336.0,-12880.0
-9239.0,-10282.0,-11063.0
-8658.0,-10834.0,-11336.0
-9330.0,-9835.0,-11534.0
-7555.0,-9650.0,-13492.0
-8764.0,-7952.0,-13389.0
-9321.0,-10215.0,-11141.0
-7570.0,-10323.0,-12850.0
-9321.0,-10303.0,-10888.0
-9325.0,-9857.0,-11502.0
-8722.0,-8063.0,-13445.0
-9071.0,-8701.0,-12730.0
-9043.0,-8649.0,-12813.0
-9075.0,-8646.0,-12835.0
-9014.0,-8656.0,-12765.0
-9304.0,-9516.0,-12157.0
-9294.0,-10129.0,-11246.0
-9346.0,-9749.0,-11703.0
-8870.0,-10790.0,-11013.0
-8695.0,-7950.0,-13477.0
-9320.0,-10742.0,-10200.0
-9322.0,-9833.0,-11573.0
-9013.0,-8738.0,-12742.0
-9007.0,-8716.0,-12755.0
-9378.0,-9933.0,-11475.0
-9308.0,-9848.0,-11520.0
-8727.0,-8050.0,-13426.0
-8574.0,-8297.0,-13490.0
-8480.0,-10831.0,-11421.0
-9384.0,-9545.0,-11892.0
-9081.0,-8497.0,-13142.0
-9437.0,-9621.0,-11865.0
-7260.0,-9659.0,-13478.0
-9283.0,-9926.0,-11550.0
-9304.0,-9856.0,-11513.0
-8738.0,-7992.0,-13417.0
-9359.0,-10625.0,-10499.0
-9249.0,-9158.0,-12503.0
-8759.0,-7965.0,-13408.0
-8999.0,-8666.0,-12863.0
-9359.0,-9902.0,-11477.0
-9314.0,-9767.0,-11717.0
-9312.0,-9926.0,-11484.0
-7143.0,-10127.0,-13061.0
-8589.0,-8080.0,-13505.0
-8741.0,-7977.0,-13414.0
-8995.0,-8700.0,-12787.0
-9348.0,-10404.0,-10857.0
-9288.0,-10181.0,-11329.0
-9256.0,-10580.0,-10614.0
-9235.0,-10398.0,-11116.0
-9275.0,-9856.0,-11579.0
-9373.0,-9455.0,-12107.0
-7848.0,-10305.0,-12882.0
-9246.0,-10673.0,-10590.0
-8752.0,-10777.0,-11075.0
-8635.0,-8107.0,-13442.0
-8575.0,-8446.0,-13483.0
-8586.0,-8313.0,-13458.0
-9076.0,-8510.0,-13161.0
-9252.0,-9876.0,-11624.0
-8580.0,-8433.0,-13464.0
-9288.0,-9790.0,-11860.0
-8841.0,-10730.0,-11229.0
-7961.0,-10647.0,-12143.0
-7613.0,-9415.0,-13466.0
-9277.0,-9671.0,-11987.0
-9344.0,-10026.0,-11433.0
-8459.0,-8546.0,-13572.0
-9369.0,-9994.0,-11464.0
-9344.0,-10473.0,-10846.0
-8990.0,-8713.0,-12806.0
-8988.0,-8734.0,-12768.0
-8973.0,-10785.0,-10914.0
-7899.0,-10610.0,-12208.0
-6767.0,-9988.0,-13321.0
-9054.0,-8388.0,-13177.0
-9315.0,-9719.0,-11853.0
-9245.0,-9828.0,-11767.0
-8174.0,-10604.0,-12138.0
-7072.0,-10286.0,-12923.0
-8716.0,-10793.0,-11179.0
-9243.0,-10808.0,-10443.0
-8603.0,-8322.0,-13440.0
-9063.0,-10844.0,-10706.0
-7003.0,-10274.0,-13032.0
-9217.0,-9058.0,-12554.0
-9250.0,-10083.0,-11546.0
-7344.0,-10227.0,-12960.0
-9308.0,-10042.0,-11389.0
-9267.0,-10200.0,-11253.0
-8983.0,-8747.0,-12787.0
-8373.0,-10738.0,-11660.0
-8973.0,-8669.0,-12807.0
-8627.0,-10720.0,-11663.0
-9246.0,-9923.0,-11580.0
-9049.0,-8401.0,-13196.0
-8965.0,-8670.0,-12833.0
-9214.0,-10808.0,-10509.0
-8956.0,-8689.0,-12819.0
-8509.0,-8319.0,-13568.0
-9266.0,-10065.0,-11376.0
-8975.0,-8845.0,-12758.0
-8608.0,-8309.0,-13421.0
-7499.0,-10351.0,-12729.0
-7327.0,-10218.0,-12978.0
-8973.0,-8665.0,-12924.0
-8035.0,-8967.0,-13545.0
-8624.0,-8500.0,-13400.0
-8653.0,-8095.0,-13436.0
-9224.0,-10238.0,-11160.0
-9246.0,-9557.0,-12314.0
-7949.0,-9150.0,-13520.0
-7281.0,-10340.0,-12770.0
-9240.0,-9843.0,-11751.0
-7381.0,-9511.0,-13538.0
-9229.0,-10493.0,-10939.0
-9252.0,-10213.0,-11229.0
-8954.0,-8731.0,-12875.0
-9026.0,-10841.0,-10736.0
-7386.0,-9520.0,-13525.0
-7777.0,-9260.0,-13449.0
-9018.0,-8802.0,-12728.0
-8871.0,-10688.0,-10993.0
-9016.0,-8806.0,-12731.0
-7687.0,-9244.0,-13579.0
-9022.0,-8288.0,-13228.0
-9180.0,-9156.0,-12591.0
-7525.0,-10540.0,-12600.0
-9044.0,-10674.0,-10921.0
-8018.0,-8958.0,-13563.0
-8016.0,-9346.0,-13405.0
-8951.0,-8832.0,-12805.0
-9015.0,-8847.0,-12736.0
-9256.0,-10081.0,-11380.0
-8658.0,-8082.0,-13417.0
-8464.0,-8533.0,-13553.0
-7465.0,-10560.0,-12621.0
-9229.0,-9914.0,-11598.0
-9015.0,-10674.0,-10987.0
-9246.0,-10582.0,-10722.0
-8644.0,-8448.0,-13395.0
-9235.0,-9867.0,-11642.0
-8980.0,-8832.0,-12739.0
-7622.0,-10209.0,-12992.0
-9225.0,-10609.0,-10992.0
-8480.0,-8724.0,-13532.0
-7993.0,-10532.0,-12169.0
-9203.0,-10298.0,-11167.0
-9210.0,-10174.0,-11852.0
-9009.0,-10832.0,-10754.0
-8649.0,-8435.0,-13376.0
-8103.0,-10487.0,-12477.0
-9225.0,-9967.0,-11707.0
-9076.0,-10774.0,-10870.0
-7605.0,-10200.0,-13010.0
-8461.0,-10668.0,-11935.0
-9207.0,-10229.0,-11178.0
-7713.0,-9245.0,-13518.0
-8704.0,-8109.0,-13354.0
-8485.0,-8711.0,-13513.0
-8514.0,-8306.0,-13549.0
-9168.0,-10712.0,-10517.0
-9092.0,-8879.0,-12690.0
-8971.0,-8274.0,-13310.0
-8555.0,-8498.0,-13488.0
-9134.0,-9559.0,-12211.0
-9094.0,-9593.0,-12047.0
-8142.0,-10504.0,-12189.0
-9176.0,-10710.0,-10726.0
-9017.0,-8301.0,-13247.0
-8949.0,-8744.0,-12894.0
-9148.0,-9056.0,-12642.0
-8719.0,-8222.0,-13351.0
-9054.0,-8909.0,-12701.0
-9187.0,-10235.0,-11190.0
-9177.0,-10637.0,-10680.0
-7160.0,-10136.0,-13043.0
-8966.0,-8287.0,-13329.0
-7421.0,-10109.0,-13093.0
-8864.0,-10710.0,-11184.0
-8824.0,-10721.0,-11247.0
-8946.0,-8845.0,-12824.0
-9183.0,-10269.0,-11248.0
-8159.0,-8973.0,-13462.0
-9110.0,-10753.0,-10674.0
-8904.0,-8663.0,-13012.0
-9182.0,-10708.0,-10560.0
-8094.0,-8980.0,-13437.0
-9050.0,-8872.0,-12717.0
-9003.0,-8374.0,-13259.0
-9118.0,-10751.0,-10883.0
-9049.0,-8922.0,-12720.0
-8689.0,-10692.0,-11387.0
-8942.0,-10671.0,-11241.0
-9121.0,-9299.0,-12455.0
-8981.0,-9051.0,-12730.0
-8048.0,-9231.0,-13431.0
-8767.0,-10653.0,-11267.0
-8970.0,-9064.0,-12735.0
-9177.0,-10439.0,-11273.0
-8732.0,-8315.0,-13338.0
-8916.0,-9214.0,-12900.0
-8949.0,-8951.0,-12781.0
-6735.0,-10103.0,-13295.0
-9084.0,-9792.0,-12028.0
-8998.0,-8387.0,-13278.0
-8043.0,-8966.0,-13519.0
-8903.0,-8717.0,-12957.0
-9018.0,-8987.0,-12691.0
-8079.0,-8966.0,-13496.0
-8750.0,-10644.0,-11285.0
-9047.0,-9222.0,-12493.0
-9177.0,-10271.0,-11414.0
-7729.0,-9426.0,-13391.0
-9082.0,-8972.0,-12666.0
-9053.0,-9742.0,-12102.0
-9077.0,-9003.0,-12646.0
-8560.0,-8333.0,-13486.0
-8792.0,-10621.0,-11298.0
-9007.0,-8945.0,-12707.0
-9060.0,-8994.0,-12664.0
-7302.0,-9930.0,-13377.0
-9124.0,-10749.0,-10717.0
-9193.0,-10509.0,-11043.0
-7355.0,-9708.0,-13370.0
-8872.0,-10565.0,-11348.0
-8374.0,-8883.0,-13553.0
-9113.0,-9792.0,-11962.0
-9069.0,-9668.0,-12041.0
-8685.0,-10679.0,-11506.0
-8427.0,-8661.0,-13546.0
-7596.0,-9600.0,-13353.0
-9134.0,-10733.0,-10713.0
-9035.0,-8996.0,-12673.0
-8938.0,-8964.0,-12786.0
-8084.0,-8953.0,-13477.0
-8996.0,-9065.0,-12674.0
-9017.0,-9233.0,-12528.0
-9067.0,-9096.0,-12622.0
-8898.0,-8730.0,-12976.0
-8788.0,-8464.0,-13168.0
-7782.0,-9247.0,-13430.0
-8786.0,-8441.0,-13206.0
-7009.0,-10072.0,-13301.0
-8884.0,-8761.0,-12953.0
-7853.0,-9240.0,-13421.0
-7558.0,-10039.0,-13119.0
-9187.0,-9869.0,-11924.0
-9021.0,-9642.0,-12153.0
-9000.0,-10630.0,-11084.0
-8700.0,-10555.0,-11550.0
-9156.0,-10681.0,-10807.0
-8828.0,-8645.0,-13021.0
-8809.0,-10630.0,-11280.0
-7613.0,-9609.0,-13335.0
-9050.0,-9087.0,-12640.0
-9012.0,-9246.0,-12547.0
-7372.0,-9717.0,-13352.0
-9204.0,-9859.0,-11855.0
-8894.0,-8668.0,-12977.0
-8381.0,-10469.0,-12509.0
-8865.0,-9200.0,-12982.0
-8753.0,-8493.0,-13298.0
-8819.0,-8630.0,-13031.0
-8980.0,-9146.0,-12598.0
-8706.0,-10553.0,-11384.0
-8798.0,-8716.0,-13061.0
-8778.0,-8468.0,-13217.0
-7024.0,-9948.0,-13345.0
-8595.0,-10620.0,-11714.0
-8053.0,-9218.0,-13412.0
-8775.0,-8670.0,-13114.0
-8914.0,-10542.0,-11361.0
-7621.0,-9457.0,-13309.0
-7264.0,-9979.0,-13121.0
-8970.0,-9276.0,-12457.0
-8106.0,-8996.0,-13405.0
-8761.0,-9607.0,-13117.0
-7377.0,-9704.0,-13333.0
-8901.0,-9416.0,-12472.0
-8748.0,-8557.0,-13146.0
-7424.0,-9710.0,-13282.0
-7626.0,-9444.0,-13290.0
-7441.0,-9719.0,-13264.0
-8773.0,-8481.0,-13236.0
-8689.0,-10563.0,-11453.0
-7376.0,-9876.0,-13224.0
-8897.0,-10533.0,-11379.0
-7823.0,-9432.0,-13277.0
-7165.0,-10123.0,-13024.0
-9096.0,-10667.0,-10901.0
-8123.0,-9005.0,-13387.0
-8899.0,-9303.0,-12537.0
-7774.0,-9659.0,-13260.0
-9166.0,-10279.0,-11317.0
-8528.0,-8548.0,-13484.0
-8801.0,-10496.0,-11562.0
-8968.0,-9566.0,-12180.0
-8091.0,-9120.0,-13361.0
-9130.0,-10295.0,-11421.0
-9074.0,-10455.0,-11074.0
-8755.0,-8493.0,-13242.0
-9162.0,-10395.0,-11370.0
-8954.0,-9661.0,-12191.0
-9079.0,-9322.0,-12442.0
-8033.0,-9355.0,-13387.0
-9103.0,-10194.0,-11452.0
-8164.0,-8960.0,-13443.0
-8780.0,-8657.0,-13095.0
-8910.0,-10571.0,-11292.0
-8709.0,-8466.0,-13305.0
-8743.0,-8586.0,-13274.0
-8169.0,-9118.0,-13323.0
-9214.0,-9457.0,-12365.0
-8926.0,-9308.0,-12445.0
-7838.0,-9364.0,-13377.0
-8489.0,-10555.0,-11716.0
-8783.0,-8840.0,-13017.0
-8175.0,-8998.0,-13317.0
-8486.0,-10545.0,-11984.0
-8642.0,-10596.0,-11707.0
-9139.0,-10672.0,-10825.0
-8704.0,-8479.0,-13324.0
-8671.0,-8363.0,-13335.0
-9064.0,-10548.0,-11050.0
-7349.0,-10214.0,-12941.0
-8217.0,-8932.0,-13305.0
-7755.0,-9373.0,-13355.0
-9047.0,-10539.0,-11068.0
-9057.0,-10446.0,-11092.0
-8560.0,-8485.0,-13469.0
-9038.0,-9866.0,-12058.0
-9101.0,-10249.0,-11426.0
-8963.0,-10627.0,-11114.0
-7760.0,-9403.0,-13320.0
-9031.0,-10189.0,-11594.0
-8949.0,-9674.0,-12210.0
-9026.0,-10475.0,-11470.0
-8894.0,-9316.0,-12556.0
-9047.0,-10448.0,-11200.0
-8648.0,-10594.0,-11541.0
-9006.0,-9766.0,-12109.0
-9039.0,-10537.0,-11107.0
-8144.0,-9183.0,-13347.0
-8545.0,-8591.0,-13464.0
-8128.0,-8992.0,-13368.0
-9000.0,-9666.0,-12129.0
-8653.0,-10579.0,-11557.0
-8533.0,-8535.0,-13465.0
-8881.0,-9360.0,-12673.0
-8568.0,-10519.0,-11745.0
-8705.0,-8883.0,-13139.0
-9145.0,-9892.0,-11911.0
-8972.0,-9465.0,-12335.0
-8896.0,-9429.0,-12491.0
-7500.0,-9690.0,-13254.0
-8922.0,-9561.0,-12242.0
-7393.0,-9885.0,-13206.0
-8917.0,-9574.0,-12261.0
-7765.0,-9390.0,-13301.0
-8946.0,-10618.0,-11132.0
-8775.0,-8867.0,-13028.0
-8897.0,-9691.0,-12379.0
-8928.0,-9493.0,-12362.0
-8192.0,-9007.0,-13299.0
-7806.0,-9423.0,-13295.0
-8957.0,-10547.0,-11285.0
-8983.0,-9657.0,-12147.0
-8550.0,-8578.0,-13445.0
-7743.0,-9425.0,-13311.0
-8164.0,-9131.0,-13342.0
-9033.0,-10453.0,-11279.0
-9025.0,-10233.0,-11572.0
-8770.0,-8880.0,-13047.0
-8916.0,-10144.0,-12216.0
-8239.0,-8905.0,-13298.0
-7402.0,-9823.0,-13188.0
-8614.0,-8593.0,-13376.0
-8610.0,-10496.0,-11758.0
-8700.0,-8896.0,-13158.0
-9006.0,-9935.0,-11855.0
-8968.0,-10530.0,-11135.0
-8913.0,-9617.0,-12318.0
-8968.0,-9975.0,-11972.0
-8525.0,-8947.0,-13295.0
-8925.0,-9892.0,-12173.0
-8336.0,-8932.0,-13297.0
-7958.0,-9750.0,-13177.0
-8979.0,-9665.0,-12140.0
-8470.0,-8817.0,-13508.0
-8496.0,-8663.0,-13458.0
-9015.0,-10506.0,-11128.0
-8889.0,-9626.0,-12459.0
-7446.0,-9706.0,-13245.0
-8696.0,-10420.0,-12087.0
-8668.0,-10455.0,-11601.0
-7517.0,-9699.0,-13236.0
-8197.0,-8994.0,-13280.0
-8978.0,-10503.0,-11158.0
-8513.0,-8672.0,-13440.0
-8673.0,-8783.0,-13190.0
-8493.0,-9062.0,-13269.0
-7817.0,-9410.0,-13290.0
-7585.0,-9644.0,-13262.0
-8629.0,-8487.0,-13381.0
-8972.0,-10501.0,-11204.0
-7407.0,-9810.0,-13169.0
-8518.0,-8659.0,-13421.0
-8642.0,-8665.0,-13338.0
-7424.0,-9862.0,-13135.0
-8520.0,-8682.0,-13383.0
-7834.0,-9419.0,-13272.0
-9013.0,-10323.0,-11630.0
-8539.0,-8596.0,-13352.0
-7522.0,-9686.0,-13217.0
-7839.0,-9406.0,-13253.0
-7849.0,-9433.0,-13216.0
-8861.0,-9786.0,-12562.0
-7527.0,-9695.0,-13204.0
-8668.0,-8796.0,-13209.0
-7513.0,-9754.0,-13131.0
-7532.0,-9682.0,-13185.0
-7913.0,-9362.0,-13206.0
-7779.0,-9646.0,-13241.0
-9084.0,-10434.0,-11313.0
-7854.0,-9420.0,-13197.0
-8619.0,-8580.0,-13357.0
-7903.0,-9455.0,-13182.0
-8742.0,-10409.0,-11610.0
-8960.0,-9905.0,-12001.0
-9021.0,-10220.0,-11691.0
-8571.0,-8696.0,-13301.0
-8849.0,-9260.0,-12724.0
-8931.0,-10161.0,-11899.0
-8134.0,-9276.0,-13323.0
-7832.0,-9424.0,-13234.0
-8454.0,-10445.0,-12035.0
-8599.0,-8794.0,-13297.0
-8510.0,-9071.0,-13251.0
-8936.0,-9875.0,-12023.0
-8475.0,-8804.0,-13489.0
-8207.0,-9260.0,-13220.0
-8994.0,-10375.0,-11521.0
-8769.0,-10396.0,-11613.0
-8731.0,-10390.0,-11669.0
-8829.0,-9686.0,-12613.0
-8893.0,-9792.0,-12224.0
-8038.0,-9342.0,-13368.0
-8884.0,-10044.0,-12267.0
-8830.0,-9346.0,-12755.0
-8149.0,-9170.0,-13328.0
-8636.0,-8881.0,-13227.0
-8212.0,-9247.0,-13201.0
-8432.0,-9110.0,-13194.0
-8786.0,-10372.0,-11575.0
-8773.0,-10367.0,-11682.0
-8809.0,-10351.0,-11726.0
-8717.0,-10376.0,-11960.0
-8631.0,-8894.0,-13246.0
-8981.0,-10223.0,-11681.0
-8843.0,-10330.0,-11546.0
-8973.0,-10230.0,-11751.0
-8048.0,-9400.0,-13177.0
-7443.0,-10105.0,-13056.0
-8792.0,-9784.0,-12650.0
-8073.0,-9316.0,-13217.0
-8798.0,-9246.0,-12806.0
-7637.0,-10085.0,-13036.0
-8963.0,-10261.0,-11848.0
-8139.0,-9263.0,-13304.0
-7563.0,-10026.0,-13100.0
-8604.0,-8781.0,-13278.0
-7586.0,-9768.0,-13095.0
-8851.0,-10328.0,-11739.0
-8293.0,-9164.0,-13183.0
-8664.0,-10320.0,-12138.0
-7633.0,-9813.0,-13075.0
-8090.0,-9325.0,-13199.0
-7591.0,-9755.0,-13076.0
-7627.0,-10196.0,-12973.0
-7963.0,-9737.0,-13158.0
-8962.0,-10309.0,-11712.0
-7723.0,-10130.0,-12928.0
-8016.0,-9515.0,-13151.0
-8257.0,-9351.0,-13136.0
-8053.0,-9387.0,-13158.0
-8530.0,-8934.0,-13276.0
-8069.0,-9578.0,-13137.0
-8478.0,-10311.0,-12651.0
-8310.0,-9208.0,-13182.0
-8834.0,-10319.0,-11757.0
-8184.0,-9846.0,-13067.0
-8621.0,-8899.0,-13211.0
-8616.0,-8979.0,-13168.0
-8209.0,-10121.0,-12835.0
-8868.0,-10318.0,-11670.0
-8858.0,-10185.0,-12373.0
-7642.0,-10072.0,-13017.0
-7733.0,-10050.0,-12939.0
-8172.0,-9397.0,-13128.0
-8268.0,-9231.0,-13169.0
-7733.0,-10037.0,-12952.0
-8201.0,-9855.0,-13049.0
-8315.0,-9195.0,-13163.0
-7686.0,-9889.0,-13048.0
-8342.0,-9308.0,-13131.0
-7680.0,-9974.0,-12966.0
-7728.0,-10117.0,-12909.0
-8130.0,-10075.0,-12918.0
-8611.0,-8992.0,-13187.0
-8074.0,-9565.0,-13118.0
-8411.0,-9129.0,-13118.0
-7765.0,-9935.0,-12965.0
-8273.0,-9218.0,-13150.0
-8515.0,-9058.0,-13232.0
-7750.0,-10059.0,-12921.0
-7738.0,-10024.0,-12933.0
-7691.0,-9876.0,-13029.0
-7753.0,-9985.0,-12947.0
-7712.0,-9859.0,-12992.0
-8826.0,-10085.0,-12424.0
-7758.0,-9972.0,-12928.0
-7770.0,-9922.0,-12946.0
-8437.0,-9097.0,-13175.0
-8769.0,-9841.0,-12450.0
-8059.0,-9671.0,-13113.0
-8734.0,-10019.0,-12676.0
-8760.0,-9684.0,-12701.0
-8702.0,-9919.0,-12727.0
-8064.0,-9658.0,-13094.0
-8685.0,-9910.0,-12745.0
-8328.0,-9622.0,-12935.0
-8717.0,-10010.0,-12694.0
-8325.0,-10021.0,-12746.0
-8289.0,-9750.0,-12763.0
-8271.0,-9917.0,-12897.0
-8505.0,-10068.0,-12505.0
-8259.0,-9620.0,-13023.0
-8660.0,-9942.0,-12714.0
